bugName	pval	p1	p3	p6	s1	s3	s6	Adjustedpval	Adjustedp1	Adjustedp3	Adjustedp6
Oscillospiraceae	1.35934169790408e-05	0.00529342900137554	3.43151180612554e-05	6.24684586796035e-06	-0.291022310357569	-0.440245067779012	-0.461069819114004	0.00220213355060461	0.0952817220247597	0.00555904912592337	0.000745728312132705
Veillonellaceae	3.0589335819009e-05	0.000190076310816267	0.000928373322903953	9.20652237200871e-06	0.649911451162251	0.573398472411776	0.748295630829832	0.00247773620133973	0.0307923623522353	0.0300792956620881	0.000745728312132705
Selenomonadaceae	0.000327358135912448	0.190246417253319	0.709460129977646	0.00282747816347275	-0.184841781362217	-0.0524199683248371	0.410270378677658	0.0145160908877213	0.601635097561721	0.914578618058731	0.0416410420438714
Planococcaceae	0.000358421997227687	0.000677351570878143	0.00115942532671658	0.000244211622717444	-0.194818336701697	-0.185867976156212	-0.203731080346679	0.0145160908877213	0.0548654772411296	0.0313044838213476	0.00791245657604517
Geobacteraceae	0.000829705483494036	0.00309280821749723	0.0148631522896081	0.000115209048411902	-0.198474507627126	-0.162528323490993	-0.251839571849086	0.0225192463894197	0.0711191731531994	0.126880459050556	0.00622128861424272
Glycomycetaceae	0.0008340461625711	0.00285552166008137	0.00306159909787145	0.000213061154191009	-0.168836760509621	-0.167584921344618	-0.203561644790383	0.0225192463894197	0.0711191731531994	0.0554521725229829	0.00791245657604517
Mycoplasmataceae	0.0012719086331372	0.00325744130782075	0.000237121491243087	0.0952589238698385	-0.27292199508891	-0.344157337720388	-0.14699143239965	0.0277264375017394	0.0711191731531994	0.01920684079069	0.376388918705216
Ruminococcaceae	0.00136920679020935	0.0251163299885021	0.000390297747888386	0.00126294821080047	-0.291622555001282	-0.468560019261037	-0.404876760034293	0.0277264375017394	0.226046969896519	0.0206699060622162	0.0245743894168906
Acholeplasmataceae	0.00154320386073692	0.00202160360440492	0.00269979083073212	0.000895529475700701	-0.195019659299065	-0.189328150244639	-0.202974561275661	0.0277776694932645	0.0711191731531994	0.0554521725229829	0.0241792958439189
Actinomycetaceae	0.00314852888168971	0.00666461186215742	0.00051036805091892	0.0181941612906939	-0.30392754029541	-0.39284524701198	-0.252951920726622	0.0510061678833732	0.0981515565154093	0.0206699060622162	0.13355960172127
Desulfobacteraceae	0.00487362932750202	0.0130968117891227	0.00780353645366878	0.00104489017500762	-0.111339438542658	-0.119597788899794	-0.142946775114413	0.071775268277757	0.141243307178194	0.0902980646781673	0.0241817440501764
Paenibacillaceae	0.0054265365009557	0.0754395796619025	0.00418745457755249	0.00136524385649392	-0.191363775287747	-0.311239581103171	-0.335343505516353	0.073258242762902	0.394232642104136	0.0565306367969586	0.0245743894168906
Bifidobacteriaceae	0.0065423571619756	0.0012051438012818	0.0233320429719164	0.368030161752802	-0.53576006994508	-0.371470706074644	-0.140117371020268	0.0813393410330323	0.0650777652692171	0.164338737454368	0.722005394533429
Spiroplasmataceae	0.00702932576828674	0.013949956264513	0.00903498137885348	0.00168623532800643	-0.183176375044895	-0.194802166279454	-0.226573659203037	0.0813393410330323	0.141243307178194	0.0975777988916176	0.0273170123137041
Leuconostocaceae	0.00953613092242611	0.00351205793349133	0.0123844650769087	0.00778423689393368	-0.271503293598884	-0.231618845704264	-0.237361642277798	0.102990213962202	0.0711191731531994	0.118016667203483	0.0900747412012326
Leptospiraceae	0.0159470457362104	0.514636879486553	0.00308067625127683	0.0476604372000476	-0.0212510018394104	-0.0980665399199722	-0.0625109904132073	0.161463838079131	0.87332578235189	0.0554521725229829	0.241280963325241
Halomonadaceae	0.0180927344604607	0.0132825420931183	0.00376576634850298	0.102151624192619	-0.185208613999946	-0.217643911626053	-0.116439163558077	0.172413116623213	0.141243307178194	0.0565306367969586	0.394013407600103
Desulfovibrionaceae	0.0205421532096122	0.038687215788267	0.00401249475021461	0.0189202710718896	-0.299246104159027	-0.4196427168919	-0.32544976045974	0.18487937888651	0.261138706570802	0.0565306367969586	0.13355960172127
Vallitaleaceae	0.0224007387547829	0.00889049758600654	0.0262128802935415	0.0113402269350912	-0.13738478723078	-0.116312895124816	-0.128122924340487	0.186420376848159	0.120021717411088	0.173738088863027	0.114819797717799
Thermodesulfobacteriaceae	0.0230148613392789	0.0320186443806372	0.0148810414935838	0.00665101870545097	-0.100225661863772	-0.114122402158336	-0.123031553369264	0.186420376848159	0.261138706570802	0.126880459050556	0.0897887525235881
Sphingomonadaceae	0.025162635073313	0.364309709878614	0.00767568000252599	0.0179068815875182	-0.0347443361332053	-0.103338613181626	-0.0882756049424772	0.194111756279843	0.775332548011593	0.0902980646781673	0.13355960172127
Granulosicoccaceae	0.0345117495654521	0.046491598403524	0.0194620484116241	0.00969117433121144	-0.0744317383868691	-0.0876045717171116	-0.0938385821998143	0.254131974072875	0.290451535331412	0.150135802032529	0.104664682777084
Listeriaceae	0.0386697698093574	0.437700809046355	0.0573644364375336	0.00734929420122295	-0.0693764748325937	-0.170870897209478	-0.232661456641992	0.260874981283221	0.837524639215672	0.281607233420619	0.0900747412012326
Clostridiales Family XVII. Incertae Sedis	0.0399274870098665	0.0356471863269337	0.0213104104317136	0.0136010976829711	-0.131764380321737	-0.144647674191119	-0.149441342731345	0.260874981283221	0.261138706570802	0.156922113178982	0.12240987914674
Peptococcaceae	0.0402584847659292	0.0352312046199795	0.018011717735227	0.0165460034862688	-0.13232817666329	-0.148978018286002	-0.145717847185791	0.260874981283221	0.261138706570802	0.145894913655339	0.13355960172127
Immundisolibacteraceae	0.0450496266592186	0.00595639178671985	0.0716920039969693	0.217457109511397	0.0968137491913044	0.0628809261347652	0.0412361997300403	0.280693827645901	0.0964935469448616	0.32680269356133	0.557713012632079
Acidaminococcaceae	0.0635992362593766	0.773157843042277	0.100082025445643	0.0189621656764767	-0.0449918915504019	-0.257963736577835	-0.353091993160852	0.381595417556259	0.940574450363074	0.395446051760831	0.13355960172127
Carnobacteriaceae	0.0690159992101066	0.0708706003185003	0.0103733778137385	0.161661485181698	-0.214071089781708	-0.30569097247869	-0.15852657812954	0.393509113849202	0.394232642104136	0.105030450364102	0.50363770383529
Micrococcaceae	0.0704429895162152	0.0126287749405081	0.0535857613465701	0.12488603957846	-0.210419447487372	-0.162069541810952	-0.123289377146775	0.393509113849202	0.141243307178194	0.279901718282944	0.430458264078948
Fusobacteriaceae	0.0734399793389108	0.430543005665161	0.659709495339533	0.0126046320077249	0.145589450751553	0.0812584900016632	0.446185467233233	0.396575888430118	0.837524639215672	0.914578618058731	0.120114728544202
Erwiniaceae	0.0885393331276427	0.0239152222905906	0.778224524119048	0.922875627749448	0.277571110034304	0.0342833980281575	0.0113176870861529	0.462689418279939	0.226046969896519	0.914578618058731	0.982231246275556
Pseudomonadaceae	0.0997237048374212	0.262157032303111	0.0726228207914066	0.602010258179582	-0.116109616459948	-0.186586892798267	0.0517443700552093	0.489849319428963	0.674118083065142	0.32680269356133	0.837650396135238
Desulfuromonadaceae	0.0997841206244183	0.0735015042534398	0.0278838908051771	0.05437776559245	-0.0523328156230446	-0.0644993205658431	-0.0542603174618314	0.489849319428963	0.394232642104136	0.173738088863027	0.266945394726573
Rhodobacteraceae	0.105388931404901	0.0606270903065591	0.0469665057091328	0.0394177721128933	-0.0820145953758097	-0.0869110914307783	-0.086725849760679	0.497838577390155	0.363762541839355	0.258328778971708	0.23650663267736
Moraxellaceae	0.108511292896644	0.6625439251228	0.0806450175320963	0.460142757526876	-0.0559134571793713	-0.225048319027855	0.0911385713943156	0.497838577390155	0.940574450363074	0.353094401086476	0.75296087595307
Erythrobacteraceae	0.115263435861411	0.229661389713499	0.708106519964949	0.0231437587367921	0.0405902379891436	0.01261987395603	0.0746051822854517	0.497838577390155	0.650451972355027	0.914578618058731	0.156220371473346
Staphylococcaceae	0.11620605690451	0.0466156785099797	0.128470845287224	0.0334098922205126	-0.236983173745671	-0.180483373572824	-0.244363965781024	0.497838577390155	0.290451535331412	0.461433783907066	0.208169328450886
Microbulbiferaceae	0.116776950252012	0.0355370541256505	0.111823941275324	0.0460471598495682	0.0615120865380931	0.0463588514777422	0.0560910850970842	0.497838577390155	0.261138706570802	0.431320916347678	0.241280963325241
Thermoanaerobacterales Family III. Incertae Sedis	0.121320215142982	0.0750833023210225	0.664732513117249	0.0432992401229289	-0.0401019871789977	-0.00970889591340088	-0.0437979650089932	0.503945509055465	0.394232642104136	0.914578618058731	0.241280963325241
Lactobacillaceae	0.138884888082988	0.242013434495307	0.0270164591185259	0.0886921721516916	-0.188255363810099	-0.358206460045698	-0.262770802076851	0.5624837967361	0.653436273137328	0.173738088863027	0.364300281003286
Christensenellaceae	0.145230822548161	0.18265851013771	0.405383009055142	0.498611471237326	0.0589322532559314	-0.036719818028871	-0.0285716393162801	0.573838859824441	0.601635097561721	0.831291740087759	0.785185174579377
Sporomusaceae	0.150601916587686	0.912346386193015	0.978671416477982	0.0565347290335115	0.00559421212178935	-0.00135861703925543	-0.0939281640621887	0.580893106838217	0.985334097088457	0.991696124942144	0.269371355983202
Hungateiclostridiaceae	0.154282537938767	0.0821718230666807	0.0832900736480003	0.0469070599479562	-0.158940127939647	-0.158356164023822	-0.174717362492897	0.581250491769308	0.403388949600069	0.355078735025685	0.241280963325241
Clostridiales Family XIII. Incertae Sedis	0.166704971779086	0.188358181971037	0.0295406557455448	0.140360252631274	-0.114508459927565	-0.190524382000067	-0.123009923622108	0.613777396095725	0.601635097561721	0.177243934473269	0.454767218525326
Enterococcaceae	0.180216949823919	0.123019221172055	0.0710803339050789	0.0587377355382967	-0.162250901269991	-0.190211367895115	-0.191258020369885	0.641153301225623	0.524450363944025	0.32680269356133	0.271871804491545
Acidothermaceae	0.186405684415227	0.119002907353622	0.0458660488817244	0.117461598290537	-0.0415886159977885	-0.0534221674968092	-0.0401471982091952	0.641153301225623	0.521039756521266	0.258328778971708	0.413669107023194
Anaerolineaceae	0.186558131332435	0.538592364351866	0.6248530827616	0.114961840724748	0.0338463212249789	-0.026906450379191	-0.0835944140206648	0.641153301225623	0.87332578235189	0.914578618058731	0.413669107023194
Erysipelotrichaceae	0.190998983144614	0.652833656266369	0.0858845415638414	0.693601037424984	-0.0670869693394204	-0.257491859256222	0.0563039769667313	0.641153301225623	0.940574450363074	0.356751172649803	0.891772762403551
Caldilineaceae	0.193929084938614	0.441142466211624	0.343390251161324	0.0316971426699802	0.0321342917965	0.0395506296649247	0.0867860957329239	0.641153301225623	0.837524639215672	0.766108584434382	0.205397484501472
Eggerthellaceae	0.200807534243433	0.0382898194466679	0.144186305422388	0.248489182052008	-0.282868310244071	-0.198575426181324	-0.14987958854556	0.650616410948722	0.261138706570802	0.476697581192384	0.591988933712138
Xanthobacteraceae	0.206047431374366	0.736189477860403	0.0478386627725385	0.735663749007432	-0.0171720024550947	-0.101592582240045	-0.0165138073279072	0.654503605542102	0.940574450363074	0.258328778971708	0.899912912107061
Cellulomonadaceae	0.222619602050391	0.765064268684192	0.690771311332804	0.132053326555084	-0.00828936327933169	-0.0110361485421865	0.040494544674746	0.693545683310835	0.940574450363074	0.914578618058731	0.445679977123408
Nitrosomonadaceae	0.233489082662701	0.201749626528301	0.345221769529073	0.0431754852777062	0.109364874077577	0.080750176188315	0.166356071884553	0.713683611157688	0.601635097561721	0.766108584434382	0.241280963325241
Frankiaceae	0.23895288715698	0.188081914736991	0.0552892283028038	0.556288154392434	-0.0487151647061505	-0.0711959355658396	-0.0208640726430943	0.716858661470939	0.601635097561721	0.279901718282944	0.829126843379527
Mycobacteriaceae	0.249576807068029	0.879433261741161	0.430146756648296	0.089950686667478	0.00694990926474185	-0.0361882724786664	-0.0750068760461364	0.735117140818559	0.985334097088457	0.855465740047945	0.364300281003286
Helicobacteraceae	0.254206039952706	0.756389071464749	0.260171517063435	0.358041661920536	0.02261627068055	-0.0822703275350105	0.0644229584419485	0.735381758434615	0.940574450363074	0.702463096071275	0.722005394533429
Muribaculaceae	0.259980594522007	0.197582550646787	0.11818765559509	0.0703557770288272	-0.184933331352456	-0.22458802844496	-0.248991443471714	0.738892216009915	0.601635097561721	0.445265121079178	0.309250804023582
Sutterellaceae	0.267878951588801	0.878225252843471	0.480509607243965	0.188976624370727	0.024276684467402	-0.111880313323641	0.199499341104077	0.748213623403203	0.985334097088457	0.855465740047945	0.546682377643888
Scytonemataceae	0.298855733264319	0.088422204940493	0.991696124942144	0.446799689148498	-0.0710918309479396	-0.000431872199472782	-0.0305071478937567	0.820586928624062	0.421305800010584	0.991696124942144	0.75296087595307
Atopobiaceae	0.310202947905171	0.174612747006176	0.15993055881937	0.950335481878231	-0.121213348219965	-0.125510685286194	-0.00533704779374745	0.833868221181295	0.601635097561721	0.491276624788513	0.986886846565856
Spongiibacteraceae	0.316023303045719	0.534496390427411	0.254827225667505	0.0706313564745218	-0.0242245986891767	-0.0444854417864501	-0.0683162997504524	0.833868221181295	0.87332578235189	0.702463096071275	0.309250804023582
Puniceicoccaceae	0.324107329071936	0.189335032821813	0.725889774723739	0.106067092480325	-0.0334603198239031	-0.00891051356901967	-0.039804674945218	0.833868221181295	0.601635097561721	0.914578618058731	0.399601604228202
Hyphomonadaceae	0.324282086014948	0.236893002277448	0.150323465234773	0.978704937168445	-0.040153753100974	-0.048893340952996	0.000868753945234365	0.833868221181295	0.650451972355027	0.478775377380044	0.990116607616713
Sphingobacteriaceae	0.35649547917684	0.32429707203458	0.45412618990233	0.07553014908004	0.0672758252154356	0.0510519905102005	0.117093585290416	0.860515179074183	0.750516080994313	0.855465740047945	0.321996951341223
Fimbriimonadaceae	0.360817002036524	0.078993397123416	0.298636261227506	0.446636435924365	0.0872577514242908	0.0514339525129734	0.0361942073756402	0.860515179074183	0.399904072937294	0.743421876260382	0.75296087595307
Shewanellaceae	0.361521784556164	0.819743869743951	0.902666536581013	0.109924682774165	0.0308611314505321	0.0165611057090945	0.208667408633912	0.860515179074183	0.962308021003769	0.974879859507494	0.404722695668517
Halanaerobiaceae	0.361775633505223	0.150366925962716	0.82858285239304	0.185185523090309	-0.0555852855090479	-0.00833596929453885	-0.0494016215828541	0.860515179074183	0.601635097561721	0.940441951035975	0.545455540738729
Barnesiellaceae	0.364835779692157	0.197959378413807	0.312727300834761	0.81891771028922	-0.186932327256479	-0.146406670399923	0.0317029926977112	0.860515179074183	0.601635097561721	0.743421876260382	0.914928752185198
Corynebacteriaceae	0.366515724420485	0.481376017048211	0.0929729969614809	0.216338985226913	-0.0565344371973774	-0.135486562542866	-0.0957128193308836	0.860515179074183	0.866476830686781	0.376540637693997	0.557713012632079
Yersiniaceae	0.410270545962335	0.117673135577927	0.540930376653059	0.220331066718846	0.231675337847995	0.0901753597039836	0.173890687308773	0.905066542209394	0.521039756521266	0.887604309511335	0.557713012632079
Francisellaceae	0.412391405463606	0.76646747206111	0.166685693426595	0.196060050424686	-0.0154856843329343	-0.0723575445997976	-0.0651236586617919	0.905066542209394	0.940574450363074	0.500057080279784	0.557223301207001
Hafniaceae	0.428073815384147	0.204277116361703	0.775658344482332	0.176160279625425	0.143370974014662	0.0320918562851692	0.146871763488258	0.905066542209394	0.601635097561721	0.914578618058731	0.528480838876276
Methylococcaceae	0.431333499526962	0.108095035493088	0.389294405458853	0.625229364597676	-0.0687156199935864	-0.0366875927803533	-0.0200744669267558	0.905066542209394	0.50032559285372	0.819034982913432	0.851152580376669
Cyclobacteriaceae	0.432271192704692	0.859611440810387	0.131024407776081	0.391825479949602	0.00389150999764054	0.0333675054064405	0.018189214351361	0.905066542209394	0.985334097088457	0.461433783907066	0.729606066113053
Bernardetiaceae	0.436056065748167	0.814247832442292	0.175690672396745	0.225808305961583	-0.00607696451786489	-0.0351435639194479	-0.0302356894219034	0.905066542209394	0.962308021003769	0.517488889604959	0.562783777935022
Rhodanobacteraceae	0.43776651433449	0.154495635602184	0.923021884571789	0.598242320250868	0.0460343587167511	-0.00311214136920175	0.0163903839827715	0.905066542209394	0.601635097561721	0.975779551729371	0.837650396135238
Hyphomicrobiaceae	0.445195560128441	0.194548558688129	0.150725581767792	0.272927375823059	-0.0683901602572365	-0.0758119940277133	-0.0554148292923976	0.905066542209394	0.601635097561721	0.478775377380044	0.631631926904794
Tenuifilaceae	0.446996585313623	0.599996793529291	0.350955806776935	0.405580318819106	-0.0299917613340814	0.0534054433897582	0.0459528940494624	0.905066542209394	0.916976231620237	0.768308658079236	0.738247321895451
Acidobacteriaceae	0.449042488894923	0.995595886633018	0.744949976116956	0.219476482336882	-0.00013622048644625	-0.00802971827529563	0.0292634070964957	0.905066542209394	0.997606440188651	0.914578618058731	0.557713012632079
Burkholderiaceae	0.46098243772287	0.309353179080078	0.216939205130338	0.973850717182061	-0.11734581948918	-0.142657983192342	0.00362089498125936	0.905066542209394	0.736988456043715	0.616564056686224	0.990116607616713
Acetobacteraceae	0.46611521782547	0.354689002708891	0.851224741962863	0.155088091344024	0.0853312271375452	0.0172650986783467	0.126245786678982	0.905066542209394	0.775332548011593	0.940441951035975	0.49263276073984
Amoebophilaceae	0.475651724677007	0.344463724119344	0.476297998590299	0.990116607616713	0.0477255973893847	-0.0359309770265526	0.000602386460440833	0.905066542209394	0.775332548011593	0.855465740047945	0.990116607616713
Actinopolysporaceae	0.478505757820855	0.685676192322948	0.138552707304018	0.332001450428463	0.00983906393130672	0.0361476985198733	0.022792504351128	0.905066542209394	0.940574450363074	0.467615387151061	0.71712313292548
Chromatiaceae	0.483918161767498	0.391243303214742	0.121093925069707	0.433452772548674	-0.0389159493339966	-0.0705875824576634	-0.034200551504943	0.905066542209394	0.802296393934028	0.445845815029377	0.75296087595307
Pectobacteriaceae	0.483929291414214	0.16261798929169	0.417617262522737	0.205646845676187	0.178552648309073	0.103394870993896	0.155183251139074	0.905066542209394	0.601635097561721	0.845674956608543	0.557713012632079
Neisseriaceae	0.487397114679962	0.525408341863929	0.382823907056074	0.570880589040278	0.0580110634554645	-0.0797773128483079	-0.049774294616998	0.905066542209394	0.87332578235189	0.819034982913432	0.829126843379527
Alicyclobacillaceae	0.49591063206104	0.497868174395817	0.160726303171551	0.231878136399152	-0.020588793458879	-0.0427256670034919	-0.0348885816114701	0.905066542209394	0.87332578235189	0.491276624788513	0.569155425707008
Nostocaceae	0.498907005898522	0.554077204500422	0.316352995079478	0.842978924555591	0.0221697271920218	-0.0375912052001337	-0.00714136595742234	0.905066542209394	0.878672764298545	0.743421876260382	0.928997182163305
Rikenellaceae	0.505705633761972	0.183574126609769	0.281602691517676	0.7527766448563	-0.220100271813254	-0.178002446535199	-0.0497042979818044	0.905066542209394	0.601635097561721	0.724121206759737	0.899912912107061
Thermoanaerobacteraceae	0.508846768929105	0.654790979657652	0.670494891577068	0.139308759587767	-0.0141757642144315	-0.0134889472120339	-0.0454170380207421	0.905066542209394	0.940574450363074	0.914578618058731	0.454767218525326
Bacteroidaceae	0.511276659703071	0.954262266905629	0.734551858496767	0.173782875426323	0.00854645526931084	0.0505363248427753	0.194392209289436	0.905066542209394	0.997357982185238	0.914578618058731	0.528480838876276
Melioribacteraceae	0.513988406686816	0.404771478617021	0.135757592154261	0.385189288930257	-0.103976543534737	-0.186720685767904	-0.103856037177678	0.905066542209394	0.819662244199468	0.467615387151061	0.728343433228806
Propionibacteriaceae	0.521373145596535	0.27970229562318	0.313418219333437	0.956685907970194	-0.0330108428821797	-0.030775335950334	0.00159751409016776	0.907300786738477	0.676295102850076	0.743421876260382	0.987153612045678
Caulobacteraceae	0.526458481193931	0.261459748801315	0.779085489457437	0.215993219713459	0.0671233666329874	0.0167296840232638	0.0709729800759471	0.907300786738477	0.674118083065142	0.914578618058731	0.557713012632079
Heliobacteriaceae	0.542734469740415	0.172858290197039	0.278056241889347	0.430879955634795	-0.0614067531474504	-0.048802331603767	-0.0340227468274588	0.924848809929124	0.601635097561721	0.724121206759737	0.75296087595307
Odoribacteraceae	0.548058554032073	0.696678821772056	0.739783934928061	0.348192249716598	-0.0498474683670721	-0.042469676535593	0.11494560318088	0.924848809929124	0.940574450363074	0.914578618058731	0.722005394533429
Rhodothermaceae	0.561447200543657	0.233871535262593	0.214033162162042	0.455863394294029	-0.125398601312003	-0.13091895982411	-0.0753827202281922	0.928726671666372	0.650451972355027	0.616564056686224	0.75296087595307
Pasteurellaceae	0.561822307551262	0.196014345088468	0.25740518973098	0.423805892230339	-0.164507259469926	-0.143987125577377	-0.0973060977787237	0.928726671666372	0.601635097561721	0.702463096071275	0.75296087595307
Cellvibrionaceae	0.583818904309818	0.980805577176426	0.485820049903771	0.455620953237624	-0.00142278852683346	-0.0412552788528143	0.0423596796334476	0.942021574770205	0.997606440188651	0.855465740047945	0.75296087595307
Xanthomonadaceae	0.584248565098691	0.353694088692373	0.762376087061492	0.209458456884943	0.0591918888265331	0.0192692722890348	0.0772397498077188	0.942021574770205	0.775332548011593	0.914578618058731	0.557713012632079
Blattabacteriaceae	0.592684612778344	0.319614929365374	0.715672100244557	0.986904027393921	0.0401169559227679	-0.0146583809579878	0.000632596963870844	0.942021574770205	0.750400268944791	0.914578618058731	0.990116607616713
Halobacteriovoraceae	0.593124695225684	0.384164776451309	0.642392244701982	0.777702516635732	-0.0332921178635953	0.0177460909966209	0.0104112978883293	0.942021574770205	0.797880689552719	0.914578618058731	0.899912912107061
Oxalobacteraceae	0.628610853951068	0.429350361325332	0.316642650999792	0.939789155387106	-0.0714895175329431	-0.090648370610885	0.00654774685966008	0.982009937154954	0.837524639215672	0.743421876260382	0.982231246275556
Rhodospirillaceae	0.634019272257735	0.931848063250597	0.339002984859681	0.773295212592587	0.0114826602723291	-0.128600939704561	0.0371407589695032	0.982009937154954	0.992343393491727	0.766108584434382	0.899912912107061
Aeromonadaceae	0.639195169009251	0.531815211843352	0.846814755232025	0.327098486298991	0.0730333081614615	-0.0225504706517368	0.110031623133287	0.982009937154954	0.87332578235189	0.940441951035975	0.71712313292548
Anaplasmataceae	0.643252067242221	0.207972626317632	0.643970905984302	0.730257218970516	0.0782834688820041	0.0286577861874107	0.0205106412389092	0.982009937154954	0.601635097561721	0.914578618058731	0.899912912107061
Oceanospirillaceae	0.648787931458432	0.670642864177085	0.477684066863374	0.523194917472906	0.025473302566789	-0.0425568754593539	-0.0366804479760239	0.982009937154954	0.940574450363074	0.855465740047945	0.804797748314511
Legionellaceae	0.676543125430744	0.832651007158654	0.404204721706677	0.282234491257308	-0.0099454840774262	-0.0393092482307558	-0.0486163641448777	0.982009937154954	0.970427792515842	0.831291740087759	0.643971656108225
Deinococcaceae	0.691544205717795	0.266971101471775	0.931600640149989	0.635015567055944	-0.0306816662722108	-0.002366813802115	-0.0126406160436582	0.982009937154954	0.675770600600431	0.975779551729371	0.851706107476863
Enterobacteriaceae	0.696946419216495	0.277460356803948	0.741811560889732	0.402512058017002	0.171013058637728	0.0517719762829238	0.126333565595508	0.982009937154954	0.676295102850076	0.914578618058731	0.738247321895451
Leptotrichiaceae	0.702271830974344	0.736494888710195	0.853363992606718	0.262556612542914	0.0190799852259515	0.0104784516739226	0.0612069891636054	0.982009937154954	0.940574450363074	0.940441951035975	0.61643726423119
Coprothermobacteraceae	0.704793688821437	0.250152122368464	0.772069281593755	0.684269734779154	0.0596165278128596	0.0149815220358674	0.0202213802821139	0.982009937154954	0.664338423339199	0.914578618058731	0.886813576273784
Aerococcaceae	0.707107873396621	0.508717115526102	0.276607532245473	0.370087953251241	-0.0439336435237175	-0.0724332185999737	-0.057362761965129	0.982009937154954	0.87332578235189	0.724121206759737	0.722005394533429
Ectothiorhodospiraceae	0.711287865655463	0.592877851578529	0.593236500197919	0.242665771556663	-0.0333049310214723	-0.0332725985600788	-0.0699047171490617	0.982009937154954	0.914725828149731	0.914578618058731	0.586744104360886
Marinifilaceae	0.72268987344354	0.721406578925854	0.83311446329789	0.369597454342676	-0.0204470154073229	0.0120805853519536	-0.0496724659576498	0.982009937154954	0.940574450363074	0.940441951035975	0.722005394533429
Rhodocyclaceae	0.733686056345917	0.522290739000463	0.613342411705959	0.797243722961248	0.0354522468319428	-0.0279908621956726	0.0136531941676285	0.982009937154954	0.87332578235189	0.914578618058731	0.903171210627428
Cytophagaceae	0.741544486767892	0.558662313103396	0.765540830625302	0.604969730542116	-0.0299124640501061	-0.0152454448069781	0.0254210140177315	0.982009937154954	0.878672764298545	0.914578618058731	0.837650396135238
Chlorobiaceae	0.747084622570022	0.279427621156858	0.616513904015439	0.746374961181284	-0.0333537181073037	-0.0154162219007676	-0.00958022233969818	0.982009937154954	0.676295102850076	0.914578618058731	0.899912912107061
Weeksellaceae	0.763255219300822	0.741947933699451	0.735455789747587	0.293263511514496	0.0201932526566988	0.020721023693137	0.0622174057319659	0.982009937154954	0.940574450363074	0.914578618058731	0.659842900907616
Eubacteriaceae	0.76877001668626	0.368522260474646	0.385341762503845	0.72241565518344	-0.0886147011347812	-0.0855362340187844	-0.0334295068980794	0.982009937154954	0.775332548011593	0.819034982913432	0.899912912107061
Morganellaceae	0.76954457006826	0.413533906555757	0.542424855812482	0.329851474618807	0.126652694298513	0.0942983722429661	0.144883683769157	0.982009937154954	0.827067813111513	0.887604309511335	0.71712313292548
Sterolibacteriaceae	0.771707390225323	0.546887580409024	0.299054145667637	0.526596057539124	0.0205401682964086	0.0354551483230244	0.0206466896293371	0.982009937154954	0.877186020061999	0.743421876260382	0.804797748314511
Coriobacteriaceae	0.773721007765597	0.458330558318787	0.330339336871147	0.475813098921343	-0.0206588132070766	-0.0271374994500541	-0.0191731194415239	0.982009937154954	0.843744891450494	0.764499608187512	0.768122315940499
Phyllobacteriaceae	0.775700393803173	0.356572232671217	0.984222769384649	0.793996024240922	0.0686935322836748	-0.00147109939277876	0.0186258743079124	0.982009937154954	0.775332548011593	0.991696124942144	0.903171210627428
Clostridiaceae	0.778789811625401	0.446831655018444	0.514591639749672	0.939410759065547	0.1109583395305	0.0950311332840838	-0.0106506141734387	0.982009937154954	0.837524639215672	0.877514164625757	0.982231246275556
Alteromonadaceae	0.78691814109026	0.995577813969942	0.642469889220609	0.374373167535852	0.000257352064039717	-0.0215653546541125	-0.0397498647346584	0.982009937154954	0.997606440188651	0.914578618058731	0.722005394533429
Oscillatoriaceae	0.792327357097583	0.449781750689898	0.737956033240622	0.36012319935687	0.0511082564917599	0.0226043947846309	0.0593538030526194	0.982009937154954	0.837524639215672	0.914578618058731	0.722005394533429
Methylophilaceae	0.79417658664799	0.702340650333446	0.526048875294353	0.775234109328187	-0.0105974412133234	0.0175908462773228	0.00760929465557997	0.982009937154954	0.940574450363074	0.878555853584383	0.899912912107061
Peptostreptococcaceae	0.796557452528292	0.539089989106105	0.485496122486818	0.900570127324628	0.102402356686381	0.116314992454301	-0.0200291403611607	0.982009937154954	0.87332578235189	0.855465740047945	0.966174573686025
Alcaligenaceae	0.798063038690406	0.783812041969228	0.666905833847135	0.570606968404403	0.0273300105554471	-0.0428833607363229	0.0541261714733097	0.982009937154954	0.940574450363074	0.914578618058731	0.829126843379527
Thermoactinomycetaceae	0.799117857869697	0.711205870582794	0.665860655085428	0.577069592649162	-0.0368445510663924	0.0429786677825097	0.0532393691072898	0.982009937154954	0.940574450363074	0.914578618058731	0.829126843379527
Ktedonosporobacteraceae	0.800448820494207	0.480395835952257	0.455963537745189	0.368675961704593	0.068801617496217	0.0726943351918664	0.0841878442606203	0.982009937154954	0.866476830686781	0.855465740047945	0.722005394533429
Peptoniphilaceae	0.806641617075725	0.733309097486556	0.4667952601334	0.369078522354431	-0.0280569759740934	-0.0599694266507027	-0.0712868875122178	0.982009937154954	0.940574450363074	0.855465740047945	0.722005394533429
Hymenobacteraceae	0.812279824560271	0.683961009345374	0.436465418211308	0.386651452207885	0.0392624054071579	0.0751199075509847	0.0803716716027906	0.982009937154954	0.940574450363074	0.855465740047945	0.728343433228806
Tannerellaceae	0.827255250759791	0.367640340588435	0.845908532721299	0.792098528657002	-0.143074462017477	-0.0308184687560002	-0.0399834585471352	0.992706300911749	0.775332548011593	0.940441951035975	0.903171210627428
Akkermansiaceae	0.860559531299107	0.923060436533912	0.696560678459309	0.615920561086632	-0.0201247016046129	0.0812813899821786	-0.10022835618684	0.993492231681097	0.99030324979135	0.914578618058731	0.845585855051139
Desulfobulbaceae	0.865972764853977	0.665543233470964	0.971065058433671	0.651066494705273	-0.0285030142980744	0.00239087928661144	0.0286702934728094	0.993492231681097	0.940574450363074	0.991696124942144	0.857502212538653
Streptococcaceae	0.866152548474115	0.689177206447212	0.521780942325574	0.429080967573983	-0.0571862066107115	-0.0916341048108147	-0.108398082237129	0.993492231681097	0.940574450363074	0.878555853584383	0.75296087595307
Syntrophaceae	0.87024573623682	0.997606440188651	0.64353929634831	0.478891073518459	7.60357895388635e-05	0.0117338876391636	0.0173413429783329	0.993492231681097	0.997606440188651	0.914578618058731	0.768122315940499
Verrucomicrobiaceae	0.880472087118119	0.731228721219472	0.940473647548779	0.504069494791699	-0.0135089646902832	0.00293620230688006	-0.0252709653272555	0.993492231681097	0.940574450363074	0.97664571091604	0.785185174579377
Thioalkalispiraceae	0.885944118697807	0.700090485489982	0.861946859775473	0.442880280473322	0.0506105189840015	0.022842812495185	0.0968441836973483	0.993492231681097	0.940574450363074	0.943482373538017	0.75296087595307
Emcibacteraceae	0.89023936805357	0.960775021595262	0.474490534581365	0.861420463556625	-0.00186993906076647	-0.0272190192230735	-0.00634178556392079	0.993492231681097	0.997606440188651	0.855465740047945	0.936577953665592
Candidatus Brocadiaceae	0.895063863978538	0.871195495041539	0.497690660624147	0.578341563591892	0.00560770475758173	0.0234727514840953	0.0185520587964363	0.993492231681097	0.985334097088457	0.866945021732386	0.829126843379527
Coxiellaceae	0.895739279178635	0.735480977566247	0.446677062331827	0.816235396849004	0.0105187285307767	0.02371356077346	0.00698366651408619	0.993492231681097	0.940574450363074	0.855465740047945	0.914928752185198
Prevotellaceae	0.905155465846562	0.58939471459333	0.507988411739574	0.566730447035899	0.0714142310052259	0.0876159668097954	0.0724314935094003	0.993492231681097	0.914725828149731	0.875469390444798	0.829126843379527
Piscirickettsiaceae	0.917919807538703	0.779526604456315	0.620646462320354	0.85989202544919	-0.0299667245785291	-0.0529987474482249	0.0181142852441846	0.993492231681097	0.940574450363074	0.914578618058731	0.936577953665592
Flammeovirgaceae	0.921732726313513	0.993280690514884	0.8200000257417	0.539914542975836	0.000267683028690392	-0.00723337490348267	-0.0188204328034156	0.993492231681097	0.997606440188651	0.940441951035975	0.817440709926031
Succinivibrionaceae	0.926232484282505	0.792702672980131	0.908906123206906	0.596903454415284	-0.00801331494551958	0.00348844707208361	-0.0155727341491937	0.993492231681097	0.944248772226333	0.975117827546481	0.837650396135238
Dysgonomonadaceae	0.928551372547862	0.771257647126106	0.755178490988451	0.501628705688536	-0.0328092231468672	-0.0351899025636148	-0.0727768540677662	0.993492231681097	0.940574450363074	0.914578618058731	0.785185174579377
Ichthyobacteriaceae	0.930276205806559	0.517072897482797	0.667230171913915	0.741930335873494	0.0376310459912353	0.0249625565426985	0.0184005473627131	0.993492231681097	0.87332578235189	0.914578618058731	0.899912912107061
Fibrobacteraceae	0.939798689694599	0.619133905186936	0.949397335640422	0.641058415587041	-0.0196770740586389	-0.00251107676062524	-0.0176830558197859	0.993492231681097	0.937380305049379	0.979632919578015	0.851706107476863
Bacillaceae	0.942608461265591	0.735784782592799	0.649726085502642	0.933633510279682	-0.0521852707007489	-0.0702456168949493	0.0123464221646342	0.993492231681097	0.940574450363074	0.914578618058731	0.982231246275556
Lachnospiraceae	0.945491803712017	0.910390916973717	0.561699598363717	0.77471876431673	0.0154795342891716	0.0798663885576388	0.0378191739361156	0.993492231681097	0.985334097088457	0.909953349349222	0.899912912107061
Vibrionaceae	0.948561513686724	0.942683495955147	0.755925473296541	0.762420177776896	0.009434451507242	-0.0407952357451439	0.0380647729641693	0.993492231681097	0.992343393491727	0.914578618058731	0.899912912107061
Synergistaceae	0.950988629391512	0.943338781467444	0.922451583903298	0.641408303161589	0.00750022959890587	-0.0102727139121958	0.047167075735171	0.993492231681097	0.992343393491727	0.975779551729371	0.851706107476863
Kiritimatiellaceae	0.956696223100316	0.88543340494947	0.792108951819513	0.774287878738745	0.00555535712877334	0.0101632958625546	-0.01067274740397	0.993492231681097	0.985334097088457	0.923177339530656	0.899912912107061
Flavobacteriaceae	0.970836840100713	0.774372898938133	0.655600579145566	0.704241530001219	-0.0337950348319925	-0.0525911859872394	-0.043019617156291	0.998403208819979	0.940574450363074	0.914578618058731	0.898323841418878
Chitinophagaceae	0.97576143215465	0.905804352476769	0.89498251830516	0.657007034960657	0.0140826492009294	0.0157095999841697	0.0508732765162529	0.998403208819979	0.985334097088457	0.973068241378765	0.858347900513117
Porphyromonadaceae	0.983367476892361	0.898483354552237	0.822404405044479	0.879781482986874	0.00985641358587681	-0.0173420137224538	0.0112739071662376	0.998403208819979	0.985334097088457	0.940441951035975	0.950164001625823
Syntrophobacteraceae	0.986077243278992	0.995750948628841	0.933616237765756	0.739816085245754	0.00026513460757808	-0.00414707529358596	-0.0158750132591122	0.998403208819979	0.997606440188651	0.975779551729371	0.899912912107061
Comamonadaceae	0.99266906908908	0.897445987094306	0.77081194279101	0.837149775827365	0.00924764101674483	0.0209041953543804	0.0141445941958854	0.998834715480938	0.985334097088457	0.914578618058731	0.928892217013925
Campylobacteraceae	0.998967128087754	0.904924613296786	0.986322781277129	0.983180221592087	-0.0105063918976072	0.00150786118782336	0.00178361290122623	0.998967128087754	0.985334097088457	0.991696124942144	0.990116607616713
