bugName	pval	p3M	p1Y	p2Y	s3M	s1Y	s2Y	Adjustedpval	Adjustedp3M	Adjustedp1Y	Adjustedp2Y
Veillonella	3.56130014367295e-10	9.7996286135564e-11	2.72921291033433e-07	2.21909105570405e-06	1.18147214499853	0.955110830187423	1.06063170336127	7.05137428447244e-08	1.94032646548417e-08	5.40384156246197e-05	0.000439380029029401
Atopobium	3.37864025889978e-06	2.43304812064857e-07	0.189915484621955	0.117580610435357	0.836706848502312	0.200985191620305	0.296480831585974	0.000334485385631078	2.40871763944208e-05	0.490505526252181	0.430331468222362
Neisseria	3.47371391776763e-05	1.79769138362527e-05	0.0101565469881382	0.00015610696887659	0.80522684037009	0.501867896261462	0.959337906982096	0.00229265118572664	0.000845396410751633	0.124419838371074	0.0154545899187824
Gemella	9.14695824513201e-05	1.08895904370872e-05	0.0961768963240388	0.00480659121297167	0.838675344153266	0.318323888154359	0.686694054013853	0.00452774433134034	0.000718712968847757	0.33408816617824	0.0634470040112261
Streptococcus	0.00014265286220605	2.13483942108998e-05	0.00751174993524898	0.00350797914585435	0.821710988301577	0.540208921841586	0.734026809952735	0.00564905334335957	0.000845396410751633	0.115725451042373	0.0578816559065968
Escherichia/Shigella	0.000278056690221073	5.52311411280246e-05	0.0334327505349607	0.00226541192032156	0.920613727794015	0.500206789031425	0.90488721494527	0.00885880890850837	0.00156225227762127	0.218431947009183	0.0560689450279587
Peptostreptococcus	0.000313190213937165	2.65779971794651e-05	0.252732236549711	0.378312924377393	0.594753179995873	0.16330011554811	0.154515927007551	0.00885880890850837	0.000877073906922348	0.504196166952345	0.657069816023892
Haemophilus	0.000683408584397638	0.00113898010084167	0.00907630680706911	0.000423854261472862	0.72005448080885	0.639964163239307	1.11367758743929	0.0169143624638415	0.0173475430743577	0.119807249853312	0.0209807859429067
Oribacterium	0.000980424715016692	0.000125725245639563	0.236400526444785	0.0200816842438818	0.799679925741593	0.253348367812664	0.627374181213512	0.0215693437303672	0.00311169982957918	0.503880767366869	0.189341594299457
Anaerostipes	0.00200995089076494	0.00873526462814949	0.00118791290018818	0.00295043036966565	-0.413677787403249	-0.596666184565737	-0.671453740163271	0.0315904156733845	0.0508700704815764	0.058801688559315	0.0578816559065968
Faecalitalea	0.00207141797211885	0.00230974949875015	0.00181162614193473	0.00770745627179841	-0.35010538206047	-0.402794394730144	-0.414786809110173	0.0315904156733845	0.024301063173741	0.0717403952206154	0.0897691965774167
Lachnoanaerobaculum	0.00212423263123629	0.000194844798191501	0.263759531961482	0.0859574004368157	0.442971022223363	0.136442246360014	0.259324300825009	0.0315904156733845	0.00428658556021303	0.504196166952345	0.381242164819099
Leptotrichia	0.002202897054568	0.000909802255870601	0.0601099883025242	0.00283872379848559	0.644613601789213	0.388581513525667	0.782657877734213	0.0315904156733845	0.0150117372218649	0.264483948531107	0.0578816559065968
Actinobacillus	0.00223366575468376	0.0146204480998137	0.988885879760869	0.00112807301289612	0.462332375785276	0.00283007669769498	0.866751771798138	0.0315904156733845	0.0782391546963002	0.995347130448092	0.0446716913106862
Lautropia	0.00253570818192184	0.000382915821034738	0.732398647318887	0.50776129508441	0.287240092824362	0.028315559004268	0.0668809735028016	0.0322186321798836	0.0075817332564878	0.895153902278639	0.739240709019951
Elusimicrobium	0.0026753780538904	0.930156984856145	0.000525528951952932	0.27214389011159	0.0182659800703143	0.880378772315052	0.319520668275321	0.0322186321798836	0.973176164045788	0.0444017054059905	0.627698653156204
Anaeroglobus	0.00276624619726273	0.0024839493986803	0.225805489828513	0.00171359269166879	0.465586240710562	0.197925005122965	0.662562183648522	0.0322186321798836	0.024301063173741	0.503880767366869	0.0484701932786314
Granulicatella	0.00309648109882321	0.0072924027436938	0.911876485648282	0.00397353146284579	0.646567782585152	-0.0283036464141963	0.94667706069347	0.0340612920870553	0.0465772820403669	0.986620459881748	0.0593354227797733
Selenomonas_3	0.00339127103625192	0.000509661123147385	0.526667056140632	0.0651744890253729	0.395166884501645	0.0747663974452388	0.273024025564748	0.0353406139567305	0.00917390021665292	0.762216850373808	0.345362812451405
Proteus	0.00427781006200012	0.33301874976866	0.163533736641208	0.000367736838955376	0.109942766577644	0.178706219642388	0.603203820525266	0.0423503196138012	0.616240303310231	0.462139482371383	0.0209807859429067
Romboutsia	0.00491287489456926	0.0277232827435989	0.000672753112211978	0.0451994051191336	-0.592594995679207	-1.07657962283832	-0.742073119866963	0.0463213918630816	0.120715907773649	0.0444017054059905	0.315652282816594
Blautia	0.00654452591826349	0.0566685110521079	0.00376648369786543	0.00419543393392336	-0.206545406057956	-0.367765842988745	-0.449816889426438	0.0589007332643714	0.196848512075743	0.106537681739622	0.0593354227797733
Fusobacterium	0.00692833505104051	0.00776028285036609	0.00825265752648219	0.00635014138942472	0.677964287470327	0.76273604444701	0.979572449161238	0.0596439278306966	0.0480167501366402	0.116716156445962	0.0785829996941309
Butyricimonas	0.00733350817648937	0.00272191390238714	0.00526172481875909	0.0498705335584026	0.750271027358002	0.787952281632226	0.669146766870741	0.0600834878904726	0.0244972251214843	0.115725451042373	0.315652282816594
Mogibacterium	0.00758629897606977	0.00210135771570244	0.00688711788273087	0.0663622073857223	0.687383231107274	0.677532373257111	0.556528990039062	0.0600834878904726	0.024301063173741	0.115725451042373	0.345362812451405
Pyramidobacter	0.00840005301625357	0.31379120052064	0.0106825113752942	0.00328917366134689	0.171713815440925	0.506749512497964	0.727779498586666	0.0639696345083926	0.597410170221988	0.124419838371074	0.0578816559065968
Succinivibrio	0.00971722190209201	0.0273702499417064	0.248389641011118	0.00170095263376993	-0.593148444704989	-0.346750051864092	-1.23924633697237	0.0692143282355289	0.120715907773649	0.504196166952345	0.0484701932786314
Syntrophococcus	0.0104036501523294	0.101140031846217	0.0378793961776155	0.741000267005624	-0.386114347149414	0.563733860339152	-0.108425189653653	0.0692143282355289	0.29660213649216	0.218431947009183	0.885433254137419
Agathobacter	0.0104606441569667	0.0015603821593268	0.0271438234287179	0.0849951320012119	-0.464998896202742	-0.351227822719766	-0.331321622100906	0.0692143282355289	0.022068261967622	0.218431947009183	0.381242164819099
Aggregatibacter	0.0104870194296256	0.00193519722066007	0.8046953598364	0.164012873704788	0.469873446408021	0.0395683554019184	0.277579713767363	0.0692143282355289	0.024301063173741	0.948390959807186	0.492038621114365
Akkermansia	0.011970685696471	0.0025308039127557	0.0177131749372671	0.0614280695563014	0.866265463536117	0.751502252664736	0.722678201883588	0.0758750374782518	0.024301063173741	0.175360431878945	0.345362812451405
Hungatella	0.0122626323197175	0.00802714802693149	0.836802638578708	0.418216250255606	0.670172488303632	-0.0563302806210055	-0.275127905095231	0.0758750374782518	0.0481628881615889	0.952223692175771	0.678744406152541
Catenibacterium	0.0127667310700527	0.802245604569058	0.00311387634520365	0.0893531437175285	0.0690272692536783	0.983718964999069	0.675115815870278	0.076600386420316	0.918177050316032	0.102757919391721	0.384607009914579
Rothia	0.0156006207036775	0.00224702251712118	0.270963873605974	0.0575071339272459	0.562269366785617	0.213596340231036	0.455561623870136	0.0895993123566827	0.024301063173741	0.510960447371265	0.345042803563475
Stomatobaculum	0.0158382622852722	0.00305723110698359	0.0344737022896672	0.0509863003824824	0.379408296826138	0.296793240208564	0.336593241817938	0.0895993123566827	0.0252221566326146	0.218431947009183	0.315652282816594
Lachnospiraceae_UCG-001	0.0168475980853309	0.0029355671187543	0.022528691842201	0.278724332351022	0.959066804155705	0.814351503598728	0.466530720556451	0.0926617894693198	0.0252221566326146	0.202758226579809	0.627698653156204
Prevotella_9	0.0201636963959484	0.433973964472569	0.0911810008406187	0.0247772093707231	-0.172623108038182	0.429837935968337	0.718701362947553	0.107862406348661	0.685194586281605	0.33408816617824	0.222994884336508
Actinomyces	0.0207008658648945	0.00257738548812405	0.355182748849941	0.120394318928375	0.640401580899487	0.206998668606502	0.427447731796196	0.107862406348661	0.024301063173741	0.611532037150334	0.430331468222362
CAG-56	0.0212534013298621	0.00595628721316919	0.995347130448092	0.153057970441493	-0.763518631383384	-0.00174973169330597	-0.538639972337028	0.107901883674684	0.0453594180079807	0.995347130448092	0.479276670428454
Desulfovibrio	0.0238114285633588	0.0218107681136763	0.0075949744117266	0.0487948158338631	0.714306189424037	0.955589999141096	0.855601221053037	0.116615455957002	0.105330050890437	0.115725451042373	0.315652282816594
Lachnospiraceae_UCG-008	0.0241476449203892	0.196345939086577	0.0408180911077766	0.503266511940134	-0.227761569618214	0.417094465954038	0.165269641615257	0.116615455957002	0.457370540460496	0.218431947009183	0.738342306385016
Faecalibacterium	0.0251475142014599	0.00414160343580303	0.50640368465106	0.924180411975563	-0.391610039679806	-0.0979695299229548	-0.0173521358722173	0.118552566949739	0.03280149921156	0.762216850373808	0.953362029489941
Clostridium_sensu_stricto_1	0.026813365547427	0.525938649991583	0.00464952484765679	0.976613497599592	-0.149825917701498	-0.797985276569208	-0.00971652859716254	0.123466194846292	0.738552146796691	0.115075739979506	0.977991539420586
Tyzzerella_3	0.0320477957552756	0.00688110165050428	0.260626237324042	0.041498699944506	-0.670137097701948	-0.298265817543408	-0.670338265774893	0.14421508089874	0.0457604064274457	0.504196166952345	0.315652282816594
Tyzzerella_4	0.0329957629665329	0.79295914628937	0.021546186613571	0.0797134711443316	0.0663243804030263	-0.677517352902743	-0.628218998450642	0.145181357052745	0.918177050316032	0.202758226579809	0.375792078251849
Solobacterium	0.0344634782582884	0.0331857185081973	0.0704243887750835	0.011309376235876	0.453787670748079	0.426122610569806	0.743005187965493	0.148342797720459	0.128838671855354	0.290796953751586	0.120854396439427
Victivallis	0.0352832611246658	0.00918767601061503	0.0482326046645753	0.0510145103541971	0.684047932543388	0.577178622167398	0.705947623019233	0.148640121333699	0.0519759957171936	0.24487322368169	0.315652282816594
Butyricicoccus	0.0364296640434479	0.00662139931967712	0.0395809059085876	0.208935519389075	-0.375063897371766	-0.311919422619905	-0.229596342245845	0.150272364179223	0.0457604064274457	0.218431947009183	0.574572678319956
Oscillibacter	0.0374420083526491	0.0951950334267762	0.0114856600549977	0.0327032348101559	-0.38855181501533	-0.677675478920085	-0.696456655737362	0.15129627864948	0.289978717207718	0.126342260604974	0.281532195322212
Ruminococcaceae_UCG-003	0.0384224010331932	0.391136545803807	0.00759813567449921	0.0697702651416979	0.156844359296082	0.576844307604789	0.472954889946447	0.152152708091445	0.639901719899798	0.115725451042373	0.345362812451405
Selenomonas	0.0407963563585568	0.031928236179262	0.221253090559988	0.0115971390522682	0.216649478916737	0.135993735903182	0.356558258830812	0.158385854097927	0.128838671855354	0.503541516446869	0.120854396439427
Lactococcus	0.0430553011863624	0.0201173317491064	0.108733242390905	0.594195413442836	0.529670990919875	0.403527590469239	-0.162625817903719	0.163941339132687	0.0995807921580765	0.352937409727855	0.800344842596473
Lachnospiraceae_FCS020_group	0.0448249488050921	0.0626731289153838	0.23261535408062	0.702809109282824	-0.375978242244098	0.269916766926889	0.106020014555809	0.167459242705816	0.210326771614339	0.503880767366869	0.864324246198753
Coprococcus_1	0.0477066588058699	0.00693339491324935	0.489295461612629	0.201767524640055	-0.617529924127062	-0.17217853385108	-0.397494618752106	0.174924415621523	0.0457604064274457	0.756878917182036	0.562675632094802
Lachnoclostridium_5	0.0487677474867518	0.00670185034740175	0.206301180682567	0.132468832757214	0.609673812821386	0.3084752274372	0.455131452285291	0.175563890952307	0.0457604064274457	0.492140165965643	0.450829353890886
Marvinbryantia	0.0505266969136769	0.0745355428322378	0.262219636686348	0.341196904645079	-0.339824066461477	0.240691325333656	-0.253170008278432	0.178647964087643	0.238032862593276	0.504196166952345	0.649586414612746
Shuttleworthia	0.0539862250192815	0.699861780392166	0.058894928982252	0.0637813663488324	-0.064619099069796	0.366349297687333	0.444366784856206	0.187531097435399	0.89378456428361	0.264483948531107	0.345362812451405
Alistipes	0.0564600837318292	0.0295406369019512	0.572548667117765	0.368189541053462	0.346447746058974	0.0993437443713262	-0.19721695614754	0.192743044463831	0.124447789501837	0.787254417286926	0.652147400578084
Hydrogenoanaerobacterium	0.0704218688127176	0.0537018420037476	0.0377114586085227	0.0463968369866176	0.41964315953906	0.508339589822002	0.596369920863699	0.236331017371493	0.193326631213491	0.218431947009183	0.315652282816594
Fusicatenibacter	0.0735440012947695	0.0144033439104213	0.791796707628458	0.777968164422551	-0.44139893665556	-0.0522506764904279	-0.0693121052725211	0.242452625885311	0.0782391546963002	0.944432217532739	0.891104143531682
Klebsiella	0.0746950009040606	0.0200928666372666	0.0889859162011874	0.0772711052687395	0.555804353755235	0.446047215235245	0.566345998265146	0.242452625885311	0.0995807921580765	0.33408816617824	0.373162898614888
Turicibacter	0.0799034777439538	0.0235455115523468	0.0405872729508474	0.464526158778071	-0.232535410225683	-0.232535410493202	-0.0986797024562	0.255175622472627	0.111000268746778	0.218431947009183	0.712993639054714
Ruminiclostridium_1	0.0857332619642266	0.597563740165992	0.235461508269344	0.0134945217156326	0.0693268456162835	0.177782572317519	0.472673809812658	0.269447394744712	0.815983590019769	0.503880767366869	0.133595764984762
Flavonifractor	0.0973688741436624	0.233127346030266	0.0144276079264542	0.234275040277913	-0.292575838637744	-0.694716489257002	-0.403076900433428	0.301234954381955	0.512880161266585	0.150350861549365	0.59080973895244
Intestinimonas	0.108562890908825	0.340880943384455	0.367668946675436	0.104755205909061	0.179907596903058	0.193207304951299	-0.436555733322885	0.330699267691498	0.624948396204833	0.616936029167256	0.415936155930556
Porphyromonas	0.112339490309472	0.0622774422353375	0.94702714336763	0.427674476652562	0.331138483330944	-0.0128368969821253	-0.187241235645178	0.337018470928417	0.210326771614339	0.995347130448092	0.682899567558123
Campylobacter	0.116100704999967	0.0178043130418111	0.193229449735708	0.294106414721047	0.442044179099798	0.263719722722582	0.258471880281962	0.343103575970053	0.0927698416389107	0.490505526252181	0.631787685306186
Phascolarctobacterium	0.119485990526198	0.372581511197979	0.0387176582255047	0.0687385989806123	0.233363451483648	0.625277834187071	0.676094777403763	0.343154605306631	0.637144533162735	0.218431947009183	0.345362812451405
Parabacteroides	0.119584180637159	0.372701957373955	0.026209514186146	0.124455562683506	0.107742883639044	0.309903823193497	0.258816241463506	0.343154605306631	0.637144533162735	0.218431947009183	0.432319323005862
Prevotella_2	0.126641131244186	0.874328380174408	0.0286039534689234	0.774114583534892	0.045474212844471	0.74310028347761	0.117381273703227	0.35821348551927	0.961761218191849	0.218431947009183	0.891104143531682
Bifidobacterium	0.129813685192091	0.0671216723871696	0.055011750162545	0.114492779015687	-0.64556700047304	-0.754451205583305	-0.749287884661319	0.36201562912724	0.217870346437042	0.253309919353114	0.429743477648261
Howardella	0.132810753621701	0.0343570564237805	0.89633634676847	0.280755285400508	-0.347895647700673	-0.0238249493366628	-0.246896935061267	0.365229572459678	0.130821099459779	0.98052263348153	0.627698653156204
Defluviitaleaceae_UCG-011	0.140389281954008	0.0331155895558406	0.180842967835331	0.11503234502706	-0.264651788007622	-0.1866981969697	-0.274418508888548	0.377157163524373	0.128838671855354	0.477425435085275	0.429743477648261
Roseburia	0.141094442888147	0.21161103894469	0.863866384144155	0.145497810295472	-0.248882778265049	0.0379021425007959	0.400302405280946	0.377157163524373	0.487197508268008	0.966359005991767	0.470755720740727
Family_XIII_UCG-001	0.146546332691391	0.239809869122763	0.326057169262082	0.254573564316837	-0.195410564358283	0.186341031663588	-0.269173087936634	0.377157163524373	0.521784110838538	0.581615491116146	0.607295972707636
Lachnospiraceae_UCG-010	0.146614244961895	0.162879250716409	0.107310742265255	0.0419579695998097	0.232228757563326	0.304574910747531	0.480801020869239	0.377157163524373	0.40822900812467	0.352937409727855	0.315652282816594
Candidatus_Soleaferrea	0.147832524384687	0.639053631261108	0.0514128244502236	0.545933950482903	-0.0895759594540833	-0.425374645635344	0.15766314460102	0.377157163524373	0.838735870316024	0.253279080297606	0.761231846447992
Leuconostoc	0.150675887231358	0.101244948618852	0.692797987151632	0.309835985547534	0.256680734314934	0.068065698149342	-0.215480186986887	0.377157163524373	0.29660213649216	0.867808606341077	0.631787685306186
Barnesiella	0.1537667745245	0.0913018816053264	0.455333606317438	0.900460927876379	-0.541809016503537	0.266614316397624	-0.0550123045346937	0.377157163524373	0.282465196216479	0.732976049193924	0.947315725703362
Aeromonas	0.158538603263327	0.0488779096499565	0.0672865002255671	0.387857378695362	0.345296023437964	0.36059281541305	0.206540085452338	0.377157163524373	0.182600492654554	0.289624500970919	0.667789225927667
Anaerotruncus	0.159269113116859	0.0268384468715752	0.264830309914363	0.635800499305545	0.544926880092381	0.299904132795601	0.155083457080116	0.377157163524373	0.120715907773649	0.504196166952345	0.828213808305907
Parvimonas	0.160156186105037	0.0280451098868074	0.218824346946396	0.611156745903583	0.228227021429142	0.13909719353124	0.0694163012783289	0.377157163524373	0.120715907773649	0.503541516446869	0.812141179120198
Erysipelatoclostridium	0.16063243712931	0.115456434422845	0.0944273690954911	0.0647433383747176	-0.35886047902694	-0.432624467506541	-0.593712557405148	0.377157163524373	0.327089240888288	0.33408816617824	0.345362812451405
Ruminococcaceae_UCG-009	0.160690668317334	0.0307490724762086	0.701259479871577	0.707415226127899	-0.462922423617404	-0.0907794032193501	-0.110180845003129	0.377157163524373	0.12683992396436	0.867808606341077	0.864618609711877
Ruminococcus_2	0.16191090353319	0.0894685350437613	0.0524466782434436	0.158910227604291	-0.576302216851926	-0.748757530103756	-0.664892547953338	0.377157163524373	0.28118682442325	0.253279080297606	0.484065001009993
Weissella	0.164339895355909	0.167620731678982	0.031067012107035	0.312828398561576	-0.325752732716195	-0.576693581402436	-0.32075989938328	0.378363945121744	0.414861310905481	0.218431947009183	0.631787685306186
Lachnospiraceae_AC2044_group	0.168682184567532	0.153968053141096	0.325895045198333	0.827583941012405	-0.327689987118211	0.255476402554936	0.0698896249673241	0.383897385567487	0.406475660292495	0.581615491116146	0.903815408242106
Libanicoccus	0.173855699394538	0.991566511203524	0.103186743707859	0.105034382810746	0.00198143546500635	0.353042688817067	0.435292901098895	0.387192518023004	0.994958639796706	0.346287716172136	0.415936155930556
Phocea	0.177190073145198	0.0668927464241963	0.0726636883440424	0.684778275872482	-0.283520536263333	-0.310955003024555	-0.084604248469976	0.387192518023004	0.217870346437042	0.293620618206539	0.852742758633656
possible_genus_Sk018	0.17730806390096	0.162471925380544	0.477521674848135	0.426553847894334	-0.494847185534944	0.279398469862105	0.384217254441321	0.387192518023004	0.40822900812467	0.753857921457149	0.682899567558123
Succinatimonas	0.180172214986705	0.227141949248365	0.281911697351503	0.536031921889856	-0.128792245084169	0.131257733598131	-0.093315288213839	0.387192518023004	0.512880161266585	0.521668374538295	0.752846955468213
Erysipelotrichaceae_UCG-003	0.180943277776005	0.162612179342356	0.0546144346954641	0.977991539420586	-0.341565952255414	-0.53451933514454	0.00921836582119969	0.387192518023004	0.40822900812467	0.253309919353114	0.977991539420586
Coprococcus_3	0.181863152404744	0.144901434581288	0.201972930044183	0.0481934749100961	-0.42165102265046	-0.411605929365099	-0.792597724762894	0.387192518023004	0.390866697108788	0.492140165965643	0.315652282816594
Family_XIII_AD3011_group	0.187161896042144	0.17520251926451	0.0396617193338751	0.671160046087894	0.227294637345659	0.40112327249888	0.100163235413087	0.39212547962572	0.423049985541133	0.218431947009183	0.852742758633656
Corynebacterium	0.190118708193985	0.051176046975896	0.987857490199092	0.411286894212573	0.147494982238421	-0.00125999751999019	0.0839569361346308	0.39212547962572	0.187645505578285	0.995347130448092	0.678623375450745
Methanobrevibacter	0.190121444667016	0.540830570616888	0.0331068097205153	0.451514729667519	0.176203796554008	0.719829675420362	0.30774778727432	0.39212547962572	0.754115866071436	0.218431947009183	0.703936350190305
Lachnospira	0.192674086789072	0.952210877598713	0.0760599235589742	0.177271033979796	0.0157542236122776	0.535811477004033	0.497855493567821	0.393293496744703	0.981967467523673	0.301197297293538	0.508690793159414
Ruminiclostridium_6	0.204426187074405	0.170192336644707	0.363057878841144	0.781221703557408	-0.414871209350714	0.309461358137535	0.116400990098041	0.410587246270612	0.416025711798172	0.614405641115783	0.891104143531682
Prevotella	0.205293623135306	0.0564465102956302	0.115079009164624	0.259867725142659	0.333095690526653	0.306310044395844	0.266919206001395	0.410587246270612	0.196848512075743	0.36751038410638	0.612545352121981
Anaeroplasma	0.214771286684736	0.408785911115818	0.0397029471549882	0.328657230235036	-0.0810824168050213	-0.230689125273591	-0.131040617270744	0.425247147635777	0.658045613015707	0.218431947009183	0.631787685306186
Catabacter	0.220929527329057	0.787559273636721	0.200204793041572	0.121709910204304	0.0287782528602124	-0.157467031514807	-0.237336577333619	0.433109370407459	0.918177050316032	0.492140165965643	0.430331468222362
Sutterella	0.2247430640682	0.484913463960286	0.0991425717352947	0.0918616928130165	0.234837936243426	0.629956747932195	0.790237716697019	0.436265947897094	0.732102648117448	0.338452227648075	0.386991812276112
Oxalobacter	0.240461152359735	0.798978783382446	0.192770734962165	0.147408356999622	-0.0580238798388435	0.335482367239756	0.458285350826424	0.462245710361433	0.918177050316032	0.490505526252181	0.470755720740727
Megamonas	0.249561172907314	0.184321342437528	0.53124204723023	0.308386427299167	-0.508173375387136	0.266150917921428	-0.533535904945958	0.475126079188925	0.439706334971452	0.762216850373808	0.631787685306186
Coprococcus_2	0.259332105300244	0.379737330556165	0.0480342629442287	0.437026459246215	0.275653952756595	0.720943780638798	0.344190893018131	0.489026255709031	0.637144533162735	0.24487322368169	0.692249911446005
Coprobacter	0.274438464765162	0.363904163105879	0.822523238243772	0.103577942435688	0.154494302273014	-0.0434327685704881	0.398287953742876	0.512630339844359	0.637144533162735	0.952223692175771	0.415936155930556
Lachnospiraceae_UCG-004	0.284727546748041	0.951742977605735	0.13418941113666	0.224015348578465	-0.0115632660457584	0.323112283874212	0.317602333029438	0.526879011739366	0.981967467523673	0.408761590847056	0.578730432261633
Cetobacterium	0.298459551137533	0.101863360007408	0.891385199690303	0.410012370934992	0.451699397773126	-0.0412334527162239	0.304029910491546	0.536803420337005	0.29660213649216	0.98052263348153	0.678623375450745
Ruminiclostridium	0.299150472581838	0.272024013962495	0.243116559183777	0.448153979211529	-0.200687051863431	-0.238461473150533	0.188528067042209	0.536803420337005	0.562701738200776	0.504196166952345	0.703936350190305
Ruminococcaceae_UCG-010	0.300558615371833	0.523486919449688	0.176324582945976	0.648837453710962	-0.169867899356223	0.415300203746088	0.171930858825707	0.536803420337005	0.738552146796691	0.471866294749343	0.836181543358415
Lachnospiraceae_ND3007_group	0.304084965323363	0.61538193703307	0.0851498751533472	0.877563614807264	0.0968319024323852	0.384614503409187	-0.0419073542556935	0.536803420337005	0.82888179273842	0.330581868242407	0.939230247199125
Ruminococcaceae_UCG-011	0.307039861224893	0.519785418618865	0.175792576094747	0.962229153759658	-0.064534116763696	0.156279263432066	0.00670820155451061	0.536803420337005	0.738552146796691	0.471866294749343	0.97204781859394
Gordonibacter	0.307735613150217	0.671100883078466	0.204451628681343	0.287003407555302	0.0427381519985134	-0.144015671098078	-0.147331244575893	0.536803420337005	0.862843992529457	0.492140165965643	0.631407496621665
Eubacterium	0.309068654727957	0.312542729532576	0.0704962312125056	0.321654368284979	-0.105204503755013	-0.213795313884111	-0.141284570231956	0.536803420337005	0.597410170221988	0.290796953751586	0.631787685306186
Parasutterella	0.311779764337149	0.642358736464951	0.498313731939783	0.173443246309194	0.148617530995148	0.244484045468888	-0.611564823475351	0.536803420337005	0.838735870316024	0.758970145569823	0.505025923076771
Paraprevotella	0.323313967899731	0.300618028335406	0.384074272003697	0.368891458912855	0.261021705514147	0.250423777479896	-0.321277635183518	0.551863496932299	0.589330392182281	0.633722548806101	0.652147400578084
Odoribacter	0.339808555668622	0.275224544984604	0.527320771147204	0.34953769576093	0.180678020414772	0.118643873229109	-0.218640851450132	0.575060632669976	0.562701738200776	0.762216850373808	0.652147400578084
Cloacibacillus	0.345937826108544	0.885522972389524	0.0951120722770616	0.468317261655998	0.0273056321534016	0.361619934786273	0.190243061249518	0.580471945504167	0.964113382098742	0.33408816617824	0.713283213906828
Ruminococcaceae_UCG-004	0.349374678832444	0.510110237574309	0.936861093352881	0.169945930213682	0.162155245755811	-0.0221073538574412	-0.480850303032965	0.581312490830454	0.738552146796691	0.991970569432462	0.502228271377745
Prevotella_6	0.353780471370425	0.141494359635936	0.744809501756925	0.602001021086169	0.232590502431389	-0.0570752527908968	0.11261972348573	0.583614310158765	0.389109488998825	0.904737922379577	0.805379744426091
Enterorhabdus	0.356653189541468	0.723198177787456	0.203969255906073	0.327922914942385	-0.0792111831508267	0.324081957215577	0.307132829390181	0.583614310158765	0.906286324062761	0.492140165965643	0.631787685306186
Ruminococcaceae_UCG-008	0.364765958889975	0.161314771213408	0.847881144493361	0.57627059197728	0.142494833168056	0.02156934323676	-0.0771511843649641	0.590933507121697	0.40822900812467	0.959316952055346	0.786907429044837
Rikenellaceae_RC9_gut_group	0.367095057454388	0.645184260224403	0.119850189971721	0.783091520073296	0.137889844528714	0.536883665443455	-0.116041762717981	0.590933507121697	0.838735870316024	0.370786525225013	0.891104143531682
Dielma	0.373868632297804	0.382508317953969	0.236671269520802	0.109972753933917	-0.0969141020614183	-0.149149025159084	-0.251042106252443	0.596983783830365	0.637144533162735	0.503880767366869	0.42695304468462
Staphylococcus	0.381092730411744	0.704717025965426	0.551014896739112	0.0866459465497951	-0.0721811434675926	-0.127567175384891	-0.457970411422095	0.602473443344135	0.89378456428361	0.775809224031002	0.381242164819099
Coprobacillus	0.383392191218995	0.288052025155768	0.560306661800168	0.377093102237426	0.131382865809465	0.0813780620306312	-0.15344717748143	0.602473443344135	0.576104050311537	0.775809224031002	0.657069816023892
Butyrivibrio	0.392070014357371	0.329396836827857	0.0936558246279924	0.632252795859775	0.265348332355412	0.521860591681047	0.181107441849651	0.611258762541414	0.615288431055809	0.33408816617824	0.828213808305907
CAG-873	0.411514736258628	0.232716394802137	0.165716683072567	0.224704133570459	0.291393118583873	0.384424078761236	0.415514793554815	0.636561857650065	0.512880161266585	0.462139482371383	0.578730432261633
Ruminiclostridium_5	0.423488389652647	0.259684443905785	0.360846016727675	0.134338039795769	-0.178717249684252	-0.162739597333751	-0.331840464135681	0.645637304762743	0.546994892482399	0.614405641115783	0.450829353890886
Cardiobacterium	0.423903280904831	0.115637610415051	0.556098834216116	0.324087909334953	0.138263973703668	0.0569754635855399	0.117164822510171	0.645637304762743	0.327089240888288	0.775809224031002	0.631787685306186
Ezakiella	0.433771665858968	0.590181163305722	0.635852385605166	0.216888679260881	0.0785603597298975	-0.07790584976331	-0.253004478780655	0.65298764815942	0.811499099545368	0.837949075487736	0.578730432261633
Acetatifactor	0.435325098772947	0.515617614348314	0.958470196971967	0.22370721669075	0.063027485430017	-0.00564574504663221	-0.163563829216143	0.65298764815942	0.738552146796691	0.995347130448092	0.578730432261633
Sanguibacteroides	0.446463342783843	0.74739493188189	0.255569624525535	0.593849399377642	-0.0572717361409507	0.231206368376929	-0.133512146732845	0.660493236999245	0.918177050316032	0.504196166952345	0.800344842596473
Prevotella_7	0.449274032112023	0.14608149285884	0.995005374143659	0.924472271020549	0.472288852224927	0.00226667909660475	0.0424278153294651	0.660493236999245	0.390866697108788	0.995347130448092	0.953362029489941
Intestinibacter	0.451278619317005	0.732726822098401	0.118429067304005	0.804981518787408	-0.0830561293818438	-0.43335124442668	-0.0830483272936141	0.660493236999245	0.912452269028197	0.370786525225013	0.903815408242106
Enterococcus	0.456908798186469	0.994958639796706	0.994058254474768	0.138724679685421	-0.00164819649237562	0.00216517527865676	-0.532546423559775	0.660493236999245	0.994958639796706	0.995347130448092	0.457791442961889
Eggerthella	0.457007946812609	0.853585269847392	0.211868485055002	0.40594256102736	0.0315083582676104	-0.239536654309334	-0.192940039765291	0.660493236999245	0.949493727133616	0.499404286201077	0.678623375450745
Peptoniphilus	0.483898333336149	0.137133083432184	0.834335418439444	0.733750507670911	0.124115766306506	0.0192662993373816	0.0384118423736935	0.694288913047518	0.382427472106653	0.952223692175771	0.885433254137419
Ruminococcaceae_NK4A214_group	0.494688121364796	0.386148201916809	0.16128604218273	0.300649272323751	0.229772412604531	0.426262332646314	0.388650921760474	0.704663654893738	0.637144533162735	0.462139482371383	0.631787685306186
Citrobacter	0.502183863176801	0.394282877918057	0.139266502888537	0.493720445211752	0.218497710791074	0.426002103167646	0.237288988171071	0.705650670301303	0.639901719899798	0.417799508665612	0.735012392119752
Ruminiclostridium_9	0.504038861174702	0.555762938872757	0.699968991255759	0.241694893207816	0.0915458865845727	-0.0680755993743031	0.258699289455779	0.705650670301303	0.769517915362278	0.867808606341077	0.59080973895244
Ruminococcaceae_UCG-002	0.506072702943358	0.892341580788807	0.216828107182555	0.825120445938445	-0.0269626186328738	0.282724433424292	-0.062164401113005	0.705650670301303	0.964113382098742	0.503541516446869	0.903815408242106
Caproiciproducens	0.516266109636697	0.495774074545709	0.483535131439687	0.458282916867827	0.094873107363301	-0.111557861940793	-0.146766492785155	0.713468671176388	0.738069674887597	0.753857921457149	0.70890638702992
Candidatus_Saccharimonas	0.522233433211079	0.993342725198563	0.176354069754805	0.742332930236422	0.00109544602345968	-0.203411012585417	-0.0605375953927243	0.713468671176388	0.994958639796706	0.471866294749343	0.885433254137419
Cutibacterium	0.522489683437254	0.346738726276562	0.905328383052687	0.195197075963383	-0.0558372803845809	-0.00780887889851375	-0.104620732883798	0.713468671176388	0.629855667915223	0.984917691452923	0.552128872010711
Mitsuokella	0.531418059196144	0.637211831167663	0.14523711409422	0.692718266401759	-0.101192883544427	-0.360038349075453	-0.119653352277304	0.720690244663263	0.838735870316024	0.429208187920233	0.857238854672177
Fournierella	0.542303658290311	0.275667013158966	0.351671547799299	0.781016405140817	-0.270222268611534	-0.260207098396325	0.0954761495313051	0.728849191484871	0.562701738200776	0.611532037150334	0.891104143531682
Holdemania	0.547903988940153	0.488068432078299	0.263899364956668	0.225061834768413	-0.126038888019403	-0.229079468747177	-0.306206975492498	0.728849191484871	0.732102648117448	0.504196166952345	0.578730432261633
Senegalimassilia	0.548477421874979	0.766273921505566	0.630595629536742	0.154917711653642	0.0731932527429905	0.133845721607179	0.494865073241228	0.728849191484871	0.918177050316032	0.837949075487736	0.479276670428454
DTU089	0.556976221818179	0.417149381078019	0.162803577473436	0.677480841704473	-0.134698361711513	-0.259991554014077	-0.0931932924934395	0.735208612799997	0.666093366560063	0.462139482371383	0.852742758633656
GCA-900066575	0.570260077872023	0.370230401640803	0.829394739192948	0.325227434296957	-0.168445733493988	0.0455222183430191	-0.258325397919466	0.741140339979013	0.637144533162735	0.952223692175771	0.631787685306186
Ruminococcaceae_UCG-005	0.571026183700905	0.366808500731366	0.926868988374191	0.239447999921328	-0.244744301107959	-0.0282758400899459	-0.454182083417604	0.741140339979013	0.637144533162735	0.988686588136859	0.59080973895244
GCA-900066225	0.572699353620147	0.312656884146166	0.316593849320528	0.253246215508152	-0.210690804871006	-0.237186988307208	-0.33601778500487	0.741140339979013	0.597410170221988	0.57509708408683	0.607295972707636
Slackia	0.595160986063231	0.785118457164951	0.354700680966171	0.237070184705843	0.0699919559300079	0.268366187824908	0.423403811778171	0.759744213580039	0.918177050316032	0.611532037150334	0.59080973895244
GCA-900066755	0.595172187526091	0.523479277319004	0.241411621026593	0.819431448880691	0.0865150661088903	0.178965884629277	-0.0423890015230407	0.759744213580039	0.738552146796691	0.504196166952345	0.903815408242106
UBA1819	0.598586350093364	0.231725225060071	0.370872488691489	0.365364379639606	-0.286175133392044	-0.239933199340214	-0.299025291172421	0.759744213580039	0.512880161266585	0.617081955974075	0.652147400578084
Mucispirillum	0.604386420923527	0.244804689920235	0.279560719581743	0.680758283661642	-0.217447520602451	-0.225227459489287	-0.103937728306782	0.762219817470435	0.526862267437028	0.521668374538295	0.852742758633656
Stenotrophomonas	0.614802724605677	0.188306224229706	0.538776307125943	0.565818179504757	-0.218107502589004	-0.112392054295199	-0.127727623459653	0.770394295943939	0.443864671398592	0.767465531013933	0.77799999681904
Acinetobacter	0.618649964924678	0.443393138520935	0.816397839977983	0.325999424879094	0.122535706854962	-0.0414021338398027	0.21594137102343	0.770394295943939	0.685873761149571	0.952223692175771	0.631787685306186
Anaerofilum	0.628772166020041	0.281587621381242	0.782609570805254	0.323365260923449	-0.157612885632437	-0.0448253537518995	-0.197481962764712	0.7781055554498	0.568921928913121	0.939131484966305	0.631787685306186
Bilophila	0.651313276568014	0.965202283846639	0.249535468590204	0.624041987522189	0.0120086259924289	0.359030033281553	0.186623379298729	0.800993967456315	0.985103361864096	0.504196166952345	0.82373542352929
Mailhella	0.65550586849619	0.247693460629213	0.528074642986891	0.397055310938382	0.127517442064924	0.0782120032831612	0.130076206231067	0.801173839273121	0.527347367791228	0.762216850373808	0.671939756972646
Holdemanella	0.662194510668052	0.647545873694022	0.348015830138974	0.282147374398496	0.13545976838676	0.316305885868672	0.449541802853079	0.804383516026223	0.838735870316024	0.611532037150334	0.627698653156204
Christensenella	0.67475997465925	0.821594194027229	0.236550236469433	0.813389770694484	0.0249926221856749	0.150501288247267	0.0369072273943253	0.814649237698363	0.925131560936135	0.503880767366869	0.903815408242106
Christensenellaceae_R-7_group	0.686598579622766	0.521780240024197	0.29404456456508	0.358025988085262	0.144940014682325	0.273104176524684	0.296742845332631	0.823918295547319	0.738552146796691	0.539081701702647	0.652147400578084
Microbacterium	0.694754367383513	0.43603291854284	0.414037921220226	0.309569666939405	-0.0618621459528307	-0.072211395276412	-0.109574182953539	0.828682920132142	0.685194586281605	0.671963183619711	0.631787685306186
UC5-1-2E3	0.70487962813999	0.980771155827012	0.670641862400389	0.272748816406864	-0.00263022893479525	-0.0529093831064157	-0.170481674126016	0.835725547136036	0.994958639796706	0.861332437293014	0.627698653156204
Pseudomonas	0.731553011057435	0.776925305267502	0.967142678264725	0.349881579037109	0.0519359150417889	-0.00846973127818433	-0.237576108851223	0.862187477317691	0.918177050316032	0.995347130448092	0.652147400578084
Oscillospira	0.743704603996448	0.788872302852781	0.40029814516747	0.362833552876925	-0.0544370901857773	-0.195214076550407	-0.262172691611797	0.866360897931928	0.918177050316032	0.65503332845586	0.652147400578084
Subdoligranulum	0.743845215396099	0.29338821177649	0.640069868964455	0.951198041692293	-0.199269207740588	-0.100278224303184	-0.0162589626652549	0.866360897931928	0.580908659317451	0.837949075487736	0.965831857718328
Allisonella	0.760168212712021	0.441342517737501	0.882973770301798	0.6503634226121	-0.256657310140781	-0.0547253239403052	0.206805695704479	0.87739214749975	0.685873761149571	0.98052263348153	0.836181543358415
Dorea	0.762179037222005	0.317716459735096	0.530883999229938	0.524105097670121	-0.116285790433339	-0.0819162972336934	-0.102777194650168	0.87739214749975	0.599122466929039	0.762216850373808	0.748808237594263
Megasphaera	0.770075189609927	0.905682268032152	0.802890369456914	0.396563905709239	-0.032444455033837	-0.0780028334142549	0.330407948415006	0.881357731461073	0.964113382098742	0.948390959807186	0.671939756972646
Acidaminococcus	0.775239699229126	0.916025742048831	0.471931644724453	0.67511990517933	-0.0381708409550594	0.297148267026849	-0.214304752887343	0.882169312915902	0.969909609228174	0.753568271414852	0.852742758633656
Rikenella	0.781456645394381	0.773787140759047	0.557220192906163	0.525678510230316	0.0534999016678301	-0.123017227210852	-0.163765386266077	0.884162375931928	0.918177050316032	0.775809224031002	0.748808237594263
Negativibacillus	0.803069275266539	0.384097115257396	0.576616651559067	0.476343126678448	-0.231670829195389	-0.1688040839474	-0.267613491243166	0.895779444175561	0.637144533162735	0.787379979370313	0.719226839670033
Abiotrophia	0.809046010304899	0.959765157758689	0.512754493858136	0.479484559780022	0.0104632485851805	-0.151744640544488	-0.200046130861319	0.895779444175561	0.984629540084044	0.762216850373808	0.719226839670033
ASF356	0.809111722223279	0.902990915401386	0.959018362533195	0.363258212879978	-0.00920038652214416	0.00431561298437849	-0.0934147487351728	0.895779444175561	0.964113382098742	0.995347130448092	0.652147400578084
Dialister	0.809820810643563	0.830153822077707	0.686438082892595	0.503415208898875	-0.0672709808943543	-0.143816193412693	0.295988288758785	0.895779444175561	0.928646648425909	0.867808606341077	0.738342306385016
Acetanaerobacterium	0.815674132092787	0.898796246415099	0.700478956823403	0.41474163206783	0.00891215888221907	-0.0306891298416842	-0.0809935264825969	0.897241545302065	0.964113382098742	0.867808606341077	0.678668125201903
Tyzzerella	0.831738317418447	0.361298768264575	0.61882254994252	0.773860839917406	0.226279555026746	0.140309708383621	0.100546311878753	0.909857385905262	0.637144533162735	0.827884222220398	0.891104143531682
Millionella	0.83831940032657	0.375026973699571	0.592644671434219	0.765880264281696	-0.157301680058659	-0.105651877847004	-0.0718360437299649	0.912017809146488	0.637144533162735	0.803547638700502	0.891104143531682
Collinsella	0.859930890122801	0.447224173611934	0.647506103785978	0.536118286469788	-0.341624382472032	-0.228127954228012	-0.376056375840722	0.930417028657457	0.686437103683434	0.837949075487736	0.752846955468213
Helicobacter	0.868280330021262	0.45505371047715	0.831417227617239	0.907320339783233	-0.130985841822495	-0.0415822221841576	0.0278210320676434	0.932496063468964	0.693081805188275	0.952223692175771	0.947315725703362
Prevotellaceae_UCG-001	0.874801773230375	0.891466600881417	0.494835623969203	0.944762698041264	0.0248908072259836	-0.141766542755825	-0.0177804144400264	0.932496063468964	0.964113382098742	0.758970145569823	0.965829852605926
Ruminococcaceae_UCG-007	0.878911304982853	0.933855914993433	0.480892587066707	0.885212987426324	0.0107197435771473	-0.103239147685869	-0.0260607936334003	0.932496063468964	0.973176164045788	0.753857921457149	0.942323502744151
Eisenbergiella	0.880690726609577	0.813135080386323	0.516503742946655	0.514757339882955	-0.0479969122639218	-0.150368822169812	-0.187413121562547	0.932496063468964	0.925131560936135	0.762216850373808	0.743955863480476
Lachnoclostridium	0.902106590529386	0.801118792331393	0.596573246914009	0.946318138411867	-0.0263018758619795	0.0627524637827237	-0.0098691629496993	0.950090983642651	0.918177050316032	0.803547638700502	0.965829852605926
Lachnospiraceae_NK4A136_group	0.920850045297364	0.506617315844812	0.921879738745907	0.841585868165877	-0.0955361180361783	-0.0160115107603899	-0.040501083446401	0.960043461519255	0.738552146796691	0.988686588136859	0.910568316376195
Alloprevotella	0.921253826710396	0.922907582509059	0.645630090356405	0.554450390110399	0.0394438938488407	0.211396286274227	0.335372579301913	0.960043461519255	0.971998411365924	0.837949075487736	0.76770054015286
Bacteroides	0.935310379088266	0.606872918661022	0.892393518548059	0.866934951803484	0.0612476097854666	-0.0181937274890243	0.0278832251465432	0.969588769944904	0.82301943763618	0.98052263348153	0.932897393788532
Lactobacillus	0.949729626168401	0.75526670484756	0.774920926888094	0.823699627480857	-0.0845503026556474	0.0864931532871528	-0.0822325756950379	0.975163481083936	0.918177050316032	0.935575265389284	0.903815408242106
Ruminococcaceae_UCG-014	0.954029925316999	0.708707962588519	0.928766188855837	0.778042427514219	-0.111489091500144	-0.0301506924960684	0.11763803537218	0.975163481083936	0.89378456428361	0.988686588136859	0.891104143531682
Ruminococcaceae_UCG-013	0.955463208738806	0.868768770880693	0.67427539283039	0.830779819697289	0.0355011028560328	0.101959103520268	-0.0639405735085493	0.975163481083936	0.960984450471381	0.861332437293014	0.903815408242106
Angelakisella	0.975133114801422	0.648114081607837	0.855303562671867	0.90650413257761	-0.0966440281141351	-0.043866608945036	-0.0350431294797532	0.985902058809446	0.838735870316024	0.96221650800585	0.947315725703362
Peptococcus	0.975943452154805	0.754218546477216	0.991607736383749	0.725965176692754	0.0608162961159935	0.00232767626434456	0.0963772005576325	0.985902058809446	0.918177050316032	0.995347130448092	0.88184726984764
Ruminococcus_1	0.986754686148742	0.822339165276565	0.729222447969515	0.828436226776424	-0.0509194496035631	-0.0894157624701975	-0.0694370176507548	0.98736764406204	0.925131560936135	0.895153902278639	0.903815408242106
others	0.98736764406204	0.760251068957337	0.962668533585904	0.90904034284666	-0.0219922413805163	0.00381503756434582	-0.011522300022584	0.98736764406204	0.918177050316032	0.995347130448092	0.947315725703362
