bugName	pval	pPost	sPost	Adjustedpval	AdjustedpPost
Bacteroidaceae	0.00123462259471885	0.00123462259471891	-0.192998509316015	0.0629657523306613	0.0629657523306645
Micrococcaceae	0.0179517808213765	0.0179517808213765	0.380654076523558	0.399723220201423	0.399723220201423
Christensenellaceae	0.0300584947236568	0.0300584947236569	0.528387878734807	0.399723220201423	0.399723220201423
Eggerthellaceae	0.0412251663574177	0.0412251663574177	-0.394398878655168	0.399723220201423	0.399723220201423
Acidaminococcaceae	0.0504807122914723	0.0504807122914724	0.615747317439633	0.399723220201423	0.399723220201423
Pasteurellaceae	0.0607958692149404	0.0607958692149403	0.415261683213134	0.399723220201423	0.399723220201423
others	0.0715699880187145	0.0715699880187145	0.440973833803136	0.399723220201423	0.399723220201423
Akkermansiaceae	0.0761851054048843	0.0761851054048844	0.71823053375734	0.399723220201423	0.399723220201423
Lactobacillaceae	0.0840376805280609	0.0840376805280609	0.518874973184241	0.399723220201423	0.399723220201423
Melioribacteraceae	0.0844927072456756	0.0844927072456756	0.212571716592528	0.399723220201423	0.399723220201423
Victivallaceae	0.090454884522112	0.0904548845221121	0.499378710545274	0.399723220201423	0.399723220201423
Pseudomonadaceae	0.0973183057311655	0.0973183057311656	0.137699894567818	0.399723220201423	0.399723220201423
Ruminococcaceae	0.101890232600363	0.101890232600363	0.0884703425958541	0.399723220201423	0.399723220201423
Peptostreptococcaceae	0.139049051650218	0.139049051650218	0.238473278703934	0.506535831011507	0.506535831011507
Barnesiellaceae	0.156126536459089	0.156126536459089	-0.174486826706476	0.517089037465927	0.517089037465927
Bifidobacteriaceae	0.186254929732157	0.186254929732157	-0.339073640298033	0.517089037465927	0.517089037465927
Fusobacteriaceae	0.187288670449712	0.187288670449712	0.378414871467425	0.517089037465927	0.517089037465927
Synergistaceae	0.188245933583919	0.188245933583919	0.273752236199402	0.517089037465927	0.517089037465927
Succinivibrionaceae	0.192641013957894	0.192641013957894	0.364378719878049	0.517089037465927	0.517089037465927
Tannerellaceae	0.209719260334364	0.209719260334364	-0.141263845570267	0.527857870450048	0.527857870450048
Carnobacteriaceae	0.217353240773549	0.217353240773549	-0.1354604715324	0.527857870450048	0.527857870450048
Family_XIII	0.246128168627423	0.246128168627423	0.215198803016233	0.554787611068797	0.554787611068797
Enterobacteriaceae	0.253827653615662	0.253827653615662	0.320160896224086	0.554787611068797	0.554787611068797
Peptococcaceae	0.268884769575497	0.268884769575497	0.199003212958149	0.554787611068797	0.554787611068797
Family_XI	0.271954711308234	0.271954711308234	-0.214187774678247	0.554787611068797	0.554787611068797
Muribaculaceae	0.288339394122788	0.288339394122788	0.357905362720521	0.565588811548545	0.565588811548545
Enterococcaceae	0.377409523543295	0.377409523543295	0.0916591370604257	0.703887183883221	0.703887183883221
vadinBE97	0.401460752682963	0.401460752682963	0.17852496203535	0.703887183883221	0.703887183883221
Family_X	0.407245102108818	0.407245102108818	-0.0541602161204821	0.703887183883221	0.703887183883221
Prevotellaceae	0.431503024987926	0.431503024987926	0.159819913127066	0.703887183883221	0.703887183883221
Atopobiaceae	0.43458923967053	0.43458923967053	-0.102286120639884	0.703887183883221	0.703887183883221
Coriobacteriales_Incertae_Sedis	0.445224486000747	0.445224486000747	-0.0999720012542667	0.703887183883221	0.703887183883221
Streptococcaceae	0.455456413100908	0.455456413100908	0.122149187809771	0.703887183883221	0.703887183883221
Coriobacteriaceae	0.501141436054302	0.501141436054302	-0.164353533080927	0.746474739137661	0.746474739137661
Actinomycetaceae	0.520626668734445	0.520626668734445	0.113572375208226	0.746474739137661	0.746474739137661
Leptotrichiaceae	0.553673564619071	0.553673564619071	-0.0710041418509258	0.746474739137661	0.746474739137661
Campylobacteraceae	0.561834301559062	0.561834301559062	-0.0553609386787949	0.746474739137661	0.746474739137661
Erysipelotrichaceae	0.59179019130371	0.59179019130371	-0.0745593901086861	0.746474739137661	0.746474739137661
Hydrogenophilaceae	0.596911683130778	0.596911683130778	-0.0269731310082434	0.746474739137661	0.746474739137661
Clostridiales_vadinBB60_group	0.599800303137861	0.599800303137861	0.115977390682376	0.746474739137661	0.746474739137661
Defluviitaleaceae	0.600107143228315	0.600107143228315	0.0585646740163681	0.746474739137661	0.746474739137661
Methanobacteriaceae	0.687499908534826	0.687499908534826	0.107532229112532	0.834821317506574	0.834821317506574
Clostridiaceae_1	0.707035271524558	0.707035271524558	0.0783606993758837	0.838576717389592	0.838576717389592
Desulfovibrionaceae	0.729549594962463	0.729549594962463	-0.0401850378075125	0.845614303251946	0.845614303251946
Rikenellaceae	0.769769953223378	0.769769953223378	0.0304873027931145	0.872405946986495	0.872405946986495
Veillonellaceae	0.798119957947086	0.798119957947086	-0.0467396396756386	0.88487212728916	0.88487212728916
Marinifilaceae	0.822781387195179	0.822781387195179	0.0210612835362584	0.892805335041577	0.892805335041577
Burkholderiaceae	0.864813474694013	0.864813474694013	0.0371874332646855	0.910669854954975	0.910669854954975
Porphyromonadaceae	0.885236609020771	0.885236609020771	-0.028107129619598	0.910669854954975	0.910669854954975
Saccharimonadaceae	0.892813583289191	0.892813583289191	-0.0264764345967419	0.910669854954975	0.910669854954975
Lachnospiraceae	0.93507410126422	0.93507410126422	-0.00403419048174115	0.93507410126422	0.93507410126422
