bugName	pval	pPost	sPost	Adjustedpval	AdjustedpPost
Bacteroides	0.00123462259471885	0.00123462259471891	-0.192998509316015	0.200008860344453	0.200008860344464
Ruminococcaceae_NK4A214_group	0.00546921184775551	0.00546921184775543	0.95096345898098	0.409452654272075	0.40945265427207
Agathobacter	0.00758245656059398	0.0075824565605939	0.482473864691146	0.409452654272075	0.40945265427207
Marvinbryantia	0.0160006446355301	0.0160006446355302	0.496759614328437	0.491221917204639	0.491221917204639
Rothia	0.0179517808213765	0.0179517808213765	0.380654076523558	0.491221917204639	0.491221917204639
Faecalibacterium	0.0195105245601435	0.0195105245601434	0.201089592641519	0.491221917204639	0.491221917204639
Oxalobacter	0.0230499908483623	0.0230499908483624	0.43466750989951	0.491221917204639	0.491221917204639
Prevotella_9	0.0267316602830585	0.0267316602830584	0.663618574926667	0.491221917204639	0.491221917204639
Eggerthella	0.0291445625186928	0.0291445625186928	-0.312834597778152	0.491221917204639	0.491221917204639
Ruminococcaceae_UCG-003	0.0303223405681876	0.0303223405681876	0.427085130610559	0.491221917204639	0.491221917204639
Fusicatenibacter	0.038728450080129	0.038728450080129	0.42979264067074	0.498663025787277	0.498663025787278
Phocea	0.045259745017336	0.045259745017336	0.200443118916271	0.498663025787277	0.498663025787278
Christensenellaceae_R-7_group	0.0501280974223368	0.0501280974223369	0.417958388681198	0.498663025787277	0.498663025787278
Dielma	0.0529634992375718	0.0529634992375718	-0.210618100855304	0.498663025787277	0.498663025787278
Haemophilus	0.0577906539735646	0.0577906539735647	0.436233099078027	0.498663025787277	0.498663025787278
Ruminococcaceae_UCG-002	0.072952241389558	0.0729522413895581	0.429125666869175	0.498663025787277	0.498663025787278
Gordonibacter	0.0738120994434632	0.0738120994434632	-0.234272155910241	0.498663025787277	0.498663025787278
Akkermansia	0.0761851054048843	0.0761851054048844	0.71823053375734	0.498663025787277	0.498663025787278
Veillonella	0.0776916259064551	0.077691625906455	0.452684830340863	0.498663025787277	0.498663025787278
Ruminococcaceae_UCG-004	0.0779629222222643	0.0779629222222643	0.27277763838136	0.498663025787277	0.498663025787278
Lactococcus	0.0793789293683133	0.0793789293683133	0.249102633243358	0.498663025787277	0.498663025787278
Blautia	0.0805348976527985	0.0805348976527985	0.175447247641947	0.498663025787277	0.498663025787278
Prevotellaceae_NK3B31_group	0.0836758630037671	0.083675863003767	0.16990704524974	0.498663025787277	0.498663025787278
Lactobacillus	0.0840376805280609	0.0840376805280609	0.518874973184241	0.498663025787277	0.498663025787278
Ruminococcaceae_UCG-007	0.0840785078702323	0.0840785078702323	-0.183423070695463	0.498663025787277	0.498663025787278
IheB3-7	0.0844927072456756	0.0844927072456756	0.212571716592528	0.498663025787277	0.498663025787278
Phascolarctobacterium	0.0847318935831559	0.0847318935831559	0.55203511051409	0.498663025787277	0.498663025787278
Oscillibacter	0.086188671123727	0.086188671123727	-0.294480827347457	0.498663025787277	0.498663025787278
Coprobacillus	0.0901988306006656	0.0901988306006656	-0.290934129287382	0.503869329562339	0.503869329562339
Asteroleplasma	0.0940074204542901	0.0940074204542901	0.162653736324747	0.507640070453167	0.507640070453167
Pseudomonas	0.0973183057311655	0.0973183057311656	0.137699894567818	0.508566629949962	0.508566629949962
Ruminococcaceae_UCG-013	0.103968642066503	0.103968642066503	0.480541165369874	0.517671230377565	0.517671230377565
Lachnoclostridium	0.106615670171154	0.106615670171154	-0.288718394911853	0.517671230377565	0.517671230377565
Romboutsia	0.11001346993021	0.11001346993021	0.296722631456804	0.517671230377565	0.517671230377565
Butyrivibrio	0.111842549772931	0.111842549772931	-0.373437476381059	0.517671230377565	0.517671230377565
Ezakiella	0.121352904271611	0.121352904271611	-0.237996516840391	0.54264293698234	0.54264293698234
Ruminococcus_1	0.123941209968932	0.123941209968932	0.294392377799926	0.54264293698234	0.54264293698234
Erysipelotrichaceae_UCG-003	0.129230745894148	0.129230745894148	-0.336207843575252	0.54264293698234	0.54264293698234
Coprococcus_1	0.13063626260686	0.13063626260686	-0.221365377084454	0.54264293698234	0.54264293698234
Ruminococcaceae_UCG-010	0.135001852182935	0.135001852182935	0.268970566227616	0.546432006060568	0.546432006060568
Dorea	0.153325836201901	0.153325836201901	0.210675316007644	0.546432006060568	0.546432006060568
Erysipelotrichaceae_UCG-004	0.156243179552817	0.156243179552817	0.110251887329095	0.546432006060568	0.546432006060568
Family_XIII_UCG-001	0.156534671672223	0.156534671672223	0.256195118874864	0.546432006060568	0.546432006060568
Terrisporobacter	0.157421757242075	0.157421757242075	-0.162208508488145	0.546432006060568	0.546432006060568
Mailhella	0.162814424295941	0.162814424295941	0.298759329807957	0.546432006060568	0.546432006060568
Victivallis	0.166535308139238	0.166535308139238	0.382575511604277	0.546432006060568	0.546432006060568
Alloprevotella	0.175655631053434	0.175655631053434	0.061525655160065	0.546432006060568	0.546432006060568
Angelakisella	0.179074264003713	0.179074264003713	0.275878993410938	0.546432006060568	0.546432006060568
Dialister	0.182831327241211	0.18283132724121	-0.462364833282994	0.546432006060568	0.546432006060568
Intestinimonas	0.182898965546219	0.182898965546219	-0.229908939960857	0.546432006060568	0.546432006060568
Butyricicoccus	0.184708235124695	0.184708235124695	-0.201376267238627	0.546432006060568	0.546432006060568
Atopobium	0.186787788593035	0.186787788593035	-0.148636709134179	0.546432006060568	0.546432006060568
Fusobacterium	0.187288670449712	0.187288670449712	0.378414871467425	0.546432006060568	0.546432006060568
Desulfovibrio	0.18940923680649	0.18940923680649	0.291129298338548	0.546432006060568	0.546432006060568
Coriobacteriaceae_UCG-003	0.189506306598006	0.189506306598006	-0.150151341947092	0.546432006060568	0.546432006060568
Synergistes	0.197108980109283	0.197108980109283	0.209914585552123	0.546432006060568	0.546432006060568
Bifidobacterium	0.203956049952775	0.203956049952775	-0.326805400429794	0.546432006060568	0.546432006060568
Roseburia	0.205545136460817	0.205545136460817	0.34796058435754	0.546432006060568	0.546432006060568
Lachnospiraceae_UCG-001	0.20747066870641	0.20747066870641	0.382758734437145	0.546432006060568	0.546432006060568
Lachnospiraceae_NK4A136_group	0.207720836485115	0.207720836485115	0.329895531016039	0.546432006060568	0.546432006060568
Parabacteroides	0.209719260334364	0.209719260334364	-0.141263845570267	0.546432006060568	0.546432006060568
GCA-900066225	0.213665875470721	0.213665875470721	0.24634601141638	0.546432006060568	0.546432006060568
Granulicatella	0.217353240773549	0.217353240773549	-0.1354604715324	0.546432006060568	0.546432006060568
Succiniclasticum	0.219901781557736	0.219901781557736	0.209301781376868	0.546432006060568	0.546432006060568
Cloacibacillus	0.222269082001165	0.222269082001165	0.109878347207152	0.546432006060568	0.546432006060568
Prevotella_2	0.222620446913565	0.222620446913565	0.157120183935284	0.546432006060568	0.546432006060568
Lachnospiraceae_FCS020_group	0.228878994762345	0.228878994762345	0.245111172597671	0.553408912708953	0.553408912708953
Holdemanella	0.242182964297367	0.242182964297367	0.382175657482522	0.562479247429593	0.562479247429593
others	0.242903801496847	0.242903801496847	0.118208346450678	0.562479247429593	0.562479247429593
Slackia	0.246241214180307	0.246241214180307	-0.286648669210022	0.562479247429593	0.562479247429593
Ruminococcaceae_UCG-005	0.246518682515439	0.246518682515439	0.188093337104412	0.562479247429593	0.562479247429593
Flavonifractor	0.252544681289059	0.252544681289059	-0.288850501730414	0.568225532900383	0.568225532900383
Family_XIII_AD3011_group	0.262619248454116	0.262619248454116	0.188359611146456	0.571776618377451	0.571776618377451
Hungatella	0.264111999562921	0.264111999562921	-0.2678101544704	0.571776618377451	0.571776618377451
Acidaminococcus	0.264711397396968	0.264711397396968	0.305445644069571	0.571776618377451	0.571776618377451
Sanguibacteroides	0.273346752491649	0.273346752491649	-0.0527948895420237	0.5785375255788	0.5785375255788
Barnesiella	0.277370821753581	0.277370821753581	-0.212752130598868	0.5785375255788	0.5785375255788
Butyricimonas	0.278777639771504	0.278777639771504	0.101247891087723	0.5785375255788	0.5785375255788
Ralstonia	0.282126324202008	0.282126324202008	-0.109442901043522	0.5785375255788	0.5785375255788
UBA1819	0.291824440504696	0.291824440504696	-0.21723237156225	0.590944492022009	0.590944492022009
Coprococcus_3	0.297433880991294	0.297433880991294	-0.105820887515779	0.594867761982588	0.594867761982589
Hydrogenoanaerobacterium	0.307883309406513	0.307883309406513	0.216190032813051	0.608257269803112	0.608257269803112
Acetanaerobacterium	0.347629521585646	0.347629521585646	0.0803689466073673	0.677066935329368	0.677066935329368
Coprobacter	0.351071744244858	0.351071744244858	-0.216728819544604	0.677066935329368	0.677066935329368
Rikenella	0.359915243570717	0.359915243570717	0.077826157758272	0.685956111275955	0.685956111275955
Enterococcus	0.377409523543295	0.377409523543295	0.0916591370604257	0.710934218767602	0.710934218767602
Rikenellaceae_RC9_gut_group	0.381831896168102	0.381831896168102	-0.0505061735458855	0.710997323899225	0.710997323899225
Libanicoccus	0.389728487205666	0.389728487205666	0.120227403736357	0.717454715083157	0.717454715083157
Tyzzerella_4	0.397732548684625	0.397732548684625	-0.148280768374688	0.721949321529882	0.721949321529882
Prevotella	0.403379387365469	0.403379387365469	-0.167380367445289	0.721949321529882	0.721949321529882
Thermicanus	0.407245102108818	0.407245102108818	-0.0541602161204821	0.721949321529882	0.721949321529882
Ruminiclostridium_6	0.413363761692865	0.413363761692865	0.223861462492438	0.721949321529882	0.721949321529882
Enterorhabdus	0.414452388285673	0.414452388285673	-0.137014662622913	0.721949321529882	0.721949321529882
Ruminiclostridium_5	0.429740285470126	0.429740285470126	-0.115747841460425	0.734991250542052	0.734991250542052
Intestinibacter	0.431013387663549	0.431013387663549	0.139501624822785	0.734991250542052	0.734991250542052
Lachnospiraceae_ND3007_group	0.441478583886532	0.441478583886532	0.255821697962278	0.743156841068127	0.743156841068127
Ruminiclostridium_9	0.44497662705931	0.44497662705931	0.111726124992786	0.743156841068127	0.743156841068127
Faecalitalea	0.45638084828202	0.45638084828202	-0.115198950732361	0.749270033055925	0.749270033055925
Senegalimassilia	0.461457405480978	0.461457405480978	-0.0796310415692686	0.749270033055925	0.749270033055925
Lachnospiraceae_UCG-008	0.467703963927954	0.467703963927954	0.130397154339701	0.749270033055925	0.749270033055925
Holdemania	0.468349234497551	0.468349234497551	0.112962340417778	0.749270033055925	0.749270033055925
Howardella	0.471762613405582	0.471762613405582	-0.106020377360543	0.749270033055925	0.749270033055925
Mogibacterium	0.494528605727699	0.494528605727699	0.0581943769486211	0.759559022009509	0.759559022009509
GCA-900066575	0.496483057676642	0.496483057676642	-0.125227163760829	0.759559022009509	0.759559022009509
Peptoniphilus	0.498080186475761	0.498080186475761	-0.114191321055897	0.759559022009509	0.759559022009509
Lachnospira	0.498249639679176	0.498249639679176	0.166549469536152	0.759559022009509	0.759559022009509
Collinsella	0.501684045401342	0.501684045401342	-0.164118792771606	0.759559022009509	0.759559022009509
Megasphaera	0.506797756845151	0.506797756845151	0.168944453366571	0.760196635267727	0.760196635267727
DTU089	0.516359933319981	0.516359933319981	-0.0930414982142013	0.767434029337953	0.767434029337953
Tyzzerella_3	0.537966174964748	0.537966174964748	0.212685824534795	0.784716737306287	0.784716737306287
Tyzzerella	0.544358718581663	0.544358718581663	0.0892037697629929	0.784716737306287	0.784716737306287
Actinomyces	0.545315460226428	0.545315460226428	0.108447850778458	0.784716737306287	0.784716737306287
Lachnospiraceae_AC2044_group	0.547364143923521	0.547364143923521	0.121924435377911	0.784716737306287	0.784716737306287
Campylobacter	0.561834301559062	0.561834301559062	-0.0553609386787949	0.798396112741825	0.798396112741825
Anaerostipes	0.568509130420023	0.568509130420023	-0.171203177402156	0.800856340243859	0.800856340243859
Ruminococcaceae_UCG-014	0.580586581173172	0.580586581173172	0.176927097320264	0.810144643358226	0.810144643358226
CAG-56	0.590907312004692	0.590907312004692	-0.152851954907764	0.810144643358226	0.810144643358226
Streptococcus	0.59145998025983	0.59145998025983	0.0862847186712242	0.810144643358226	0.810144643358226
Hydrogenophilus	0.596911683130778	0.596911683130778	-0.0269731310082434	0.810144643358226	0.810144643358226
Defluviitaleaceae_UCG-011	0.600107143228315	0.600107143228315	0.0585646740163681	0.810144643358226	0.810144643358226
DNF00809	0.607366847306251	0.607366847306251	-0.084020662542838	0.813168836889361	0.813168836889361
Prevotella_6	0.617751306043628	0.617751306043628	-0.0812260906007947	0.819279321854063	0.819279321854063
Negativibacillus	0.626795217077516	0.626795217077516	0.117335204992476	0.819279321854063	0.819279321854063
Catenibacterium	0.627102690801876	0.627102690801876	0.105601659548415	0.819279321854063	0.819279321854063
Aggregatibacter	0.66942206352404	0.66942206352404	-0.0559993008580801	0.867570994327155	0.867570994327155
Adlercreutzia	0.676065734194587	0.676065734194587	-0.0488099773632799	0.869227372535898	0.869227372535898
Olsenella	0.683212282183008	0.683212282183008	-0.0603620466453415	0.870117071739389	0.870117071739389
Methanobrevibacter	0.687499908534826	0.687499908534826	0.107532229112532	0.870117071739389	0.870117071739389
Alistipes	0.714560969278692	0.714560969278692	0.0371648503456098	0.893973911653824	0.893973911653824
Clostridium_sensu_stricto_1	0.717386472314797	0.717386472314797	0.075119767661578	0.893973911653824	0.893973911653824
Candidatus_Soleaferrea	0.735460768876849	0.735460768876849	0.0396130924255131	0.909183250388823	0.909183250388823
Lachnospiraceae_UCG-004	0.7408159817983	0.7408159817983	0.0887395560569229	0.909183250388823	0.909183250388823
Ruminococcaceae_UCG-011	0.75615811188751	0.75615811188751	0.0323971405706352	0.91379823572567	0.91379823572567
Coprococcus_2	0.76193459566266	0.76193459566266	-0.0742331618591635	0.91379823572567	0.91379823572567
Sutterella	0.770968788496029	0.770968788496029	0.0410084810084777	0.91379823572567	0.91379823572567
Eisenbergiella	0.771579317729975	0.771579317729975	0.0438841304562782	0.91379823572567	0.91379823572567
Pyramidobacter	0.776090388412348	0.776090388412348	0.0388569996291701	0.91379823572567	0.91379823572567
Lachnospiraceae_UCG-010	0.783003325986773	0.783003325986773	-0.0647659600567262	0.91379823572567	0.91379823572567
Erysipelotrichaceae_UCG-006	0.7869190378043	0.7869190378043	-0.0114136435353946	0.91379823572567	0.91379823572567
Escherichia/Shigella	0.789702179022184	0.789702179022184	0.0701006391280581	0.91379823572567	0.91379823572567
Ruminococcus_2	0.806959943171828	0.806959943171828	0.106991494460926	0.927145466622952	0.927145466622952
Parasutterella	0.831176159916819	0.831176159916819	0.0626137148641498	0.948243224693836	0.948243224693836
Paraprevotella	0.845245215594708	0.845245215594708	-0.0504668692182497	0.957550523960439	0.957550523960439
Caproiciproducens	0.857160624728593	0.857160624728593	-0.0291614119931401	0.95796006811173	0.95796006811173
Bilophila	0.864459660199782	0.864459660199782	-0.0287665766728143	0.95796006811173	0.95796006811173
Anaerofilum	0.874891604352749	0.874891604352749	-0.0197324268339625	0.95796006811173	0.95796006811173
Catabacter	0.8798704635972	0.8798704635972	0.00917251806359013	0.95796006811173	0.95796006811173
Turicibacter	0.882148502250359	0.882148502250359	0.0199731007386976	0.95796006811173	0.95796006811173
Porphyromonas	0.885236609020771	0.885236609020771	-0.028107129619598	0.95796006811173	0.95796006811173
Fournierella	0.889806212276306	0.889806212276306	0.0221709117903959	0.95796006811173	0.95796006811173
Mitsuokella	0.892913396820193	0.892913396820193	-0.0420351100539815	0.95796006811173	0.95796006811173
Peptococcus	0.905102918531877	0.905102918531877	0.0195218039266523	0.964649163172132	0.964649163172132
Megamonas	0.914014287434806	0.914014287434806	0.0195701491741041	0.9677798337545	0.9677798337545
Erysipelatoclostridium	0.927597048212908	0.927597048212908	-0.00830182196774789	0.973799942488094	0.973799942488094
Oscillospira	0.931722167195399	0.931722167195399	0.0179854451533485	0.973799942488094	0.973799942488094
Ruminococcaceae_UCG-009	0.949856514106159	0.949856514106159	0.00742567512091583	0.982198644297957	0.982198644297957
Anaerotruncus	0.951883871325798	0.951883871325798	-0.0117512789223521	0.982198644297957	0.982198644297957
Subdoligranulum	0.961030223454428	0.961030223454428	0.0056676620000926	0.985360102529223	0.985360102529223
Allisonella	0.969160748802711	0.969160748802711	0.00744429021318661	0.987446800666913	0.987446800666913
Prevotella_7	0.992686437198145	0.992686437198145	-0.00234411033038767	0.998474739859325	0.998474739859325
Odoribacter	0.998194948633442	0.998194948633442	-0.00028294764346233	0.998474739859325	0.998474739859325
Gemella	0.998474739859325	0.998474739859325	-0.000231237858819663	0.998474739859325	0.998474739859325
