bugName	pval	pPost	sPost	Adjustedpval	AdjustedpPost
Eggerthellales	0.000516126671999517	0.00051612667199959	-0.518947253607321	0.0392256270719633	0.0392256270719688
Clostridiales	0.00222436725301234	0.00222436725301235	-0.275732041517592	0.0845259556144689	0.0845259556144693
Fusobacteriales	0.00528386306286999	0.00528386306287005	0.535735594147156	0.133857864259373	0.133857864259375
Anaerolineales	0.0203697144077124	0.0203697144077125	0.0824183655369075	0.24479060285672	0.244790602856719
Ignavibacteriales	0.0204051428673137	0.0204051428673137	-0.51890246113494	0.24479060285672	0.244790602856719
Erysipelotrichales	0.0246166462615117	0.0246166462615117	-0.541854508549668	0.24479060285672	0.244790602856719
Coriobacteriales	0.0259504262072444	0.0259504262072444	-0.334933428527401	0.24479060285672	0.244790602856719
Fibrobacterales	0.0299700393581355	0.0299700393581355	-0.173253549884834	0.24479060285672	0.244790602856719
Neisseriales	0.0307821939993419	0.0307821939993419	0.277233265598599	0.24479060285672	0.244790602856719
Selenomonadales	0.0336609861476271	0.0336609861476272	-0.336050336933974	0.24479060285672	0.244790602856719
Sphingobacteriales	0.0354302188345252	0.0354302188345252	0.365617281047156	0.24479060285672	0.244790602856719
Enterobacterales	0.04732227702992	0.0473222770299199	0.4863443286747	0.280182431885607	0.280182431885606
Chlorobiales	0.0509454721213716	0.0509454721213715	-0.16535524485594	0.280182431885607	0.280182431885606
Thiotrichales	0.0516125532420855	0.0516125532420854	0.272763224336299	0.280182431885607	0.280182431885606
Verrucomicrobiales	0.0628370335541043	0.0628370335541043	0.467716497222973	0.318374303340795	0.318374303340795
Rhodospirillales	0.0914080187903311	0.0914080187903311	-0.279636524138775	0.434188089254073	0.434188089254073
Methanobacteriales	0.0990954307624965	0.0990954307624965	-0.26243980845648	0.44301486693822	0.44301486693822
Rhodobacterales	0.110617803130107	0.110617803130107	0.0715157287033602	0.467052946549341	0.467052946549341
Campylobacterales	0.12299095311235	0.12299095311235	0.151431796235839	0.483817122181972	0.483817122181972
Tissierellales	0.127320295311045	0.127320295311045	-0.264084107840128	0.483817122181972	0.483817122181972
Bacteroidetes Order II. Incertae sedis	0.147386109292663	0.147386109292663	0.124315179825359	0.509182829685335	0.509182829685335
Flavobacteriales	0.163955867329733	0.163955867329733	0.196610857192836	0.509182829685335	0.509182829685335
Aeromonadales	0.165218082704844	0.165218082704844	0.199876521432384	0.509182829685335	0.509182829685335
Propionibacteriales	0.16740714256345	0.16740714256345	0.0480815230347366	0.509182829685335	0.509182829685335
Veillonellales	0.167494351870176	0.167494351870176	0.348188623379726	0.509182829685335	0.509182829685335
Deferribacterales	0.205940013556411	0.205940013556411	-0.0571271535840166	0.601978501164894	0.601978501164894
Bifidobacteriales	0.255311018896484	0.255311018896484	-0.3621746962413	0.666586199572396	0.666586199572396
Pasteurellales	0.266991658776734	0.266991658776734	0.347496179708045	0.666586199572396	0.666586199572396
Bacteroidales	0.267242775064518	0.267242775064518	0.267520290363149	0.666586199572396	0.666586199572396
Burkholderiales	0.271208211549711	0.271208211549711	0.327507271939164	0.666586199572396	0.666586199572396
Chthonomonadales	0.286158290030484	0.286158290030484	-0.107380051953861	0.666586199572396	0.666586199572396
Bradymonadales	0.295982220862006	0.295982220862006	-0.040288697958101	0.666586199572396	0.666586199572396
Leptospirales	0.31170116150014	0.31170116150014	-0.0892564581009433	0.666586199572396	0.666586199572396
Desulfobacterales	0.315249251398323	0.315249251398323	0.0390404669337562	0.666586199572396	0.666586199572396
Synergistales	0.315979241398258	0.315979241398258	0.0736267424350788	0.666586199572396	0.666586199572396
Cytophagales	0.320201954280957	0.320201954280957	-0.0623732664110962	0.666586199572396	0.666586199572396
Xanthomonadales	0.343810158007024	0.343810158007024	0.0309355696479621	0.666586199572396	0.666586199572396
Rhizobiales	0.356536910141994	0.356536910141994	0.0866498454866622	0.666586199572396	0.666586199572396
Deinococcales	0.363940964330681	0.363940964330681	-0.0508240678954578	0.666586199572396	0.666586199572396
Vibrionales	0.365589115683871	0.365589115683871	0.159271390297622	0.666586199572396	0.666586199572396
Emcibacterales	0.3663587347039	0.3663587347039	0.0737866029926705	0.666586199572396	0.666586199572396
Mycoplasmatales	0.368376583974219	0.368376583974219	-0.0946133862602893	0.666586199572396	0.666586199572396
Halanaerobiales	0.385325640541207	0.385325640541207	0.0277540183758441	0.681040667003064	0.681040667003064
Bacteriovoracales	0.401063774013587	0.401063774013587	0.0319680543215452	0.692746518750741	0.692746518750741
Myxococcales	0.442014931241269	0.442014931241269	0.0320015447463962	0.746514106096366	0.746514106096366
Caulobacterales	0.48077143023715	0.48077143023715	0.02748672920048	0.794318015174422	0.794318015174422
Cellvibrionales	0.496642487222384	0.496642487222384	-0.0949732836951774	0.803081468700026	0.803081468700026
Entomoplasmatales	0.510904210778266	0.510904210778266	0.0287698280160707	0.808931667065587	0.808931667065587
Pseudomonadales	0.543635005640912	0.543635005640912	-0.124863123397188	0.826777531762179	0.826777531762179
Actinomycetales	0.543932586685644	0.543932586685644	-0.0859230266704596	0.826777531762179	0.826777531762179
Micrococcales	0.565437942813794	0.565437942813794	0.0793388755984053	0.842613404977419	0.842613404977419
Chitinophagales	0.603473567851915	0.603473567851915	-0.0495776149179706	0.881999829937415	0.881999829937415
Glycomycetales	0.617680855268989	0.617680855268989	-0.0250814298219716	0.88573103774421	0.88573103774421
Oceanospirillales	0.650558890109314	0.650558890109314	0.0404775111008417	0.903703631218997	0.903703631218997
Lactobacillales	0.653996048908485	0.653996048908485	0.0701287611126385	0.903703631218997	0.903703631218997
Oscillatoriales	0.689959427331104	0.689959427331104	-0.0166141073648023	0.936131153414049	0.936131153414049
Bacillales	0.709989678576951	0.709989678576951	0.0586795310783223	0.936131153414049	0.936131153414049
Legionellales	0.727728314728294	0.727728314728294	-0.0148777527709446	0.936131153414049	0.936131153414049
Puniceicoccales	0.737403868525391	0.737403868525391	0.0181221153811319	0.936131153414049	0.936131153414049
Desulfovibrionales	0.747266672048834	0.747266672048834	0.0678793614715555	0.936131153414049	0.936131153414049
Acidothermales	0.765570058716461	0.765570058716461	-0.00986308122307506	0.936131153414049	0.936131153414049
Rickettsiales	0.771787892379989	0.771787892379989	0.0188437762593998	0.936131153414049	0.936131153414049
Thermoanaerobacterales	0.808567801025582	0.808567801025582	0.045091747564264	0.936131153414049	0.936131153414049
Acidaminococcales	0.809199963853052	0.809199963853052	0.0694142212121811	0.936131153414049	0.936131153414049
Acidobacteriales	0.828116999989532	0.828116999989532	-0.0143232205231026	0.936131153414049	0.936131153414049
Nitrosomonadales	0.831177296327746	0.831177296327746	0.0263181620592261	0.936131153414049	0.936131153414049
Corynebacteriales	0.83719610206098	0.83719610206098	-0.0194527443696739	0.936131153414049	0.936131153414049
Sphingomonadales	0.837591032002044	0.837591032002044	0.0146895172103295	0.936131153414049	0.936131153414049
Egicoccales	0.850611858582736	0.850611858582736	-0.0115397883405799	0.93690581525055	0.93690581525055
Alteromonadales	0.902953071751359	0.902953071751359	-0.0169268556599176	0.956930990100015	0.956930990100015
Limnochordales	0.904989183347356	0.904989183347356	-0.0116952644921747	0.956930990100015	0.956930990100015
Nostocales	0.906566201147383	0.906566201147383	-0.00637344125443581	0.956930990100015	0.956930990100015
Candidatus Nanosynbacterales	0.939801250055438	0.939801250055438	-0.00428240967029057	0.971000547797938	0.971000547797938
Spirochaetales	0.9537433155134	0.9537433155134	0.00198331035808793	0.971000547797938	0.971000547797938
Chromatiales	0.958224224800597	0.958224224800597	-0.00600252059969106	0.971000547797938	0.971000547797938
Aquificales	0.980907845862663	0.980907845862663	0.00143460262053205	0.980907845862663	0.980907845862663
