bugName	pval	pPost	sPost	Adjustedpval	AdjustedpPost
Firmicutes	0.00466778273929025	0.00466778273929021	-0.206023385629219	0.0581587040111587	0.0581587040111589
Fusobacteria	0.00528715491010534	0.00528715491010536	0.535846064616728	0.0581587040111587	0.0581587040111589
Ignavibacteriae	0.0204848414715663	0.0204848414715663	-0.51799181755228	0.150222170791486	0.150222170791486
Fibrobacteres	0.0300816907674086	0.0300816907674087	-0.173166703571978	0.165449299220747	0.165449299220748
Actinobacteria	0.0386021089816653	0.0386021089816653	-0.360354699038415	0.169849279519327	0.169849279519327
Chlorobi	0.0506265526981795	0.0506265526981795	-0.164890545858469	0.185630693226658	0.185630693226658
Verrucomicrobia	0.0633355022294667	0.0633355022294667	0.467272688411028	0.199054435578324	0.199054435578324
Armatimonadetes	0.0909109769681011	0.0909109769681011	-0.181370457010803	0.241483655253958	0.241483655253958
Euryarchaeota	0.0987887680584374	0.0987887680584373	-0.262567133982274	0.241483655253958	0.241483655253958
Proteobacteria	0.147404198660196	0.147404198660196	0.308252781988235	0.324289237052431	0.324289237052431
Chloroflexi	0.202394977867519	0.202394977867519	0.102163447454552	0.380145049240723	0.380145049240723
Deferribacteres	0.207351845040395	0.207351845040395	-0.0569057501851351	0.380145049240723	0.380145049240723
Cyanobacteria	0.230020322521477	0.230020322521477	-0.279545530758753	0.389265161190192	0.389265161190192
Bacteroidetes	0.266941773356842	0.266941773356842	0.265010080279491	0.392996103387942	0.392996103387942
Planctomycetes	0.267951888673597	0.267951888673597	-0.0467046607420874	0.392996103387942	0.392996103387942
Synergistetes	0.315907590393434	0.315907590393434	0.07353911101296	0.434372936790972	0.434372936790972
Deinococcus-Thermus	0.362063581002739	0.362063581002739	-0.0510571695421762	0.468552869532956	0.468552869532956
Candidatus Saccharibacteria	0.404525911883316	0.404525911883316	0.0763716336514755	0.491703657628307	0.491703657628307
Spirochaetes	0.42465315886081	0.42465315886081	-0.0661534095206024	0.491703657628307	0.491703657628307
Tenericutes	0.830044153240081	0.830044153240081	0.0276470508024804	0.912891718358888	0.912891718358888
Acidobacteria	0.871396640251666	0.871396640251666	-0.0112094406430135	0.912891718358888	0.912891718358888
Aquificae	0.976937828710584	0.976937828710584	0.00172263021038778	0.976937828710584	0.976937828710584
