Acidaminococcaceae	Actinomycetaceae	Aerococcaceae	Aeromonadaceae	Akkermansiaceae	Anaeroplasmataceae	Aphagea_fa	Atopobiaceae	Bacteroidaceae	Barnesiellaceae	Bifidobacteriaceae	Burkholderiaceae	Campylobacteraceae	Carnobacteriaceae	Christensenellaceae	Clostridiaceae_1	Clostridiales_vadinBB60_group	Coriobacteriaceae	Coriobacteriales_Incertae_Sedis	Corynebacteriaceae	Desulfovibrionaceae	Eggerthellaceae	Elusimicrobiaceae	Enterobacteriaceae	Enterococcaceae	Erysipelotrichaceae	Family_XI	Family_XIII	Flavobacteriaceae	Fusobacteriaceae	Helicobacteraceae	Lachnospiraceae	Lactobacillaceae	Leptotrichiaceae	Listeriaceae	Marinifilaceae	Methanobacteriaceae	Methanomethylophilaceae	Micrococcaceae	Mitochondria	Muribaculaceae	Neisseriaceae	Pasteurellaceae	Peptococcaceae	Peptostreptococcaceae	Porphyromonadaceae	Prevotellaceae	Pseudomonadaceae	Puniceicoccaceae	Rikenellaceae	Ruminococcaceae	Saccharimonadaceae	Spirochaetaceae	Streptococcaceae	Succinivibrionaceae	Synergistaceae	Tannerellaceae	vadinBE97	Veillonellaceae	Victivallaceae	Weeksellaceae	others	BioProject	sample_alias	env_material	Group	ID	arm	prepost
SRR36103410	2.83787484043379	0	0	0	0	0	0	0	4.20545310539451	0	2.11065954422644	2.88101693388217	0	0	0	3.48164451566435	0	2.65653599407522	0	0	0	0	0	2.67301534404634	0	2.8967550244653	0	0	0	2.51712137698038	0	4.70489395398558	0	0	0	0	0	0	0	1.488734690517	0	0	0	0	1.69987107489479	0	3.38054179313099	0	0	2.88101693388217	4.4997742152982	0	0	2.55691768983061	0	0	3.19216021126645	0	2.30302923634732	0	0	0	PRJNA1364303	ACBS 8-T1 - RYGB+ET	fecal	T1	ACBS8	RYGB+ET	0
SRR36103409	2.89596867532822	1.41638678000927	0	0	3.23824763214625	0	0	0	4.4721950669526	0	3.17116780096099	2.79222166264553	0	0	0	2.52564516302841	0	2.11942010887303	0	0	2.37895210450778	1.65223012134518	0	4.16008226321906	0	2.54677280960012	0	2.13632655031075	0	1.91105240133982	0	4.38016970647104	0	0	0	2.53896989219109	0	0	0	0	0	1.16398313799005	0	0	0	0	3.46495174820675	0	0	3.59415041898164	4.39708665978707	0	0	2.43908297468711	0	0	3.45978609304363	0	2.96856754518807	0	0	1.49569342804759	PRJNA1364303	ACBS 8-T2 - RYGB+ET	fecal	T2	ACBS8	RYGB+ET	1
SRR36103388	3.55357599116553	0	0	0	3.63176285886148	0	0	0	4.26017401874461	0	2.86125914279945	3.37301707953302	0	0	2.5429914424625	0	0	2.58154264133846	0	0	2.66761908737804	1.55022480364965	0	3.55786977404317	1.58699268713507	1.78983341567729	0	0	0	0	0	4.22143429762959	2.67822494255687	0	0	2.70140732828741	0	0	2.16838670218738	0	0	0	1.36086520411944	0	0	0	4.55752268844028	0	0	3.52131277533546	4.15497331597781	0	0	3.09043076685366	0	0	3.48094354972225	0	2.69320350208322	0	0	0	PRJNA1364303	ACBS 8-T3 - RYGB+ET	fecal	T3	ACBS8	RYGB+ET	1
SRR36103348	0	0	0	0	0	0	0	1.96839390080836	4.30823298098033	0	3.43677893950131	3.78168239444105	0	0	3.07834819063921	2.53087529411476	2.2176114989602	2.60943860580561	0	0	2.65549413460931	0	0	0	0	2.63403412501441	0	0	0	0	0	4.3073612516572	2.75148286959311	0	0	2.65275441164447	0	0	0	0	0	0	0	0	2.74708160433618	0	4.08059485762852	0	0	3.22343809208277	4.54173476751696	0	0	2.88651129016347	0	0	3.33601266978481	0	3.67616131691442	1.91671763396681	0	0	PRJNA1364303	ACP 23 - T1 - RYGB	fecal	T1	ACP23	RYGB	0
SRR36103347	2.62782477689025	0	0	0	3.78452282297446	0	0	2.14274987239318	4.12841407793757	2.85881144388521	0	2.10896940787568	0	0	3.87864134670811	2.62711507902842	0	0	1.12952054599518	0	3.19302716288057	0	2.5767115125867	3.92848532825063	0	2.23247549941659	0.377685500313284	2.32993396105181	0	1.92154042076141	0	4.16726794636198	0	0	0	3.11177387344834	1.8955365404205	0	0	0	3.47214639934792	0	0	1.24632603391426	0	1.2791894069667	4.16503015062553	0	0	3.40322367727705	4.29210713631053	0	0	2.8357107547086	2.05677432926828	3.8553822942767	3.72399136525112	0	3.13510255898787	1.75161247288192	0	1.50767863508345	PRJNA1364303	ACP 23 - T3 - RYGB	fecal	T3	ACP23	RYGB	1
SRR36103352	0	0	0	0	2.27334673076785	0	0	0	0	0	2.93831233436102	0	0	0	2.92475541825407	3.87417697103275	0	3.35468659083751	0	0	0	0	0	0	0	3.74580591316391	0	2.80379575078195	0	0	0	4.66640351091851	3.43184113813767	0	0	0	0	0	0	0	0	0	0	0	4.08445224381231	0	3.01368586695041	0	0	0	4.40351645142555	2.06649270147125	0	3.65901945529588	0	0	0	0	2.36565547972405	0	0	0	PRJNA1364303	ADMM 25 - T1 - RYGB	fecal	T1	ADMM25	RYGB	0
SRR36103351	2.1456702095395	0	0	0	0	0	0	0	3.7776029960762	0	2.62411438688658	1.94137630338502	0	0	3.86032339493621	0	0	2.61729134263113	0	0	2.95778338330326	2.59009580972139	0	3.8356651157462	0	2.89963551270555	0	0	0	1.39886299044183	0	4.34487279647112	0	0	0	0	3.03126576126443	0	0	0	0	0	0	2.19685493240003	2.87056513132516	0	0	0	0	2.73152167469784	4.7560951558251	0	0	3.00060495839547	0	1.39886299044183	2.80658430714032	0	3.55804159338397	0	0	2.14905219680881	PRJNA1364303	ADMM 25 - T3 - RYGB	fecal	T3	ADMM25	RYGB	1
SRR36103339	2.22793825899025	0	0	0	1.91015184787004	0	0	0	4.34929382157212	2.62160032467073	3.45022248862247	3.5277473928984	0	0.975608231471216	2.09748557456223	0	0	2.4312636616357	0	0	3.06592735314579	1.7395187680549	0	4.31622997928624	0	1.13611020717485	0	0	0	0	0	3.66913529894222	0	0	0	2.33454330693613	0	0	0	0	0	0	0	0	0	0	4.19464944315907	0	0	3.66977386681467	4.35552181299637	0	0	1.90160205438592	0	0	3.16366882217469	0	3.97186052802675	0	0	0	PRJNA1364303	APHF 28 - T1 - RYGB	fecal	T1	APHF28	RYGB	0
SRR36103338	3.63912036482826	0.979008560687427	0	0	0	0	0	0	3.78759411766978	2.38596257863001	3.11955064113914	2.97858615493856	0	0	0	2.20309704643865	0	3.14441840052751	0	2.14350200263098	2.48373292248435	2.36569918450598	0	4.63823054665989	0	1.94860825354279	1.75804687931698	2.22127362213459	0	3.85669126853521	0	3.3691079348943	2.34444386701861	0	0	1.5952390140809	0	0	0	0	0	0	0	0	0	0	3.57884111941701	0	0	2.85625590374724	3.16414861699518	0	0	3.06060029498737	0	0	2.71416695846644	0	4.53019382131033	0	0	1.01623770169441	PRJNA1364303	APHF 28 - T2 - RYGB	fecal	T2	APHF28	RYGB	1
SRR36103337	2.81873639532369	1.59495330159846	0	0	0	0	0	2.65169051463698	4.32115622190383	2.28761370006593	2.45594893832446	3.44199416248944	0	2.02838891771608	0	2.88602666528192	0	3.19296757839722	0	0	1.71712411366981	1.51024878032905	0	3.87762939411378	0	2.0040824317539	2.19835335496323	0	0	4.44633666018397	0	3.75366762174234	3.13635406633658	0	0	0	0	0	2.06465385730096	0	0	0	2.00905377845374	0	3.10541160494937	0	3.80339523181805	0	0	2.01882894119131	3.27741064545372	0	0	4.00502203125702	0	0	2.96226041505901	0	4.27479829852759	0	0	0	PRJNA1364303	APHF 28 - T3 - RYGB	fecal	T3	APHF28	RYGB	1
SRR36103344	3.31869434982449	0	0	0	0	0	0	0	4.02947706923562	0	0	3.76656546152687	0	0	2.12175020950543	3.21272775202139	0	0	0	0	2.75936306532632	0	0	2.18822800162338	0	2.09202129509338	0	0	0	3.65321363712591	0	4.15164276133108	0	0	0	2.53191492206	0	0	0	0	0	0	0	0	3.24092187130773	0	4.7067554583623	0	0	2.7047751731148	3.98694979885383	0	0	0	0	0	3.28698189962875	0	3.70136356437262	0	0	2.43182019029289	PRJNA1364303	APM 9 - T1 - RYGB	fecal	T1	APM9	RYGB	0
SRR36103343	2.97130773353153	0	0	0	3.93557150046368	0	0	0	4.35464422725042	0	1.3457924762052	3.6685936351119	0	1.97546338964903	0	0	0	2.04979803171477	0	0	3.04422762257844	0	0	3.88621018883205	0	0	0	0	0	3.93920018090788	0	4.24358542833169	0	1.63691630803127	0	2.98973769827391	0	0	2.40362169040943	0	0	0	1.82137190060017	0	0	0	4.3225000894626	0	0	2.84924261471302	3.60155279678041	0	0	3.41670223874097	0	0	3.44428003783261	0	3.63155991208613	0	0	3.18636976264246	PRJNA1364303	APM 9 - T2 - RYGB	fecal	T2	APM9	RYGB	1
SRR36103444	0	0	0	0	0	0	0	0	4.42877555954953	1.4039325540824	3.21640527540909	2.87332222412073	0	0	2.63199081621776	0	0	0	0	0	3.02991495063631	2.38649825495845	0	3.64509154076827	2.32100428591009	3.19696024266897	1.71300714951841	2.06415646139895	0	2.48409321193422	0	4.40008133726635	0	0	0	2.98371974485547	0	0	1.71300714951841	0	0	0	0	1.72908598598983	0	0	3.78314099501901	0	0	3.13153485775647	4.4592165058727	0	0	2.59492186235509	0	0	3.72800703399569	0	3.47124621312206	0	0	3.19990639046268	PRJNA1364303	APM 9 - T3 - RYGB	fecal	T3	APM9	RYGB	1
SRR36103389	2.94996464489489	0	0	0	0	0	0	0	4.60341780631523	2.59601456784858	2.74670575354884	3.11239122862197	0	0	2.2874423236133	0	0	2.27414837155986	0	0	1.93314556896458	1.89715932530953	0	0	0	2.82296856880437	0	0	0	1.10336727788348	0	4.48400617670197	0	0	0	2.37951319761856	0	0	0	0	0	0	2.50576207099003	0	2.09583160597227	0	3.10147978606582	0	0	3.32858347874513	4.45028481692242	0	0	2.19811759840427	0	0	2.8223322647285	0	2.10589085310366	0	0	3.33430178471849	PRJNA1364303	ASS 6 - T1 - RYGB+ET	fecal	T1	ASS6	RYGB+ET	0
SRR36103390	3.05410386878466	0	0	0	0	0	0	1.68061429546585	4.31968308892732	2.07308346665934	0	2.86995067023978	1.42485869954753	1.79839697970926	3.75570369721908	0	2.31790039723553	0	0	0	2.06518250007597	0	0	2.67532677286013	0	2.43101820058648	0	2.60196382938811	0	4.025126316038	0	4.57762036497962	0	0	0	2.95585627951969	0	0	2.00084412630491	0	0	0	2.53980479405435	1.57129735528817	0	0	3.17411355357204	1.91414325120687	0	3.57392250399277	4.29192339654448	0	0	3.03912581670096	0	0	3.12697293617522	1.44193386602816	2.85919458097216	0	0	3.36244608543496	PRJNA1364303	ASS 6 - T2 - RYGB+ET	fecal	T2	ASS6	RYGB+ET	1
SRR36103407	0	0	0	0	2.75600803046171	0	0	0	3.56481681114892	1.98673494889177	0	2.88716302520584	0	1.67487876455686	3.46659847654229	0	2.65257324310469	0	0	0	2.87228371927591	2.01606208596678	2.69910659313322	3.2016908358946	0	3.24812948038358	1.74199513315484	2.67594600824976	0	3.5846624740276	0	4.38756807789998	0	0	0	2.76283555347676	0	0	2.53837401848565	0	2.27262354511766	1.74199513315484	2.47587331176319	2.12794399981009	0	0	3.81713218786044	0	0	3.2117459109448	4.62305309559137	0	0	3.16938486120098	0	0	3.10891369914249	0	3.7875258202465	1.858217385559	0	3.88082281361315	PRJNA1364303	ASS 6 - T3 - RYGB+ET	fecal	T3	ASS6	RYGB+ET	1
SRR36103459	1.56433884103864	0	0	0	0	0	0	0	4.3174758730624	3.28807660889322	0	3.11073285227054	0	0	3.89432815438595	0	2.51606132946417	2.46865652275418	0	0	3.36347332372912	0	0	2.74582927508226	0	2.95286953876238	0	2.41832989582088	0	0	0	4.12324902436441	0	0	0	2.93656252910154	0	0	0	0	3.11712756189499	0	0	1.2849089387024	0	0	3.75420497499798	0	0	3.82435178710715	4.54820394132476	0	0	1.9932000274423	0	0	3.90785105906596	0	3.35203360493512	0	0	2.36792471412891	PRJNA1364303	COG 31 - T1 - RYGB+ET	fecal	T1	COG31	RYGB+ET	0
SRR36103458	1.92777139935299	0	0	0	3.42887287367486	0	0	0	4.48736330817416	3.58150028151792	0	3.14641816343329	0	1.37278505462014	3.0822379622099	0	2.3138914341626	2.25946204179372	0	0	3.48552266610133	0	0	3.76828025448898	0	2.47307901952325	0	0	1.73011368384444	0	0	4.0375296943812	0	0	0	3.3024966117401	0	0	0	0	3.6011482464585	0	0	1.76268716743012	2.22622941095129	0	3.99980535440507	0	0	3.80103020419838	4.16827761759324	0	0	2.79137116151235	0	0	3.7889700549743	0	3.66101170421898	0	0	3.09146155650977	PRJNA1364303	COG 31 - T2 - RYGB+ET	fecal	T2	COG31	RYGB+ET	1
SRR36103456	1.84004746204345	0	0	0	0	0	0	0	4.23722668056943	2.83436129860671	0	3.08980569390967	0	0	3.27993874124615	0	2.31567356180648	2.66668813574124	0	0	3.77939569666137	0	0	3.88013737747574	0	2.84487003300416	0	0	0	1.7090835773617	0	4.00041617437785	0	0	0	2.79048864790062	0	0	0	0	2.70580111112944	0	0	0	0	0	3.76302591401647	0	1.0996649583513	3.60189889361208	4.48625906205295	0	0	2.2358312203688	0	0	4.02945629774254	0	4.0639702128965	1.9072511794524	0	1.76050626155804	PRJNA1364303	COG 31 - T3 - RYGB+ET	fecal	T3	COG31	RYGB+ET	1
SRR36103397	0	0	0	0	3.23024507221906	0	0	0	4.8113337652126	2.05431437633126	0	3.38500197921754	0	0	0	0	0	0	0	0	1.98800584947275	0	0	0	0	3.23432698404666	0	0	0	0	2.16260636694966	4.1319129242448	0	0	0	2.4309946032519	0	0	0	0	0	0	2.23592567301565	0	2.61578963031185	0	3.48880910719691	0	0	2.9520970166616	4.13225567283509	0	0	2.71808228547895	0	0	3.84057814415428	0	0	0	0	0	PRJNA1364303	EFR 13 - T1 - RYGB+ET	fecal	T1	EFR13	RYGB+ET	0
SRR36103398	3.1633688470237	0	0	0	3.59711809990638	0	0	0	4.42530355617701	0	3.33757062968434	3.26128965141467	0	0	0	0	0	3.12414374908221	0	0	2.64473690862977	0	0	2.97520494704769	0	2.67048739245634	0	0	0	4.22239352290696	0	4.15607423016827	0	0	0	2.94082530314576	0	0	0	0	3.10002871568795	0	0	0	0	0	3.24605818316422	0	0	3.96475005816197	4.16789899611101	0	0	3.11823935955346	0	0	3.7010538529998	0	3.50635917026764	0	0	3.43801386719515	PRJNA1364303	EFR 13 - T2 - RYGB+ET	fecal	T2	EFR13	RYGB+ET	1
SRR36103399	0	0	0	0	0	0	0	0	3.57974336187866	0	3.63156214136752	2.81937571926907	0	0	2.47265905487859	0	0	3.13041601376958	0	0	0	1.96039831080849	0	2.43964555881348	0	2.84501798177294	0	0	0	3.15396508552247	0	4.40198472879774	0	0	0	2.30456121397785	0	0	0	0	0	0	0	0	0	0	4.31659330404382	0	0	2.70979019105684	4.55712317392992	0	0	3.5331909756585	0	0	3.20846666170472	0	3.92690735161463	0	0	3.09630760593924	PRJNA1364303	EFR 13 - T3 - RYGB+ET	fecal	T3	EFR13	RYGB+ET	1
SRR36103462	2.57953805192419	0	0	0	0	0	0	0	0	0	0	3.32949035853986	0	0	1.62033816261082	0	0	2.22444369264889	0	0	0	0	0	0	0	2.18060500518094	0	0	0	0	0	4.12684557875629	0	0	0	0	0	0	1.18197058635557	0	0	0	0.933269796077221	0	2.93204771193166	0	4.84026261762249	0	0	0	3.84380381410395	0	0	1.88511823381177	0	0	1.68437987594428	0	4.22229101215408	0	0	2.28180479309078	PRJNA1364303	GSA 14 - T1 - RYGB+ET	fecal	T1	GSA14	RYGB+ET	0
SRR36103461	3.85387097184752	0	0	0	0	0	0	0	3.37700450693893	0	0	3.56699427650013	0	0	0	0	0	2.512390941372	0	0	1.29291888712823	1.52989671279556	0	3.6942193593245	0	3.04704603519244	0	2.46937345134473	0	0	0	3.99375938871047	0	1.68235070531394	0	1.18316792963522	0	0	0	0	0	0	1.51561529966775	0	0	0	4.82783116130155	0	0	2.22984893551031	3.52646383221993	0	0	3.46364904683148	0	0	2.81785036350318	0	3.71936407120309	0	0	2.92733052451764	PRJNA1364303	GSA 14 - T2 - RYGB+ET	fecal	T2	GSA14	RYGB+ET	1
SRR36103460	3.11808457071465	0	0	0	0	0	0	2.07786577269841	2.65048096380995	0	2.45634610612657	3.61200878915951	0	1.53816976208615	0	0	0	0	0	0	0	0	0	3.48034859480832	0	2.95539130668105	1.97241763396236	0	0	2.69901292711821	0	3.93798119643044	0	0	0	0	0	0	1.80744799643794	0	0	0	3.20552361226526	0	0	0	4.84622125567104	0	0	0	3.33074351212069	0	0	3.30098151337079	0	0	0	0	4.15824368277982	0	0	2.68651521461976	PRJNA1364303	GSA 14 - T3 - RYGB+ET	fecal	T3	GSA14	RYGB+ET	1
SRR36103400	3.50415757883035	0	0	0	3.09365985950666	0	0	0	4.14643401298567	2.67604283934842	0	3.60530081368097	0	0	0	0	0	3.07737992842629	0	0	2.68367500549302	1.11435758066436	0	0	0	2.71695203183064	0	0	0	4.1238494814855	0	4.02602487816253	0	0	0	2.75981357067608	0	0	0	0	0	0	0	0	2.66602875189912	0	4.55235472864618	0	0	3.11579258154404	3.25740663392067	0	0	3.07431327411142	3.95745222786245	0	3.48203451795739	0	3.66608590013886	0	0	3.54780480556067	PRJNA1364303	HAR 21 - T1 - RYGB+ET	fecal	T1	HAR21	RYGB+ET	0
SRR36103401	3.16452529616842	0	0	0	3.96893220069582	0	0	0	4.26648104911601	2.635028977297	0	2.96198838933377	0	0	2.33273498439347	2.31414149184079	0	2.32816070659493	0	0	2.64178177736212	0	0	3.99415903021651	0	2.36978591886476	0	0	0	4.09381983772895	0	4.19016245242516	0	0	0	3.12600147876251	0	0	0	0	0	0	0	1.94342440571662	2.35706695640156	0	4.21085970672987	0	0	3.77458272977824	3.74882861229415	0	0	2.60691610156996	0	0	3.85046282708639	0	2.2717710678313	1.7499475737033	0	3.54372407571624	PRJNA1364303	HAR 21 - T2 - RYGB+ET	fecal	T2	HAR21	RYGB+ET	1
SRR36103402	3.07472018778648	0	0	0	2.4620716797944	0	0	0	3.64489393645576	2.13826824219051	0	0	0	1.85369600173266	3.08458862764952	2.90299245901362	0	3.27553850826356	0	0	1.82665426276316	2.189574017026	0	3.24291322649303	0	3.39003914713072	0	2.44449504892197	0	1.53204986123197	0	4.58871712693819	0	0	0	2.48717078420477	1.70999421083279	0	2.79556000787647	0	0	0	0	2.16467832126656	2.58339088257471	0	3.8646630701421	0	0	3.42259228873578	4.6077573486231	0	0	3.26685029741421	0	0	3.01572865174294	0	2.87395860105672	0	0	3.07576959404047	PRJNA1364303	HAR 21 - T3 - RYGB+ET	fecal	T3	HAR21	RYGB+ET	1
SRR36103350	3.67987205905268	0	0	0	3.80133482796247	0	0	0	4.02612274385893	0.539659721273032	2.54983385746728	3.35972739543309	0	0	3.5665147928157	0	2.66800089717467	3.13831657752761	2.46329068651153	0	2.72096184018507	0	0	2.62196379300546	0	3.18826468250853	0	2.24243712385618	0	0	0	4.35784610367606	0	0	0	2.54983385746728	0	2.2888643292027	0	0	0	0	0	2.31554740515047	0	0	2.86510509183965	0	0	3.05300579438182	4.65644151221946	0	0	1.74211497776018	0	0	3.51475944066986	0	2.53447593247589	0	0	3.48880670795463	PRJNA1364303	JFCD 11 - T1 - RYGB	fecal	T1	JFCD11	RYGB	0
SRR36103349	2.3946994900264	2.48968230731996	0	0	3.86715475444312	0	0	2.30553053643913	3.80669423970731	0	2.40442043249656	2.61742017670576	0	0	0	3.26692393820759	0	2.9255207499797	0	0	3.51663264874311	0	0	4.24556132126172	0	2.21751584208503	2.40633878068484	0	0	3.32649981165217	0	4.26217455549917	0	0	0	1.97938052946321	3.02081889250451	0	2.41953506924928	0	2.98141619773171	0	0	0	0	0	0	0	0	2.75026560038434	4.52195988123811	0	0	3.90651989395919	0	3.42525130568226	3.33039302715178	0	3.21125870667727	0	0	1.85595718353333	PRJNA1364303	JFCD 11 - T2 - RYGB	fecal	T2	JFCD11	RYGB	1
SRR36103447	0	0	0	0	2.57742888335476	0	0	0	4.00584074168261	3.02854957990988	2.75679545303853	0	0	0	4.11081127499982	2.33570949140686	2.79955205351529	2.584708970113	0	0	3.18228873341891	1.94076634501913	0	2.10442163045378	0	3.12224866281249	0	0	0	0	0	4.19832650937824	2.47200527048491	0	0	2.50358355483877	0	0	0	0	2.48126434403977	0	0	1.61204853687479	2.86765660586728	0	2.1459996754887	0	0	3.71479853760514	4.61204074873575	0	0	0	3.98025812412163	0	3.03435637992985	1.9931308469158	3.56840963420179	1.47348785907407	0	3.44779828895524	PRJNA1364303	JVD 32 - T1 - RYGB+ET	fecal	T1	JVD32	RYGB+ET	0
SRR36103446	0	0	0	0	0	0	0	0	4.03435254839184	2.64344128333716	0	2.86535863441119	0	2.04662780210099	2.45133168130749	0	0	2.5785849243881	0	0	2.59702057583283	2.29708760159334	0	4.25293255403824	0	3.04677995734172	2.28137448512864	0	0	2.57588619369669	0	4.50842200770669	0	0	0	2.12971990474256	0	0	0	0	0	2.02791579336196	3.10972951403194	0	0	0	4.28455381450032	0	0	3.43560303090812	4.13159352398091	0	0	3.14470927655458	0	0	3.18647202616995	0	3.71489095091354	0	0	0	PRJNA1364303	JVD 32 - T2 - RYGB+ET	fecal	T2	JVD32	RYGB+ET	1
SRR36103463	2.25241582794212	0	0	0	1.84044548916069	0	0	0	4.22318083978883	2.80034057966599	0	3.28879581676156	0	0	2.1763266508726	0	0	2.81966954185919	0	0	3.43663330028672	0	0	3.76723713662329	0	2.29000195250328	2.98959003500063	0	0	4.173556999662	2.58588731536935	4.13701518891371	0	0	0	2.26530936776493	0	0	0	0	0	0	1.81731264415705	0	0	0	3.57377534691359	0	0	3.94432462366657	4.31381604499363	0	0	2.27783112910075	3.62735959170558	2.58182003423524	3.57771209704461	0	3.91174110342846	0	0	3.04149147223541	PRJNA1364303	JVD 32 - T3 - RYGB+ET	fecal	T3	JVD32	RYGB+ET	1
SRR36103346	3.31576870047398	0	0	0	1.72269504381227	0	0	2.72171246641999	3.10740420082991	0	2.87572275127747	3.15801058459818	0	0	3.71322498246366	0	3.55671135475447	2.65206728677259	0	0	2.46216457304999	0	0	3.38628849216702	0	3.2784593948872	0	2.83216673560948	0	0.908319226982622	0	4.44388314880215	1.44666532373518	0	0	2.54865513273581	0	0	0	0	3.35695266145842	0	0	0	0	0	3.89208305797976	0	1.56210889973688	2.7666848442584	4.6301561365026	0	0	0	0	0	2.87899302860198	2.12846995929609	2.39065844815959	0	0	3.84737983667359	PRJNA1364303	KRSO 26- T1 - RYGB	fecal	T1	KRSO26	RYGB	0
SRR36103297	2.88740595368524	0	0	0	3.67566393309318	0	0	0	4.16206386637815	0	0	2.3124671015325	0	0	4.11338338390375	0	3.38771538183904	2.61441504016583	0	0	3.15290385832807	2.6091235821037	0	3.48737328626206	0	3.02787665274996	0	2.91028492600206	0	0	0	4.39747233636222	0	0	0	2.40577693816683	1.29423148832896	0	0	0	2.44923198369168	0	1.96062240814917	1.14868125456553	0	0	2.0791410473075	0	0	2.69843357895522	4.51326200981696	0	0	2.52815587643574	0	2.35510313337165	2.98160025116264	1.66724210901868	2.09246365499915	0	0.543063538415607	3.84235532501441	PRJNA1364303	KRSO 26- T2 - RYGB	fecal	T2	KRSO26	RYGB	1
SRR36103296	3.22175636115254	0	1.64742280713435	0	3.42459139106531	0	0	0	4.00607895779874	0	0	3.0111905658641	0	0	3.23178758885928	0	1.99131854783908	2.35226282943027	0	0	3.20427406091241	1.54983596825252	3.04695801336262	4.10445404834447	0	2.59500161816442	0	2.78709672774487	0	1.95598259815537	0	4.29668529876725	0	0	0	2.76050086509563	0	0	0	0	3.73792975207434	0	0	0	0	0	4.10950276446811	0	0	2.96022598681927	4.40671841349425	0	0	2.05438302985461	0	2.22260398050772	3.25474160791912	2.03179328756208	2.38430964515001	0	0	3.93793946371734	PRJNA1364303	KRSO 26- T3 - RYGB	fecal	T3	KRSO26	RYGB	1
SRR36103355	0	0	0	0	2.72806919281693	0	0	0	4.37035978490837	2.85172733068626	3.55101751015421	3.37692314552557	0	0	3.34938917878923	0	2.35049305057496	3.02680462198872	0	0	3.17723581376655	2.18361153161691	0	2.43212416201198	1.92304716575465	2.65119554112347	0	1.93656606238678	0	0	0	4.43410209822379	0	1.42848713704451	0	3.01083520663919	0	0	0	0	0	0	0	2.61784934602513	2.22832959749795	0	3.78094023364211	0	1.9196006492939	3.70563210123103	4.41269236050843	0	0	0	0	0	3.52417036000869	0	3.12097507855134	1.89832662770756	0	3.48230877136933	PRJNA1364303	LLC 24 - T1 - RYGB	fecal	T1	LLC24	RYGB	0
SRR36103354	0	1.7179616206751	0	0	2.32295659890431	0	0	0	4.28236091762544	0	0	2.79991728659382	0	1.67149524842181	2.26655933995005	0	2.28882202453442	2.08643319032356	0	0	2.65552071484965	0	0	3.91811616204589	0	2.19197713077422	0	1.90101796299642	0	1.37962119509486	0	4.19091379424232	0	0	0	2.68024384274426	0	0	0	0	0	0	2.26028426736758	0	0	0	4.4665716250851	0	0	3.28001549822461	4.39489349290039	0	0	3.12630251812921	0	0	0	0	3.35219022760075	0	0	3.69765898109152	PRJNA1364303	LLC 24 - T2 - RYGB	fecal	T2	LLC24	RYGB	1
SRR36103353	2.48392083778268	0	0	0	1.73407032832098	0	0	0	3.83473939720697	0	0	3.10991231058089	0	0	2.8335487519367	2.98521049827092	1.94730099436066	2.39090419456474	0	0	2.63792036846448	0	0	3.9969975630053	0	2.51146526522558	0	0	0	1.94183136328691	0	4.2092116850327	0	0	0	2.36882368697902	0	0	1.73407032832098	0	0	0	2.7810612578126	0	0	0	4.58956585811597	0	0	2.93398961276686	4.37403693929042	0	0	3.2990254315253	0	0	3.07082725378025	0	3.67332602884326	0	0	2.88604097709678	PRJNA1364303	LLC 24 - T3 - RYGB	fecal	T3	LLC24	RYGB	1
SRR36103472	0	0	0	0	0	0	0	0	3.75877801955089	0	1.97273228777737	3.64850705460935	0	0	0	0	0	0	0	0	0	0	0	4.6690844297184	0	0	0	0	0	0	0	3.00670148185888	0	0	0	0	0	0	1.35384276066091	0	0	0	0	0	0	0	4.575116221296	0	0	1.78579868156796	3.2867503882757	0	0	2.49236185403878	0	0	4.05795490833741	0	3.00990052609304	0	0	0	PRJNA1364303	LRA 3 - T1 - RYGB+ET	fecal	T1	LRA3	RYGB+ET	0
SRR36103470	3.4658050840577	0	0	0	4.21142213774517	0	0	2.18685604052318	4.26802596165004	0	0	3.34178458813735	0	2.22254437874668	0	0	0	1.76393083254929	0	0	3.05276106500132	0	0	3.25483258363893	0	1.81351992640375	0	2.94828401968244	0	4.21950134420491	0	4.16839809681995	0	0	0	2.56375395875991	2.16132282648239	0	2.46609864299272	0	0	0	2.23158596113625	0	0	0	4.20302257470664	0	0	3.42622371943151	2.94526699317315	0.73157136706241	0	3.3363703308748	0	2.52796156528961	3.80543382546844	0	3.73852820273094	0	0	0	PRJNA1364303	LRA 3 - T2 - RYGB+ET	fecal	T2	LRA3	RYGB+ET	1
SRR36103469	3.32121105077604	0	0	0	3.50013893186096	0	0	0	4.03706125545012	0	2.68637779849894	3.4902925807158	0	2.20863660592809	0	0	0	2.36490064757096	0	0	2.64779423980919	0	0	2.77533165383869	0	3.00736260575977	2.19392283309932	0	0	0	0	4.39060352914795	0	0	0	2.04339665055544	0	0	2.43897226127952	0	0	0	1.10274112714473	1.25658885157135	1.91741492908195	0	4.45837619665881	0	0	3.26613617911123	3.52012876590656	0	0	3.70920103279285	0	0	3.38719684570149	0	4.33157979525527	0	0	1.59766606618432	PRJNA1364303	LRA 3 - T3 - RYGB+ET	fecal	T3	LRA3	RYGB+ET	1
SRR36103342	3.35123723536834	0	0	0	0	0	0	0	3.04068370938615	0	0	4.01227288126783	0	0	1.99493274688125	0	0	2.4979094579598	0	0	2.5936847360908	0	0	2.45868533232026	0	2.9621338334312	0	2.22718128555962	0	0	0	4.05017265242305	0.522382132067382	0	0	0	0	0	0	0	2.38330803275773	0	0	0	0	0	4.83918095618551	0	0	2.63152430405888	4.0749022754041	0	0	2.16726857140741	0	0	2.84452728223972	0	1.55561260672863	0	0	2.92005207510599	PRJNA1364303	LSS 29 - T1 - RYGB	fecal	T1	LSS29	RYGB	0
SRR36103341	3.03815307189987	0	0	0	0	0	0	0	3.99087734211361	2.57933138870444	0	3.61391882825723	0	0	2.39674519909325	0	0	1.81470887407546	0	0	2.13342873834724	0	0	3.29779730870784	0	2.48237316973895	0	2.30406663569099	0	3.31814759551106	0	4.40986317901032	0	0	0	2.49635174252587	0	0	0	0	0	0	2.28867867793561	0	0	0	4.61287188498906	0	0	3.72386895971859	3.95872397556896	0	0	3.45017216127949	3.41200472853682	0	3.22776577181078	0	2.97362857489207	0	0	2.51843747162743	PRJNA1364303	LSS 29 - T2 - RYGB	fecal	T2	LSS29	RYGB	1
SRR36103340	3.11832692083115	1.27589656376958	0	2.69624917316295	0	0	0	0	3.56670945050759	2.88591555007932	0	3.70293347671079	1.69889950985372	1.93653772826615	1.88351371874006	3.65388074398838	2.11427808657151	0	0	0	2.77826524395128	0	0	3.97227792184433	0	2.29585197234698	1.77276618809332	2.22999749678017	0	2.59941299943778	0	4.05814730487841	0	2.4822416692584	0	2.35935361955546	0	0	0	0	0	0	3.12613853272315	1.46935445343045	2.61364152983974	0	4.72910665371536	0	0	3.53324832960268	3.76421430151475	0	0	3.33297758172093	0	0	3.16871217799512	0	3.49322219674507	0	0	1.89829832412209	PRJNA1364303	LSS 29 - T3 - RYGB	fecal	T3	LSS29	RYGB	1
SRR36103475	3.52487265356625	0	0	0	2.1091971919507	0	0	1.52364976717796	4.28910609583064	2.94426826764343	3.41811029740769	3.23747385928962	0	0	2.72524198721951	2.60736433848262	0	2.78803709060576	0	0	2.94687173951638	0	0	1.62310977226309	0	2.28041416994398	0	1.78173058072534	0	0	0	4.28229536282661	1.92238334553275	0	0	2.50555440445801	1.01093643924973	0	0	0	0	0	0	1.66231335860577	2.12670149424438	0	3.94542176603527	0	2.05200595876782	3.7716602430301	4.55677731278797	0	0	1.64963467650342	0	0	3.41909583434798	0	3.03310581226236	0	0	3.70422352653462	PRJNA1364303	MAN 2 - T1 - RYGB+ET	fecal	T1	MAN2	RYGB+ET	0
SRR36103474	3.55225005146619	1.52626330848945	0	0	2.15361736775469	0	0	0	4.23073132432889	1.79318936276157	0	2.78849924156607	0	1.4056125640934	3.49026804597935	2.55503796910094	0	2.33282198746681	0	0	3.19222929041526	0	0	4.2510091919445	0	2.4423009503181	0	2.54865344580229	0	2.34896356028057	0	4.40408618176055	0	0	0	2.88179738288484	1.39556321328145	0	0	0	0	0	0	1.4056125640934	2.34326733669391	0	3.65507696686356	0	0	3.25864879688984	4.39630084836318	0	0	3.19433498980716	0	2.83929884037392	3.36096724656333	0	3.10771298654695	0	0	3.18946018791689	PRJNA1364303	MAN 2 - T2 - RYGB+ET	fecal	T2	MAN2	RYGB+ET	1
SRR36103473	3.37677555094353	0	0	0	1.86345880281021	0	0	0	4.37314182941226	2.31750395881721	3.21330119392065	2.99970318076249	0	0	3.04349998379053	0	0	2.97923058651635	0	0	3.29672983142842	0	0	3.94595094145826	0	3.10971627031007	0	2.38455041794831	0	1.90141274689289	0	4.3022160981105	2.46103519639296	0	0	2.50028235254684	1.15647541668212	0	0	0	0	0	0	0	0	0	3.73277277251635	0	1.32235056285248	3.15212012882385	4.36093943744647	0	0	3.29202437633684	0	2.20516079262323	3.28321273340584	2.01015360457455	4.06024360790925	0	0	2.9394904964022	PRJNA1364303	MAN 2 - T3 - RYGB+ET	fecal	T3	MAN2	RYGB+ET	1
SRR36103449	3.15273202986121	0	0	0	2.43657875233422	0	0	0	4.45818473459987	2.57193342980835	0	2.91209731468903	0	0	3.34632985069249	0	0	2.26850054654855	0	0	3.2860800622239	0	0	2.52958807952904	0	2.90554164244463	0	2.22061138687693	0	0	0	4.43337292469216	0	0	0	3.04429737374417	0	0	0	0	2.36637331056051	0	0	0	0	0	3.8043539514703	0	0	3.45189171534265	4.42732291633168	0	0	1.33029471561654	0	0	3.39834641522704	0	0	0	0	3.78972648237421	PRJNA1364303	MCSB 4 - T1 - RYGB	fecal	T1	MCSB4	RYGB	0
SRR36103448	2.91085624095622	0	0	2.13536307245859	1.82609018228777	0	0	0	4.41880987516434	2.65543957071576	0	3.08230595897705	0	0	3.55661471042187	0	0	0	0	0	2.4053572956783	0	0	3.99826905700899	0	1.73651950035878	0	2.6103591647574	0	2.59685032903111	0	4.34595333899673	0	0	0	3.31339823302491	0	0	0	0	3.41824969225922	0	2.64679008804967	1.94649425606552	0	0	3.97600723814005	0	0	3.69829253744717	4.32134248491148	0	0	2.74629203640185	0	0	3.19660998895427	1.84862053912329	2.85510890331104	0	0	3.0248228789349	PRJNA1364303	MCSB 4 - T2 - RYGB	fecal	T2	MCSB4	RYGB	1
SRR36103445	2.71974950481187	0	0	0	0	0	0	0	4.36555574638335	2.37958943144081	1.56355260883644	1.52787536709022	0	0	2.92782379909603	0	2.59826028873111	0	0	0	2.84726244194014	0	0	3.79483241046042	0	1.94729440493751	0	2.74677911362805	0	2.31381502364894	0	4.25232168000463	0	0	0	3.67058664593405	0	0	0	0	2.04792634471725	0	0	0	0	0	4.05465283585172	0	0	3.69055456203358	4.53346499438276	0	0	2.72134021480959	0	2.15369838875589	3.45034342561107	2.00878804360153	2.11055347101308	1.9425499999306	0	2.60867454582741	PRJNA1364303	MCSB 4 - T3 - RYGB	fecal	T3	MCSB4	RYGB	1
SRR36103406	0	0	0	0	0	0	0	2.39164307293911	3.16205059514396	2.23871959906417	3.28520994074103	2.45298233077826	0	0	2.89179303588747	0	0	3.28594131322799	0	0	1.78626473427771	2.45546238601099	0	2.54053238333329	0	3.55364142853033	0	0	0	0	0	4.41978764825213	3.34431603925999	0	0	1.95609441931037	0	0	0	0	0	0	0	0	2.96342115314012	0	4.21619272322508	0	0	2.40849841426448	4.60235761899666	0	0	2.75074774250706	0	0	2.51971043828812	0	4.07963934703524	0	0	2.14849469716582	PRJNA1364303	MPB 27 - T1 - RYGB+ET	fecal	T1	MPB27	RYGB+ET	0
SRR36103465	0	0	0	2.41509059277969	0.88164471701106	1.08005849777048	0	0	4.13643297723428	2.36849508693648	1.69466451316852	3.01773870694004	0.505808083181275	1.51812375754488	2.94102383051647	2.58630234176905	1.86782174098792	2.12480136806704	0	0	0	1.88061350923185	0	3.48387303918683	0	2.591238862461	0	2.46215189750249	0	0	0	4.41082071035298	0	0	0	2.76818537851859	0	0	0	0	0	0	2.37460034286819	1.92263194198147	0	0	4.49687291798719	0	0	2.80869334790896	4.32965646853198	0	0	3.38770511258569	0	0	3.1572630466335	0	3.73624417546157	0	0	2.57498563284004	PRJNA1364303	MPB 27 - T2 - RYGB+ET	fecal	T2	MPB27	RYGB+ET	1
SRR36103466	0	0	0	0	0	0	0	2.2490795629911	3.3919513023074	2.54201005812489	1.33926700987249	2.7790282334296	0	1.49922496825509	3.24618721993329	0	2.74130533702785	0	0	0	0	0	0	3.60322614395131	0	2.80625834608929	0	0	0	0	0	4.4748501318537	0	0	0	2.30334930894917	0	0	1.83935041123442	0	0	0	0	1.80292531789089	2.53326157664946	0	4.45554288101416	0	0	2.70478079641802	4.47066495486231	0	0	3.18607363746173	0	0	2.97451200469954	0	3.88536753742084	0	0	2.6635928436925	PRJNA1364303	MPB 27 - T3 - RYGB+ET	fecal	T3	MPB27	RYGB+ET	1
SRR36103303	2.84433689503714	0	0	0	0	0	0	0	4.74429475858348	0	0	3.62742405419571	0	0	2.1304382515666	2.45598186066644	1.83077221283952	3.07197612348863	0	0	2.71829301282419	0	0	3.52401071637329	0	3.04535257555773	0	0	0	0	0	4.41728040463977	0	0	0	1.85235858197814	0	0	0	0	0	0	0	0	2.68192448934957	0	0	0	0	3.26005470373048	4.07943356980987	0	0	0	0	0	3.40887128131298	0	2.27670455673585	0	0	0	PRJNA1364303	PGS 36 T1 RYGB	fecal	T1	PGS36	RYGB	0
SRR36103302	3.29244084999801	1.23561309478126	0	0	2.95790222288465	0	0	0	4.66807938926049	0	0	2.96449758027037	0	1.17285351454173	2.95045462614309	0	1.27292087297828	3.16597825233666	1.0719642642234	0	2.81950204752214	0	0	4.17069351697932	0	3.01781458249089	0	0	0	0	0	4.00734370592827	0	1.0719642642234	0	3.40263615085985	0	0	0	0	2.27173188717661	0	1.58019752058382	1.85724874706089	0	0	0	0	0	3.77765544966985	4.25107833272284	0	0	2.8275513265629	0	2.04057837004576	3.41078032389309	0	0	0	0	2.94630334689086	PRJNA1364303	PGS 36 T2 RYGB	fecal	T2	PGS36	RYGB	1
SRR36103301	3.19619587128106	0	0	0	2.9715018028195	0	0	0	4.62413212128708	3.55392779188996	2.20671027575164	3.30297705995297	0	1.8755156830316	2.99314651908091	0	1.34198791198501	3.0629955547137	1.59855156282939	0	2.71998895433222	1.93562349282135	0	3.38628326808439	0	2.73648935772112	1.39093926227337	2.69715614039779	0	0	0	4.10125941451347	0	0	0	3.56328892328592	0	0	0	0	0	0	0	0	0	0	0	0	1.2868097486968	3.8993462743359	4.39381285009592	0	0	3.0482173128643	0	2.25991658404326	3.50132685943822	0	2.02753509977235	0	0	1.7332015162828	PRJNA1364303	PGS 36 T3 RYGB	fecal	T3	PGS36	RYGB	1
SRR36103358	3.02481298203505	0	0	0	2.65010379558142	0	0	0	3.72050335403071	2.84542106217353	1.53754619110313	2.96801372524278	0	0	3.37684790327619	2.52984080324514	2.60692061713766	2.50901668474939	0	0	3.2252097676899	2.27769135482039	0	2.15396331647847	0	3.18062685672234	0	2.72250489360899	0	0	0	4.48137615184953	2.06927260449182	0	0	2.01366707168565	0	0	0	0	0	0	0	1.82465927116916	0	0	3.65122570962119	0	0	3.63456736095739	4.63123917489977	0	0	1.59949420728429	0	0	3.18414654833567	0	3.92418553151226	1.9583864942652	0	3.34772316405004	PRJNA1364303	PMV 19 - T1 - RYGB	fecal	T1	PMV19	RYGB	0
SRR36103357	2.95898596847593	1.42080792971908	0	0	0	0	0	0	3.52589809949286	1.47111617947571	0	0	0	0	2.44190217445854	1.55703538486935	2.0720628274548	2.18956928564262	0	0	1.7882564896187	0	0	3.85444723286314	2.33489463055873	2.22025318427759	0	2.05382558385902	0	0	0	4.20302195907899	0	1.87758314387435	0	2.32392296764075	0	0	0	0	3.49860784460812	0	2.21884017200204	1.66566863374177	0	0	4.75690636694416	0	0	2.90708791285853	4.1342877456153	0	0	3.26016347268558	0	0	3.00301882974911	0	3.43818697421003	0	0	2.99951521890782	PRJNA1364303	PMV 19 - T3 - RYGB	fecal	T3	PMV19	RYGB	1
SRR36103403	3.12055861763846	0	0	0	0	0	0	0	2.62713193864144	0	1.57410940427465	3.43252192311852	0	0	3.52092918893403	3.61132204317179	0	1.77729521441203	0	0	2.82371212175015	1.97328178911073	0	1.60055931892507	0	1.5602547638412	0	2.37388146331835	0	0	0	4.41827995784014	0	0	0	2.24666575495871	0	0	0	0	0	0	0	0	0	0	4.64140082984289	0	0	3.06217067150268	4.39310352014771	0	0	1.98402566427389	0	0	2.54354726923853	0	0	0	0	2.92400908871586	PRJNA1364303	PVS 22 - T1 - RYGB+ET	fecal	T1	PVS22	RYGB+ET	0
SRR36103404	0	0	0	0	0	0	0	0	0	0	0	1.70121320144339	1.47986993893243	2.58240494923216	3.28501045531473	2.39957584360483	0	3.00033590622967	0	0	2.61243060318298	2.8204868343167	0	0	2.0573354606384	3.76945533021594	2.40272182174906	0	0	0	0	4.44377967215068	0	0	0	0	2.33866393749891	0	2.96316215440948	0	0	0	3.87607616272849	0	2.49296811871943	0	3.27461066566798	0	0	0	4.61213527915866	0	0	4.07892101877278	2.29272401136938	0	0	0	3.84844459196762	0	0	2.76701441162936	PRJNA1364303	PVS 22 - T2 - RYGB+ET	fecal	T2	PVS22	RYGB+ET	1
SRR36103405	2.32255063570726	0	0	0	0	0	0	2.55527727607888	0	0	0	3.10780283679799	0	0	2.76110586032863	0	1.64323685212968	0	0	0	2.75239131403913	0	2.47564470414271	2.75239131403913	0	2.75458639905005	0	0	0	0	0	4.15336844810938	0	0	0	0	0	2.00553366402339	2.05209021318083	0	0	0	2.97744203515545	0.982073398143201	2.89861427210916	0	4.50882389341869	0	0	3.2567374300043	4.3316584059484	0	0	3.23192799088634	4.28654691137749	0	2.18428275412973	0	4.06870431532985	0	0	3.09097716463194	PRJNA1364303	PVS 22 - T3 - RYGB+ET	fecal	T3	PVS22	RYGB+ET	1
SRR36103468	2.09825707382016	1.00507185127118	0	0	2.19492543221348	0	0	0	3.69516144205448	1.83301008407422	2.1630927562035	2.99716854748772	0	0	3.95493049650784	0	2.68795863525748	2.0083591087359	0	0	2.98092631120069	2.06789659450369	0	2.1745961147332	0	2.78107677226145	1.26913192459879	3.0122756201012	0	0	0	4.50376088743224	1.26913192459879	0	0	2.64210672516754	0	2.20030852705421	2.1745961147332	0	3.49756165515269	0	1.61676277271766	1.20354138534802	0	0	4.05863008081625	0	0	2.80829894793236	4.56683523646659	0	0	2.48076514679109	0	0	3.31733748368651	1.73038708530277	3.46989576425816	0	0	3.08408389880934	PRJNA1364303	RPV 7 - T1 - RYGB+ET	fecal	T1	RPV7	RYGB+ET	0
SRR36103415	0	0	0	0	0	0	0	0	4.03593109810458	0	0	2.82625923325451	0	0	0	0	3.72095805202994	0	0	0	3.0600723863814	0	0	0	0	3.23118789417203	0	2.7137468885726	0	0	0	4.18844445624872	0	0	0	2.89488021690469	0	0	0	0	3.62209058650976	0	0	0	0	0	3.66902567495854	0	0	3.84031408392657	4.66983093181924	0	0	0	0	0	3.67957362386879	0	3.80535723891425	0	0	2.42929002699178	PRJNA1364303	RPV 7 - T2 - RYGB+ET	fecal	T2	RPV7	RYGB+ET	1
SRR36103414	0	0	0	0	2.40423081340693	0	0	0	2.66971323640546	0	1.94236311830169	0	0	0	3.95163567138209	0	0	3.3504922650638	2.2320034636889	0	3.06709541592117	3.13958882928973	0	2.33199134311431	0	3.6962819191434	0	2.87716543810629	0	0	0	4.48024047103706	0	0	0	0	2.98719905670914	0	2.7584822266815	0	3.10364586334116	0	0	2.63379586989761	0	0	3.38849286029105	0	0	2.44738928220801	4.67616498860642	0	0	2.3981381743874	0	2.2409063533283	2.43347428409845	0	3.72784226246043	0	0	1.61946517419449	PRJNA1364303	RPV 7 - T3 - RYGB+ET	fecal	T3	RPV7	RYGB+ET	1
SRR36103408	0	0	0	0	0	0	0	0	3.94844583683635	2.85796729315261	3.72581119051129	2.71877866479909	0	0	3.84970416890824	0	2.52435359785795	2.59493149333048	0	0	2.29174277241031	0	0	3.27638460411516	0	2.20508529679294	0	0	0	0	0	4.44629440122993	2.9098422590503	0	0	0	0	0	0	0	0	0	0	0	2.76518736652163	0	0	0	2.3960024893015	3.14971041067784	4.70460182293372	0	0	0	0	0	2.98231068871514	0	3.34523218435886	0	0	1.5612499155988	PRJNA1364303	SCMAC 10 - T1 - RYGB+ET	fecal	T1	SCMAC10	RYGB+ET	0
SRR36103391	0	0	0	0	2.92811894944041	0	0	0	3.13383630364077	0	2.30636357997694	2.55699006764739	0	1.94322044457539	3.16318251226259	2.58473277111587	0	3.34000833630358	0	0	1.63319767495302	2.85741741278752	0	4.32343678486786	0	2.72530826409517	2.23119398804018	0	0	3.22673503057302	0	4.38771379619637	0	0	0	0	2.34646807281789	0	3.04660820993438	0	0	0	0	0	0	1.68636474552108	3.58117184729684	0	0	0	4.6174903229081	2.12682963805724	0	3.75530804830736	0	0	0	0	3.37571552563025	0	0	0	PRJNA1364303	SCMAC 10 - T2 - RYGB+ET	fecal	T2	SCMAC10	RYGB+ET	1
SRR36103392	0	1.83128751086572	0	0	2.5634517025365	0	0	0	3.86025067133014	3.38398966114872	2.83106997260055	3.06778507300497	0	2.03597682571579	2.91709318069022	0	0	2.80069930841489	0	0	2.61201774848937	1.89045824415092	0	3.73180915173239	0	2.19558897651821	0	2.94723809919943	0	2.7154923789675	0	4.46224719027881	0	2.03100250644635	0	3.56633811741146	0	0	2.21238405823176	0	2.99379522024455	0	2.19215058933551	0	2.37303858818622	0	4.19459398709497	0	0	3.64727061219672	4.34703316194269	0	0	3.21360985117592	0	1.5042003461683	3.43856116182531	2.51372979763484	3.8393718830254	0	0	3.0465913674346	PRJNA1364303	SCMAC 10 - T3 - RYGB+ET	fecal	T3	SCMAC10	RYGB+ET	1
SRR36103441	0	0	0	0	0	0	0	0	4.0169955822995	3.06786965663848	2.49166386471207	3.69934185002271	0	0	3.59453980884524	2.95251992836256	3.2688143283657	3.03415646065655	0	0	2.71893110480269	0	0	1.72045667956235	0	3.16830703873969	0	0	0	0	0	4.30979637967573	0	0	0	2.44181171989087	0	0	0	0	0	0	0	0	2.54443925724806	0	4.15457701739947	0	0	3.78421709461928	4.56904389277237	0	0	1.01305238078696	0	0	3.47412138955119	0	3.342820271896	0	0	0	PRJNA1364303	SET 17 - T1 - RYGB	fecal	T1	SET17	RYGB	0
SRR36103440	0	0	0	0	2.47096377141304	0	0	0	2.96758181959979	0	0	2.64656531466432	0	0	3.50545843135238	0	3.05954218508422	0	0	0	2.67520940698995	1.99244865950498	3.36247153614007	2.6600746319739	0	1.82817461217564	0	2.69244144786417	0	1.902289784906	0	4.47163047139456	0	0	0	1.69581545060555	0	0	0	0	3.56338344834482	0	2.17355111919527	0	0	0	4.0440553954541	0	2.20858439154179	3.06121323935419	4.66623795508055	0	0	0	0	0	2.74385691584273	1.89419888808533	3.68023653673043	0	0	3.43426591844768	PRJNA1364303	SET 17 - T2 - RYGB	fecal	T2	SET17	RYGB	1
SRR36103359	2.79219871655343	0.799310773251357	0	0	0	0	0	0	3.32894020664208	2.06545125801739	1.84853906631279	3.04060652919589	0	0	3.39233616984941	2.83630459949003	2.77660229752228	2.5689579971396	0	0	2.14648048362364	1.52452404739301	2.5375791959509	4.27072930418901	2.2112188906561	2.95357334585935	0	0	0	1.70486617529076	0	4.26001720335275	0	0	0	2.69996490686206	1.33316153933068	0	0	0	3.19452406204881	0	3.16721179195415	0	2.4651058230234	0	4.27129962868552	0	0	3.07702806407227	4.46454896865142	0	0	2.49094098131676	3.47863750909627	0	2.63640243115231	1.50697779646022	3.69011859065438	1.82335784678164	0	3.32392020452781	PRJNA1364303	SET 17 - T3 - RYGB	fecal	T3	SET17	RYGB	1
SRR36103393	2.73373739851989	0	0	0	3.49576445682518	0	0	0	3.4371597260027	0	2.74496140384844	0	0	0	3.29768402187943	0	1.92591444194787	2.62986589121432	2.45697995009855	0	3.00645917632979	2.37756430166583	0	4.25026338571601	0	3.52820256182346	0	2.57816332672547	0	0	0	4.5739570085458	0	0	0	0	3.0737781134763	0	0	0	0	0	0	0	2.66120329848567	0	0	0	0	2.52178479761841	4.56712754560408	0	0	0	0	1.44075938665691	2.41761580072586	0	2.36777249061057	0	0	2.95922972058777	PRJNA1364303	SRA 18 - T1 - RYGB+ET	fecal	T1	SRA18	RYGB+ET	0
SRR36103394	2.2871673990298	2.73135004263836	0	0	4.05215989504698	0	0	0	3.18154136196242	0	2.36060317442189	0	0	0	0	3.61708881175623	0	2.89286467119814	0	0	3.21365702676691	0	0	4.38726107223513	0	2.23025637519052	2.5269464419731	0	0	3.42890556274173	0	4.09522028526662	0	0	0	1.79837250929872	2.80525003684281	0	2.57349542169269	0	2.36508415837447	0	0	0	0	0	0	0	0	2.61553461769671	4.49794265539775	0	0	4.13416618371252	0	3.22795003639406	2.67837639045402	0	3.01234074964306	0	0	0	PRJNA1364303	SRA 18 - T2 - RYGB+ET	fecal	T2	SRA18	RYGB+ET	1
SRR36103395	2.30400061031162	0	0	0	4.05775144673081	0	0	3.17847276864903	2.5892649481172	0	2.51030728444341	0	0	0	0	2.91632467596514	0	2.40998684666706	0	0	2.51030728444341	0	0	4.46388657040431	0	3.37837753982503	3.61698036745563	2.95553246631002	0	2.80312483198462	0	4.08980641931659	0	0	0	0	3.3739042168402	0	2.76164833205311	0	0	0	0	0	0	2.02382461374066	0	0	0	0	4.52609672202965	0	0	3.77189756727709	0	2.97848052911822	2.34519719029017	0	3.04955168127443	0	0	2.90684315927588	PRJNA1364303	SRA 18 - T3 - RYGB+ET	fecal	T3	SRA18	RYGB+ET	1
SRR36103451	3.4591006415215	0	0	0	0	0	0	0	3.97982168740826	1.89879868720472	0	2.16300115331597	0	0	3.83832636848825	2.73681363293079	0	2.80656513860024	0	0	3.15038537332316	0	0	2.65462852814303	0	2.25095087675265	0	2.88552145698711	0	0	0	4.48971139251741	0	0	0	2.60311991482262	1.78811623798871	0	0	0	0	0	0	0	2.42863951485871	0	1.68593931508753	0	0	2.79431169655785	4.70937987897713	0	0	2.47133990307693	0	0	3.430862813929	0	1.57555262841085	0	0	2.4654909287948	PRJNA1364303	SSS 12 - T1 - RYGB	fecal	T1	SSS12	RYGB	0
SRR36103450	0	1.4729274003442	0	0	2.56475372716549	0	0	0	3.895369029642	3.4120168964864	2.66396870158739	3.15049659705429	0	0	2.95208920190733	0	0	2.32233719034185	0	0	2.17069411339512	0	0	3.50862155483899	0	1.76658672479709	0	2.62970713559082	0	1.75986527745659	0	4.33903512754171	1.95772238574631	1.90285733828084	0	3.00100652472098	1.8228121747321	0	2.33692967550863	0	3.15104734277663	0	2.17851407158897	0	0	0	4.50557843407169	0	0	3.75232619809423	4.27760509363589	0	0	2.65371161241077	1.73905329017027	0	3.45178628357877	0	3.86942144003333	0	0	2.6062318557377	PRJNA1364303	SSS 12 - T3 - RYGB	fecal	T3	SSS12	RYGB	1
SRR36103443	2.14527012837962	0	0	0	2.9388126353362	0	0	0	3.45889535035562	0	2.36399982025873	2.81115762285576	0	0	3.37056960728922	2.8009783829641	2.14990676205991	2.34822295505977	0	0	2.91174101811318	0	0	1.96956744591202	0	1.42316670203322	0	0	0	0	0	4.09778214100461	2.07455203424251	0	0.845027517844422	1.45855843411702	0	0	0	0	0	0	0	1.69671246206563	2.23733625539059	0	4.36404172161452	0	0	2.06624435469028	4.2961275469488	0	0	1.27867565473049	4.584828187876	0	2.49960506603493	0	3.65912061852131	2.23733625539059	0	3.27643701328717	PRJNA1364303	SSS 15 - T1 - RYGB	fecal	T1	SSS15	RYGB	0
SRR36103442	2.49590944542904	0	0	0	0	0	0	0	3.43025659884826	0	2.1251545821168	3.43280048898445	0	0	1.54581141802324	0	0	2.25534712112331	0	0	2.66258672175577	0	0	3.82440401679266	0	2.4218240282216	0	2.02838071120499	0	0	0	3.93291345807441	1.71428634111073	1.87570052201364	0	2.48183063028036	0	0	0	0	3.04538520526292	0	0	1.62976728218334	0	0	4.54501096937047	0	0	2.63077702153308	3.78203601652008	0	0	3.239637509645	4.52499862225527	0	3.00370579228343	0	3.78990913942621	0	0	3.42756262358658	PRJNA1364303	SSS 15 - T3 - RYGB	fecal	T3	SSS15	RYGB	1
SRR36103336	2.90871977853613	0	0	0	0	0	0	0	4.39096088527526	0	0	0	0	0	0	2.48412235894066	0	2.04632215326202	0	0	0	0	0	2.39515677837399	0	1.99038262191218	0	0	0	0	0	4.3950714628116	0	0	0	0	0	0	0	0	0	0	0	0	0	0	4.51609692114163	0	0	3.12454841087962	4.3797078225018	0	0	0	0	0	3.08511266023126	0	0	0	0	0	PRJNA1364303	VPF 34 - T1 - RYGB	fecal	T1	VPF34	RYGB	0
SRR36103335	2.62541685460099	1.28130365449281	0	0	1.99135008112634	0	0	0	4.17410828199721	3.1817897010016	0	2.67682472488584	1.99135008112634	1.56320723082059	3.80773514857272	3.07787088323094	1.30974931056853	1.70036485569519	0	0	0	0	0	3.97410270877483	0	0	0	2.32074172101382	0	2.45182942291011	0	4.32671331133639	0	2.07925722808301	0	3.07857474675951	0	0	1.6206747272829	0	0	1.93643646681106	2.99763386131359	0	0	0	4.22807056811476	0	0	3.53936616278948	4.42982126389935	0	0	2.64366320993257	0	0	3.07598831763911	0	3.35950784806121	0	0	2.48799824230299	PRJNA1364303	VPF 34 - T2 - RYGB	fecal	T2	VPF34	RYGB	1
SRR36103332	2.92978779351618	0	0	2.3960432338698	2.52132924072378	0	0.662087550993246	0	3.95841385100836	3.11408842030129	0	3.1876786719112	0	0	3.58615820657599	0	1.85163538348768	1.42731013557279	0	0	1.72014539260239	0	0	4.21408786436818	0	1.98051780640806	0	2.42337464571247	0	1.3416050027913	0	4.31706889584732	0	0.601417659665405	0	3.44021006370796	0	0	0	0	0	0	2.89874608615591	0	1.93466055998768	0	4.15124820779895	0	0	3.58216087803447	4.4607439366099	0	0	2.50375280016498	0	0	3.30242624860913	0	3.1136882724012	0	0	3.12941340557674	PRJNA1364303	VPF 34 T3 RYGB	fecal	T3	VPF34	RYGB	1
SRR36103455	0	0	0	0	0	0	0	0	3.37734684593444	0	2.31804983394057	3.73728440440237	0.913433705084792	0	3.75203043223719	2.73212240989143	3.6733802833088	2.25916328978855	0	0	2.73660135314623	0	3.03274984318992	2.03057534288857	0	2.69382201599711	0	0	0	0	0	4.14903866650692	1.7493110516061	0	0	2.03057534288857	0	2.57220748405521	0	0	3.28037318345047	0	0	0	0	0	4.06853173104088	0	1.90805739498094	3.64240741124935	4.53881632063022	0	3.68111587205615	0	4.07910283933587	0	1.67535450869839	2.41353866984355	3.16207199062852	0	0	3.49685627215126	PRJNA1364303	VPP 35 - T1 - RYGB+ET	fecal	T1	VPP35	RYGB+ET	0
SRR36103454	0	2.01937578983139	0	2.5193012517594	1.79404817949637	0	0	0	4.45661891867054	0	0	2.48739952816302	1.91407266401067	0	3.81430968667287	0	2.41856229746638	2.04479940229382	0	0	2.78323556908859	0	0	3.82818022368597	0	2.79718266311899	1.96780715959066	2.36798942876865	0	2.10097501530069	0	4.45533232651601	0	0	0	2.96865126601321	0	2.11017583529406	0	0	0	1.33670966918756	0	0	0	0	3.18113288481249	0	0	3.30728699541926	4.44796410607285	0	0	2.73777221717348	0	0	2.27488023321025	0	3.28209033554545	0	0	3.22660393749369	PRJNA1364303	VPP 35 - T2 - RYGB+ET	fecal	T2	VPP35	RYGB+ET	1
SRR36103453	0	0.997981550318418	0	0	2.15234857014538	0	0	0	4.24927337628329	1.52930176013153	0	2.91513362195148	0	0	3.60556064421871	2.34898306146844	2.42953072281725	2.61737710367916	0	0	2.78628224522131	0	0	3.19220309553687	0	2.62971277297183	0	2.23329822086322	0	0	0	4.22033024914993	0	0	0	2.72367255787295	1.58327584186835	1.92720208293252	0	0	0	0	1.77775107715555	0	0	0	3.84665397990805	0	0	3.73263691487213	4.43233366795745	0	0	1.64616724769964	4.12509657329199	0	3.15483708940876	0	3.74691345269874	0	0	3.82562687717136	PRJNA1364303	VPP 35 - T3 - RYGB+ET	fecal	T3	VPP35	RYGB+ET	1
SRR36103413	3.00839882071664	0	0	0	3.72046083586966	0	0	0	4.72062805760169	2.67938594523779	2.03003550531714	3.53006013106933	0	0	0	0	0	1.85596590379933	0	0	0	0	0	0	0	2.70779459263297	0	0	0	3.41259191488055	0	4.36501602949224	0	0	0	2.41666840257411	0	0	2.1298663586526	0	0	0	2.289719696294	0	0	0	0	0	0	2.40103054430351	4.18900621412538	0	0	0	0	0	3.38484992947788	0	2.19422184979681	0	0	3.36742692305071	PRJNA1364303	VRM 16 - T1 - RYGB+ET	fecal	T1	VRM16	RYGB+ET	0
SRR36103412	2.45863476194449	0	0	0	2.89830308957676	0	0	0	4.12105197148289	0	2.51643784283106	3.59717959001168	0	2.49510647835632	3.11331203974548	0	0	2.69208809466768	0	0	0	0	0	3.72243644836907	0	2.5367703389727	0	0	0	3.94991531253059	0	4.58484266395617	0	0	0	0	0	0	2.8965715723015	0	0	0	0	0	2.35127703121033	0	0	0	0	3.02093841973829	4.15315300181749	1.91832689308038	0	4.20771617760389	0	0	2.38070500439645	0	3.54195996890643	0	0	2.67219122071256	PRJNA1364303	VRM 16 - T2 - RYGB+ET	fecal	T2	VRM16	RYGB+ET	1
SRR36103411	2.78280786052232	0	0	0	0	0	0	0	4.35188977977456	0	0	3.56976515673228	0	0	2.32586536986045	0	0	0	0	0	1.66962563087811	1.86673982698736	0	3.68124165844527	0	0	0	0	0	4.29752573135127	0	4.41408119613962	0	0	0	2.50398679709266	0	0	0	0	0	0	3.03009498329062	0	2.50127249722676	0	0	0	0	3.75350152956018	4.12214128010021	0	0	3.13672492836482	0	0	3.42006466960032	0	3.3934997867527	0	0	3.74286144892679	PRJNA1364303	VRM 16 - T3 - RYGB+ET	fecal	T3	VRM16	RYGB+ET	1
