"CV_rep1"	"CV_rep2"	"CV_rep3"	"CV_rep4"	"CV_rep5"	"CV_rep6"	"CV_rep7"	"CV_rep8"	"CV_rep9"	"CV_rep10"
"ERR1624539"	0.434481602915092	0.39752669216892	0.483906628060908	0.431335031087946	0.561284292696788	0.210851256054585	0.370852948769631	0.445954671447904	0.377901871045075	0.28430768900018
"ERR1624542"	0.448675344357722	0.562624580078257	0.329604578595786	0.550268128112619	0.650476063149308	0.524620901403032	0.667671141394421	0.463068296091888	0.511900495288572	0.597182143874035
"ERR1624545"	0.963279706445854	0.947986572826917	0.972004088561933	0.994987431490015	0.669913447520706	0.987369290462927	0.97433044914001	0.883879638247977	0.93614821099591	0.971130688934741
"ERR1624547"	0.62467598737669	0.520311890787586	0.52960003414992	0.597897104066638	0.613489417685551	0.721100244244982	0.603027109818339	0.502177679125302	0.761776719065842	0.462876615669995
"ERR1624549"	0.486107549780404	0.531195170971488	0.342286171532476	0.550636695536705	0.531054390231938	0.455953465907781	0.26264467839997	0.548068827711829	0.581264693132108	0.367270118117934
"ERR1624550"	0.219879400714637	0.220668414476185	0.155140437392141	0.0660584558594049	0.102789014549529	0.276333970281981	0.200703116480255	0.326534422586861	0.153922249828399	0.152609322039812
"ERR1624552"	0.710748337216442	0.819554405447769	0.693034612042551	0.643985254826609	0.803193431882454	0.734159403521655	0.750570773560102	0.679939533472431	0.834566028105533	0.800129641345837
"ERR1624553"	0.277923858012241	0.236045736376409	0.515570882726231	0.102847426916397	0.132552766784863	0.199768468071365	0.377108652799071	0.0948392770887164	0.368137340628426	0.316978713861236
"ERR1624554"	0.450177669760698	0.484643703461235	0.245497754208557	0.172231007644903	0.346202494260432	0.277620878604317	0.201480347541394	0.421198554405395	0.383771451636072	0.369710867405172
"ERR1624555"	0.248046067434952	0.388996477922304	0.430973405508042	0.202290147586227	0.35550777262063	0.301427352242251	0.350817714882682	0.283325090261371	0.487073792676298	0.47756754370108
"ERR1624556"	0.8242969224816	0.822447576710943	0.88643853671847	0.850558945099707	0.678722104739429	0.718832876619285	0.819426653762145	0.783783250841574	0.91219309982827	0.934026770836979
"ERR1624559"	0.775852312989568	0.369443633343601	0.804652854485104	0.737976803738014	0.511897222617549	0.839901435940435	0.6435198196801	0.754644202527318	0.553837435923776	0.661491260192029
"ERR1624560"	0.879423447009601	0.566274366734255	0.733301668887464	0.838824529489074	0.550269689444132	0.703426678931019	0.661080913454035	0.641199276262894	0.75449070407965	0.667671847223845
"ERR1624562"	0.720475606043264	0.853274099746798	0.828604984532781	0.801552949232395	0.731055509964607	0.675111273697881	0.805451847382398	0.674800837544371	0.873452632657465	0.781828070403752
"ERR1624564"	0.692140265889865	0.778179132437536	0.789811510815758	0.289300364864018	0.719215424722598	0.909896844639788	0.652219177936652	0.778268123156208	0.781416260604914	0.815480839927529
"ERR1624565"	0.301933172088505	0.798337110743662	0.556432834315173	0.427757599978229	0.525816461369526	0.314949776970797	0.529627439954805	0.400248452812756	0.693500105931701	0.211349017524812
"ERR1624567"	0.467823513323135	0.630304039787866	0.542360279418838	0.629480784864189	0.57079884279491	0.657275887857378	0.526101304988363	0.554816024546369	0.66820908669745	0.715426409762323
"ERR1624570"	0.353673744786662	0.293086173411912	0.335872653748026	0.551629712404402	0.286659273912372	0.375409114820328	0.590273103292987	0.430968576050031	0.344898326559462	0.390199512008008
"ERR1624536"	0.233906476941842	0.157058282402139	0.25161943100641	0.274475031884841	0.316850117438848	0.20694808094166	0.200744832344077	0.334578099848301	0.284769365281057	0.153729261296535
"ERR1624537"	0.351278229483371	0.391110585140005	0.241937497074505	0.444204182126577	0.200273218446454	0.320438567104391	0.483023680228935	0.398777827096067	0.450108256102635	0.222141047126615
"ERR1624538"	0.355005035268361	0.317184199945816	0.343839368155298	0.403353267928192	0.467715094118028	0.357896488503802	0.41231400168151	0.297454473454277	0.383917826893402	0.30762122534368
"ERR1624540"	0.32734414651871	0.523359754365318	0.389272462697682	0.443516622095466	0.569982529964955	0.181255333789414	0.511322579572782	0.526692489653839	0.495977532384803	0.428962831223939
"ERR1624541"	0.112911722902508	0.145706032565516	0.169495189803115	0.185387431948174	0.22157980981389	0.122126067812666	0.275756732951987	0.12292818156345	0.184865014863433	0.22064404516538
"ERR1624543"	0.470052158250156	0.288897329267456	0.389395605428949	0.428516046172845	0.368713548105139	0.395271662769512	0.498286986545771	0.500132327572136	0.483273411567779	0.389475451108344
"ERR1624544"	0.81557044089462	0.703435619008624	0.752929478776981	0.537396337190464	0.83644919182687	0.833442108079136	0.788470170175359	0.85769270365471	0.810428283555294	0.742944268233987
"ERR1624546"	0.488858534896004	0.495362718517721	0.30983570338637	0.367172099385443	0.663369298976873	0.531178614010869	0.299154634029084	0.730595802471972	0.457284846667958	0.426574346822764
"ERR1624548"	0.278171633707713	0.289104421771485	0.294174502944887	0.214342518913723	0.359120437993991	0.338203918545801	0.339611371227697	0.284308606410588	0.322207737242563	0.378377929123713
"ERR1624551"	0.475084795625043	0.287023589916359	0.300173932279099	0.391553401683033	0.42201046305527	0.380218189450401	0.236429311850824	0.395415451367971	0.267148018194351	0.343616998318571
"ERR1624557"	0.191857713976004	0.364494154933875	0.189051405375882	0.347328324878467	0.434999915110479	0.244283680717489	0.318669573703167	0.183633295347273	0.193037037576893	0.189549441054673
"ERR1624558"	0.855934284985131	0.599854290706654	0.867931476469955	0.856940521260772	0.781622002482084	0.798588956395321	0.850033278879936	0.791893462400382	0.951518860156565	0.796532937348272
"ERR1624561"	0.607567130074297	0.563049970652856	0.689504185953889	0.738268261108779	0.646090837635771	0.717138850251706	0.504772431536816	0.708469536328645	0.853107891040121	0.385618382006505
"ERR1624563"	0.635173516369351	0.497695128542478	0.336028710087108	0.641840439570706	0.514131573875011	0.544276482338262	0.46978850851953	0.512148123332808	0.590861868835247	0.293109414684804
"ERR1624566"	0.507538707452296	0.531032728104769	0.42711850927761	0.512095703487204	0.450066812940771	0.50994500944996	0.417439803341806	0.374304530726018	0.482720508570366	0.544262442543342
"ERR1624568"	0.15341585568018	0.179770745221088	0.210364787175327	0.184683832617438	0.200957475217546	0.242611991011919	0.134610152446813	0.175094688395148	0.124392021413056	0.155158232545066
"ERR1624569"	0.585641541109965	0.396349868256698	0.594112731811361	0.501144402052294	0.456669178378782	0.545065370609168	0.394506868191565	0.417896470148204	0.738355433685508	0.663187401689946
"ERR1624571"	0.89581768504965	0.74986663133551	0.678110423037408	0.615652738079972	0.680502607746446	0.806643934504629	0.902443448987617	0.679426015474932	0.698951485574996	0.629428447143962
"ERR1624572"	0.68301580214155	0.518716859281549	0.565628447255311	0.644451484012056	0.375862700499083	0.484766099667339	0.498954019032579	0.635946637095062	0.345751497693984	0.456355248165299
"ERR1624573"	0.619218353575352	0.546203658378904	0.628383266342791	0.822389343283456	0.819940509407127	0.590756869075288	0.673071942375208	0.715847686097444	0.584799978680528	0.943563735407541
