"CV_rep1"	"CV_rep2"	"CV_rep3"	"CV_rep4"	"CV_rep5"	"CV_rep6"	"CV_rep7"	"CV_rep8"	"CV_rep9"	"CV_rep10"
"SAMPLE-1"	0.916530612623722	0.962723233013511	0.910183186554152	0.962997032809672	0.978121258428223	0.859345128496699	0.95916213354282	0.93655766075613	0.90862466338059	0.968353551330238
"SAMPLE-2"	0.0751812921926088	0.111589026768703	0.169727589597638	0.0529866210754381	0.191460164304308	0.156618548885014	0.107859087420031	0.0436159933068899	0.0857539434222967	0.102567785636645
"SAMPLE-3"	0.996097424842497	0.997996898378187	0.998616262139819	0.990300334739591	0.998712203196458	0.991673670978257	0.982561105781159	0.995043987810507	0.996369385696436	0.98877130387835
"SAMPLE-4"	0.977206452553537	0.975564208469764	0.924458565738422	0.974080711601314	0.853590416288419	0.942059600253208	0.998104654668331	0.971310858328526	0.897461591254163	0.984672363938345
"SAMPLE-5"	0.0237350636836077	0.0937330128039064	0.0108085621268091	0.0310217605528521	0.00369146078554144	0.0666003958801951	0.157619117894671	0.00536840403023531	0.00428184100705583	0.0410574914539815
"SAMPLE-6"	0.907116713642669	0.991934193604702	0.91386023227387	0.943771511701374	0.981852887712686	0.983260540251827	0.958575038513205	0.916333587985325	0.992999773821285	0.946149176637795
"SAMPLE-7"	0.931539140395133	0.921931187712803	0.893723673190631	0.916817123051399	0.929032653096642	0.900173583594315	0.918789769964198	0.974268639989002	0.946062137227167	0.931558707883057
"SAMPLE-8"	0.00200898128607178	0.0219481626109821	0.00092871701170333	0.00730947678924018	0.00467231659380575	0.00279951757782065	0.00404408301838014	0.0148636926987201	0.0688963611330964	0.0446928698444565
"SAMPLE-9"	0.237347515013357	0.556890890762614	0.712144077241263	0.811567007821122	0.546739029163498	0.657017103377216	0.630047994275191	0.60321627113134	0.138921015607647	0.453736029744274
"SAMPLE-10"	0.354828193366541	0.794477040852898	0.918382412124089	0.855072596510348	0.908286522458625	0.759162512141859	0.766560768857356	0.544652722225235	0.737557563901311	0.796262518554381
"SAMPLE-11"	0.952246795353824	0.992285802238906	0.996864810313003	0.977438374730749	0.99640217526307	0.976523043354558	0.96579196317865	0.979186050277077	0.969308278297679	0.993998486330004
"SAMPLE-12"	0.00283341493419	0.00212337908699675	0.00339583092922256	0.00839750975330919	0.00259392420426444	0.00440966160628035	0.00355156296596421	0.0177708643874126	0.00207925376599189	0.00810951908450779
"SAMPLE-13"	0.995395357765941	0.998306875926069	0.999904895518105	0.991473373091391	0.9974253203676	0.993939785307091	0.999073432120724	0.999392545456254	0.999475959783019	0.999611282231447
"SAMPLE-14"	0.130782418986175	0.00437138246969426	0.0127383029618639	0.065851379622157	0.0911313667891161	0.0563230968676119	0.0545539078600011	0.0816359430946721	0.0389262495125587	0.0541852303814656
"SAMPLE-15"	0.313201595830469	0.51375318953043	0.428024022469542	0.0780745801586983	0.331108333932672	0.0628371717106784	0.314677612423367	0.214598134494734	0.76704651768119	0.567013561413751
"SAMPLE-16"	0.99990087317817	0.999847990354442	0.999989485809075	0.999958153277861	0.999974187369741	0.999847504152626	0.999923536051142	0.999932001655223	0.999929718173721	0.999958696132331
"SAMPLE-17"	0.999903266329888	0.999192936048069	0.999996841945564	0.999986685468573	0.99991643792968	0.999946250825685	0.999863873622417	0.999933528653424	0.999809198173707	0.99997630985092
"SAMPLE-18"	0.043010186232234	0.218239684244863	0.185766803815233	0.0356802934093837	0.133469668784726	0.0131132435324122	0.163514146069057	0.172764166236383	0.126030727250975	0.00771834104566089
"SAMPLE-19"	0.964710913109096	0.973638921999116	0.965772557465863	0.957028699312183	0.992694556413413	0.973256721818011	0.974689942852905	0.959738167734326	0.983424779845864	0.991893588338954
"SAMPLE-20"	0.877077816760122	0.69760095078498	0.634419405672203	0.926441435627705	0.92975989975903	0.888928694544051	0.752650539211125	0.932447766384638	0.908897125758362	0.939762961978433
"SAMPLE-21"	0.0503800646946608	0.0128043445646251	0.00986391871946314	0.0290493645861198	0.0777472563825511	0.0222777378420747	0.0826738471798045	0.0985347628646016	0.163964899370962	0.0493176015302553
"SAMPLE-22"	0.977216256861553	0.938783237213675	0.967219721855193	0.876764712441259	0.895557508763746	0.99477373813576	0.964095131164041	0.986637494734189	0.960884519901976	0.981721169365662
"SAMPLE-23"	0.517511388348134	0.148156470852614	0.0688097960757803	0.0985734653746351	0.234606043474234	0.17282176329389	0.234488590611289	0.3223544362721	0.399493438132679	0.32476260139458
"SAMPLE-24"	0.0306123659116162	0.0098366595075264	0.0116169937393137	0.0124241667861351	0.0195520373849211	0.00405672922144712	0.00537995793247584	0.00969905151356783	0.00243459426455875	0.0163352151291946
"SAMPLE-25"	0.00712604728062117	0.00291800158795942	0.0155801182915775	0.00701882759096303	0.00643894122644009	0.00748964144845995	0.040103518970737	0.0122873041994264	0.0109605253017076	0.0103516890405588
"SAMPLE-26"	0.993816653475274	0.986958728189302	0.994969010912403	0.948283520526767	0.998534389398718	0.964706209718077	0.986086801888267	0.970925085043354	0.729707555025469	0.940444316774714
"SAMPLE-27"	0.996856383153448	0.999001124541366	0.99981908916961	0.96671920652881	0.9975466569384	0.996661140854824	0.999850260182973	0.993913722492255	0.99833592415446	0.979147034946253
"SAMPLE-28"	0.9933369933689	0.864444927937017	0.906708331946491	0.823974462436957	0.871893543934807	0.765371288154527	0.887001704136943	0.743576923273709	0.47421226502731	0.930814951958824
"SAMPLE-29"	0.998263725854895	0.734755103256571	0.350727779349411	0.912778818294287	0.940252681855677	0.957607794250638	0.759349529294489	0.994277020820824	0.978192210171554	0.9663251759178
"SAMPLE-30"	0.137379055498683	0.0549384988476037	0.0235521909600939	0.0116410858684265	0.0544471196613824	0.120746242873665	0.00862549420458477	0.133108777026409	0.0580670593374081	0.035038251117525
"SAMPLE-31"	0.00633226114942442	0.000273606597586866	0.00242377664703291	0.00914069637107492	0.0101985172227933	0.00476108184171144	0.000992990401279508	0.00245851891242064	0.0183290921618742	0.00591932012385484
"SAMPLE-32"	0.9976045358733	0.997558015723527	0.996923368487999	0.999677257243816	0.999623539645198	0.99984486390486	0.999231475944407	0.994564305108743	0.992200943912718	0.989291895182882
"SAMPLE-33"	0.00625145380057779	0.0147804048527982	0.00715135260420098	0.00980450610027058	0.039833232140022	0.00172194145649362	0.0404181988697433	0.00684297986394792	0.0172746161032214	0.0244255888237018
"SAMPLE-34"	0.0444996222568182	0.00952683485317555	0.0117196182869051	0.00928197176027216	0.00589676921821014	0.0128942715090845	0.0183022052878494	0.00243722895587292	0.0130150452404095	0.012271490401351
"SAMPLE-35"	0.963865007321703	0.994994776161294	0.947087491418024	0.97161916267029	0.992976718087165	0.987573822141097	0.973515794752429	0.996586308682501	0.981381786479541	0.984353798393654
"SAMPLE-36"	0.00488964493725889	0.00244771144741718	0.00257455371761806	0.0260788322871523	0.0108255666016904	0.00345472270516198	0.0146278057403363	0.0250413563765919	0.0111630312355794	0.00580747103930634
"SAMPLE-37"	0.0740375061357381	0.1429446341081	0.282894842646129	0.15039886388237	0.143556922534561	0.0684905197367459	0.370527122424044	0.0455908402420613	0.158438989988092	0.292057053305046
"SAMPLE-38"	0.126438581368737	0.356358868328683	0.848307634484426	0.523635511995619	0.263779530025269	0.226256590187396	0.632627126676427	0.278149497795045	0.101978382435573	0.179518380364795
"SAMPLE-39"	0.997343710380705	0.996067047348955	0.999721656312352	0.994008632430595	0.999731452013529	0.998855122716464	0.99951200533473	0.998864665412079	0.997905773127495	0.994350275957584
"SAMPLE-40"	0.0017661247320481	0.000742859570847625	0.00308110035278615	0.00689173969419612	1.55208578440398e-05	0.00180398160743754	0.00613790029288776	0.00802272093384012	0.00363350952453635	0.00151073048966236
"SAMPLE-41"	0.000374625673467472	0.00104787593131747	0.000553088052905973	0.00172858578147251	0.00245109479131194	0.00117893695439531	0.00104228143422322	0.00293042034546949	0.0424659734036151	0.000577816211816381
"SAMPLE-42"	0.0357742208094808	0.749328681609024	0.656132994444671	0.0724960882658946	0.173179665935941	0.12103522042152	0.08268719242708	0.525757865886447	0.037994086818586	0.0195214728057221
"SAMPLE-43"	0.0138258137990373	0.00918422651249392	0.029565546219823	0.0228098140914903	0.016435592661392	0.046866937584371	0.0216624801702221	0.0157705165291164	0.00842147088029938	0.0600108888658425
"SAMPLE-44"	0.999836002821189	0.999602986571154	0.998006445579004	0.995820853672369	0.999439177279671	0.997792292231884	0.994383702732368	0.999737270751479	0.998592162346857	0.999307459240135
"SAMPLE-45"	0.779958873637257	0.970214248809686	0.821011846005146	0.923277191217395	0.973828939513128	0.89452515929997	0.967724340103226	0.881996288419245	0.931861791355369	0.883193571988865
"SAMPLE-46"	0.0358378528479721	0.0895901111260974	0.294741859144597	0.0778695177343336	0.00250464514629902	0.0126999348876542	0.108893039360872	0.0368645255109205	0.0280125456357798	0.0261840956215348
"SAMPLE-47"	0.126265482148124	0.342891157554788	0.181572189005639	0.112145678776993	0.124479940306585	0.247813270957709	0.0770832090123127	0.219099060128831	0.173265987670961	0.331943907925653
"SAMPLE-48"	0.992832734114492	0.997755772949983	0.996336256500647	0.993864482292555	0.989723502389447	0.991225149602096	0.995589917075277	0.98847362912337	0.994724849406094	0.996625035266681
"SAMPLE-49"	0.269468440872184	0.110089278612133	0.0534037813120249	0.240689782877449	0.187313737329437	0.111811044333053	0.113557276776688	0.120635666030476	0.0502893106766698	0.167172821011543
"SAMPLE-50"	0.951029783957322	0.954990306928031	0.968555334834517	0.961922990808754	0.995676804962543	0.935617144429176	0.907567491879188	0.92078971955978	0.936115068115055	0.914902614725636
"SAMPLE-51"	0.997063314809114	0.999880361139127	0.997429467624104	0.999835622205969	0.990862757882909	0.992915573537456	0.999180091759744	0.998314737788111	0.990990972136179	0.99625872168501
"SAMPLE-52"	0.0713194562561237	0.0115042411476776	0.0506478889323424	0.00418818619048649	0.0343392767320628	0.0262742836663928	0.0112490699743511	0.0273037062399025	0.0307166140987525	0.0108563022636006
"SAMPLE-53"	0.251298842575911	0.330564613805143	0.0810130426165771	0.0455327742314305	0.056479784628207	0.0763278930518416	0.0651586759110627	0.138416963103408	0.25136190143331	0.525732714443099
"SAMPLE-54"	0.00540640695004522	0.0019081375424094	0.00354503153621519	0.00444148866675277	0.010996310346138	0.0143321517380803	0.00168022059912536	0.0172788137772125	0.0152077240011931	0.00282486203926934
"SAMPLE-55"	3.65125152897726e-05	0.00107340892194047	3.7566514252669e-06	5.26671174038041e-05	0.00302251758195296	1.3658434703182e-05	0.000173543869643801	6.37815261102022e-05	0.000631547948380526	0.000573357763292218
"SAMPLE-56"	0.999982897303087	0.99999822382903	0.999984632610963	0.999942864894707	0.999990560360498	0.999956954012322	0.999869796248135	0.999982120000205	0.999958279758063	0.99998988788318
"SAMPLE-57"	0.927044624745492	0.70873680668056	0.614656779614223	0.703706731372196	0.382649180949676	0.7080976852919	0.287058463603373	0.701821708301756	0.716673143868568	0.370760603285239
"SAMPLE-58"	0.998510259668707	0.995864348126448	0.99545886499576	0.984734907061143	0.997166333867139	0.995030402158069	0.990673479555769	0.998345173045333	0.997368960551912	0.997016588405948
"SAMPLE-59"	0.00767241266880126	0.00182045417301664	0.003673259398082	0.0019202771935205	0.00250526255742421	0.00126945004678592	0.000541090397873681	0.00164271604454503	0.00502821318215688	0.00253534376218008
"SAMPLE-60"	0.000371733411487095	0.000344597170882346	0.00142982938469212	0.000546608835429467	0.00233723997578316	0.000775257604464549	0.000215371161144918	0.000925761182703417	0.000560826797068176	0.00104764145107764
"SAMPLE-61"	0.953399098703313	0.998942846590394	0.996904581920751	0.974269037553932	0.946353833281257	0.972911759732268	0.971148670389609	0.99197392558356	0.966677047377581	0.94588910360497
"SRR5865065"	0.999154097032529	0.992999390975173	0.998215652583583	0.998071004548385	0.997737937138558	0.99911165662858	0.993399633453161	0.998382332837205	0.994715191442135	0.999060154808427
"SRR5865066"	0.987114604856019	0.994302989650741	0.959403819421217	0.989531851140196	0.998952129214655	0.98947553175502	0.962484864261109	0.998075955443348	0.998125731149933	0.995310896035373
"SRR5865067"	0.0154616859526161	0.0408998304122715	0.00183948443916287	0.0975436971477187	0.0525227784932531	0.0446543446966218	0.0399163730907121	0.0294850987408146	0.0356576986576645	0.0529244537871511
"SRR5865068"	0.993958740175715	0.993587361447277	0.995513101304883	0.990826043074347	0.983184647979907	0.976026469615475	0.99839778264502	0.994913752693154	0.977336830008147	0.954835307973092
"SRR5865069"	0.11946474838642	0.139254345591132	0.227014238271233	0.247369904236946	0.210522332640288	0.302506846510226	0.117127492297707	0.108970941492114	0.244392177918404	0.128004287334711
"SRR5865070"	0.302216431971144	0.148487192265933	0.198520617328458	0.108126370276887	0.23882833093073	0.248844347595621	0.0525671189531971	0.159134961681315	0.223469848717033	0.21340185910388
"SRR5865071"	0.92857566274829	0.95011270358744	0.995061203146845	0.979233940290062	0.997120372615224	0.990808694933616	0.960521896184725	0.964772256033616	0.879957654739777	0.995444672952461
"SRR5865072"	0.0595241715455929	0.101283850415308	0.108982878741869	0.0516176160317974	0.102646586189327	0.170674619536526	0.0507244031578634	0.0629204161831726	0.0997162874461983	0.0418740018737184
"SRR5865073"	0.938450686610823	0.789759606768507	0.791252863308587	0.779991165597236	0.824966162997997	0.911937336883859	0.912229210001943	0.940054985277357	0.90757086709945	0.800528277409062
"SRR5865074"	0.948742804460553	0.895763800314832	0.841900691816308	0.927951163698671	0.817474971387696	0.987537319835637	0.855406622714076	0.930276818516363	0.902323293394064	0.950881930651633
"SRR5865075"	0.984255658455846	0.976208208716668	0.980702125007271	0.981496806097041	0.837795723833507	0.969521871934732	0.843504613198539	0.948401489524925	0.951569562110542	0.980272884101014
"SRR5865077"	0.205047031628119	0.494578771389777	0.236089910972805	0.43538347066153	0.0900855126087265	0.215502235680706	0.274142780597147	0.261618359654884	0.507054796607746	0.274924030852527
"SRR5865085"	0.679731032310994	0.828782318990714	0.823782697322607	0.874685395587881	0.747597521099882	0.952850666222271	0.902982550241069	0.812873990178591	0.918790695928906	0.860978567960617
"SRR5865086"	0.660381222348945	0.770701636539481	0.729642307032378	0.84498943443156	0.693228456902488	0.594630447540947	0.811933638063307	0.941099685570639	0.779648200558861	0.753617392239574
"SRR5865087"	0.853637560566338	0.780495964263092	0.688032509163422	0.892030982669374	0.929588900842294	0.808111608415786	0.796338908113543	0.95586943822888	0.846614543716395	0.711465430548516
"SRR5865096"	0.996603216688562	0.999912748227444	0.998329055282155	0.998981526247748	0.999507138477091	0.99707613730898	0.996199944022093	0.995163785497839	0.998494600513346	0.99841280184069
"SRR5865097"	0.846951407887537	0.749571029617792	0.795378071428202	0.728741069644927	0.967005298761412	0.739661444910942	0.879444757925168	0.950404176315211	0.870435833362819	0.815994498094347
"SRR5865098"	0.949377281245206	0.926648408883865	0.847530519398263	0.977403995218838	0.973635297759686	0.95054086866025	0.96998480234332	0.948066184107899	0.967005828869384	0.949727528883545
"SRR5865110"	0.275202335765848	0.179653830337511	0.237701256653188	0.12759842627366	0.142120763921012	0.104976156821961	0.200827941898935	0.267583390351956	0.171936513980255	0.189398724772499
"SRR5865111"	0.0821920057163967	0.0523813742545201	0.0257074337713213	0.0266896613011667	0.0526843367513117	0.0371017728937768	0.0490870578686038	0.0243088795340952	0.0340505002445811	0.0669708688350413
"SRR5865112"	0.992926475650552	0.997771745151401	0.993963510832502	0.987389313628127	0.994243792768143	0.996831926199012	0.997316849107551	0.989601607036809	0.996690526411639	0.998413495212305
"SRR5865114"	0.00623103596791219	0.0509801519566198	0.00924888315998013	0.0164296433104238	0.0183649181738773	0.0247981075852556	0.0350126885551099	0.0462697555649212	0.0106001015044706	0.00817211373307546
"SRR5865115"	0.996909780985175	0.998991420397034	0.998569606426578	0.921295319026719	0.999760452371232	0.893739667151008	0.90996675915898	0.962798977767893	0.998923247891275	0.959317374357821
"SRR5865116"	0.998090099303097	0.998032354685864	0.997230710034062	0.99937472859709	0.995247736929849	0.999028244405812	0.999833771965926	0.998021757756613	0.996826531018229	0.998526641686367
"SRR5865120"	0.165365435578154	0.399868632459573	0.00834272820263562	0.0386766183811254	0.0952793509089549	0.154394333964113	0.299499262245075	0.122262492899792	0.053376148550305	0.0574095053661731
"SRR5865121"	0.217142679727655	0.248102609679437	0.159431849037262	0.395543300712892	0.157188684746802	0.0572333604926839	0.236431713231816	0.204682294286142	0.202252468886149	0.242503441613982
"SRR5865122"	0.99257647354992	0.977959281122536	0.959789815152435	0.981594988557156	0.991812305769299	0.994566753375304	0.960063548236206	0.9923863076363	0.462003150815447	0.990246047147949
"SRR5865123"	0.609575556891608	0.516960195941415	0.604003637293108	0.721565394065322	0.731126036294179	0.506684360388085	0.639489126619228	0.650672542112204	0.274576586692446	0.754416129703732
"SRR5865124"	0.525373538185831	0.527062348616446	0.408172084165149	0.280761708235085	0.339442954395655	0.402028707619291	0.180441387132439	0.590944822930745	0.25248372661026	0.195097861746417
"SRR5865125"	0.927852998936503	0.920379591205001	0.969095240257031	0.9776341108087	0.970532922439812	0.837828192638729	0.975780672523404	0.981695427219582	0.984155827123855	0.94818912610161
"SRR5865126"	0.978988701193706	0.889870778252999	0.87855889062269	0.993355614994369	0.994718064952815	0.639716422236236	0.930874974744251	0.964688026004834	0.828842416641001	0.885862087625736
"SRR5865127"	0.357744406518353	0.726123692769761	0.733079618712955	0.518437136476893	0.902059078154003	0.549226777132457	0.70951250739402	0.561078743026037	0.697103265429282	0.913727196325407
"SRR5865128"	0.0763276661667376	0.178630408720862	0.319673802273348	0.0602408078236529	0.412490552135529	0.339914161699291	0.0706451875265185	0.428460922376355	0.155652544276749	0.0565076270416466
"SRR5865129"	0.0279557685461173	0.0310387027713866	0.0657515401002034	0.0458124971508981	0.00301302521541779	0.109343692709187	0.0164056280270746	0.0887967664399606	0.0165055729736043	0.102725920983986
"SRR5865130"	0.0391634292148832	0.0595086811732285	0.0215577418628363	0.0109113243245457	0.07395413548948	0.0580327333755804	0.0698624156715707	0.067431819640356	0.0742068699497165	0.136184214676953
"SRR5865078"	0.994576746404889	0.993148302706498	0.996832627192136	0.996251916601561	0.998585651894188	0.996257795818131	0.996956546347571	0.996573207095317	0.991862344233922	0.995091305883521
"SRR5865079"	0.988347862556737	0.996540403265869	0.992059501172446	0.876627021062694	0.978570841302653	0.98461191937291	0.995515010539491	0.970021687422187	0.997227112221259	0.99768053433635
"SRR5865080"	0.594281739264979	0.322650413367517	0.650729164460787	0.765918552218964	0.733790230936707	0.465743440179031	0.223344165068005	0.82017598116049	0.599241416103409	0.223837062222435
"SRR5865081"	0.00498282594843632	0.00577271153918537	0.00771195445213142	0.0466594614750036	0.00173479034296297	0.0174911576870331	0.00144494019210509	0.00715475217728188	0.0153183244093733	0.0155812083232795
"SRR5865082"	0.999304596570346	0.999959226452098	0.99778795379798	0.997733457069901	0.998384530921631	0.998371584617364	0.999788073298267	0.99836813095583	0.999263307526278	0.999540869502502
"SRR5865083"	0.957853164423623	0.94203738685695	0.967116009636493	0.949522127508409	0.957644740136192	0.959830742646593	0.937867083186282	0.967273920263228	0.969142084610702	0.945678793657382
"SRR5865084"	0.357013063569492	0.622508340082323	0.75500079781764	0.896291980330523	0.846694962232318	0.51091085781639	0.325384037746259	0.801201587623395	0.262767286806882	0.631806752582657
"SRR5865088"	0.596910922698627	0.510890545936601	0.427365410339167	0.773085925943464	0.872622841213842	0.526667229862377	0.609112910704765	0.739506458090057	0.392042881332147	0.653022766759716
"SRR5865090"	0.716899756505787	0.606321930680791	0.408728501274494	0.825875762577819	0.531814890770518	0.5199109451705	0.687332805241332	0.555126822665283	0.605642711457127	0.69166841779079
"SRR5865091"	0.826967350811683	0.89092063745253	0.88679044436506	0.699228288371942	0.690078651834293	0.970838074275118	0.737964314964997	0.768973942006716	0.845290048849945	0.917634621944592
"SRR5865092"	0.998743509777369	0.999748425734818	0.992910031910871	0.996927682990183	0.999525132733066	0.999686784505041	0.996914731585729	0.998714639054416	0.998328677867548	0.999592556505442
"SRR5865093"	0.98747945813666	0.972629289265413	0.999617780596336	0.987604248757988	0.982016617411599	0.972671164197411	0.944308674698934	0.988322781297901	0.986243710004936	0.980331509687334
"SRR5865094"	0.938729868586102	0.910478627062469	0.933154119945241	0.980696111896411	0.877975967112782	0.920137082867459	0.858897802197637	0.931657503992975	0.929435391047707	0.78987606337226
"SRR5865095"	0.71281431325664	0.871429050802016	0.965156002971224	0.861860013728225	0.843511311551578	0.872860810349229	0.672103929613912	0.813909688456696	0.824655706058326	0.668073374082455
"SRR5865099"	0.976513152098742	0.982770321428226	0.934554444606476	0.9707871335967	0.963901371712925	0.966145291256879	0.990134911138325	0.883903298395793	0.945031754439605	0.936012611637564
"SRR5865100"	0.502513623155064	0.739198521654319	0.293163582596322	0.367909876410739	0.637803386402849	0.633759770922316	0.699125384592928	0.606429087162749	0.650326566295566	0.643369133991599
"SRR5865101"	0.990470269440211	0.981806081636839	0.989330942850934	0.988011429799882	0.946330420936549	0.994054255608389	0.993018548353288	0.979668290464436	0.99013299895296	0.970510442679547
"SRR5865102"	0.116919873464725	0.063762101625543	0.10137814055529	0.117845543414823	0.0661448609859031	0.0883900597996049	0.0948972337843684	0.105112824665159	0.013731425931275	0.0151213022925889
"SRR5865103"	0.631431099623793	0.987668876665501	0.0790034792261772	0.871553240825897	0.9426134463615	0.892889934579186	0.977973759794708	0.985191384016633	0.0344386414536265	0.923790835924122
"SRR5865104"	0.948900006743031	0.954400320869852	0.99179180898825	0.981409700587559	0.960115559689298	0.961559566211557	0.963876328858839	0.986036870864347	0.93166643899247	0.960681504883056
"SRR5865105"	0.156306565535638	0.216952944202982	0.210689705474671	0.305113881319881	0.179233203434173	0.175941620553334	0.165194342476628	0.377084965422981	0.236091244880593	0.162973301687333
"SRR5865107"	0.998867483593406	0.992986485380182	0.989896489909782	0.983135636651652	0.997632200655539	0.99612694878893	0.992325389236735	0.995526511935851	0.995860085061027	0.997626240547321
"SRR5865108"	0.931309760447351	0.995028267413875	0.923711860076439	0.946758089419732	0.906046808677371	0.917067999139799	0.773532149559726	0.897888110302699	0.960848613179555	0.980189273462912
"SRR5865109"	0.581618988120399	0.854364913112239	0.679991717874438	0.846868191628515	0.874015025160135	0.932009306195842	0.947725759949316	0.888596557138705	0.856335276362012	0.712988659102881
"SRR5865117"	0.147103624093267	0.119627502535041	0.0676437953268982	0.117085179645935	0.0954295628637978	0.13546736282126	0.149802590695989	0.127446612176963	0.198016030312045	0.269769136302342
"SRR5865118"	0.834380872300908	0.883290700135338	0.920285934281704	0.857278817514028	0.584328780424848	0.885768400992451	0.92046275969925	0.912854806493573	0.951805886775338	0.843499945566267
"SRR5865119"	0.631610671098508	0.401043706027541	0.339190473075476	0.497914135721324	0.535785431633442	0.565398138826493	0.432753614411876	0.394580569148602	0.407429833072101	0.74363418303104
"SRR5865131"	0.857728423049406	0.863601157520153	0.990317988054592	0.631868494330837	0.860241204464421	0.869061234597759	0.806186236889173	0.9015700593962	0.877159758122995	0.832500163671515
"SRR5865132"	0.988285165314648	0.990865881619616	0.98217904585349	0.992941199324928	0.983936252916115	0.988329535526567	0.981641460433432	0.96740847292393	0.974594640646559	0.984496657038988
"SRR5865133"	0.0823653955733657	0.0177497683202402	0.0855354095771241	0.0794513659708883	0.0558453395030191	0.0862619551050398	0.0493306895939572	0.0693283305536392	0.00695694461196106	0.138837273921526
"SRR5865134"	0.687082679606927	0.345611445606198	0.244364387951564	0.0972761774632546	0.241195123344617	0.051265805711857	0.251861217461917	0.325396257350272	0.588009780371922	0.445910102414904
"SRR5865135"	0.0286094259111538	0.00491848695935497	0.0444523216612084	0.00841575169098792	0.0435170543362731	0.0550724694336069	0.0850665559756532	0.0389400273141863	0.1073188264584	0.0460596801762682
"SRR11292125"	0.699524609041407	0.824533654505456	0.906889831190418	0.339146405773154	0.992655195429269	0.899455514240113	0.883878892307564	0.971760877065423	0.876136074195819	0.958018247155829
"SRR11292126"	0.906328550006106	0.931797923127701	0.987833542798744	0.973160086665255	0.955765893266809	0.979946392130598	0.996163653462979	0.927098805207737	0.993077026017382	0.895149775435612
"SRR11292127"	0.120336342755369	0.107120032072708	0.114045377421752	0.235571629151856	0.245885193325077	0.0996092893617318	0.159808102475214	0.0526254646120507	0.0239914435889694	0.220583345504012
"SRR11292131"	0.992119575430902	0.999583375563638	0.99145116613446	0.985236178976508	0.993109770126623	0.996201375827	0.998154683349624	0.992229989458393	0.98740377862828	0.993721926405596
"SRR11292132"	0.0143755375806976	0.0106196206649317	0.034557833668723	0.019394896570318	0.00904689219584325	0.0179027750277456	0.0232906683813096	0.0186584348507834	0.0278707210183304	0.0447216519572818
"SRR11292136"	0.0160720179903977	0.00488511267943332	0.00725991278377715	0.00813196063672648	0.0104348841099622	0.00968849788111788	0.019216343828516	0.0284779100692466	0.00724864576125021	0.0065503654987328
"SRR11292137"	0.699288312861812	0.442146425710138	0.474378723097093	0.786273030879396	0.236265686729132	0.660300900304695	0.608593081692824	0.541507814735535	0.67131794156678	0.776876724438963
"SRR11292138"	0.778153193967036	0.00987688448022052	0.0329106797934057	0.693065328814033	0.747377841172999	0.609717087946061	0.796336429617532	0.576075369953599	0.716348927446292	0.638603768205649
"SRR11292140"	0.417558138867776	0.344279241611303	0.192037527473908	0.0204393257154251	0.189858995635504	0.0428104156754501	0.127785442958249	0.403646915467139	0.348402059371673	0.2696788941951
"SRR11292141"	0.514511541192725	0.645907339429963	0.781075802042044	0.503409587652714	0.628157235969461	0.7022149762603	0.812436534124119	0.570662619266922	0.862856705894702	0.737650828359857
"SRR11292142"	0.0512717370286516	0.221529906145926	0.00588663893991708	0.473582997034887	0.226124504034102	0.273204821827904	0.087142776774425	0.130250448656399	0.150919919069711	0.333376951321772
"SRR11292143"	0.0886494832558006	0.0923462332165152	0.0264360695242126	0.343678573060449	0.1253330282369	0.263281404667378	0.0726993300567645	0.094495347729615	0.285928732141131	0.133295811324404
"SRR11292144"	0.141018480942065	0.0401282755773268	0.054017454532937	0.0210802048706074	0.0165623176979344	0.0329893271458556	0.049382073270977	0.0564966467758393	0.0348913734801044	0.062772595553018
"SRR11292145"	0.670496787771743	0.505131361100287	0.265011087371742	0.356480220541683	0.820615107286132	0.717071210213792	0.623694427319288	0.479494488396198	0.561844987595209	0.585624628250347
"SRR11292146"	0.839324922085527	0.906701570294341	0.938335409635299	0.957476421166829	0.835834439848982	0.900240934997067	0.882649182017234	0.970470308566117	0.742323605946835	0.886761464089856
"SRR11292147"	0.846638717086304	0.954250658924969	0.89675562322134	0.944289084086608	0.951990739349341	0.814707552136681	0.986374266392243	0.927552609635764	0.921206482126648	0.97059946020502
"SRR11292148"	0.911926825280164	0.991144167566715	0.937341211865712	0.835514397487774	0.648418231951818	0.888856747376881	0.883870497333131	0.969937903809008	0.937580895206297	0.875859419976844
"SRR11292129"	0.934925678582682	0.937917836800242	0.981766480085135	0.990250345877116	0.918466300175638	0.979223417750809	0.956837069020792	0.985798583721128	0.972459853724655	0.989618652462681
"SRR11292130"	0.896529438206817	0.885990571953806	0.931132694788678	0.876357017348019	0.87243194660553	0.950175031529813	0.854195145999144	0.925072259857351	0.899032196062413	0.927036368564486
"SRR11292133"	0.977113445292041	0.992527508326149	0.966591788502747	0.962597848602143	0.988681309957318	0.945246598732431	0.991829755649593	0.954002433162975	0.986476503909089	0.987621086081751
"SRR11292134"	0.103087406278813	0.0968066329572931	0.0935695252680848	0.0555293528678071	0.103767319890678	0.0349573984583026	0.0371443436666221	0.0336997855633296	0.00174382821940062	0.31868711969176
"SRR11292135"	0.0081332849991001	0.00565390813597583	0.00118061360518433	0.0166174955774852	0.000204053863198166	0.00435078903554525	0.0167034080158537	0.00368024684431428	0.00673022693063354	0.00311916566400531
"SRR36103410"	0.301179274822669	0.332591889665895	0.411667066613374	0.303897921215794	0.100083475109376	0.148658291161346	0.230870441420886	0.129499772934882	0.50474216769389	0.295044177019085
"SRR36103409"	0.89438693030596	0.982316529803241	0.879683089079723	0.96145143612293	0.97639838056169	0.804364764728223	0.860108685461858	0.964369139006286	0.873884790539334	0.916381216387448
"SRR36103388"	0.993267764411203	0.995052090323084	0.999285830498205	0.994831829186445	0.999283936475144	0.993464051696837	0.99691496922774	0.9988440838791	0.995568469126143	0.998489062630951
"SRR36103348"	0.144762036569936	0.0789345526448957	0.0317285370199706	0.146843947363253	0.267605735213614	0.0479721668897603	0.0915453225025553	0.282072021750789	0.156957761480014	0.0795933833862139
"SRR36103347"	0.999425781785291	0.999118730904728	0.999913349533938	0.998728059782947	0.999902257241241	0.999993702733653	0.999898319459236	0.999831313113918	0.999994413996648	0.999956000065829
"SRR36103352"	0.00674973297236906	0.00228935179634634	0.000994305843052994	0.0160626205250903	0.0241262216978043	0.0013803546559347	0.0196538292886436	0.00134825187372677	0.0140866929060758	0.00109825607543711
"SRR36103351"	0.670050621562305	0.774615342959632	0.854725486709823	0.521247707275354	0.848682156606969	0.819220674353853	0.823904059715141	0.887567702489511	0.885991254351442	0.856169826069287
"SRR36103339"	0.807941425488841	0.70896050720404	0.851137470026711	0.610791964156138	0.786305039556946	0.823320193025664	0.731911753772001	0.358084127233502	0.705378802377392	0.811792012705984
"SRR36103338"	0.985045697770944	0.991281059315878	0.969349325535116	0.991117141636511	0.998126621495175	0.997582198700369	0.636768730126833	0.99671341923093	0.986654932992487	0.957897409822236
"SRR36103337"	0.994991046419893	0.978012231071716	0.997794423817807	0.991985107288284	0.999091274536886	0.996762602294639	0.998290507642769	0.998501840419343	0.997882222396983	0.998581980102634
"SRR36103344"	0.0240603506659798	0.46069770499108	0.0633535640897216	0.0508047023775215	0.11642419327984	0.0352424257762397	0.018727453276303	0.0712137755593734	0.188171769544673	0.0605512278654314
"SRR36103343"	0.997486547494302	0.994630389898948	0.988283647524975	0.99653157507139	0.998655569275122	0.996034861968396	0.995691163428671	0.989194098840775	0.998872724264912	0.994422759884118
"SRR36103444"	0.447954153408304	0.895958838942487	0.580353227979309	0.615513036360437	0.86474649705926	0.966043591907415	0.928427892806093	0.623219528499228	0.786369774834603	0.796138117635933
"SRR36103389"	0.0245030831582377	0.0194253543213637	0.0880604306172009	0.0812895757558188	0.0394084671786195	0.0852410967796533	0.0927509676982106	0.00955155626599933	0.044255379841091	0.0118154624838661
"SRR36103390"	0.956091568146115	0.847123217764925	0.899805378228846	0.948694867162173	0.940609089088596	0.89450098564263	0.939114934950741	0.960308385275095	0.979080078964763	0.942958042408046
"SRR36103407"	0.998651599689799	0.993402968980327	0.999271378725443	0.986157168418184	0.995662538180192	0.992957531899995	0.999087889130547	0.994088087679715	0.992146663385569	0.989543601413698
"SRR36103459"	0.0284286379059782	0.100094555661235	0.116229788601063	0.130939573718396	0.208710025857653	0.232348394797791	0.0451461856656018	0.17329286139916	0.0207058898066905	0.138359100994697
"SRR36103458"	0.975984179645768	0.987207439582785	0.993631147340823	0.992731361095923	0.987636952553251	0.990000336655636	0.995057831896782	0.987084976058977	0.969503148164617	0.962658293619205
"SRR36103456"	0.775819289817418	0.611643839413137	0.680675023990986	0.812283566848864	0.739577323369442	0.797763968948507	0.894784104727011	0.765314153162244	0.711033772239375	0.903573228630243
"SRR36103397"	0.539482849986296	0.137139518327482	0.238936245806468	0.0907456627869616	0.240789435455966	0.169053369414631	0.114464796312232	0.125989716168009	0.0905327596490013	0.22848041970545
"SRR36103398"	0.615866085715678	0.586478372672574	0.755488215477781	0.803294056877788	0.970632538626998	0.717423546813458	0.762917632654493	0.723662153534473	0.735693441326899	0.798879378381631
"SRR36103399"	0.122388044040369	0.0553648251065487	0.0619230162723329	0.101679718952169	0.22786430936616	0.0850581854982775	0.171418034259395	0.0135462271598435	0.0324025459366717	0.059689658082793
"SRR36103462"	0.0127612011841243	0.091546381498539	0.126274208329236	0.0774973207963721	0.167184602502226	0.0472690614361382	0.119091973344798	0.0497639962801959	0.056188333483249	0.0723395486196507
"SRR36103461"	0.908215983191503	0.918880950393424	0.938376212594181	0.894109274019511	0.930413959005227	0.967126926333355	0.979237985736361	0.963950483640356	0.914204976468136	0.952858274651121
"SRR36103460"	0.9897307025541	0.992377259920992	0.961429581971871	0.999587926882279	0.981651270153249	0.98808852533746	0.994169696594687	0.992210358738062	0.975124944630691	0.976799160977673
"SRR36103400"	0.562650227093265	0.838810082791545	0.80379374975716	0.705980706637511	0.702785442685784	0.666638617113262	0.788509255396655	0.549983592993036	0.86727240918059	0.691595210939803
"SRR36103401"	0.978437959629483	0.999146965123316	0.988413148304695	0.995763887213326	0.997861351798665	0.996695899728609	0.993992752571785	0.957249645018772	0.997108088833342	0.986311732057527
"SRR36103402"	0.999061469703339	0.999378741922764	0.997848871559418	0.99335920778363	0.997859813002916	0.999076188143671	0.999814860904783	0.998904560193133	0.996587497131102	0.995770132469036
"SRR36103350"	0.0801327009474989	0.0706977602827923	0.0559745648701786	0.151617722281826	0.0766262812237507	0.302036667687555	0.0848486381935173	0.0704788409003097	0.0336117587641052	0.0507158335094534
"SRR36103349"	0.99960537244436	0.999970545203896	0.999731047222827	0.999489341556004	0.999430348629003	0.999353229053958	0.999953918700677	0.999511286390371	0.998503526868913	0.999325004069879
"SRR36103447"	0.0346561918335007	0.0215327592721513	0.0391588898130776	0.0586638248003589	0.0129675702132695	0.0298225468137273	0.0151630055446981	0.0210708806614361	0.0158316714725143	0.031110983071672
"SRR36103446"	0.999972156817623	0.999276891964358	0.999987893587474	0.999977311484233	0.999926563213807	0.999460828203716	0.999973491016635	0.999873849136137	0.999886630729505	0.998895767058245
"SRR36103463"	0.994204282583241	0.99086244819269	0.997924442621764	0.995053320230362	0.990809244648566	0.996735751215331	0.991780095190923	0.988408512722955	0.998246032791628	0.997102308278395
"SRR36103346"	0.265902104349234	0.291406885597174	0.212286307148643	0.410357714924184	0.289685461412919	0.173238461942666	0.121616816281607	0.172840926125043	0.365118783677911	0.299876803872784
"SRR36103297"	0.952849813690045	0.893067115239637	0.91012518400899	0.812929711341967	0.783711249593921	0.931246000518007	0.78274905390005	0.925745794016568	0.937605123215202	0.877547021235472
"SRR36103296"	0.999989909141799	0.999849330703485	0.999996342184313	0.99977678878421	0.999435109293268	0.999769000559932	0.999687133742721	0.999651852778863	0.999736843495374	0.999852844249641
"SRR36103355"	0.0105271797217745	0.0205851686264266	0.00983640766090213	0.0030501968645503	0.00401012682758955	0.0179459756559015	0.00368940063866444	0.00587169278300048	0.00604534147781665	0.00205948102399854
"SRR36103354"	0.994004685148639	0.990947615648692	0.998310693098396	0.983253681822328	0.998064758986392	0.995175154155535	0.995433689291233	0.994858385782352	0.988879963234348	0.983011306187935
"SRR36103353"	0.996838793429654	0.99735507154939	0.999402529396289	0.998907978171721	0.984725936441229	0.999153894490754	0.99807184933087	0.997393782349131	0.998208716405947	0.998126716333446
"SRR36103472"	0.933408544742479	0.954527263058859	0.950034060040462	0.991127609938762	0.888102515613258	0.936629245297246	0.966859526926889	0.942521197547151	0.925247023792408	0.920780179592645
"SRR36103470"	0.997510276625865	0.998597256389295	0.999425221801377	0.99717426005836	0.998764135489289	0.998974219865236	0.998777138242974	0.995031949464736	0.999837157883417	0.998031850912865
"SRR36103469"	0.995276878933486	0.997065970939919	0.997635258535765	0.99275361582403	0.992286583089763	0.981453290057977	0.995638318156028	0.980296019829764	0.98800834581838	0.995291050382828
"SRR36103342"	0.175130644338076	0.219123956978596	0.0542985018151934	0.0993667588506833	0.250088756484921	0.156771746315565	0.202299419966122	0.0696021855383567	0.141279398917866	0.103379637253901
"SRR36103341"	0.992222952323706	0.970367659520595	0.99360771065459	0.987420952642765	0.998068650102638	0.999621235788621	0.989897778456163	0.996679552555119	0.988709438850769	0.975368158367723
"SRR36103340"	0.998803301230723	0.998537054872042	0.998145640899088	0.99928971957031	0.999383633070439	0.99821628736456	0.999700130207435	0.99976538557254	0.999832931749324	0.999892727928182
"SRR36103475"	0.00660783061864697	0.00813077020604811	0.00616789453422959	0.0215877100350743	0.00757057092206931	0.0103200116493948	0.00532507995316198	0.02311756795905	0.0129732455522541	0.0120698424103726
"SRR36103474"	0.999933277999573	0.999686718684052	0.999778314991836	0.999581140006905	0.999781010067979	0.999248516746689	0.999225086842519	0.999721777715361	0.999571017534568	0.999569557133192
"SRR36103473"	0.990098438137906	0.993705721048842	0.97262770838603	0.988911026164775	0.997651873405907	0.955130975466726	0.976597275161485	0.975345554591984	0.996204508859965	0.987812146326364
"SRR36103449"	0.0320494927648887	0.0509438714106049	0.0544303343597235	0.0414407435414674	0.0585131299393936	0.0801300101560576	0.065249350289345	0.0446618696310205	0.100565515236086	0.0408687862492634
"SRR36103448"	0.980924719793958	0.98581621287734	0.978236836796496	0.967637485591366	0.997373890986035	0.926685764491181	0.992573904581638	0.945959219737028	0.944013272058383	0.985618183732662
"SRR36103445"	0.990819066760687	0.998099416620687	0.985877234751032	0.9943397962439	0.999498053963907	0.995668125714291	0.997681242304948	0.94891907577378	0.986879179704663	0.996071674545561
"SRR36103406"	0.0484057539357	0.0243525051943505	0.01288228049856	0.0537018426646795	0.0653525285546238	0.0447574503504361	0.0375201513286896	0.0486748103007652	0.0531315966713075	0.0796712912012882
"SRR36103465"	0.80713808811889	0.645644246857867	0.924451235183253	0.972540567413652	0.96987866078122	0.768849045273191	0.938107929469757	0.941782206041422	0.968173221717387	0.961402867199381
"SRR36103466"	0.993364711903042	0.917999158632787	0.936953429512386	0.915730886164927	0.982067186254115	0.985931165687607	0.932638159717674	0.962472637897094	0.974592995712837	0.991191288529408
"SRR36103303"	0.00849267991003955	0.000730684972771866	0.00261057137975167	0.00304577015535742	0.0062730982681929	0.00242782131419511	0.00273273930123408	0.00770684686643177	0.00426919846853561	0.00231149727645974
"SRR36103302"	0.567379339156468	0.26815150336146	0.421647867224809	0.129032469454142	0.604869885099067	0.442022120575014	0.532243715769827	0.621612364791798	0.704238134938051	0.732819787851764
"SRR36103301"	0.490192770992858	0.251231924169126	0.875208708631953	0.830351237211428	0.315543756274005	0.634231093800905	0.642827539746799	0.794893328861203	0.630836728617053	0.365028356264291
"SRR36103358"	0.33137156386146	0.0543372425647616	0.165770863465118	0.315604183382301	0.0737567258884286	0.0462167979062814	0.122176215167921	0.134064935313902	0.0909227552000045	0.233265988544285
"SRR36103357"	0.988501728492503	0.997722109508309	0.992544401363362	0.993606362290083	0.994183616385739	0.984113662194235	0.998029146594636	0.996483524038994	0.995017339843752	0.998380126070999
"SRR36103403"	0.0121545044946976	0.0233584025009152	0.01560003100955	0.0193557301947017	0.0180499203745065	0.0167573924489584	0.0131684040228613	0.00565793369496997	0.013962685249173	0.0140838089509774
"SRR36103404"	0.414329028298228	0.593802588913247	0.638516491884836	0.674225319232639	0.830254989523139	0.901681553687596	0.780664313231442	0.442446912172341	0.628286947533464	0.696214461347709
"SRR36103405"	0.202660697815618	0.441130824632795	0.117180852792045	0.276356233409215	0.320168702824433	0.228147632314284	0.401653921470745	0.272619281061853	0.378872208387532	0.400241882046705
"SRR36103468"	0.909094253912984	0.822558423175969	0.915619514216063	0.948777234071985	0.530665087556446	0.884906914947713	0.982840459246455	0.973215633481938	0.916978596561936	0.358418391597067
"SRR36103415"	0.000507793268414943	0.00361578812487623	0.000160357537341561	0.00224646656432215	0.0100740137045651	0.000251454588450904	0.00403613644314062	0.00944956938236189	0.00171006312391243	0.00118315933904844
"SRR36103414"	0.706434741217327	0.468663130700426	0.081148280069355	0.629153075799368	0.495682800914918	0.0699648562973945	0.647486261444876	0.65057744310102	0.712328384261596	0.160219887179069
"SRR36103408"	0.00520349734103108	0.00856908194063321	0.00390950125799218	0.00397101653395747	0.00132017581383304	0.00730514863802984	0.00338074782648631	0.00777582700419332	0.00310064005055258	0.00731294562384269
"SRR36103391"	0.997402625900692	0.997014139350545	0.985919802836303	0.989232843951595	0.994975425759793	0.999675074579436	0.998383279572002	0.996963508577515	0.99370155231983	0.994783532338182
"SRR36103392"	0.999978832855717	0.999951482303405	0.999696841306807	0.999932318059757	0.999943413254948	0.999871978832105	0.999901080172969	0.99892075477012	0.999917503772703	0.999957254812952
"SRR36103441"	0.0108279332255959	0.00141487022252161	0.00167015778025378	0.00334116627190574	0.00582132346934559	0.00460277534140177	0.00673841755096501	0.00195441442811944	0.00448953397976717	0.00392530986772038
"SRR36103440"	0.190078507854159	0.183176848478161	0.170921807876627	0.0508959685704325	0.365600418375192	0.192779715542272	0.473864184902509	0.363832554513524	0.304440614060882	0.281508222543117
"SRR36103359"	0.996511632267533	0.97977660340022	0.996640002026266	0.998440077788562	0.997136266785608	0.995778090209291	0.998087880489913	0.997850797628824	0.997823430397046	0.998979149524256
"SRR36103393"	0.018550957799491	0.00514422410300716	0.0139547357326078	0.00723748561468733	0.00211225949860585	0.0194201469709492	0.0108518289104362	0.00397722495140032	0.0286196147316634	0.014122760567963
"SRR36103394"	0.99230185674551	0.979752642292487	0.998809472969761	0.994647383636935	0.994300329102536	0.998302765742772	0.977035750336574	0.997487948591081	0.993463511189178	0.997691338753089
"SRR36103395"	0.999996307530709	0.999964072749287	0.999972347313261	0.999977290175722	0.99999566168868	0.999712748065052	0.999960959519747	0.999873696854186	0.999988121107337	0.999983444753467
"SRR36103451"	0.285415287652422	0.36835291346887	0.387513082286496	0.31305062188256	0.429481459305881	0.367041207249901	0.0915761320071476	0.230612464148744	0.316850593824987	0.614139789011023
"SRR36103450"	0.972187648899453	0.993421008952221	0.990026712472979	0.98192153250357	0.987314625032124	0.90242301686765	0.993803425572653	0.992412658468287	0.987414384289608	0.988840724570054
"SRR36103443"	0.0999603983914842	0.119903127575802	0.429148741820091	0.141651652421539	0.0161464686106363	0.0971317338471734	0.271399801229607	0.0896800858851181	0.00860323073100589	0.118572444900875
"SRR36103442"	0.999447779300065	0.999350972485659	0.999056024619136	0.995971364498956	0.999732558526098	0.999707681164858	0.999904856226712	0.999910056087372	0.996942560448313	0.999101574207025
"SRR36103336"	0.0038967515563932	0.00219435547620334	0.00605825830567973	0.00266627235465271	0.00121630092665561	0.00692539947281833	0.00653595880555527	0.00187828475827649	0.00256942036241288	0.000559499909994707
"SRR36103335"	0.999787524148353	0.999726254134279	0.999286970393558	0.999858656513492	0.999987080903232	0.999876746625032	0.999955334245515	0.999792406013866	0.999393081684666	0.998892178805848
"SRR36103332"	0.977726620124415	0.988201166003567	0.969326858403976	0.995014584245063	0.942403226085309	0.94931046839129	0.976017962352037	0.980531004048529	0.88372371252508	0.964219187785354
"SRR36103455"	0.114827957647623	0.0908350298597217	0.0169485541229967	0.061693289416671	0.126707433261049	0.0414417085661107	0.133583358649934	0.246371969755881	0.0934452630063131	0.0429362709795946
"SRR36103454"	0.983007825488313	0.986265332559464	0.984554466057339	0.994741015637481	0.997608854312273	0.994384977020542	0.996627810858519	0.949351018189176	0.987732263876767	0.996806785519989
"SRR36103453"	0.892628117939959	0.963868171357723	0.963388934174478	0.962980940993394	0.926576480555943	0.897409726386183	0.926325309510547	0.787943537021106	0.963873062037134	0.962297108967841
"SRR36103413"	0.116620628818101	0.520823634169774	0.0374570106474135	0.842338911165539	0.390548024690193	0.4518792244777	0.204240676155605	0.27903063352144	0.283953779544637	0.128260959072529
"SRR36103412"	0.89851013323606	0.994532830520265	0.977022361444626	0.91377803728194	0.933568711469871	0.822508863108615	0.967574564396785	0.885071252193476	0.998459850645333	0.859056352947462
"SRR36103411"	0.997981305841141	0.99886268009071	0.996560769402443	0.997416774554108	0.995776488048105	0.997695611912622	0.996010920288565	0.998321955533694	0.997925617953562	0.999036427531206
"SRR20283940"	0.104346860300133	0.0100813140799129	0.0595166056177592	0.0103128493275309	0.0659452433779099	0.289200982594742	0.0592523938597372	0.117347914414375	0.0175008305178889	0.0179820831608068
"SRR20283939"	0.650389840060453	0.447490953989867	0.841532941238897	0.12407444559176	0.574114118753987	0.266320642837108	0.194348602265285	0.723123423935778	0.846351785330566	0.809874843154134
"SRR20283906"	0.0586756700275921	0.0863814712459405	0.0289874933513517	0.0589596807234642	0.1207402112409	0.159238183966253	0.108873209428047	0.0625862009486543	0.0657246204654798	0.0541213032392156
"SRR20283897"	0.973679398212801	0.985520977776976	0.959967320757429	0.898724239443846	0.968225613714974	0.84973716053299	0.926182116812999	0.969094389482081	0.962281262904147	0.945979867702502
"SRR20283938"	0.0397898997149394	0.0139609451584888	0.0277851124570928	0.0143266812604704	0.0189357654852046	0.00998594628000308	0.00747160809213822	0.00488548083254794	0.0309139554009737	0.0108909558143776
"SRR20283937"	0.583921435096354	0.915633820617617	0.949862631997323	0.979178736682559	0.649562945127217	0.883740364703033	0.666905722285	0.859445057499139	0.5993993940044	0.699048184441635
"SRR20283927"	0.0220844260139717	0.00892483525452001	0.00729471764099275	0.0152147521652466	0.0129450459102441	0.0105815958330661	0.0162010884354697	0.00291457797870616	0.021026452476264	0.013746362391389
"SRR20283926"	0.629078188244193	0.625639481085878	0.718027708138681	0.886296583493516	0.75534612763083	0.652569344319661	0.51671126180303	0.848758804226528	0.546975872632136	0.835823657157122
"SRR20283925"	0.0736493165298149	0.0291172566670135	0.224014014005117	0.295939798182712	0.0630889189959509	0.0637000485408208	0.0661833111593814	0.110160446256794	0.113496343442223	0.0429320030083316
"SRR20283924"	0.244655516868486	0.434090004743135	0.817943195620975	0.453142955929026	0.814322959760877	0.57398971574054	0.612897050182447	0.682620888854057	0.539763286583488	0.76990190529289
"SRR20283919"	0.892213486506837	0.835693370478584	0.701239032961783	0.786002746554687	0.913344927637888	0.704317681970398	0.487594990932218	0.871365335414351	0.80420332559885	0.485530056764198
"SRR20283918"	0.980120607636863	0.993171555598242	0.993718440377743	0.985587895247282	0.995197836373127	0.996392910638599	0.996190611916317	0.988020846462785	0.99119450549558	0.99100343427727
"SRR20283914"	0.00743513489626488	0.00430331477387906	0.00850650149458316	0.0142483801593757	0.105930657202877	0.0100364913953815	0.0453930205801114	0.00263257066224566	0.00389546962774319	0.0121610970657647
"SRR20283913"	0.984356273692873	0.997260275811203	0.981871116663668	0.999261942957835	0.987754305038618	0.99589060288083	0.952157772285303	0.995797778259315	0.956912317232185	0.993346514301612
"SRR20283910"	0.0771333779587086	0.0468432688553787	0.0433689431869517	0.288416539159203	0.365379557564975	0.051640415759656	0.0328976166888726	0.279721404895597	0.121507444860298	0.120688776279512
"SRR20283909"	0.926460473299914	0.101874662922937	0.998475322890983	0.988351160584849	0.74685870994163	0.937331434167908	0.593729501655034	0.960145096659801	0.984057862418143	0.98931949102999
"SRR20283908"	0.779770098258745	0.749276642643279	0.841303484663166	0.84496864256019	0.836110366665661	0.751828691365215	0.735392340195069	0.820338177411954	0.56599835522612	0.872703138502748
"SRR20283907"	0.978712924018451	0.975091219349608	0.936302674521836	0.927347715125745	0.994885030495932	0.966361534639418	0.722961784682077	0.961349031356853	0.958768153978581	0.970835931842993
"SRR20283899"	0.0286245463963934	0.00106452445063211	0.00780483076217881	0.0126991284130562	0.0312325528110338	0.00243141428314256	0.010814936610204	0.0252619755678205	0.0133370078931317	0.0212170795217511
"SRR20283898"	0.999944410107644	0.999838997971987	0.999532798331868	0.997745359974843	0.999983478575924	0.999973775533832	0.999721829657208	0.999910290937334	0.99997663239425	0.998438610640436
