"CV_rep1"	"CV_rep2"	"CV_rep3"	"CV_rep4"	"CV_rep5"	"CV_rep6"	"CV_rep7"	"CV_rep8"	"CV_rep9"	"CV_rep10"
"SAMPLE-1"	0.984340237988643	0.93054696160184	0.9962760870309	0.990249906773005	0.9738060911168	0.987585391295033	0.990514685002238	0.996661694113199	0.995657054117947	0.995459136887754
"SAMPLE-2"	0.238091863230307	0.354041349558144	0.295846915943848	0.0341942535921458	0.638209439549459	0.199734871793174	0.0361160143901591	0.073873331811477	0.0564030604795037	0.578295524093444
"SAMPLE-3"	0.955536604126688	0.97998733058961	0.99687717884728	0.984890753309094	0.996957264794186	0.975694593434606	0.957491829619272	0.991191715568956	0.984297962515161	0.995443891242553
"SAMPLE-4"	0.996748131733554	0.992331736144556	0.99846858825512	0.998450794800834	0.995358250635712	0.998107848181853	0.996107114160113	0.989537971033042	0.994169364237674	0.99824366823182
"SAMPLE-5"	0.0401516035975917	0.233206313612059	0.411419633337817	0.136420983380326	0.0781244554699967	0.313825965172855	0.0877927806282996	0.107728298253136	0.150869299710962	0.110300461001354
"SAMPLE-6"	0.991408745300415	0.982847692079853	0.993819936758556	0.949426326698417	0.9888320388624	0.845154699927661	0.980064792020923	0.948543501414189	0.864591494509603	0.964368244668161
"SAMPLE-7"	0.992032393926655	0.998500785396081	0.998868477920944	0.990024191792671	0.999824461867103	0.999871995445423	0.99901679858488	0.994339489354342	0.995895207959467	0.998723722328653
"SAMPLE-8"	0.170428370886816	0.0131253734742472	0.169287659370935	0.187436760633335	0.340728538011071	0.285594527954403	0.310142482640299	0.359962037937549	0.127738876314333	0.147655909590298
"SAMPLE-9"	0.513123308098328	0.631265094874624	0.557116010901619	0.742389567255053	0.453516891459351	0.192714902544751	0.280177599527409	0.753661794526987	0.600378933503905	0.675486469141627
"SAMPLE-10"	0.946762609947531	0.894394729809284	0.988714570296927	0.983239852405373	0.974865587406984	0.995203222843997	0.94889548818689	0.971309286979622	0.943897735431902	0.980071921375881
"SAMPLE-11"	0.996991079307895	0.946626129340646	0.960734569382735	0.993328819119863	0.96559384640152	0.996465211588462	0.956304032709433	0.956389267546165	0.955765160921103	0.98462868580825
"SAMPLE-12"	0.0112987568084772	0.0116847451562709	0.0107031401441484	0.00192706076184151	0.00592900622235471	0.00722786628287213	0.0132760655728354	0.00293642311379367	0.0351260747468757	0.0453665654909454
"SAMPLE-13"	0.964345952151516	0.993288927821126	0.966938297469618	0.997384777382654	0.990122212816892	0.949548326899258	0.937441010678662	0.956390927835424	0.989874174352145	0.953156091511051
"SAMPLE-14"	0.00714647534600413	0.0883320930125294	0.103667006193777	0.062583315378876	0.0678298011824032	0.0716759443943722	0.0186608269852903	0.0154840935101999	0.213328435202954	0.0454111520281975
"SAMPLE-15"	0.00878304568741546	0.015699971723156	0.00493496684020578	0.00959257072755246	0.00342459832386225	0.0203019390724725	0.0958015531662474	0.0176312493093094	0.0892554178000329	0.0165126434990248
"SAMPLE-16"	0.9999864978836	0.999959043868329	0.999997506932601	0.999720200348597	0.999859658288668	0.999640336033151	0.999952456508799	0.999931141995344	0.999979676377903	0.999922155500497
"SAMPLE-17"	0.993238660287375	0.999596222423107	0.920343801061524	0.979177448059046	0.998641959763725	0.999238198938091	0.864910409375297	0.975026568277889	0.970827183021212	0.996370239880416
"SAMPLE-18"	0.297592235382443	0.198157617005446	0.330967138581095	0.0314635914242976	0.346164823909465	0.0424087063201755	0.527576305393216	0.163063345786133	0.216007088140203	0.354984775321853
"SAMPLE-19"	0.976208707725435	0.983667660208956	0.964879509065495	0.988441565838274	0.977015490218611	0.960984639041218	0.921959507299695	0.987865284234731	0.976794354088803	0.974989493667156
"SAMPLE-20"	0.908588462366105	0.942614123540872	0.951535214826354	0.948513738002134	0.938835945051216	0.917112427585599	0.979522476853278	0.831912252590185	0.83388578871506	0.700703262914591
"SAMPLE-21"	0.233246561799671	0.0820655479691994	0.0998831983250389	0.121957793472818	0.693300960110737	0.140493047809589	0.116663826096883	0.135267629905298	0.745500112178463	0.214695786782153
"SAMPLE-22"	0.807469609495815	0.979179276973124	0.990055896358659	0.956224433998595	0.849085255555891	0.903725408668016	0.991770985236904	0.9775154235654	0.995184363038097	0.835090616747213
"SAMPLE-23"	0.450133826607173	0.669000369646634	0.506716500604817	0.345590671179404	0.627030583806462	0.383016283958548	0.61595530578254	0.663681401391435	0.352262699916116	0.291897234775596
"SAMPLE-24"	0.00262598140752706	0.00405294097235989	0.0159023130711788	0.00204176634599089	0.0136908822814776	0.00412072483014145	0.00772266561408932	0.0313067383413827	0.00629955482784361	0.00220120015009338
"SAMPLE-25"	0.0290833073553378	0.0223056612722254	0.0265627194282786	0.0096012924286708	0.00624069998708473	0.0293460824232074	0.00963019475193676	0.00850087704863931	0.0253786014505091	0.00716145535322581
"SAMPLE-26"	0.999151032162091	0.998181832455782	0.980679230826838	0.998926113089	0.997237201634132	0.988136847146398	0.984794134868056	0.99874651844687	0.996966507387089	0.999548104409212
"SAMPLE-27"	0.999889554209146	0.975782932611818	0.999225273332622	0.999200271700127	0.996211806480497	0.995803580441572	0.99393418183662	0.915941540604234	0.993203891674688	0.999825692098397
"SAMPLE-28"	0.921754923273923	0.949670833035041	0.812117796531375	0.891655797805599	0.717330907482022	0.980953341181515	0.975981363342928	0.913161424865311	0.869461113918815	0.74324515968831
"SAMPLE-29"	0.972742211348994	0.585278653756652	0.634139286617595	0.525465797390995	0.821201073825391	0.867301761221242	0.933722844696544	0.374199529121123	0.96792719515688	0.718172162080008
"SAMPLE-30"	0.0357140262313965	0.0283043204593451	0.0254312988887187	0.014358706026071	0.0119589933232123	0.0112103997197894	0.00462163362787886	0.058763238471221	0.0088839094569665	0.0122654146049951
"SAMPLE-31"	0.208307427754699	0.177528309416247	0.0243211000682214	0.335002484292537	0.00336607254918904	0.0190536634335114	0.258120725843549	0.0451861810990963	0.0334479766712646	0.0746354760133111
"SAMPLE-32"	0.999777537035549	0.996583970771752	0.990390008034391	0.999731028992703	0.996214219711102	0.995705569122346	0.998951860192091	0.999778465511535	0.999593214824196	0.999705999510148
"SAMPLE-33"	0.0062448181819312	0.0506619156088863	0.0242614815238839	0.0976233341347139	0.0152731006379232	0.0122755753143821	0.0605823643115794	0.0555818786906735	0.0612679420396176	0.184210400022547
"SAMPLE-34"	0.0116943271888098	0.014388886188622	0.000886221846194187	0.0338395778678039	0.105837376315172	0.0346506804841754	0.0658231473049997	0.00648293075438066	0.006554246702251	0.00934002694002324
"SAMPLE-35"	0.994439492205483	0.999302675745488	0.996990889639198	0.999329639917157	0.997371730424922	0.997635953085415	0.995826643466679	0.97946633395918	0.998640215449361	0.998828731413735
"SAMPLE-36"	0.051790383111201	0.0205372452492766	0.0364656415810866	0.0493824741453362	0.0314698245185735	0.0399228718356667	0.0156458871835063	0.0265046063505064	0.0293272774185911	0.0370087264175379
"SAMPLE-37"	0.00306597098067129	0.0224336750534573	0.000733151441175044	0.00876469072483686	0.0147785877792619	1.04587879251975e-05	0.0107602623191873	0.00473767314440132	0.0034110913250942	0.00307224594108878
"SAMPLE-38"	0.0510252388030371	0.837614785072981	0.214051680852982	0.106769841791762	0.662745684716497	0.448063128339905	0.624236900691862	0.439698829973309	0.356929920201813	0.955825126657977
"SAMPLE-39"	0.970057101894236	0.999306993450647	0.989970223636623	0.996643749058127	0.995453376558855	0.993536627765351	0.959606413177628	0.987739344340068	0.991202529108404	0.996756014024737
"SAMPLE-40"	0.00444649373032731	0.00350909721173558	0.0118250724769787	0.0109364707097913	0.0181329729857273	0.00782564991354944	0.157444233569378	0.0325587694868265	0.00386990320401617	0.0109748481496179
"SAMPLE-41"	0.0025457913257381	0.00126070376478294	0.011201049109136	0.00159444648734747	0.00771037834204863	0.00273393449444694	0.000893628735224466	0.00310377347268695	0.00214158347568796	0.001323868813095
"SAMPLE-42"	0.15331531328745	0.060996071923625	0.15142559385112	0.632682266588936	0.070785890567602	0.366633400506678	0.0761449665032537	0.178657254358788	0.0864137470120016	0.142518864079018
"SAMPLE-43"	0.0773938868323608	0.0260149786947682	0.00401597609477385	0.0048602157152812	0.094155846396073	0.0129511032992945	0.0206263358446777	0.0754653016131408	0.074791694139752	0.0253538558137556
"SAMPLE-44"	0.698074447665379	0.914967552993551	0.988421411264484	0.970214617746509	0.983091181354454	0.993829980938482	0.89602991260767	0.957612976455313	0.991650486725283	0.994119554287165
"SAMPLE-45"	0.966164317824404	0.805057687947118	0.459850257079971	0.628320276614648	0.742902154616662	0.568193077484636	0.691574744442106	0.590490718261402	0.710520370689899	0.913787351694326
"SAMPLE-46"	0.110686575934323	0.0685742405355821	0.121751450485005	0.0268496778790666	0.0423407339527763	0.0152731224536223	0.0238766422734469	0.0864770434558377	0.0320294377514789	0.0636294664009612
"SAMPLE-47"	0.148703694894343	0.900881564208219	0.0988295971335791	0.0743258442896351	0.166153748678125	0.13152514637938	0.11315673181293	0.1011738330275	0.157120742484444	0.207788721368186
"SAMPLE-48"	0.948081583193333	0.973641595822892	0.975057780075265	0.889355608429348	0.884522129069409	0.92351359433701	0.883284142607306	0.95367978157505	0.892875374226506	0.691212761819434
"SAMPLE-49"	0.0628260930700583	0.0738539895901533	0.0679736984821898	0.0128486572786368	0.113377738617399	0.0541132255463865	0.0619488624658462	0.0844363360320976	0.0663984223578572	0.0684714353449735
"SAMPLE-50"	0.978028847913528	0.97714506464925	0.975336209870142	0.95718397295284	0.986790011570543	0.985262592120285	0.993802201908398	0.985567448413676	0.979153530000977	0.994345917227011
"SAMPLE-51"	0.996668753808485	0.991764157813674	0.981280165901912	0.990963611437779	0.996145711653747	0.996879994280903	0.991879752817896	0.998086335299384	0.988312437743146	0.986383817613603
"SAMPLE-52"	0.189263449378969	0.262091596494291	0.192113657585529	0.400673692542126	0.22387683330021	0.371205444982463	0.198713182702242	0.159551111223824	0.289726303051593	0.299795833609838
"SAMPLE-53"	0.361871711612496	0.274280944980945	0.42489447969524	0.515990483396793	0.532482150398063	0.600757983530632	0.414384747732666	0.790228773029978	0.758441408814919	0.191549907816286
"SAMPLE-54"	0.0400012884592865	0.0620911366341374	0.0386472096300839	0.174358398922434	0.18688097962788	0.0647063236038122	0.112987653141735	0.182873957240939	0.0436625485973167	0.174894085404576
"SAMPLE-55"	0.000186015423101746	1.29420027066895e-05	0.000112623766767185	3.82051494704838e-05	2.06111813846119e-05	0.00032053250808403	0.000246213276616442	0.000318617278304361	4.23752441597702e-05	0.000598265401896369
"SAMPLE-56"	0.99919027713467	0.997318178392415	0.999510428357351	0.998320166351279	0.999575567838362	0.999980671333973	0.994949117488731	0.999998498203494	0.994815478232875	0.99991479298721
"SAMPLE-57"	0.806086416200001	0.453953468081211	0.83308564872201	0.569558442161577	0.803545802363798	0.765072374962027	0.890205307078527	0.972769201384943	0.789680679936968	0.173828691284311
"SAMPLE-58"	0.997942970281838	0.998895532969609	0.998221570867056	0.999760104229477	0.999449093488699	0.997449068892768	0.999140589040165	0.998650613722741	0.99852805351202	0.997706665267029
"SAMPLE-59"	0.00436024957413361	0.0205549686811905	0.0181208449758674	0.0082302206676157	0.00735293743249679	0.0027978481773892	0.00302588403703967	0.0127298007037085	0.0124556650273495	0.00620194532271122
"SAMPLE-60"	0.000975341308506355	0.0080637996303503	0.00830788247655882	0.000485891022795959	0.0113125024224373	0.0458913311340164	0.0125018238977369	0.00177919656849764	0.0110398091000535	0.0102846638198046
"SAMPLE-61"	0.985744295443523	0.998454568589773	0.998733417653603	0.986090990761144	0.984559490428924	0.991539481996627	0.93585122214503	0.979963450485127	0.992024208063235	0.939575062443725
"SRR11292125"	0.964824223586768	0.997669237106971	0.933004388186102	0.993703464866582	0.983919258592711	0.99831502793462	0.977770962048664	0.998251222115557	0.976428803821271	0.996252099839594
"SRR11292126"	0.828951581278261	0.857190368575655	0.953228319544028	0.971435876863849	0.92968273759567	0.969270783532573	0.969782291202592	0.96582309951892	0.978979030690717	0.947904752061197
"SRR11292127"	0.584058550886136	0.580461987762374	0.400524503408415	0.914975476533619	0.935511617608701	0.632440678996598	0.384167963159367	0.50516885978443	0.699564424480421	0.993374070239981
"SRR11292131"	0.996618495236022	0.995549715030203	0.997311231848408	0.999664056696502	0.987249702592549	0.996242721316591	0.99827641917808	0.996660194765857	0.985442783484582	0.97743839666405
"SRR11292132"	0.0440916590330563	0.0389705532068899	0.0174466537272752	0.0123230955613981	0.0278721320475822	0.0257089198932284	0.0296426978531934	0.0254178475221968	0.0167386581168056	0.0652372473088519
"SRR11292136"	0.0545551909703302	0.0168311754975877	0.131505251102131	0.0122968386662518	0.0134726085978678	0.00544406087662723	0.0066427957328234	0.0250570915652952	0.0129491490759726	0.012925739090479
"SRR11292137"	0.908484189584402	0.94802352298594	0.929098552570144	0.855806993934479	0.942002495835517	0.847936156127045	0.930084269010286	0.918597452402645	0.89094841112259	0.866583926805935
"SRR11292138"	0.51415168147234	0.0474085632607914	0.693433381416126	0.492834760151965	0.784697060825906	0.515009792617411	0.800276846988016	0.676754049454924	0.854275831869389	0.521374906532661
"SRR11292140"	0.645286258782269	0.4658089150685	0.845447416437048	0.739172145425579	0.740023539103654	0.726701649239141	0.885675650810046	0.228721575401295	0.385915937704176	0.618246119462859
"SRR11292141"	0.533253708529795	0.42560382048435	0.682089792480028	0.318711237712	0.562661100854957	0.45906336482426	0.501276856753577	0.524194562165159	0.31807033614671	0.413731018486222
"SRR11292142"	0.0273564168577184	0.0084208470338584	0.00543265545080174	0.0722651858382694	0.0536100747013966	8.55732315526108e-05	0.00932731285177866	0.0541147763397709	0.0361737456715264	0.00594849710290499
"SRR11292143"	0.162686853728948	0.258399184577041	0.359616691567174	0.549219800848903	0.283521471950645	0.12061973725169	0.200553876109129	0.207390759693422	0.196297544280241	0.147651809625599
"SRR11292144"	0.285658180565935	0.381187170415935	0.367096972550718	0.129400481795207	0.391854691529711	0.28013367442377	0.464012132492897	0.360395589751959	0.216789561280594	0.236541030162574
"SRR11292145"	0.633285447905256	0.646387455412071	0.752102892012076	0.907121194166045	0.677978630167795	0.281851216538953	0.367964466972717	0.747487560794031	0.787267154894794	0.874582490357892
"SRR11292146"	0.941652327404022	0.99456360688979	0.942253553687086	0.959157991245595	0.969474311013807	0.949193115797212	0.875922121279441	0.957259320497845	0.925448352172284	0.936062231036026
"SRR11292147"	0.601787482230055	0.882939487848828	0.871684220992903	0.863134806819806	0.865935881074913	0.635323927350691	0.81997280743832	0.800493152205531	0.961109949036684	0.616682534259411
"SRR11292148"	0.660605368319194	0.750805251291291	0.77022458446982	0.551300385043012	0.747146354346551	0.707693808336393	0.741862306605472	0.750774385982871	0.573841741600412	0.484077199628669
"SRR11292129"	0.332067600305132	0.820779774127007	0.794343607495102	0.595271011790671	0.850081531825563	0.856167918643617	0.91584208355253	0.907020621516076	0.73370627968541	0.965960010870716
"SRR11292130"	0.969186953786065	0.799881501840347	0.900771014816738	0.992248218973435	0.955368000941382	0.882107769753812	0.934368799628429	0.93271700067386	0.847582093184182	0.853135488357452
"SRR11292133"	0.986956736792859	0.998204064814019	0.993087471075085	0.981868210688267	0.992002822125941	0.998424614361439	0.997396705987219	0.996011832614762	0.976607290072043	0.99625529293088
"SRR11292134"	0.0370130426382321	0.150311916925185	0.0615814060671376	0.0605462404381224	0.00969818511845273	0.00289929255820128	0.0251605900633294	0.38005776909889	0.029897550431975	0.0210522656761439
"SRR11292135"	0.0114185453594188	0.0212533268994192	0.00356788340481015	0.00430928175976942	0.00682007429393845	0.0152160514179578	0.0177034435663485	0.0372019970990884	0.0350276359947925	0.00448809884336246
"ERR1624539"	0.0560315135088389	0.115812493966497	0.191746449574891	0.0144138607016154	0.0689007652149917	0.0759371724895437	0.042199702011978	0.086708867095087	0.174016085887336	0.00517720008981666
"ERR1624542"	0.0399206257272435	0.313384105756733	0.0254527884910717	0.130084584716219	0.0363119743148551	0.152082092672508	0.282361453612821	0.12285122337461	0.064622831990503	0.085078064981643
"ERR1624545"	0.998043361010708	0.999416896389067	0.999418324336564	0.991384840702877	0.999251063835254	0.998089239503456	0.993853571128289	0.998494305549798	0.997770056184343	0.996594881253578
"ERR1624547"	0.0660584947314943	0.192151287465204	0.096522022909433	0.0591508304089134	0.131918623264068	0.0238988507201181	0.325531046066407	0.113574068934173	0.0975697522946376	0.0940406618545232
"ERR1624549"	0.540733570805556	0.48541906921996	0.294521608472326	0.396960805019889	0.601756709722449	0.768815017784508	0.360605956137322	0.637212641381708	0.369756053375001	0.643939441371954
"ERR1624550"	0.199354821460549	0.480439352662577	0.254480371076085	0.563237906650915	0.306465737184001	0.497024418355839	0.446409224557404	0.400304534927008	0.205179506647034	0.284863939781426
"ERR1624552"	0.802774564300652	0.394143895811154	0.730544544066791	0.730348364991631	0.901246212130416	0.884919189192156	0.852811334964272	0.864436003126738	0.58597640224527	0.595089810766525
"ERR1624553"	0.0138141123367573	0.00634332303507689	0.00418797387574372	0.00611882358614517	0.00307045159135882	0.0143169699697016	0.00484542922961359	0.00660020145600678	0.00652264018661525	0.00408856510783855
"ERR1624554"	0.111692971010724	0.0391805442868014	0.536826516382686	0.148742437290493	0.0773255318642701	0.0228675195172189	0.247599200358535	0.0714301671810798	0.0444672684564395	0.0935888923155535
"ERR1624555"	0.357236289252614	0.130374456594723	0.24570793876264	0.286604236526806	0.408367378718707	0.769642668534247	0.362013061679493	0.595952869009003	0.442044620469632	0.28026489469275
"ERR1624556"	0.978163695873057	0.949122918655781	0.895858526632711	0.97166076974473	0.795465058245467	0.831858042363742	0.976264553296308	0.89347844175827	0.980551015807101	0.891711889294626
"ERR1624559"	0.984770441497599	0.990776260260854	0.986195192452791	0.966054103471446	0.980372140955091	0.756352661199217	0.867084351917911	0.99125869296791	0.979363776171543	0.988065757411475
"ERR1624560"	0.972114604780602	0.990862933582186	0.985595142087639	0.980899421814203	0.991312926218622	0.996919678272026	0.991165564356888	0.993468730345726	0.933832437994893	0.983513268803182
"ERR1624562"	0.993187594061702	0.987294904134325	0.977325605495762	0.995323357501643	0.987954823241102	0.966907706885964	0.98615813928331	0.998951956883662	0.996959520563349	0.898856793590536
"ERR1624564"	0.999265961102046	0.9867006786608	0.998839761347117	0.999855247248969	0.993122786046929	0.994892886583495	0.998038874472258	0.999257977822334	0.999415591389623	0.998914813299744
"ERR1624565"	0.567781913914292	0.123952501346107	0.177087431784952	0.243065316550845	0.31577893246342	0.0356112212251213	0.138919051006201	0.0708487677863922	0.0264421002059528	0.0436215693911408
"ERR1624567"	0.703989657678126	0.499765155689917	0.466428244635209	0.173608719210772	0.592377474387997	0.617767949169987	0.636225322540564	0.822728797130301	0.693823076975056	0.725748103706248
"ERR1624570"	0.357925425869433	0.43581152917317	0.168491887996984	0.120589902698681	0.39253150894277	0.284268342121658	0.13299529364065	0.278883344009646	0.398073963807226	0.244064034674929
"ERR1624536"	0.00604269590794179	0.0348174806648413	0.0631851014836535	0.0349948760815986	0.024271995260399	0.0603693124832048	0.0452770762679833	0.0397554147756403	0.0264412611042875	0.0415071728669262
"ERR1624537"	0.0044542943363823	0.0133172407195913	0.0515139736660804	0.0114520116254499	0.00695114199530409	0.000724824952639454	0.000943216289433886	0.00436481868345342	0.0276805039932408	0.0120926998863959
"ERR1624538"	0.0221002712963521	0.0351828655704695	0.0251229551044581	0.000843920837781303	0.0435737852128665	0.0194392612117526	0.0492664218779862	0.00451784954801321	0.0329808210097212	0.325161177771967
"ERR1624540"	0.293988495625467	0.177658509015176	0.272530940973289	0.473468940940799	0.140918406897585	0.182894406813342	0.595555626387903	0.372240634743078	0.319029469144234	0.171783403069259
"ERR1624541"	0.0107378693584278	0.0186204892786031	0.0136270898526127	0.00149639269761265	0.0340084122526412	0.00106371965789369	0.00470863773008281	0.0237032422034427	0.00472276691430266	0.0221502902989374
"ERR1624543"	0.355874006899057	0.256298133444826	0.782707543847222	0.165110307348648	0.115357774656014	0.314344049874159	0.709128561488675	0.442903569997592	0.647173450667738	0.318646895647798
"ERR1624544"	0.695113039863802	0.717683313829389	0.683587279045547	0.852590103387995	0.884732264372103	0.946559185871544	0.901313904842785	0.448297237751702	0.852350708901122	0.838114668387367
"ERR1624546"	0.631807284106824	0.560994782494603	0.545345940841984	0.178580800198391	0.16952907550582	0.31862662260113	0.104936544602452	0.175807349642624	0.305397045423444	0.594112601286377
"ERR1624548"	0.0109424307549287	0.0387095514395032	0.0675202954896233	0.00845565558642261	0.0122782930284887	0.0705274189307201	0.00708275053898917	0.00395414429018381	0.0106582643383883	0.0277099208710093
"ERR1624551"	0.0387350677825897	0.009935088100216	0.0166863684648238	0.0394800702169747	0.0230112810340523	0.0297878793085534	0.01049711404644	0.0356817341928136	0.0523489497976118	0.00205848175176341
"ERR1624557"	0.369044147166582	0.469965961534355	0.762051296672583	0.699851998900524	0.0709821073410933	0.652162149018616	0.623767712404209	0.573187299519587	0.257784687913245	0.394075844675882
"ERR1624558"	0.902971803104691	0.889651034533971	0.783372172840608	0.943674620884419	0.990437107473534	0.946242836956848	0.926153296898923	0.832362872588311	0.930051500802057	0.740365588612896
"ERR1624561"	0.0706284578448373	0.268991193080537	0.334888827039166	0.0146470964461887	0.0901743544209002	0.222956609764618	0.0801445392664302	0.31290005990553	0.150651247630721	0.176070214196685
"ERR1624563"	0.437081731352085	0.627759412204913	0.2727176459574	0.615837745748171	0.675038665368243	0.782728121578248	0.605836369863879	0.592394389141048	0.50526409001727	0.867493814327007
"ERR1624566"	0.166065955446389	0.180328886557697	0.197191705473232	0.226588069096341	0.390136563280717	0.455926319158974	0.220511801812744	0.232513598008561	0.184898987281637	0.237868088229669
"ERR1624568"	0.49989725662704	0.518343719375429	0.473069481380076	0.419570900710642	0.440660759262004	0.165027830741869	0.14605763114172	0.178504560370541	0.288258194946022	0.288942147831141
"ERR1624569"	0.986711457227492	0.982024017476856	0.969652651978991	0.989220535300076	0.988898997886662	0.984414571738161	0.910094571334406	0.973252684801351	0.934086608249914	0.913630440099902
"ERR1624571"	0.990969924520577	0.993554807961431	0.999369989395322	0.998527158103918	0.997529535072944	0.995573398463116	0.998513841563175	0.999817178469918	0.996360765700235	0.999594365209394
"ERR1624572"	0.69546231963391	0.640239381405576	0.15456513676338	0.440138255684154	0.62993893350155	0.337428442725802	0.693222254843368	0.792556387662318	0.52943144369051	0.28272666386552
"ERR1624573"	0.839236023411907	0.889181603838249	0.415100618849137	0.856539146956298	0.659699413962197	0.969926646580627	0.562986041595613	0.960668846646022	0.748377341070499	0.794714435893382
"SRR36103410"	0.719258495836843	0.854639614251845	0.405125672140321	0.731806444193671	0.472240637770396	0.426592741279386	0.416640707687149	0.364772355885812	0.828165855662067	0.358293658503015
"SRR36103409"	0.836738353493096	0.823215590813376	0.853967715115156	0.949805210349189	0.802768047950441	0.738562215448938	0.450623081942945	0.842675266965411	0.833560367854482	0.627867487426693
"SRR36103388"	0.950668540997002	0.986017325824171	0.995314702622007	0.943709665359852	0.96619759429256	0.957848441396551	0.983555602019392	0.829197524321199	0.938574343037875	0.989864196914752
"SRR36103348"	0.289538946218922	0.140667716887876	0.163559822140046	0.104963440708009	0.158335738530877	0.194970199223531	0.181043147705679	0.194234506412487	0.19758422577358	0.0756762831622845
"SRR36103347"	0.995351785011747	0.978658462900252	0.995595469551536	0.976613377075556	0.989931345979839	0.995370702998994	0.988674924773736	0.999956978289462	0.997099702667811	0.996581741689323
"SRR36103352"	0.0369459003212773	0.0207811310136931	0.033162602336736	0.00238810657206128	0.0228165395093097	0.00640538357947369	0.0132099182194566	0.0229033337838169	0.013088227572364	0.0100540166090031
"SRR36103351"	0.845738879857023	0.913152598902581	0.815534762278265	0.673229057956097	0.801976826207174	0.969459867859588	0.731369164533675	0.801880748185412	0.886073052662225	0.949629707750643
"SRR36103339"	0.72057198445062	0.676765702295525	0.367910029167702	0.429369770146292	0.362398931186326	0.54458003527503	0.474912540055979	0.612744277589377	0.28973829543021	0.461789885547981
"SRR36103338"	0.846816718457413	0.690321246233527	0.720229297773883	0.635032266887055	0.620027497514532	0.522769029752048	0.773527776856784	0.65053197157015	0.638440282967914	0.496578088345049
"SRR36103337"	0.991703603162061	0.99361979954327	0.998834983518559	0.99746148610431	0.976782626628992	0.999990919428709	0.990801639004953	0.993302451040914	0.982034363611262	0.989281813130571
"SRR36103344"	0.00698358404576579	0.0444005593498065	0.0167835838333701	0.0023165848959582	0.0420502091224749	0.0103462420493596	0.0748399542078925	0.0283385287385649	0.0174884721773792	0.0457314926454242
"SRR36103343"	0.991846444321933	0.976586437725618	0.99585806997221	0.99201001475489	0.996512197610477	0.987435780958731	0.992635586978372	0.988989045909985	0.997232558651394	0.982660414274121
"SRR36103444"	0.981425580299144	0.99591934364207	0.990522861476922	0.97420367716264	0.980936216038636	0.999406795100397	0.983887327894721	0.995514205004803	0.950219296993153	0.997862186354986
"SRR36103389"	0.0737499406007264	0.00456348525189844	0.0419947814317149	0.0513098340601087	0.0390451105335251	0.0169681808948888	0.0364445558815373	0.068247236840886	0.0586517124168603	0.0384576600105536
"SRR36103390"	0.956577391452327	0.97897101936465	0.921959327993994	0.992258889082334	0.992634231572629	0.992743675911206	0.964348690071323	0.971484654646136	0.975853912988044	0.928371491986898
"SRR36103407"	0.973371869328336	0.947943012674889	0.994543333994288	0.968363850619539	0.893232502553658	0.924129502785507	0.979924226806935	0.956787884985252	0.978219742027951	0.98974034193658
"SRR36103459"	0.251869927684147	0.0898620709569556	0.208262826865162	0.181507003171562	0.235483222902719	0.275892889373661	0.230926929714899	0.199372349731811	0.229905416717157	0.171687884068336
"SRR36103458"	0.977759073269074	0.920701890446521	0.877077387138409	0.980939248270772	0.950506757337169	0.9355719169068	0.913545369545668	0.97329019187302	0.926345390721179	0.987478299644399
"SRR36103456"	0.606535337338352	0.694231152403043	0.562273660924232	0.756290350561168	0.859855395977568	0.849305462327989	0.82847103478682	0.851728853495262	0.65545892712056	0.847219744293581
"SRR36103397"	0.0903542916362793	0.0611229445312284	0.0395846123265639	0.162462554093562	0.768967133858636	0.0630920071502716	0.0875889123928534	0.0875838635143778	0.0841730655160631	0.214798448689393
"SRR36103398"	0.97250367357259	0.974955605581745	0.925438062800448	0.948790661029781	0.821224560412877	0.862140504518904	0.619454642744173	0.953308711045585	0.836475002673734	0.707643288319459
"SRR36103399"	0.415729259567037	0.435906279376361	0.0790391726677341	0.517954585271516	0.119364579917518	0.127254758268011	0.147830717515577	0.349121687555589	0.426547287587289	0.135455862098818
"SRR36103462"	0.136816461047922	0.120505966181683	0.0424804857763696	0.0450862877123272	0.052622739210689	0.0640252759080156	0.087277070764942	0.0418982585356928	0.0782084504835957	0.103403693628251
"SRR36103461"	0.853243277392023	0.854073487945723	0.894695643831634	0.824860042686877	0.953037888843384	0.746037882117595	0.888395220589919	0.723541105726098	0.78380447133305	0.919818215289207
"SRR36103460"	0.989279140795541	0.956238288061733	0.990379018711534	0.953116148419808	0.990907948041785	0.987304602057975	0.983961660307064	0.978935804200086	0.987472104477935	0.964125579021741
"SRR36103400"	0.79454946326756	0.808465396559313	0.915608989374246	0.967045261906839	0.890877429985205	0.937637069377339	0.856018537378364	0.899578795132026	0.917458379905441	0.859754070441704
"SRR36103401"	0.949647472209782	0.973175665999636	0.989734966904668	0.971075594245525	0.803419374976749	0.975570128771822	0.978866298619697	0.967106977922213	0.975291233875741	0.985889118227202
"SRR36103402"	0.975659551419526	0.998548882301137	0.989071732636161	0.996799134313622	0.979818512199459	0.994551779973531	0.998512819294762	0.995626178091281	0.990344490747514	0.998103582407037
"SRR36103350"	0.806646128298207	0.396717480537159	0.069664373294781	0.186118215374566	0.683277765338539	0.109258171094214	0.628867895789404	0.845413931425227	0.364409492025404	0.235978556721864
"SRR36103349"	0.993525548075795	0.999699152015885	0.999164398781793	0.962276420584386	0.998957041110824	0.999425681675432	0.996588939591871	0.997651945930015	0.9992062329125	0.998310328164887
"SRR36103447"	0.00395462410769358	0.0483381825695665	0.0149640974990086	0.015922471942409	0.00221178158626596	0.0153619320919992	0.148816280145164	0.0314352593846394	0.0181064840270181	0.024814262066395
"SRR36103446"	0.973491105519686	0.99062231266324	0.97304426619105	0.997232010878588	0.972105438088122	0.995253551584318	0.98540022759047	0.996107791907551	0.983511204103592	0.989743403302831
"SRR36103463"	0.994976788422643	0.999010026456857	0.995074382695316	0.999695212496485	0.999905243940416	0.966260240146016	0.995747421542848	0.997603335541202	0.988497799634323	0.970570909606483
"SRR36103346"	0.0834630751994296	0.279604013583985	0.0744018623717573	0.0185006980676805	0.112884155057923	0.110147244795716	0.0183964510687125	0.0458682177076422	0.34032608040947	0.0398716666157442
"SRR36103297"	0.930858325547635	0.927693048787123	0.986209971204955	0.978914180915598	0.878481499307858	0.984429555409689	0.978283417948093	0.998835987708977	0.885470930175628	0.923949715381498
"SRR36103296"	0.999992057604856	0.999943377008028	0.99833859730333	0.999938668529187	0.999976180233907	0.998612265008668	0.999714968873448	0.999292680397505	0.998691892985722	0.993279744447611
"SRR36103355"	0.0992535454821137	0.0782966768929355	0.220311712537126	0.0950233563212141	0.131378723085869	0.0439547628292623	0.145397313261175	0.185143651993808	0.0586722540386307	0.197434835886146
"SRR36103354"	0.971356761219488	0.984480481255299	0.98052852630651	0.98527618440858	0.989275326305759	0.99278979462436	0.991700000077412	0.992453552331578	0.963143538330367	0.993778833018794
"SRR36103353"	0.999936584723211	0.994083717757535	0.99968921517478	0.988835256720221	0.993258191617895	0.989982970878675	0.999098586579491	0.995488832260713	0.997603897960122	0.996876684528288
"SRR36103472"	0.903447651271818	0.886539461619427	0.850911002259471	0.872795677406034	0.756954795388911	0.867964693032963	0.865523069704175	0.907193737577161	0.65884846804111	0.881435782866801
"SRR36103470"	0.999052745817582	0.99452723094501	0.998442824605238	0.999922689436318	0.999758867926906	0.995590925245755	0.999559526220333	0.998356424778832	0.999732509836683	0.999359547663279
"SRR36103469"	0.993853958975753	0.950482102162427	0.990629694935124	0.958698525152748	0.954990210424887	0.973635305222461	0.981265776272668	0.986604322852526	0.983494100193298	0.982575539658855
"SRR36103342"	0.0799941764346072	0.121621441307759	0.0401465801725542	0.0556721982188648	0.0916722196966037	0.0895165095399531	0.0845030033551452	0.106895933561019	0.0596300315742047	0.0640138790502691
"SRR36103341"	0.986896260983842	0.975783319211764	0.958585798923034	0.975951863785754	0.984299189646398	0.94148562153214	0.97570250008542	0.96618243049312	0.922176556507981	0.993583269420489
"SRR36103340"	0.991450174697083	0.998225165590708	0.998266314046829	0.994739093127982	0.990848681050167	0.999035312236356	0.998968414712066	0.99414391629596	0.999096249368021	0.99943675038378
"SRR36103475"	0.0441731952329372	0.0437650682248429	0.0205778218268861	0.0439173203220428	0.0109436028534443	0.015182453181875	0.0072388445888148	0.0522495018278423	0.0348123096147935	0.0198725532320382
"SRR36103474"	0.999653799246859	0.999084668142487	0.999824502563953	0.996911739355002	0.99590457373175	0.995768568837345	0.996571957182579	0.998590158391512	0.999319242269977	0.997981819932568
"SRR36103473"	0.989401268721592	0.993645845336263	0.993834645587644	0.980586896160966	0.996007862706958	0.986962847328835	0.983447060702347	0.990732975831398	0.965349919842707	0.988622101166894
"SRR36103449"	0.0908806348784579	0.0142765606338638	0.0650145110966006	0.0244276452617671	0.0536818982183946	0.0273336350109087	0.0272617132535357	0.0751108641959705	0.0165985765602578	0.0188584951694845
"SRR36103448"	0.984973143266711	0.967261369662321	0.912047667811851	0.968450267807625	0.838423222942405	0.781916263765952	0.922815114458819	0.950543075440518	0.856642366687256	0.975386626821933
"SRR36103445"	0.995687826239952	0.987152073110751	0.996011347328305	0.991361794010512	0.974914198782943	0.981704596256108	0.99043541163685	0.985108045867543	0.99485767986534	0.995476181719307
"SRR36103406"	0.0538295077005689	0.062889497209233	0.0346455211130747	0.0330570528719619	0.0244280310459476	0.0711198715287796	0.0293957015568066	0.0286290827529869	0.0664236560569472	0.00607729665577646
"SRR36103465"	0.920423546798678	0.974844192321028	0.798433965658494	0.791090184982495	0.890162127318072	0.962182593801918	0.950498071653912	0.838756184943393	0.879796467415452	0.876961782844026
"SRR36103466"	0.981766051913226	0.971605209897782	0.976092206636484	0.92909065104778	0.949696453295884	0.975813245999564	0.963404031230178	0.989065478783202	0.750069404377545	0.964384959014758
"SRR36103303"	0.00227275648945039	0.00476080666606438	0.00101382729902565	0.0144319277085239	0.00302934800020511	0.00982284596530239	0.0334931356658066	0.00226342316603796	0.00101712724273171	0.00543722368738107
"SRR36103302"	0.66813555945858	0.309770526199553	0.849884728707964	0.544291185596568	0.344360652404057	0.494406480736956	0.701388250530702	0.659747428836561	0.620467850500995	0.495862687953731
"SRR36103301"	0.977621279628548	0.838602313867442	0.916749903397502	0.821645086377551	0.952699670152331	0.974491872823118	0.977942107983961	0.922367522114564	0.824933438081299	0.98312452782012
"SRR36103358"	0.110245212305566	0.170741238877131	0.317839328689021	0.195156636630146	0.385286594806908	0.17862092540685	0.469114005947933	0.336399277799219	0.201415275408842	0.259220948094079
"SRR36103357"	0.994082717558123	0.998175116569261	0.993632854231324	0.998003105876417	0.999271384191789	0.996174172776409	0.998176754474254	0.993765007587803	0.997678917426658	0.997820079398948
"SRR36103403"	0.0442157039706397	0.0452223691221506	0.0304546975452543	0.0215097427292765	0.0811920508941719	0.0600387913493787	0.0595541527730919	0.0657498300211892	0.13362290064762	0.0357296110387583
"SRR36103404"	0.995809330707146	0.955295286663913	0.961361233813405	0.704576973420686	0.846223839264201	0.977422300203168	0.943998621917295	0.802686981327492	0.836775145073054	0.898111050717012
"SRR36103405"	0.498465025122654	0.0895061441023665	0.616191887348025	0.507042197472193	0.627617147957914	0.380706374760969	0.154626567612157	0.663949303447039	0.52798246464472	0.234698901418546
"SRR36103468"	0.992481907327339	0.981699360416254	0.93620744675309	0.993050270463768	0.978639417421587	0.981679053505595	0.99418477796292	0.986405722287561	0.984170292443507	0.58221766580481
"SRR36103415"	0.00277726126880252	0.00187416984931171	0.00224691049813639	0.00223911109750283	0.00107642707300434	0.000409287376676945	0.00134130922230948	0.00165752817712828	0.000752102097521915	0.00262456431109686
"SRR36103414"	0.940045837895113	0.950018232000474	0.994290787425775	0.978427540992059	0.548690975317782	0.934306291931321	0.974851792274538	0.902430235815914	0.930097327237742	0.905603361157447
"SRR36103408"	0.0203066735381732	0.0216544929811789	0.0192343804301502	0.00258411920530579	0.00613293858141809	0.00163952789452318	0.123345981624198	0.00168147205831104	0.0196284628284175	0.0144996420405226
"SRR36103391"	0.922931987700214	0.970928067581884	0.971282805363365	0.994470975269944	0.980628994913251	0.93588043890723	0.980711871336383	0.946970930236939	0.996930950247045	0.983161608462421
"SRR36103392"	0.999925219109855	0.999881507003498	0.999619842765996	0.999103979145996	0.999479921154874	0.997266016472666	0.998256192322227	0.999604384623607	0.999739728665554	0.999816993558022
"SRR36103441"	0.0229902712638926	0.0559281909708204	0.0427958838491575	0.0227762203725646	0.0118694229430253	0.0441070312381152	0.0115834815322972	0.012450958599402	0.0783325963333608	0.0547049219558143
"SRR36103440"	0.1141639252601	0.0739282615167683	0.0466732540187204	0.0845818158928315	0.28561111481396	0.252473345762667	0.063164939965545	0.173400003753478	0.241242346975571	0.193364494781464
"SRR36103359"	0.965654685503717	0.998449204447968	0.999929745013901	0.991179362054162	0.999455954578522	0.999628145224437	0.997815669580196	0.999245841946384	0.999174602472962	0.998024979547521
"SRR36103393"	0.000675190390792297	0.0230537871383122	0.00208342299776241	0.0113482403390259	0.00743682316728181	0.000380743160456279	0.000693256152288752	0.00616873104790983	0.00243468824257606	0.0032449995241382
"SRR36103394"	0.998206167980454	0.99851243438504	0.971463102287292	0.787984549337969	0.985691278896672	0.999096686830123	0.994898706736144	0.958874508958307	0.990203619501826	0.999481103937222
"SRR36103395"	0.999947933155231	0.99997028873208	0.999973831433506	0.999634665449988	0.999989648907678	0.99990312340895	0.999994492670364	0.99999891533912	0.999616692959057	0.999978809468586
"SRR36103451"	0.697977138163785	0.572131565447215	0.292057510258694	0.177538931374764	0.712223843285065	0.598922371915997	0.454028586641147	0.727037581260858	0.5755015425423	0.348999033094573
"SRR36103450"	0.990799516726073	0.979499529701905	0.984576275786028	0.993894923214839	0.991418700578413	0.991577684982554	0.969926390778872	0.984083815677418	0.981706246122223	0.991756260552453
"SRR36103443"	0.187937482504232	0.163672219422633	0.0156967196026606	0.147396621891459	0.14421177868272	0.134564718992894	0.0408906447940881	0.0801674406713798	0.487778646473159	0.112682206428508
"SRR36103442"	0.995562526316294	0.999878544406382	0.993021181356138	0.975618248754079	0.995873227845174	0.981835107344548	0.991542781997077	0.993784788665351	0.999553656792556	0.977719376959225
"SRR36103336"	0.000911027099121979	0.00421602556106709	0.00238680531603155	0.000439932496789527	0.00391951928900526	0.000157056223964569	0.00163494422804465	0.00162654799000407	0.0117076650575184	0.00241126264865928
"SRR36103335"	0.997664734182132	0.99970027877278	0.993341994639607	0.990906093857996	0.999836294708603	0.998308370355547	0.998020715517034	0.9969196597467	0.999294250143732	0.996202109693963
"SRR36103332"	0.898106680511525	0.905540856776367	0.958031852733609	0.949751598478676	0.949924153719393	0.943075001035525	0.790325440618439	0.964790040093487	0.87869429069014	0.971448895134711
"SRR36103455"	0.577366982773897	0.170313396620755	0.463487133661197	0.249544260985056	0.306607819180509	0.462952193740011	0.196231990457147	0.2541546259573	0.0842661729028723	0.185920989905146
"SRR36103454"	0.977795041398493	0.998769312014401	0.989956887699099	0.99466736823965	0.98525204384201	0.986140458404292	0.98526163953784	0.996154306360462	0.998236256244528	0.996771674456809
"SRR36103453"	0.819269524373889	0.906054980916707	0.989381891278625	0.855731144232688	0.852085931966546	0.905493855483836	0.813495632090796	0.943270740399506	0.529357767070584	0.621216253322981
"SRR36103413"	0.0183700567327632	0.121117523468052	0.161475464567731	0.143324790004707	0.100850993517303	0.0198915262470242	0.024393092887384	0.0313690383295404	0.122248096869648	0.0259717572979776
"SRR36103412"	0.806468596593896	0.482027787609341	0.892457638837633	0.991190486494967	0.73859281634877	0.14273528718275	0.443169479252109	0.513730153532204	0.817339700002514	0.852308590848259
"SRR36103411"	0.985840366303982	0.964390210913995	0.996153497759184	0.99536570975933	0.997191531372552	0.999066409032396	0.99452115196022	0.985493964778218	0.984927544341384	0.99406847507122
"SRR20283940"	0.0602087115686497	0.15039559601012	0.101759056453519	0.101573356131592	0.0372961550894304	0.0821437483377382	0.0533919436304167	0.0526519735414219	0.0211746694208142	0.0459337972421542
"SRR20283939"	0.868371400547865	0.984202609618361	0.989409199456139	0.947281728561988	0.913386072298436	0.946531476430011	0.996779660237643	0.928702956619833	0.966577694954034	0.965641829763307
"SRR20283906"	0.0507086104073889	0.0265338507899526	0.102384077210959	0.0281824796427062	0.123167333045753	0.0822486139599261	0.0349210066139892	0.0565289931462477	0.039562026152747	0.0580459340857275
"SRR20283897"	0.950994332084247	0.973763343412536	0.950200124884958	0.988754076641934	0.942643013136319	0.980050327250517	0.988703201209705	0.978525894018051	0.989363102232219	0.986966939063539
"SRR20283938"	0.0339297688408768	0.0165328396231501	0.077679567194117	0.0405951169546772	0.0654180600791172	0.0434703583145969	0.0715928943965196	0.0443282253036608	0.0568887660122527	0.0316073823370054
"SRR20283937"	0.539760023476414	0.0469519956613092	0.980000181287043	0.346841827758687	0.251007214519084	0.391502117545742	0.19500028268234	0.0899248434348222	0.85100376890842	0.120196522910155
"SRR20283927"	0.00674309771441999	0.0353474354367422	0.00563013491867295	0.021264698953141	0.0404195480566201	0.0335332393872273	0.0466530267121675	0.114627272250416	0.0401749590757919	0.0133177470318632
"SRR20283926"	0.413111182865847	0.444337739569197	0.376495213516919	0.214478544347993	0.16559161026265	0.241620558714974	0.355244858727064	0.278010950361733	0.729161591244562	0.330996740585212
"SRR20283925"	0.18544348454334	0.292897886858256	0.330312024805771	0.535419032233296	0.366840231827626	0.872677953486757	0.294563755518107	0.26970210269228	0.204081782456331	0.200546406951723
"SRR20283924"	0.23550563553543	0.720755852093554	0.450849417525948	0.600934770438414	0.405100302580942	0.609193486443737	0.568427203049531	0.634354042669175	0.641736913995319	0.497262486432162
"SRR20283919"	0.376612011218038	0.429155581625667	0.537655407053246	0.284824125671328	0.342199476217947	0.665867059412617	0.254254900405079	0.606487442586126	0.171608772755092	0.860604454674111
"SRR20283918"	0.97251097994839	0.96390526294629	0.979256689859477	0.90936003095244	0.970048335051727	0.933816945518945	0.942152044049385	0.92624386200034	0.877436748142259	0.970970300379464
"SRR20283914"	0.0245360589147701	0.0222356760900705	0.0243949343812019	0.00964679653842623	0.00628176343715452	0.0472980189685426	0.0127649855798346	0.116613051947559	0.0751109049938724	0.0405396173685717
"SRR20283913"	0.998475839858314	0.984287199742511	0.959353801591144	0.997260782983786	0.982254631889934	0.997679490199196	0.980645149306253	0.990469154887476	0.990638103382599	0.992079248051773
"SRR20283910"	0.153174620580905	0.342984788179622	0.154906426505353	0.0358992744852427	0.600577851671651	0.0854037036833465	0.339766264719927	0.197851043598946	0.0624909232176113	0.184780623614492
"SRR20283909"	0.99731595520905	0.991414079306691	0.988447276602092	0.986320134382477	0.97538481766356	0.972516529297252	0.952799295428643	0.97413331681237	0.9494789901522	0.996537383877282
"SRR20283908"	0.222238650141555	0.423433711604842	0.168003682561446	0.282213636858584	0.238365101647875	0.0905144743119861	0.153066919456104	0.417689434392397	0.547350333995349	0.130493985378571
"SRR20283907"	0.858233742354608	0.984208640297638	0.91811505939591	0.982928305999159	0.966658410414963	0.975041729465057	0.951965003997117	0.981036743338869	0.963536590001167	0.98851993970382
"SRR20283899"	0.00549486694807286	0.0019454837853356	0.00858990813784744	0.00459563930889621	0.0119975315286646	0.00559309131251911	0.00298836638910961	0.00200721005824362	0.000837096297903942	0.0123948957948009
"SRR20283898"	0.999944561610304	0.999941569476885	0.999987419012748	0.999407860441924	0.999915955313956	0.999931364555768	0.999989956287631	0.999920792878733	0.993538391426092	0.999881569915846
