"CV_rep1"	"CV_rep2"	"CV_rep3"	"CV_rep4"	"CV_rep5"	"CV_rep6"	"CV_rep7"	"CV_rep8"	"CV_rep9"	"CV_rep10"
"SRR20283940"	0.376445882475678	0.384057211584734	0.529242960397806	0.444580255136311	0.37045175840672	0.529242960397806	0.376445882475678	0.413720236111645	0.474603192454971	0.529242960397806
"SRR20283939"	0.680650906725977	0.577582389407596	0.532334438394822	0.696198641430346	0.623993433783317	0.696198641430346	0.531400812973913	0.591902848149178	0.714553824081937	0.685024241138573
"SRR20283906"	0.493492421815833	0.407705040338267	0.416911454803222	0.461261616267263	0.552662955113974	0.585640294643759	0.521407377801536	0.521407377801536	0.624429777115128	0.463552637610979
"SRR20283897"	0.523397216125773	0.496059902415633	0.523397216125773	0.651939151053089	0.460972928202905	0.626753378193541	0.501132869047968	0.543203799442381	0.52640824020831	0.562593353676332
"SRR20283938"	0.423502438524265	0.427071438749228	0.421464653967059	0.442425443502323	0.362486892631689	0.400797774427037	0.427071438749228	0.501761232061059	0.389731687421357	0.412737503110154
"SRR20283937"	0.342505705120121	0.435672453602572	0.584812432847533	0.551530465169539	0.342505705120121	0.554927679664505	0.435672453602572	0.495334343897644	0.495334343897644	0.470477483965697
"SRR20283927"	0.273775744201915	0.243868526077388	0.273775744201915	0.353093512412986	0.198488605438605	0.38166949520461	0.198488605438605	0.264366165437159	0.38166949520461	0.38166949520461
"SRR20283926"	0.465786304402574	0.547566412062901	0.355728883680128	0.496968333051155	0.450361715862002	0.355728883680128	0.450361715862001	0.492332111736349	0.492332111736349	0.355728883680128
"SRR20283925"	0.316756994509046	0.311865618130177	0.447279183995621	0.219735837606806	0.311071253241079	0.266043775104163	0.304323238775214	0.255924741529872	0.254671651144826	0.233579055387973
"SRR20283924"	0.478806638486466	0.536713086423696	0.493934049686504	0.573237645149683	0.492758850166144	0.49108282309913	0.507010675854453	0.490815542302722	0.409414568482001	0.578775742799319
"SRR20283919"	0.663373835105105	0.606937034974433	0.723282049214585	0.620589096328148	0.723282049214585	0.666856091273492	0.6202075705641	0.661273591469828	0.669136335636587	0.663373835105105
"SRR20283918"	0.720204635326944	0.618431131455873	0.815699957896096	0.673443257631426	0.815699957896096	0.616240723497764	0.607253426024887	0.607253426024887	0.542028545178238	0.720204635326944
"SRR20283914"	0.420898403582911	0.3660979714236	0.416398727502146	0.397687874147353	0.374330287172829	0.393328140813534	0.377694451744501	0.3867558525784	0.3867558525784	0.380618015273211
"SRR20283913"	0.527224912090601	0.463320480674969	0.503961592706626	0.491409942108101	0.643456158140947	0.493670340678974	0.564875920426717	0.495779413363337	0.493670340678974	0.493670340678974
"SRR20283910"	0.602733247764229	0.408101020779579	0.32052642392434	0.445507654737531	0.602733247764228	0.318672118812495	0.459361197443928	0.52497522851967	0.270005134291921	0.321101948342684
"SRR20283909"	0.642855396668129	0.591682569293818	0.551844281356894	0.447498179262111	0.466619515118643	0.703909004929584	0.689815648346228	0.584438187753456	0.674952213347317	0.613609306954084
"SRR20283908"	0.593715542138671	0.597131988996355	0.597131988996355	0.518472251237806	0.523732485107823	0.515242893908378	0.63961857574182	0.613799379985362	0.613799379985362	0.719711480895893
"SRR20283907"	0.536216804540866	0.543599999285725	0.509899266047463	0.442358926532832	0.517125069267976	0.504120220060145	0.536216804540866	0.543229501016377	0.543229501016377	0.537767529096518
"SRR20283899"	0.238052886044516	0.232482261582869	0.451599189423196	0.264470780231109	0.367355587888775	0.264470780231109	0.439590775542522	0.240675687317004	0.240675687317004	0.238052886044516
"SRR20283898"	0.646381298213688	0.693390520675087	0.693390520675087	0.565132316357015	0.554855019809939	0.457821274756085	0.669590142751631	0.6995558130037	0.574461441364626	0.646381298213688
