"Model_1"	"Model_2"	"Model_3"	"Model_4"	"Model_5"	"Model_6"	"Model_7"	"Model_8"	"Model_9"	"Model_10"	"Model_11"	"Model_12"	"Model_13"	"Model_14"	"Model_15"	"Model_16"	"Model_17"	"Model_18"	"Model_19"	"Model_20"	"Model_21"	"Model_22"	"Model_23"	"Model_24"	"Model_25"	"Model_26"	"Model_27"	"Model_28"	"Model_29"	"Model_30"	"Model_31"	"Model_32"	"Model_33"	"Model_34"	"Model_35"	"Model_36"	"Model_37"	"Model_38"	"Model_39"	"Model_40"	"Model_41"	"Model_42"	"Model_43"	"Model_44"	"Model_45"	"Model_46"	"Model_47"	"Model_48"	"Model_49"	"Model_50"	"Model_51"	"Model_52"	"Model_53"	"Model_54"	"Model_55"	"Model_56"	"Model_57"	"Model_58"	"Model_59"	"Model_60"	"Model_61"	"Model_62"	"Model_63"	"Model_64"	"Model_65"	"Model_66"	"Model_67"	"Model_68"	"Model_69"	"Model_70"	"Model_71"	"Model_72"	"Model_73"	"Model_74"	"Model_75"	"Model_76"	"Model_77"	"Model_78"	"Model_79"	"Model_80"
"SRR11292125"	0.955395378335738	0.770022295585686	0.891942028753357	0.88368822802609	0.928804844296003	0.975298617390844	0.915817795372196	0.965776639799367	0.705042153221701	0.940478492456759	0.961743851721989	0.939059236081683	0.91725131350926	0.96391511204817	0.891456844196633	0.97843194878265	0.942279159385643	0.826403236273786	0.953610793878216	0.98056909021775	0.962095805242775	0.94518111423267	0.951969120193412	0.967069253250336	0.974684906419272	0.940389966594578	0.845280847720238	0.954351902377226	0.908459418311447	0.971213530729318	0.893118670001341	0.969870028727368	0.973412216950805	0.921752306699209	0.943267256490279	0.967806791309729	0.956826212508253	0.901485730556061	0.977487129203147	0.951621787641946	0.956140807613766	0.968633772928836	0.953649750534396	0.894778308156153	0.949995979020883	0.927998799466261	0.962146292495722	0.975425278090382	0.96758528300552	0.824656764324165	0.781325315101022	0.928900434035144	0.977927275722411	0.708840949310445	0.832434237004826	0.673464737184717	0.958779747605541	0.865686402702528	0.967100525830635	0.938605908730799	0.970130785077111	0.922625050366665	0.905801798093157	0.965376877288929	0.969606909493575	0.957049318744066	0.925298778731956	0.950543587730441	0.923370167600065	0.883231582645387	0.963566407876901	0.907353595266902	0.949982057710554	0.955070462689562	0.969336794660257	0.935297643134251	0.95296871480569	0.959366452662187	0.94358798846026	0.975082223071634
"SRR11292126"	0.893764493212693	0.946331191343883	0.885525600205726	0.938169776632301	0.952171125054494	0.664994821902611	0.83693014093857	0.820433073647372	0.920515919945122	0.881335278053497	0.975819022359176	0.957566853092826	0.900799085506491	0.975206356596522	0.907659725166261	0.930788786809907	0.90659609540748	0.913663688005181	0.915604602162031	0.895560663671406	0.891003098751275	0.942361117098359	0.963715272431488	0.879853819821622	0.807766887744786	0.967654850125879	0.87457526357341	0.938377539878048	0.923641333547699	0.861497116304041	0.879995760699932	0.950663719148311	0.96734810961063	0.918424773640528	0.939082507956005	0.878480882250878	0.965623708527077	0.909190866436855	0.902673676005867	0.932972854157253	0.701415761631894	0.902082194064126	0.735328636524391	0.840011201041746	0.924177661379594	0.970079359473618	0.873971379917135	0.88314065901718	0.889329849269583	0.96404774818458	0.883731550309706	0.928900762309519	0.802822644136522	0.940607573174135	0.949920941683185	0.933814630053964	0.618629596075669	0.927225246801839	0.733405661238836	0.978271190330129	0.900678831245034	0.837916619256271	0.796444302978177	0.703585213850613	0.878745445131476	0.917241521708692	0.839614768089148	0.78577061328631	0.959176976034517	0.952823830724182	0.836751713221364	0.409878354288838	0.963666929152229	0.953268897499877	0.848459902822878	0.796658818745105	0.917734996958461	0.983416418958483	0.850020038354152	0.74031396931183
"SRR11292127"	0.480110332172944	0.506344543084569	0.632530267564951	0.831860468950705	0.672242933487597	0.869917044716645	0.467934517815923	0.405010845424476	0.669199204401137	0.361583918406332	0.679409280431731	0.854024575506724	0.718044245905855	0.52123049507521	0.63788833568929	0.644872787511393	0.819744645473289	0.633698253887575	0.862483524325864	0.822803994802991	0.742998342057017	0.43272587359202	0.546924609185723	0.852823047096574	0.397233876691037	0.687084881218652	0.685363456933616	0.785066281610687	0.639680939724212	0.720164719959261	0.757703251878307	0.694786359562592	0.365560520027484	0.366118243739548	0.649307046425077	0.692763081061307	0.780841239433855	0.281679454801064	0.831936609738685	0.561731813573626	0.777848231546375	0.870599031081789	0.475339167248158	0.543605765180781	0.626735683942256	0.56078595891822	0.623380571371439	0.817069358262663	0.674262473612653	0.777801975817855	0.310735984342261	0.819799103867622	0.629721231651049	0.389724741317605	0.68086812756367	0.37094037618882	0.476710787465961	0.333947345861209	0.377302880225063	0.38986583872552	0.44599000889906	0.266044544514558	0.855029146631375	0.806827660098943	0.768009854930533	0.68055208665469	0.685369198113917	0.548318955243956	0.223019719512506	0.815730566488582	0.580794985097715	0.225660194791353	0.433666393824062	0.594774894079502	0.884062376803162	0.338220396351774	0.433389447610499	0.761380123054594	0.517508200052997	0.578136977688813
"SRR11292131"	0.977505262531401	0.99410041504452	0.980045388352034	0.96309776622895	0.957823119257257	0.997354093902349	0.952264256732894	0.993319654302022	0.989952488790115	0.951232603961406	0.983716958577822	0.987893538258441	0.969357570378908	0.989863086306632	0.964636779945385	0.991074810868534	0.97444543430724	0.99107306091672	0.989178232445528	0.988394256079374	0.96629516583533	0.972856992411205	0.98744541989648	0.992831093887514	0.949508708863084	0.987245280170535	0.991934897332498	0.95338012199097	0.994334954098027	0.995095550223342	0.984633626841174	0.973323479429417	0.989854512181869	0.99007898497264	0.964373721611663	0.967553112746685	0.989919029852285	0.985042326260668	0.991421905240061	0.974198123123761	0.988219495026238	0.988296384367503	0.980786147236812	0.963702499544373	0.993799538387927	0.982764644810059	0.966157858225497	0.989363376060928	0.991537396040792	0.975674640840239	0.985597077153289	0.995846335338106	0.984426302079394	0.983476042141579	0.99230174369118	0.969259286251486	0.932394395451651	0.945739084094716	0.961000983770407	0.991331924566966	0.993701855261015	0.958812057012371	0.987393915381205	0.990715184515685	0.994373252116218	0.995481660520921	0.979072621616401	0.982000289780489	0.97297683330798	0.994468754887305	0.960387680575729	0.91454749025108	0.985185894185204	0.992249616432375	0.991950455978774	0.901627788761554	0.99324687468558	0.992554789363709	0.989556012705257	0.959066023615955
"SRR11292132"	0.00687503267650271	0.030628717704517	0.00834557732896061	0.0197659262873838	0.0110010192339595	0.0144043948832748	0.0145285531110595	0.030916816129078	0.0146027668101409	0.00893844021003231	0.0938928418138344	0.0341275732736197	0.0522970764783377	0.0228363738978681	0.00539237899058963	0.0301464160184743	0.0219327996485144	0.0195679752604546	0.0139812848292212	0.0248149636637428	0.00476307805969828	0.0256334424493971	0.00519520513631967	0.00407769092712927	0.0126194829993545	0.00887641079414817	0.0188233776218913	0.0151560715725162	0.00342516533024795	0.0167439901894253	0.024278854773326	0.00582951034931328	0.0222904407520026	0.00626278236539675	0.0171193132284895	0.0124406049128342	0.00823742727781283	0.00383734509040856	0.0258731934373444	0.0274665240721982	0.0254119887484272	0.043986017856987	0.0272451276851805	0.00580429903681933	0.0195077035593691	0.03092292226123	0.0219295422101082	0.0172080156712211	0.0259426739281588	0.0439601143672917	0.00725500711428652	0.0240655156098555	0.00577499685302706	0.0105631143908487	0.0341294789398766	0.0361717776240002	0.00817395693077809	0.0257514402654374	0.0184714886220799	0.0257451200077851	0.0877568081244782	0.00455136479010781	0.00863745278820117	0.0410105321377316	0.011515898484977	0.0332614014935894	0.014120825335758	0.0306863965577966	0.0549021381848325	0.00539936480425076	0.0177131019363542	0.00640009099218644	0.0402242553175242	0.0453409015229398	0.0401593048478316	0.00274641286388058	0.0156861365094329	0.00673736313769312	0.0241368974075976	0.0267984488054579
"SRR11292136"	0.0018283978773102	0.00714030664613163	0.00554379792056931	0.0136878514167795	0.0015892056192142	0.0140580162391823	0.00745800635015565	0.00531690545486786	0.00583054893122867	0.00482673294865743	0.0085765550176574	0.0023792684951319	0.00412524011807595	0.00373927951823113	0.00522257341730459	0.00870275243998238	0.00221708601749599	0.00706919629830237	0.00143139973562761	0.0213208035095142	0.00104945875043442	0.00478735578303334	0.00530835784867046	0.00969529980689064	0.00330899705378645	0.00167137696408832	0.00401113485257616	0.00252593862300122	0.00859158285790372	0.00614551338129515	0.00650901301972611	0.00106673510884151	0.00494145362684275	0.00155569587029549	0.00620038392303326	0.00475476236628339	0.00535431843345789	0.00321088215355153	0.013233277657464	0.0036421351164921	0.0251869357593702	0.0037956309132027	0.00380746637256804	0.00195576475913386	0.00258116104708264	0.00515717628237228	0.00342755422654697	0.0163955566266325	0.00210292384194082	0.00246728784924227	0.0045046728704077	0.0280209648087661	0.00194720135486177	0.00105731320410191	0.00177875543982905	0.00534122578390228	0.00269178200370827	0.00203039303657972	0.00225858841514378	0.00298685703425822	0.0109339964872199	0.00336648865906241	0.0136519437250289	0.0100465178059006	0.0126832315153362	0.00425365400817547	0.015097929986569	0.00336711053706871	0.00403206980268805	0.00427300905150558	0.00324746416463128	0.00253990695356977	0.00296414352251953	0.00875983718944207	0.00684618236611037	0.000873163918470091	0.004059644782014	0.00184395534845916	0.0170215687877768	0.00267259623063954
"SRR11292137"	0.464629961805879	0.157094402823879	0.549362659404982	0.59024920049873	0.334320082967366	0.871219119574194	0.461426385543596	0.818161894355437	0.282268595328319	0.753063023744552	0.716330570412011	0.874966292201207	0.664305523707577	0.722397698081044	0.652892025795241	0.805054015048819	0.499688917532668	0.266919700107633	0.626030256396912	0.893720655690309	0.335571099445417	0.612100943601098	0.677649078923721	0.796905699900894	0.744104462247117	0.629835680678312	0.405533123468359	0.637886740658664	0.567355526534185	0.735036325309022	0.582363208475926	0.496850891366038	0.683386431954189	0.364979661900775	0.809350064090961	0.745088678844779	0.764389131718923	0.512574433248289	0.878205861414842	0.750473439175667	0.904218231848845	0.864164944156668	0.753165076328216	0.325570352531555	0.68683482870501	0.646621836484026	0.680429502680801	0.819668478348406	0.751926498159831	0.206867448399785	0.0919015673117182	0.733301199448188	0.407614859033211	0.122382955179377	0.161471912652063	0.178319825047632	0.639339835250286	0.252329716956385	0.56590202664577	0.720198539125381	0.859635999060992	0.652562951814019	0.544727519262194	0.859374611104962	0.777432705424481	0.787963173226059	0.642274113530571	0.620898492996478	0.648176017533432	0.537371435949113	0.700363005737645	0.21534602212034	0.506132723274856	0.880889441414575	0.756685305967952	0.278204935808941	0.709117677718535	0.715558410129033	0.68341567657334	0.671892519581798
"SRR11292138"	0.00727446305594366	0.0335573490855195	0.00770826138430471	0.0193535911055706	0.0104500969304748	0.0157010599413756	0.0156268316521412	0.0358158789148854	0.0168732965786755	0.00702502342206401	0.133763400900395	0.0345844772474996	0.0624039029541554	0.0251518931562835	0.00388691536506424	0.0335652399599705	0.0247486411092229	0.0256371172977772	0.0144861739685614	0.0292947656570085	0.00508374448017978	0.0287468989948807	0.00574063954205906	0.00472573561010155	0.0154974891982778	0.00764738239256231	0.0191392870698981	0.0197355575139723	0.003484826298776	0.0141656230505263	0.021027639660034	0.0062324884494023	0.0237744517072924	0.00704216390901347	0.0194481063843198	0.0122713037250685	0.00837151196339742	0.0037475090983185	0.0296790632750854	0.0339672195419252	0.0278838866225636	0.0450871176573358	0.0351628573418118	0.00555116153346956	0.0191503252905355	0.0409962986639708	0.0271638998791627	0.0167042736659094	0.0253606687589451	0.0517313094524981	0.00710192663467109	0.0313844706228729	0.00521662576510259	0.0123651236087517	0.0422973440310766	0.0449005080177377	0.00777170443368157	0.0261053066083636	0.0233022822838869	0.0312965351793435	0.10527212594629	0.00451214619586938	0.00987015332289976	0.0431649701394261	0.013963315721146	0.0379686886812514	0.0152653885578725	0.031741170583155	0.0783929184044995	0.00659254585671879	0.0260123809297324	0.00669107146866996	0.0493925674255636	0.051474572896562	0.043012923830959	0.00191829480444415	0.0189344384180849	0.00705045590691487	0.0241462490363653	0.0232012705314466
"SRR11292140"	0.368664412377807	0.434345752955283	0.175567920008216	0.434970594003003	0.298446168670004	0.392564040301637	0.467193508921051	0.574157315686123	0.6191539217014	0.372647025185541	0.277950836913584	0.30673077950832	0.445647679583601	0.616258067610499	0.432841888001044	0.563687921363307	0.385349499932772	0.598210931165921	0.384106585473448	0.510284524975147	0.494145286248329	0.579915156349343	0.84239030369931	0.466660246632643	0.313349705734371	0.338159969658607	0.633407310472058	0.321196497587549	0.542104434652368	0.22468871076282	0.426115441288289	0.300658264858635	0.496192515580506	0.444054506018144	0.375205999989882	0.670026553838366	0.474777105361024	0.391409172672041	0.494728077004946	0.493488580685597	0.53332861123328	0.348967418402124	0.708485625488115	0.285737786685272	0.67722047931747	0.393242353263029	0.44365188120682	0.450018250754752	0.503639861529372	0.645039382041743	0.399710638244668	0.553824849331478	0.240607384481511	0.362165301331858	0.470844279835621	0.644125095981751	0.174034595524563	0.389439065743698	0.362618897460622	0.678629452781113	0.574113239778148	0.216024685422322	0.691399424722213	0.506728284653092	0.494999416860103	0.588318997086533	0.264450514927688	0.537611289405471	0.296278797310474	0.399918131652803	0.342157626569931	0.347661468380173	0.41887727106497	0.575599228555514	0.41429691174632	0.115190331660873	0.613424764904927	0.384113140516186	0.569380484986709	0.397675235502078
"SRR11292141"	0.759726692059208	0.689886996347321	0.768284626882079	0.701705022355492	0.812789167462783	0.857901410329681	0.881381918402882	0.788146937788549	0.904493261104811	0.549807387537826	0.704482984162711	0.933356598242959	0.750784936194221	0.919353157564004	0.734502877458371	0.883729382686647	0.816546079626667	0.812033327371021	0.796349776909698	0.707765980022884	0.848777839357413	0.765323691771285	0.874861221572012	0.708081108460671	0.724584816481936	0.862733896615546	0.887966153032676	0.870201592939389	0.898240422737047	0.935340673553737	0.888299257826832	0.914491912575602	0.84980915566969	0.883214238762816	0.848112799498984	0.760369052812162	0.815479044284485	0.654739071440691	0.762168419150074	0.827400251126326	0.748503983309075	0.80576295974467	0.858006742882111	0.765457823600038	0.863436012742534	0.810678987694881	0.70814770507751	0.927921090818657	0.768131815691461	0.725772994215947	0.714397289927983	0.764657629024186	0.754618424029109	0.692509952121061	0.873981460741481	0.492032866016277	0.696983203833113	0.732852519773283	0.699704001619131	0.875979113447258	0.762589976127844	0.637763332971269	0.920099375701418	0.906727111962804	0.776484524724325	0.90420410499709	0.805166293248236	0.758286555595932	0.851350215398484	0.901130375276821	0.819000923076978	0.699777289421998	0.88567971641046	0.894756938055871	0.925734610584775	0.658875981215806	0.843088299378637	0.869820755148132	0.789559226428066	0.90825862286528
"SRR11292142"	0.0472190340353174	0.0118035330925999	0.0450585437928906	0.0504748565354201	0.0983691144580717	0.0561522121586366	0.0584002107004877	0.091163321515416	0.013129928262946	0.126830749897575	0.0482369327873943	0.114175667164423	0.0258730023987164	0.0381769263200277	0.123819583982058	0.114545885677155	0.152055164323612	0.0454854658367298	0.0175064126083587	0.349630208970165	0.0145229769164867	0.136269275132372	0.0671700095271684	0.209008874070229	0.0277860835962708	0.0190443111293253	0.104600659521738	0.152913375702288	0.219268847432771	0.0389671846130474	0.100266350981355	0.125098473275659	0.033055641531736	0.0710123241092347	0.020380196469438	0.120072200522941	0.0451758527020362	0.109075595856226	0.504107909447004	0.0661414381906872	0.348014774021835	0.0200145927775959	0.0536616157784697	0.0664319451859848	0.031336918497339	0.0767855272872255	0.0748734893142389	0.203895537088162	0.0758616453204086	0.0214457342987618	0.0346463866340988	0.15963749131629	0.051631465167125	0.0121903395942376	0.024401889028688	0.0283585518462652	0.024124569282544	0.0347408220661275	0.0151930684744025	0.0384250289015512	0.0739923199327984	0.0711253016330643	0.117123930427691	0.114248350069408	0.158160185066284	0.0252138880335275	0.111010651526694	0.0515296471349845	0.0318769396580565	0.0644418594309614	0.0357662810859413	0.0301301283529996	0.220674263860753	0.0672920427007085	0.139060558221561	0.193525951370791	0.0180160239738804	0.0331813322365453	0.0919355833902456	0.0478373932292055
"SRR11292143"	0.090788065172871	0.356103457584016	0.134747792421748	0.346090362220332	0.203867948448052	0.201447103395167	0.186076440866868	0.117166941435047	0.247824949971562	0.176634137722723	0.135458886997648	0.196889469683166	0.136483307903057	0.225235730770122	0.143444541816304	0.119940630248911	0.179654070023431	0.247448581720688	0.185180621055607	0.395341478783451	0.0852437426977027	0.197657497597797	0.187316648909803	0.218243713925978	0.2079568981985	0.388650349552477	0.106889514758321	0.170532485800944	0.146373169228934	0.276039969535338	0.277121503599729	0.229598548035464	0.453557879838922	0.198191866336715	0.328132132576874	0.28298040634531	0.30567646378883	0.237306416940649	0.304498868828761	0.169155084323653	0.348614749941567	0.501152227655637	0.156791128428792	0.11828677743496	0.156181474702282	0.149664712102818	0.126693093295826	0.221106370104462	0.126516562262166	0.255132120300174	0.168977304280808	0.365576728543182	0.136126669517751	0.17307287438168	0.340626940083739	0.210166060027041	0.0888144260928527	0.375979264358634	0.0432316632670643	0.253020947292927	0.324831671065982	0.112461297840218	0.155058994553722	0.149208529624878	0.222240831511198	0.266999283516438	0.32113577881492	0.135403408326859	0.289139133093562	0.140720983497084	0.115586975913211	0.0389141003638251	0.324747386134888	0.565000291012643	0.0961313457880872	0.0856234094341224	0.355523010072617	0.242850415752876	0.36898363286533	0.144076917156901
"SRR11292144"	0.0255366911866908	0.108196877370196	0.0397384751954682	0.170532647263947	0.044587443356767	0.0441757487614173	0.0529446529484983	0.0352888769065172	0.106571617499987	0.0454701868185247	0.059488298978154	0.0453980696158782	0.0516367090192987	0.0584431084215423	0.0229202321135536	0.0570277649394083	0.0360083145598627	0.0717632383348906	0.0336811754991368	0.142047090575873	0.0117427663974313	0.180872970900275	0.0719097929338356	0.104530208526207	0.107820990826741	0.038866000054643	0.0439383404956322	0.0600278522516251	0.0253858729325012	0.0629371792466048	0.106056598047986	0.0311692775368756	0.040523134625774	0.0327553027340663	0.0706362132752087	0.0608908281781051	0.0794556744192154	0.0713058569975541	0.0802712276185711	0.0405801014684259	0.0939382218336912	0.0687957449295541	0.0211637004401932	0.0170839629119012	0.0465458380219226	0.0517362146032298	0.036014778630954	0.0887326074911606	0.0421417592808912	0.0601306774755457	0.0175772391710138	0.118488155789967	0.0307015883376134	0.0200441946308549	0.0794338520540614	0.104793335410735	0.00677140972882872	0.0307519589551893	0.0112467553865286	0.0979993060185182	0.127283882869543	0.0132615281766815	0.0673924077118949	0.0743511467555234	0.0527621226522538	0.102967182690265	0.0585855562786389	0.0339759751302717	0.078876369692419	0.01272325469811	0.016040318934667	0.00928530685581908	0.104165095898355	0.323081452697382	0.0370451365189298	0.00762970426642841	0.0929244563556535	0.0478383158677093	0.10543484927384	0.0328796269548122
"SRR11292145"	0.704425448853456	0.540153045804954	0.723660443862156	0.760580597049825	0.664324024696729	0.664304216762099	0.886123855484968	0.684890605025042	0.792645205502804	0.538558547367569	0.573414950781445	0.910218198249886	0.683221484403707	0.841852696333396	0.632052064496229	0.756365015291102	0.757004751038487	0.831337565519239	0.8188618953982	0.40301227246101	0.784231333754224	0.594839670371831	0.76197955301334	0.389890588076504	0.637021880571182	0.683485069713693	0.842983291637096	0.878956249376563	0.649578332672863	0.872896141585303	0.765696328372328	0.894295751300609	0.761901209590804	0.536662177714781	0.598220117403449	0.77771604578927	0.577471631176419	0.458317177112796	0.468333123069692	0.662222633114173	0.554865337326182	0.712290119272907	0.75951837475956	0.645017229033994	0.652911616936286	0.712567630511994	0.73632162705932	0.283259673245244	0.689966138139277	0.692462623684759	0.381055797712365	0.492095256322386	0.741819164245889	0.81996139711701	0.918583447279296	0.513853958823491	0.342182077805158	0.647928543607425	0.654557808104823	0.714951748134658	0.724729504816397	0.442596574078782	0.363979788883295	0.806793597967644	0.464733009316634	0.822605254195458	0.320528895164861	0.645188741325377	0.797223651262987	0.697283882273946	0.794083888392056	0.635277048687847	0.757366718656393	0.672560176398499	0.813013190933592	0.519160010720889	0.577235340379058	0.497854113889839	0.832451373413606	0.897809612477792
"SRR11292146"	0.955585059741642	0.962367209956818	0.899581465486558	0.937767391519426	0.95318096997392	0.969979758542043	0.954757953874423	0.943290598972396	0.955214357321339	0.850705344330418	0.915398231901049	0.985139560768507	0.926834492085062	0.948744313786367	0.883365534908885	0.942734115085865	0.969005486613759	0.952223393264842	0.977099835113786	0.870246810502379	0.950791617401299	0.861419669395133	0.937194155383278	0.91016653139915	0.927627667444979	0.974753125680142	0.956777005908502	0.970007351682752	0.8980808395904	0.990743237869649	0.96527789109857	0.971613895808816	0.967694515076318	0.943260925777192	0.95975253938782	0.91850471302237	0.963466046433396	0.858768409379299	0.929117828145323	0.940850567404449	0.929195853459838	0.981839560551486	0.953940519380726	0.933741829219697	0.935511799216968	0.939733182467227	0.939992058704382	0.896738191004299	0.931160830925714	0.915014935901989	0.809381475969451	0.912747740604638	0.97888447421426	0.960831824631081	0.987197958154702	0.900682683874887	0.773476939883655	0.956677399152929	0.931490346348035	0.918492590989693	0.97019318401432	0.702004588631843	0.860218213541276	0.966809450320158	0.900043026660546	0.980386148332278	0.940429837244851	0.966249285242486	0.956891914845397	0.959469694598744	0.932923475874288	0.933547418001096	0.957416521970028	0.967265371453963	0.979534125570441	0.930422646957828	0.90959367401484	0.952815311906137	0.975470947437928	0.973985557626445
"SRR11292147"	0.7577603679139	0.869840237409771	0.925642618471516	0.692972037224195	0.863999160093452	0.930773318500497	0.809723904725857	0.570033591632734	0.825628880869527	0.733213467386206	0.805396666710462	0.977266300112563	0.748842611611602	0.933272922327298	0.876269188292519	0.902829794338288	0.754382587972144	0.934960459176123	0.899493276197306	0.709726164696255	0.714975068294359	0.596989356754141	0.756195702314181	0.706490518500984	0.574338305936799	0.878339868387682	0.883246179271447	0.684027041964532	0.890283042163618	0.922686308319775	0.832021776696332	0.867081851689916	0.968090072644867	0.882750293378164	0.827517329832753	0.802122778962104	0.808043864156323	0.745311312149609	0.970888848006563	0.87919089054009	0.875401704842497	0.810955335334282	0.640968892018874	0.785135422115499	0.760167255043902	0.908857701196301	0.715915853040859	0.891442542413601	0.667574792497336	0.896301170653963	0.914986466918568	0.83214944106704	0.811527968665978	0.919748253940366	0.970324001742961	0.451768744502752	0.900142047371884	0.7435321046436	0.664391313846243	0.775213974316718	0.807023820335686	0.894304302541819	0.718383914559677	0.735640770704272	0.87043687149124	0.908764116713049	0.83515850986543	0.789700437819039	0.810391761606575	0.937914503608746	0.716851149507421	0.409810011667189	0.790821857975453	0.909376882111039	0.870111786114253	0.803124767021981	0.764255140146083	0.937851326663669	0.880064862903802	0.819309981335673
"SRR11292148"	0.613442715987482	0.920276639588157	0.840882799534582	0.770925846873573	0.911952247006466	0.914727647378126	0.897418252527991	0.880957671451621	0.85571650055877	0.732803725692861	0.885885056037354	0.942859973893518	0.850569445305422	0.911494045114609	0.847291977211265	0.802293205413763	0.838083915863591	0.85210783291355	0.804426595756435	0.752687042653636	0.83232821467083	0.694568916520102	0.838551305421401	0.707684872688043	0.715923913716856	0.873912758177476	0.87449240584237	0.875252276405027	0.901940333907025	0.976226892703258	0.896461082148445	0.856718804753847	0.808748344435311	0.90284959545903	0.884953925655948	0.834271610178483	0.845323445488854	0.811697054618555	0.803797496913722	0.906555522823263	0.837679210166809	0.820909786843048	0.823993400952141	0.774725464237369	0.793904929447772	0.893835853344724	0.756834376125371	0.903112130728184	0.749596422563406	0.785390195231246	0.891238690120604	0.860169806583045	0.80700344451071	0.909362897605384	0.911442749621438	0.868845456607675	0.675500741200937	0.922653800726237	0.797114491079249	0.895090887154168	0.868466279849646	0.727333400649137	0.915152050644788	0.869339060449402	0.841424994159289	0.951517182422286	0.872970720130815	0.81072511460406	0.900855361560096	0.908751141938622	0.815706839746901	0.749374801313046	0.924488071791499	0.889891435156888	0.930042224057192	0.731716536443603	0.926076520774001	0.78810578903256	0.932852020388718	0.811352861455784
"SRR11292129"	0.971565711729626	0.979264448117427	0.988020943380493	0.93947776687619	0.990222643314337	0.97763786721137	0.979568161477242	0.919522997512873	0.982658049166462	0.949011414741932	0.9731626485931	0.991733424772144	0.98496988491072	0.982985959237705	0.955294896380518	0.983207162551187	0.971563419205175	0.977770241503093	0.976260563582691	0.93420731690087	0.968311346787205	0.943243670335639	0.968676620758543	0.949020658946898	0.95905548333106	0.984744275343137	0.972820427234459	0.985610628800146	0.981144904699887	0.993266424226183	0.98161199924829	0.980380165746909	0.98700331291136	0.988768905101706	0.988920674449165	0.912353597962953	0.984486874520068	0.978824895585576	0.97173466132901	0.985472499517192	0.951286202051623	0.984609188802255	0.950726768907395	0.966296914680639	0.97727632324711	0.977921843716199	0.965945186442269	0.978035236848074	0.961896291391543	0.968906711480185	0.981992935489929	0.962642059292433	0.96221047893699	0.992858825643812	0.981674779834915	0.952521406932788	0.96057215027202	0.977580055279769	0.970936659144789	0.975649522095107	0.994023747806333	0.955521807750877	0.976333673116615	0.974365615914774	0.960161320584256	0.986973168828031	0.963413202359017	0.959746899793226	0.979353666893157	0.991275881137145	0.970986607298168	0.9575585853223	0.981744386694312	0.984316570694592	0.982014508404098	0.980503610573296	0.975987854735976	0.984662541262812	0.979514366077656	0.975832493871766
"SRR11292130"	0.877416398190381	0.934765583006683	0.79902740993452	0.927169057319809	0.905884640315004	0.95258205458753	0.922382311180138	0.79393849251941	0.886986979808901	0.811524702856544	0.835147690717362	0.81757286073537	0.951581622790724	0.846766664202257	0.798272589002975	0.923627317096604	0.748783046415171	0.875171341523604	0.875228997843357	0.92546202644554	0.693265054997309	0.842294294520692	0.916655654069477	0.941502554824199	0.867854714489607	0.857102117052833	0.942343036587716	0.879830822530355	0.730933256031664	0.961235052864013	0.896644792023744	0.754329084289035	0.733849330484565	0.803847114868738	0.88445568578018	0.917814596204819	0.938678162902296	0.716666107538165	0.926602356313819	0.845570992644064	0.925563171181523	0.91102810493719	0.769822689497079	0.6934088905983	0.772338029400756	0.854549608251192	0.839504747356777	0.979326409839488	0.854112545824096	0.863811374720534	0.830029705197259	0.903611969510243	0.828114528640078	0.806488854095033	0.84135959092669	0.876701100199369	0.676969225253297	0.858033688308545	0.843580797211383	0.840332172155777	0.948139143479558	0.701914466214853	0.939771488697753	0.923258805167599	0.929689111903732	0.89837854182667	0.960357724434436	0.820096407997231	0.795428097807005	0.802354285510716	0.724244978688216	0.751710794105639	0.806034348034134	0.92731868813056	0.953462102840277	0.587864678021433	0.817103998790761	0.75158590426601	0.92137981168359	0.788209243572924
"SRR11292133"	0.83170537911287	0.788666187113716	0.793638781714846	0.927201031184618	0.943638489719264	0.933681241115651	0.938720067886203	0.837816652201813	0.95399031407642	0.829191963695179	0.706024914713209	0.859510349940437	0.9834107979482	0.782624254777772	0.830768560015236	0.876946425077493	0.846648679928462	0.900453106029932	0.864384536655137	0.948649550680853	0.908061936459122	0.926432497792026	0.919735053412412	0.977156657231237	0.825718568515887	0.947846550187328	0.841219567857546	0.924070687215735	0.891116610330314	0.89285724235668	0.932386745757112	0.895786494070426	0.874545180160681	0.778932305360963	0.916521775026125	0.847497086773873	0.96965954037897	0.586581562513762	0.930182120299687	0.907590409756332	0.907469818299318	0.980413625252694	0.632801160635833	0.731776514702256	0.877622541453066	0.874710399658567	0.927290360368526	0.970708266394024	0.952914651730507	0.832901668143575	0.892176789962259	0.907416358161255	0.80412032463595	0.894484843030306	0.872644081942578	0.867715888780062	0.667697409314269	0.906947658477876	0.821648350352248	0.822307098613078	0.796653178574584	0.678984711459483	0.967842812015666	0.937568741443163	0.953123735170547	0.925786071851637	0.92563921082738	0.660428494013031	0.801827165649261	0.90742937964566	0.894105529642228	0.796313939749655	0.839103945195802	0.932403522907125	0.980750635774199	0.497802729669858	0.834865424123958	0.957780974941369	0.89456011930436	0.765529403092122
"SRR11292134"	0.0235143865344721	0.0659336217828708	0.034622949262605	0.0174585205417368	0.0373454866734671	0.0372003603416066	0.0270086884776965	0.0333085004198407	0.0334113102115425	0.0243493229862533	0.0342735091448656	0.0314179631582937	0.0851344729668025	0.0500790503175108	0.0274581570742101	0.0264492006314729	0.067893035317055	0.0402252790988991	0.0335456755060283	0.0317361552584949	0.0365172681273638	0.0182739193413865	0.0144478317472735	0.0243918531183493	0.0269904121162244	0.0690808611584166	0.0352474220916687	0.0271874226439576	0.0120534407051907	0.0658060908732935	0.0732320469017047	0.0425980255391786	0.0433141871688223	0.0259349334381022	0.0366971206527582	0.0478342585236868	0.0359063980564308	0.0876609860968442	0.0971252070988996	0.0217868002519773	0.047836013217183	0.129384827978228	0.0319356293794862	0.026552656926645	0.021384262764311	0.0279209302112918	0.0226203741038135	0.0211452671171853	0.0262391762643513	0.0420276867252912	0.0399298412433017	0.0192403124905788	0.0683274897086361	0.0368335705171738	0.082165854086682	0.0332074546950452	0.0456202202439631	0.0574915640442558	0.0215310766399419	0.0208756457764485	0.042406433465706	0.0208609559684464	0.0171953924605766	0.0470325866652922	0.019146479420248	0.0375144203877031	0.0503410484723112	0.0250104093546435	0.0132815833987081	0.0510430784522957	0.0330928295360902	0.0619401855695923	0.0312375121995093	0.0577061766956313	0.0261992689951492	0.0116914914058244	0.0171056440524353	0.0267636805277989	0.0842075832057056	0.119656209046582
"SRR11292135"	0.0150839568368942	0.00714728350680402	0.00781160060338759	0.0140871899598489	0.0104625547995279	0.0155522906778308	0.0387541836242659	0.00528960361323493	0.0335133197489697	0.0283886683293733	0.00853666789504934	0.0138096396876261	0.0223284267666914	0.0100137456137386	0.00889804395154535	0.0185877247841155	0.0172389907296896	0.0111231131006198	0.0110544286481136	0.025624807783388	0.0170673805332901	0.0108227374208304	0.0356684595762777	0.0186357288846713	0.0147669630471704	0.0109974329947427	0.012376364737841	0.0358694761735999	0.00459444747223003	0.00807830380268021	0.0316649696757966	0.0159064749706316	0.0221636986737078	0.00885320471413083	0.0219116837264584	0.0311842743228242	0.0227138353617248	0.00133984602569939	0.0713500455147047	0.0119049035286779	0.0545921768863584	0.0333659690452807	0.0084046716909347	0.00681323385701164	0.00822480077233441	0.015273562168253	0.0196210994009483	0.0618937695109448	0.0100637289161752	0.0149339347747088	0.00325926194065223	0.0133962335763548	0.00602746483621767	0.0245283045096879	0.00962356225454433	0.004049054749659	0.00331852853467348	0.0232714366014458	0.0122590407455406	0.0146520626877489	0.0111130912943097	0.00923189400318787	0.0233084968707094	0.0154378444908568	0.0184188321214752	0.00800367395186625	0.0285036552935844	0.0185249186896183	0.0220804661005966	0.00855013391824214	0.0265084032447151	0.0111612321256286	0.0107849295204584	0.0552002037553077	0.0167498713565823	0.00556308012771566	0.00765355203337979	0.00876044250438255	0.0179995945622437	0.0253379506146885
