"CV_rep1"	"CV_rep2"	"CV_rep3"	"CV_rep4"	"CV_rep5"	"CV_rep6"	"CV_rep7"	"CV_rep8"	"CV_rep9"	"CV_rep10"
"SRR36103410"	0.728019825329065	0.774681103512445	0.78897552673182	0.775438041868271	0.795235771731562	0.812568542875006	0.736254963454772	0.727862247882249	0.857864103190761	0.644642736503391
"SRR36103409"	0.8938215952514	0.879391428354686	0.810779957401641	0.858414108168135	0.875798377627771	0.931126315122594	0.877505366119215	0.909387958642319	0.750269064402362	0.924094753897769
"SRR36103388"	0.860347013952106	0.73933425394111	0.462167502310291	0.829778377986656	0.619216120254141	0.79601459983387	0.694606609320316	0.738657301982506	0.925459895775194	0.444758998943948
"SRR36103348"	0.397219631523694	0.31192687032036	0.34260581359199	0.325574717785124	0.531723250943988	0.49073820333822	0.207301439133576	0.393443785704223	0.551429520961834	0.425532990077849
"SRR36103347"	0.983383435461989	0.989067902080802	0.996355107730707	0.977212867856333	0.997451014087195	0.99281244531211	0.988311672525218	0.985885812675631	0.972255013254618	0.991599204599721
"SRR36103352"	0.0684850432266669	0.159285108099656	0.0804820031005551	0.0988138764402937	0.0674980342180589	0.10263689768852	0.0613240580317165	0.117032045431076	0.0290614008115071	0.107575669698329
"SRR36103351"	0.91426069616332	0.893521148760901	0.757012297584411	0.835614328201329	0.711853317029365	0.770003360794535	0.790819619261713	0.9638785608646	0.821468946884148	0.609466501068526
"SRR36103339"	0.49658889293261	0.283099626111373	0.417218351948745	0.666206437850964	0.719789456304301	0.641578757279738	0.66989254093964	0.722618266842239	0.868965944014437	0.474976064052043
"SRR36103338"	0.507908641287391	0.637438190322395	0.902493302494606	0.720809744599234	0.719735878944655	0.696567294549921	0.641234135790218	0.725469370001972	0.789752260377862	0.629989953503402
"SRR36103337"	0.963182473732416	0.97482431484099	0.911982839608955	0.934262873551106	0.986307134333264	0.982508486744517	0.974577969870165	0.928721337367014	0.950797763293664	0.966313865606299
"SRR36103344"	0.178414447249348	0.329528222229757	0.0936728469832641	0.396684094830455	0.453281976028656	0.599146271896145	0.452409745941009	0.396750528171706	0.290387999732087	0.392797078256798
"SRR36103343"	0.961788167891524	0.968553691072196	0.966207908689053	0.967194076187496	0.938027626857565	0.955926323996988	0.984108111423852	0.959331999042724	0.96588927139564	0.974200442747127
"SRR36103444"	0.87536977759873	0.734475601337527	0.56695021434031	0.418503185224708	0.831839913466278	0.914799369964337	0.766715326065686	0.808535678147404	0.689964469346027	0.600991731035117
"SRR36103389"	0.339159310812362	0.33548324131049	0.26066631406152	0.297998848917482	0.355103149500134	0.386100504582413	0.309034663254078	0.309610781004736	0.437557218954749	0.187211780810014
"SRR36103390"	0.924227084326263	0.843155779196218	0.934474375149159	0.854898705589867	0.872490908799225	0.860480215919448	0.889789157988453	0.873210379531969	0.902433564340404	0.863230564405876
"SRR36103407"	0.916614859938949	0.948019366843352	0.926905491634339	0.952138392913497	0.947249808075708	0.815671174752979	0.951319509381621	0.940403315268777	0.902923478042419	0.944220237725557
"SRR36103459"	0.306039714136939	0.467884085084387	0.427731628565951	0.461265909268988	0.411825012030873	0.240627614639594	0.429197737712183	0.323609612421059	0.209066918279262	0.230591140806589
"SRR36103458"	0.913195327123467	0.893551496782108	0.915763754670852	0.848171946711931	0.831127053072391	0.865072834813905	0.859921064083419	0.897656751537412	0.856769789003874	0.879953637567263
"SRR36103456"	0.666799817370825	0.565907019370111	0.613764555576765	0.562872630160555	0.631555798400418	0.785440043099421	0.632214876961709	0.63619086752772	0.618313857536445	0.545501499351417
"SRR36103397"	0.0671077379984259	0.0857295014671906	0.0327872894377788	0.159278294980631	0.122238472598372	0.127380522517605	0.104135034308957	0.247095886976287	0.0801625636006554	0.059239021262307
"SRR36103398"	0.738572021905131	0.858665486243609	0.722242634997409	0.854787995058514	0.721620523894019	0.58970870741841	0.810092074262772	0.795028860370636	0.483993263562879	0.672917304168431
"SRR36103399"	0.383335597877746	0.296435165478468	0.235310798771877	0.627265118168257	0.425685133239778	0.588057565929714	0.229155789700072	0.274880909227157	0.258065369163325	0.262504889041879
"SRR36103462"	0.111160804511019	0.184962740586933	0.065611396051707	0.268150384134908	0.089153173284872	0.11636428001154	0.254884399845652	0.160372578170702	0.247609079010989	0.143528069834837
"SRR36103461"	0.892867793249423	0.91650196192345	0.94888556529402	0.891322910283229	0.969687977381096	0.928218514816648	0.985526077557007	0.95528538289784	0.916469109278225	0.905879891159815
"SRR36103460"	0.958627570284291	0.949343993377165	0.979467612929801	0.961577952065296	0.913986541543697	0.934114939786035	0.918696796093105	0.853115954562646	0.939107473610661	0.942616027869651
"SRR36103400"	0.705344005242911	0.486235019812499	0.659948815944607	0.760514813079857	0.851982231084417	0.750064143629301	0.4689719483773	0.576910073086752	0.694098127416462	0.914079577595218
"SRR36103401"	0.739043074752301	0.874993087027524	0.788065516308133	0.804394623455574	0.745161907066202	0.607548740486772	0.600169462572682	0.93966036165935	0.766819136428744	0.555081496775064
"SRR36103402"	0.595963140220532	0.543069463581589	0.634357331507563	0.675689377672769	0.321245592856445	0.595332895487724	0.232983509809252	0.44880414143996	0.736320171886693	0.330810269449155
"SRR36103350"	0.451316719141287	0.402751196044008	0.489128058781546	0.383289320043034	0.268124718226306	0.407347679024646	0.466425396671893	0.187283812196024	0.193516638439701	0.448504951046564
"SRR36103349"	0.980256281722729	0.987980980521142	0.976051838702451	0.992555706237786	0.993517815473825	0.974020293178017	0.954467103132631	0.971797792026249	0.97167698771082	0.980761934287014
"SRR36103447"	0.0565445706370788	0.0833849868518055	0.0763891270708338	0.128879857809809	0.069202493059966	0.0628200613459401	0.0950552680939918	0.0293223558281754	0.0604419668004595	0.0754345012841447
"SRR36103446"	0.974602266507576	0.990160924079808	0.987295638116667	0.98450163841351	0.993326977427976	0.987681176169668	0.9883839597098	0.969754866533763	0.981431618873413	0.986467265576486
"SRR36103463"	0.978090815164122	0.96808012355683	0.954101387727446	0.902955392055375	0.985556433485835	0.970817173419601	0.978146003826569	0.968712915225443	0.963728194078263	0.983097118311269
"SRR36103346"	0.259842965765512	0.31377773701396	0.307283476638344	0.307891762701807	0.183618129025621	0.151455793475967	0.240817017527563	0.21075647813767	0.169495878355	0.138822440395877
"SRR36103297"	0.967438633922853	0.940124207614932	0.941374844068564	0.917451525203219	0.934907139358549	0.949827619633826	0.897468230957054	0.904773885372031	0.919331130130942	0.854746329772385
"SRR36103296"	0.984263127577751	0.963507821854818	0.986192723825602	0.982042862926398	0.985446977410247	0.983333443544091	0.98509388449723	0.981748779562129	0.982806307989083	0.989125568358348
"SRR36103355"	0.0847964181015733	0.173975930061699	0.0799918760483701	0.137666607967056	0.0726025014501561	0.12366913465343	0.202598909747783	0.125602045977267	0.0907375043350427	0.0371758263403206
"SRR36103354"	0.979845318361148	0.963624378584184	0.959633991080505	0.988393555663539	0.971210113820512	0.970647599619888	0.982837824497956	0.956207876919275	0.974857045687288	0.981819431915935
"SRR36103353"	0.980311831524226	0.975455769533442	0.977934952410757	0.987529346792347	0.989131004826381	0.969427199499644	0.982999454161265	0.968385527947722	0.978838797056826	0.975526162310971
"SRR36103472"	0.85317341005651	0.87204692292447	0.808737121480105	0.938380351054892	0.874887476091413	0.88135613894303	0.915707366004375	0.923112443987264	0.885572990660221	0.830360627490952
"SRR36103470"	0.964041843113055	0.981532121857991	0.979499634400035	0.974045435300527	0.926337129101637	0.985437768747109	0.985718918802359	0.97908003149665	0.974977272546642	0.941915508400885
"SRR36103469"	0.960046209217121	0.950252250519336	0.926325058427478	0.966370914601862	0.89540884183765	0.922438410937607	0.934797199237956	0.929246662431941	0.962777660665616	0.91118822198142
"SRR36103342"	0.232609812174879	0.343233955113131	0.346026188944579	0.346788357578156	0.270272606686625	0.12596905597665	0.183128346710938	0.239375827794582	0.317556305161731	0.234114328692448
"SRR36103341"	0.919865273104165	0.90328953577991	0.780549212910093	0.969211474484698	0.876016951858786	0.90878640780948	0.917292134228666	0.816329031079391	0.886036083947805	0.927816079242202
"SRR36103340"	0.958953932142184	0.951438111432481	0.965694931043224	0.896467575155989	0.960137855495698	0.958033076090669	0.921550523346342	0.967769272296376	0.981746371408476	0.962546369410566
"SRR36103475"	0.05067246512784	0.0678989177664038	0.0697807705750986	0.0704654667702911	0.100327296352914	0.0860047560489149	0.0504203865778338	0.0620811303594527	0.0198515188897579	0.0183711485399538
"SRR36103474"	0.990362212290153	0.992774721994975	0.966472787648296	0.988624953570701	0.969650547584893	0.993382373971035	0.987749642731568	0.964155178333569	0.991418377850093	0.974225402447222
"SRR36103473"	0.97889860312182	0.955343329506525	0.904374066644238	0.975173789305921	0.905204122060349	0.979114810517722	0.882179296900362	0.981898084991109	0.931757861161737	0.961494074058393
"SRR36103449"	0.0578060549496716	0.0866357049658885	0.0419223076831058	0.108817420588176	0.179941368247164	0.0753884603107021	0.0919084049465981	0.0592591219628586	0.141512096585862	0.073376295159934
"SRR36103448"	0.918473834842194	0.947016332255978	0.900589424200778	0.926723378364197	0.973778828537175	0.951706641293708	0.840776547003357	0.89762336119112	0.853735754720431	0.937572245712596
"SRR36103445"	0.888411179086291	0.83583386018151	0.824269815857254	0.793233116222929	0.640057711966882	0.73076806694131	0.766863468142869	0.708642787028688	0.793437492491372	0.707311310825433
"SRR36103406"	0.704809427061852	0.413454320451308	0.549049006942471	0.567148589375424	0.590539785814861	0.60633386121008	0.641353359208531	0.425659077564851	0.296259104221894	0.570515085516086
"SRR36103465"	0.964237170284621	0.969688065250613	0.978496291601304	0.967545612258308	0.958633941473824	0.967095429380609	0.953434098717072	0.990562143361263	0.957233957212178	0.96814575375551
"SRR36103466"	0.931899923849401	0.95452166302805	0.921918669492321	0.938365616702799	0.859394277742862	0.948671365369168	0.962273680287926	0.966318120774011	0.921701586740173	0.964915937908119
"SRR36103303"	0.0920929197758813	0.020369548421363	0.0234703768510163	0.0981470633029625	0.101336279632344	0.0390585695986029	0.0751746830182136	0.0438267243550206	0.0155055458900758	0.0503258805199041
"SRR36103302"	0.480672309960372	0.417795624176865	0.380165776957138	0.377828637815164	0.504219013537905	0.220872897563503	0.613232951441262	0.325023119242336	0.500805392076362	0.42892222701096
"SRR36103301"	0.830013666389893	0.841905642356658	0.755025617856453	0.813806985517721	0.747007649499072	0.35508474254128	0.528512903384351	0.677132667317423	0.654312190903603	0.580531831169384
"SRR36103358"	0.158973734474078	0.128898503828014	0.358408733948605	0.178738057393519	0.218278354486879	0.315833080437036	0.251376960639604	0.336091777216528	0.340506046653165	0.214480093257211
"SRR36103357"	0.93296823032466	0.940275832430634	0.953676985275193	0.948529738305035	0.948404670154253	0.938976389285489	0.929779025462692	0.945504053565316	0.915230667592313	0.943853479738976
"SRR36103403"	0.197548137756944	0.190468820017033	0.304301821255786	0.232727297328468	0.22233685078083	0.188127721103362	0.374345490453112	0.28724596768261	0.353047445036102	0.234468195077178
"SRR36103404"	0.718902179234202	0.867709204526859	0.855015886268588	0.879063089501477	0.830942995575082	0.851003455796201	0.837555511275278	0.786676273647993	0.5489594178171	0.905455893579966
"SRR36103405"	0.503433186272818	0.698406903985679	0.563765853742107	0.265091001928674	0.340984121991512	0.501687624593834	0.750194980083122	0.611579706799117	0.539525576172527	0.159932556794942
"SRR36103468"	0.873208835420943	0.849791689646889	0.810776725401364	0.763240002718196	0.83482119828172	0.820860697907069	0.903628131922652	0.847343789556813	0.807794312382798	0.918932427558042
"SRR36103415"	0.107976731577081	0.076264269411262	0.0397627730968889	0.0178770289696697	0.0147335387561187	0.0424883587367441	0.0669298874328151	0.0552832646393396	0.0411687866455703	0.0138911129258037
"SRR36103414"	0.690420219598389	0.765452380586514	0.806553494330224	0.582669623886927	0.547540223502555	0.757084264556909	0.376602976422608	0.430763578999887	0.679749486469152	0.891381672423484
"SRR36103408"	0.0329122553437236	0.0325213070674593	0.0409967899201513	0.0514281240801462	0.0178791507360276	0.0265611671052446	0.0494738236903679	0.0527477580510878	0.0378293679222357	0.0689682329936089
"SRR36103391"	0.944878618531352	0.947246542329774	0.956067745325416	0.981775203151234	0.948426622737798	0.940059334926092	0.956188867676368	0.985856867260282	0.963709436272199	0.891767764396246
"SRR36103392"	0.99907571800311	0.998123731189231	0.999176299823341	0.992543884520834	0.9960000855009	0.980799707123361	0.998797067410868	0.997461213787964	0.995968734076577	0.995331829568648
"SRR36103441"	0.0799367084716791	0.128307455013504	0.0913362920981566	0.1399474414779	0.101333218799568	0.110353572344094	0.0974289256832477	0.172263222388074	0.109691473649695	0.209694551690309
"SRR36103440"	0.662433319341882	0.670968733509484	0.422363085251461	0.72126560058001	0.472915728924528	0.742290693733476	0.763022524513342	0.708471357764452	0.572443692932074	0.44745456326606
"SRR36103359"	0.945493882102936	0.898186319685421	0.927742087707245	0.777894642886075	0.784736701644373	0.847213853180253	0.92362725588545	0.823014095658221	0.782203012745828	0.876772469481383
"SRR36103393"	0.0857197420011413	0.162100645099719	0.148750262650019	0.0867079194540544	0.0839548510092075	0.0924132736605271	0.0272534383859656	0.104900791763308	0.0961412316420621	0.089547890941214
"SRR36103394"	0.826703019750046	0.435158212703842	0.49429716100892	0.354471095166733	0.696651763600143	0.59310735790041	0.538405969399726	0.78061899020003	0.753603508612295	0.660732944987563
"SRR36103395"	0.999143933151339	0.997523110735675	0.998496392337425	0.988935801539199	0.995381184405986	0.99863422806791	0.973359460504185	0.998684814436528	0.997199382275076	0.998232472545242
"SRR36103451"	0.693710245520056	0.614488532809893	0.618494852674855	0.606335696256856	0.669737084673844	0.516870254854671	0.653764186537662	0.489546259434197	0.647039591294697	0.530001061603891
"SRR36103450"	0.961311337810753	0.972368390052523	0.924898898673664	0.942064624201628	0.924768860800479	0.947286398370593	0.963308674483731	0.936275919014013	0.963264678306301	0.886586936361434
"SRR36103443"	0.0975655432236828	0.0840655191811544	0.0974184383589454	0.176585336408855	0.119142300738829	0.0858424615648083	0.202499544138293	0.0910280436753095	0.0666201921627409	0.113595113219046
"SRR36103442"	0.968330793643611	0.974863029815516	0.974883202402364	0.963805118105928	0.978887465162199	0.958597451073379	0.929804981991382	0.979385833923363	0.962216563802172	0.972507908979132
"SRR36103336"	0.040476771711745	0.0575189388814991	0.0319398253451649	0.0415297919798978	0.0832333405116375	0.0206465134191382	0.0396267905594515	0.0535848068090469	0.0401186575774896	0.0274900369788811
"SRR36103335"	0.97529492580154	0.943039835882736	0.977531310339762	0.969537759133161	0.968754003856356	0.963653643093053	0.957180696277712	0.96847755608039	0.977877286793899	0.960095988705418
"SRR36103332"	0.942650806032912	0.942611399207689	0.952659864707285	0.949677827195479	0.954108999495062	0.893710263110215	0.937804779929367	0.931078346755169	0.916363645066751	0.930807763336255
"SRR36103455"	0.227106061845968	0.273083314428039	0.145528468022828	0.240560221118423	0.236967379763117	0.344125602111535	0.273525481493768	0.245992225426324	0.1759483179776	0.082078635301108
"SRR36103454"	0.90025073857568	0.951057946835153	0.90767081981733	0.907935295240354	0.972450492503892	0.902915786414554	0.890736850342429	0.905046349807972	0.897031274141198	0.957063086602496
"SRR36103453"	0.728232132617609	0.720812291276656	0.567310940373638	0.823310957657892	0.551345812192017	0.807838008408418	0.914147063953113	0.591242961634713	0.901861607008964	0.307843723102323
"SRR36103413"	0.380043186781534	0.202969730730701	0.565459584564931	0.299204290357351	0.132425141835332	0.0968989371679687	0.442458535955506	0.560426264309313	0.399821627034043	0.318964117158067
"SRR36103412"	0.974239573098536	0.959524376191664	0.955036574089425	0.99072055698968	0.972004290933181	0.986464905181299	0.977917540214459	0.977117486244216	0.980056821603286	0.97903265328373
"SRR36103411"	0.989643683978323	0.988410184306979	0.990116731657973	0.974083011832973	0.981477353794697	0.981741812982077	0.988393003465076	0.980559021644168	0.984738176834296	0.979783343196741
