"Model_1"	"Model_2"	"Model_3"	"Model_4"	"Model_5"	"Model_6"	"Model_7"	"Model_8"	"Model_9"	"Model_10"	"Model_11"	"Model_12"	"Model_13"	"Model_14"	"Model_15"	"Model_16"	"Model_17"	"Model_18"	"Model_19"	"Model_20"	"Model_21"	"Model_22"	"Model_23"	"Model_24"	"Model_25"	"Model_26"	"Model_27"	"Model_28"	"Model_29"	"Model_30"	"Model_31"	"Model_32"	"Model_33"	"Model_34"	"Model_35"	"Model_36"	"Model_37"	"Model_38"	"Model_39"	"Model_40"	"Model_41"	"Model_42"	"Model_43"	"Model_44"	"Model_45"	"Model_46"	"Model_47"	"Model_48"	"Model_49"	"Model_50"	"Model_51"	"Model_52"	"Model_53"	"Model_54"	"Model_55"	"Model_56"	"Model_57"	"Model_58"	"Model_59"	"Model_60"	"Model_61"	"Model_62"	"Model_63"	"Model_64"	"Model_65"	"Model_66"	"Model_67"	"Model_68"	"Model_69"	"Model_70"	"Model_71"	"Model_72"	"Model_73"	"Model_74"	"Model_75"	"Model_76"	"Model_77"	"Model_78"	"Model_79"	"Model_80"
"SRR20283940"	0.0814658360635068	0.342762942574569	0.289773650787147	0.0731093053891164	0.283824945530875	0.30044210360425	0.182569293923467	0.201396659414467	0.148955081726575	0.0691333076050248	0.311567640019142	0.502867948817744	0.143722468906526	0.222664262673723	0.147929689629621	0.18342511635455	0.136219491705507	0.109147289781645	0.47920157779657	0.0712299089890287	0.0610663352861564	0.168635831043512	0.264945064197254	0.292596598133964	0.217520358588321	0.227311302629357	0.234389045980953	0.185037967561982	0.0411842435096793	0.425686636751581	0.47388049638619	0.195905531066325	0.152198549625519	0.207457290526651	0.0487908594441965	0.457879066186604	0.0874581310353255	0.0951906197823621	0.315807004586338	0.159324744968709	0.217715333527968	0.139312678689477	0.394525211700659	0.328957788082958	0.222835270951273	0.0528380615519386	0.238777717795232	0.316439297966639	0.203773882633053	0.293763436525675	0.437877796834089	0.167376699847317	0.232821957631555	0.225668668931912	0.363318314562892	0.0890337626516431	0.112802809737428	0.471199354402573	0.600552832289434	0.546432556154677	0.284024494140418	0.251144149292139	0.634306180643505	0.158970078663258	0.518549575449955	0.41239497298239	0.193530750691365	0.195014363198486	0.269700840854694	0.0991650379077447	0.251047788503378	0.131661022692213	0.129710439103271	0.188178598690515	0.304194523567211	0.46033758226155	0.279852851901672	0.395197241621358	0.255655368456766	0.425231215925785
"SRR20283939"	0.320386735394425	0.52694894110722	0.415580194089743	0.454629507629825	0.312007695167016	0.447960356826508	0.570623882259655	0.522178498831649	0.560286264741589	0.115379023609315	0.299695336126135	0.665278055398513	0.637534020679632	0.319953752020753	0.240495938938234	0.290585486533899	0.493612175698871	0.177777608246817	0.35587510862944	0.315588218542002	0.232763440306422	0.328833598609156	0.218632692341858	0.47050294543752	0.533116952406516	0.305658463435322	0.680904181084628	0.36180879211484	0.149754274686161	0.333823095150753	0.583409644489363	0.255243124612124	0.507400187143159	0.279973889773312	0.28930275718712	0.545991403895147	0.291555289445658	0.679155834432533	0.466938643796965	0.308133858038746	0.514529070587583	0.328336881268983	0.531524763708068	0.417697222595695	0.282110302644828	0.309133379255211	0.183893967677262	0.596330937404836	0.659924862333783	0.509540190793236	0.812715655135313	0.239246189822043	0.37929797703635	0.762288310842447	0.48126416779036	0.260179121734328	0.540036316241117	0.450062542702424	0.741523182142383	0.633034803109982	0.385578426813652	0.421859034564952	0.748143280344271	0.287579235400342	0.827335455559025	0.758199769676481	0.403500077039403	0.328775916033822	0.506873172258351	0.524828907850076	0.331179871310603	0.496106766266128	0.279468477601605	0.205535288247948	0.357221743682182	0.355597378680925	0.254255652420215	0.579789939725435	0.510904725383106	0.636838349192514
"SRR20283906"	0.083858077002817	0.158189951391679	0.170001554032456	0.0579251475577098	0.0850309814549091	0.111109317147779	0.0898209015914855	0.147453939363549	0.192812926272966	0.0925625802994933	0.124305150748202	0.354865221243079	0.178384707331566	0.240797612040272	0.191052678431568	0.0843063960341741	0.081038876085518	0.0444263563377645	0.106012524716979	0.0770241415044408	0.0383095944610077	0.115971180914011	0.132605243609381	0.111852052355626	0.114215588123837	0.0591764772309775	0.0497518200702747	0.118505046103452	0.0465419073638155	0.139386163151729	0.388765094497825	0.0719934749479826	0.12518992220276	0.0887822814421043	0.0492493970179954	0.0913152001804304	0.0531198592219757	0.0638432816875637	0.100695591779986	0.0672202479311876	0.161913661878096	0.0463564723519532	0.0853475801996821	0.0915305106038535	0.108301931416508	0.0233157921384254	0.207022847222758	0.130222600039176	0.0826538864309341	0.053312066324705	0.0821713106791794	0.202265636648208	0.081753761013043	0.183630019291891	0.0821725438827486	0.0627927464635414	0.238435833837926	0.109156934630986	0.406479364043478	0.300998736725219	0.086643737750271	0.0681467059144331	0.477253210274915	0.0894744420654632	0.0778927910044292	0.162872952959002	0.0458675591703052	0.171469184510046	0.0510683804009461	0.120812338008376	0.10232736857907	0.265335697050054	0.0372911500657611	0.0574600159188408	0.443928637169263	0.144825277769326	0.099678754277884	0.0955749592448874	0.0720838378580013	0.073329042788153
"SRR20283897"	0.498693270605943	0.637379352783749	0.65821581959116	0.270730600629339	0.437246061752239	0.417671055442202	0.281039689735266	0.30402020218815	0.308634991802723	0.446873833036203	0.528496241820118	0.799496013487234	0.235118518200305	0.542079647684217	0.360638386558375	0.557607898938998	0.338069391202563	0.387716927901098	0.61516975992746	0.336806428529785	0.276761086051485	0.44369690573357	0.695892417330722	0.585694528233164	0.527563599327757	0.381623212515714	0.613452063006099	0.740006125541261	0.470635276620634	0.538626458573021	0.761541903841949	0.438399327641464	0.455981444343901	0.398494023219101	0.245508910827624	0.616049081981132	0.391646333742809	0.246813640127934	0.569809443595344	0.435720576268528	0.412560925928928	0.364287436796517	0.607983991287553	0.423182419353398	0.522771935183437	0.275776971715566	0.609514050459384	0.350891885961003	0.307615961159268	0.38306419508788	0.714755324759653	0.572309352441186	0.417193854421956	0.29396924958847	0.551267715571896	0.310247805472753	0.260901842538806	0.621115002221877	0.733065337422835	0.649914029331461	0.38183369436469	0.446230059657663	0.763761253023142	0.459920627509471	0.640534786849913	0.543223759690042	0.301507761319965	0.563963806018601	0.35685960857092	0.276257740238406	0.567012453421088	0.271293465483689	0.379873454992116	0.401607506819239	0.762489672247452	0.681811143089905	0.620745890525602	0.677057882137045	0.512932495100924	0.594429492088897
"SRR20283938"	0.357750499565416	0.267386077161156	0.312980254297721	0.195306812503829	0.194964202788762	0.202877080389642	0.375383898358548	0.17264596649661	0.254474235577895	0.0924813846208727	0.195202284034461	0.674981179311452	0.243512261202811	0.236371762040688	0.148403398844378	0.206948820200145	0.180155967280616	0.149179908152116	0.101615173049632	0.166168862543173	0.133882470441758	0.193643320222825	0.183807773317609	0.235842416579988	0.383967447991017	0.155142585511436	0.297006683250409	0.197496169747722	0.123470708139313	0.197004635713566	0.425825621066014	0.143149499870383	0.219625148463715	0.204576412817658	0.137759395001041	0.247934076338445	0.215940866799319	0.157804018205199	0.259161170548061	0.183301741189389	0.255600807973194	0.1598627354553	0.248600930627909	0.152115341564136	0.175528046987682	0.164913849823542	0.136645319165045	0.214815966876631	0.178793015027129	0.209911029948717	0.471350943744523	0.190815302387925	0.132933857039073	0.291637948306601	0.322806210489372	0.155861480224899	0.253930511343378	0.205613612437154	0.471153555944172	0.400894434573892	0.136865536468218	0.226984561615197	0.567050242835004	0.195094793551495	0.291886990090949	0.321551731159708	0.138474862264311	0.222699106450549	0.165615086213519	0.196510699240224	0.192066049320332	0.267794829029456	0.15177455370784	0.107063515536587	0.395478004798543	0.152574785806113	0.156334538170025	0.412100839640584	0.199687884255909	0.301993760550889
"SRR20283937"	0.220249632239976	0.498123594378672	0.579863114895386	0.332266447218193	0.290300913921696	0.318767904992767	0.316609710055654	0.219644197979337	0.259069953608779	0.201323235374375	0.33291263238594	0.771499921970745	0.224621660691404	0.485273053961632	0.218075142707359	0.48425540020419	0.566560614704145	0.195968515725392	0.364711751033945	0.241377559890349	0.282277510439393	0.202426346867703	0.469242719485428	0.528099938028725	0.750498439507668	0.225360131121849	0.418513257035056	0.402787920597188	0.13058803310205	0.590578478807794	0.750524261774048	0.281193553288534	0.385035229815779	0.393475708088713	0.0826450121540039	0.582420039514526	0.261662634718608	0.29160316165031	0.388946338100561	0.21849460711726	0.481535934538089	0.190077359311298	0.477612409740555	0.36167613072458	0.331341252158967	0.0952873792969884	0.496313508337155	0.479688339142252	0.655285478412325	0.301132378449993	0.728818936289505	0.68984645421266	0.24416636634715	0.323051383422697	0.566368028110344	0.238155051352443	0.300748464185207	0.499812410328774	0.658253455955553	0.682192903681298	0.391327487369733	0.361501212305874	0.874368717389928	0.299941831443391	0.707745372914283	0.512335708579077	0.244464792940496	0.327074093061162	0.329639873493663	0.185122010239577	0.386731228364551	0.348908873362968	0.251289969062274	0.226524183195165	0.717994743433381	0.70423561398291	0.440796181700602	0.825334495091832	0.432992433933585	0.600945447383635
"SRR20283927"	0.0688368331384806	0.168432170432327	0.167467117884756	0.0650390350710313	0.210227718735534	0.260031333527217	0.241656755445586	0.115338766164304	0.147949549051903	0.0671569521375067	0.224625871216317	0.174544687127371	0.159258219584701	0.204984944588771	0.172121000868783	0.145289468041589	0.130271057832648	0.0689365154253349	0.175848145721594	0.0689048345112447	0.0357475500153168	0.155700550448294	0.129708297984804	0.122777891203633	0.115730179519263	0.178153541001908	0.0642353135046006	0.122878928678067	0.0334576173704065	0.255162887642406	0.357361794915133	0.137981623860195	0.137672250360243	0.172985764681799	0.0471781402788038	0.182331409376554	0.0787529767713982	0.0842242492123027	0.210655257309275	0.171483772003579	0.151381003486675	0.0909942540627467	0.18844702318738	0.229863398886687	0.111491907453281	0.0437395593939213	0.162616956057311	0.247432643399608	0.171162530862585	0.21835391259634	0.137038800441743	0.15706728196749	0.209429108338321	0.170986737456007	0.263440715343889	0.0969699162772957	0.155965923322975	0.203280264910567	0.450587268181183	0.375473664051229	0.175609794198796	0.185046320256209	0.488595469954187	0.125744800450024	0.167910863032152	0.158777180114471	0.133909015377881	0.178381830551631	0.193090004737135	0.140364938199657	0.206466640174426	0.169325817511938	0.0834050579153841	0.146305500925218	0.239990182156256	0.269511674151909	0.145512011168146	0.115533112655918	0.0747623685983314	0.133433405823674
"SRR20283926"	0.299130934993001	0.412437047081832	0.448333326352623	0.272500998072649	0.246481443768993	0.432448596409838	0.364105766438389	0.387725099074357	0.207028963148689	0.242383344706041	0.299690505479994	0.531176875033375	0.251409845191839	0.517847237427975	0.366392607882877	0.387537671241894	0.381648033895274	0.323994649782758	0.52835332369467	0.247219109953834	0.121436446264124	0.281539576749212	0.315445809862252	0.469501976403626	0.39495432972111	0.288441175351029	0.180164448570309	0.434612657578713	0.259831504322659	0.49918630743631	0.7549738791899	0.450990028587906	0.393508525402761	0.433069005930047	0.138141557306574	0.378963980642155	0.369023332046734	0.177623571853998	0.538960052689596	0.376304632159328	0.347540348672685	0.22023708774561	0.499874011984465	0.422706602460043	0.198441431152232	0.212308070791977	0.51247167481651	0.406060796091422	0.386143645734951	0.550335169914034	0.450655882945114	0.596393055909071	0.431651581201454	0.295204676306534	0.561089827426083	0.463610767967341	0.305541561189369	0.364647471649516	0.813145887206816	0.622737634573955	0.294064893477577	0.425088255958134	0.870682812202464	0.368293569793953	0.405085498722638	0.299140939967786	0.315236025775207	0.333790175799373	0.392827756986238	0.22611581454483	0.47905781610464	0.312236583941173	0.249603216626706	0.286901042193025	0.677260689191062	0.552953284018594	0.315091743941483	0.371526425789518	0.318809523104034	0.321384873750977
"SRR20283925"	0.130896132138639	0.282117400821655	0.466101115188884	0.300956089426262	0.287522305969856	0.293918823684526	0.320031010040281	0.361980316188668	0.228871673822147	0.13376970639896	0.359116426776196	0.625200542037586	0.20942243206766	0.356947274210323	0.172697660224098	0.403112722490741	0.362611988299615	0.12800462388052	0.412248886455926	0.0889188303457471	0.193868969310827	0.24382179098657	0.308688019601762	0.467297948470957	0.446241557804338	0.248416946804813	0.362543725439891	0.345551552876364	0.081719053726282	0.482483228122721	0.515500737256989	0.4262624910825	0.345346390481208	0.27222051296933	0.0885906795361952	0.431004153250655	0.189398568087169	0.426417169032218	0.3727554066028	0.238195686885137	0.327161133152259	0.187589983884396	0.42462395141148	0.3902004505152	0.335131749297687	0.116858025387073	0.351177532264385	0.465889092378747	0.610255307673315	0.359276931234709	0.579256954351833	0.386921171823227	0.345534239510238	0.231143461320597	0.444505536339188	0.105941078244736	0.227084421236755	0.426747923563704	0.627848702474548	0.546404087883555	0.275862761812062	0.327067266631368	0.715038516997202	0.195359720981771	0.643366332029552	0.322322166463458	0.298369907886917	0.367052783245677	0.31601286013378	0.183795284064973	0.351427430834201	0.257446936936658	0.247956037670835	0.195695861562322	0.528457987646868	0.59621244908701	0.320945094914246	0.613055658958787	0.417032306124071	0.438960056717859
"SRR20283924"	0.0662107897568037	0.167913876065201	0.325004024003955	0.14506099566036	0.266709947312267	0.276349522077621	0.160403499844493	0.161451800101473	0.144900757562414	0.0765900732289833	0.228866167081544	0.478425400792432	0.132072889941111	0.218519210072532	0.140030361062328	0.247437526445418	0.296876152931833	0.0522720651351974	0.472307935448851	0.0843481629340779	0.0810454078707838	0.170782619493427	0.269228714384787	0.26362281270746	0.306326331142773	0.180486830218983	0.224515608334346	0.26899124953876	0.0353774755448292	0.383342446803697	0.572895521147474	0.251323774963033	0.214017710023039	0.144880039288563	0.0351407096428502	0.354287089307381	0.0748838748686376	0.223159988966758	0.19825771668722	0.127710311334839	0.254235458922911	0.104611043005319	0.348599503015838	0.292099526820639	0.165363037851883	0.0312463755830654	0.299760981632684	0.335503388979944	0.475230306478379	0.220827839289636	0.461219064176519	0.320576228169765	0.182017124334432	0.226976354863495	0.304046732630696	0.0690748848311521	0.106220859181192	0.370498396273813	0.613230569843021	0.575968885848996	0.239823115453967	0.214105440528686	0.783798866707688	0.148895038710779	0.551411160294466	0.390301469978809	0.158437358095108	0.0929146610675362	0.228338032588518	0.0987606252635034	0.28531262554914	0.133670563481719	0.111860850409468	0.155519812704336	0.371609707345033	0.488200816380986	0.31465131154566	0.497136134045995	0.205721388352693	0.364959977448305
"SRR20283919"	0.31638823035893	0.332610394796803	0.473434672677095	0.237084609254589	0.289544127582502	0.330823114010276	0.402345631344259	0.434563352317526	0.249271178104086	0.136463992924503	0.3019191165965	0.626600790432606	0.260021964331092	0.352410138495756	0.12940871293717	0.337193945706596	0.340967798657691	0.186666988286416	0.418785784644023	0.184189032959042	0.130035199159846	0.284634563549603	0.229129497809154	0.487292041788113	0.346975907186808	0.274354855754298	0.396915423105941	0.401337104003473	0.121738976152335	0.479554721010544	0.552720202689491	0.34038200449747	0.323088751784634	0.208846113522758	0.1194157044951	0.414021432319158	0.206788063557098	0.155033137554699	0.486626416473868	0.309654274071506	0.350274062880646	0.232641252196678	0.454220482844221	0.297433932483914	0.241122162134086	0.170705758471765	0.315102495724973	0.443038519635873	0.251586532191991	0.423324707303829	0.588732535302557	0.218889847653468	0.365707981394465	0.371493919992488	0.471669637718233	0.223078942019068	0.217828381471428	0.455850851507746	0.75405665913446	0.576803979852966	0.369904383883807	0.362941678357383	0.678677636461928	0.358127283965304	0.451307266623743	0.397958078203007	0.318160552785823	0.285419561795354	0.412885453405308	0.185762364466299	0.364526240176642	0.232166883281274	0.266107086861459	0.20438960506009	0.611005798770025	0.519007141015451	0.252920807293286	0.367253131579696	0.406696603757936	0.360789528359077
"SRR20283918"	0.416443590494447	0.584026958582302	0.697791322311603	0.397834571651087	0.479486695023901	0.485721942962109	0.481668878268852	0.527899813211422	0.274004473629939	0.30410042627312	0.571899880514093	0.711838902366072	0.215725221102843	0.497897916973328	0.17780377197958	0.618189234308196	0.604820831246998	0.413802174760939	0.800073896497997	0.307155578142477	0.422846015848325	0.502149619308407	0.572134765134019	0.65964184515952	0.556146451618585	0.526662545167183	0.64504696636199	0.630584254971071	0.401495568392243	0.61255596787738	0.629243689503186	0.556516525338833	0.647584833487667	0.525053749538294	0.258058939187999	0.735251856907457	0.377972202376157	0.572976947101394	0.634899428684596	0.590770145595239	0.453823208120608	0.39707015404583	0.686923702815207	0.563592132944336	0.575228041980365	0.333846884314313	0.520659115239199	0.432781043077497	0.532004349984774	0.558439643395443	0.799273105937176	0.26518663274673	0.466470333450927	0.330594715740815	0.721486853662558	0.34614063435954	0.255029273854992	0.73379478620797	0.784077687974799	0.63861750140102	0.523245322336939	0.501784966100721	0.680454552003536	0.485731987268906	0.858033326728807	0.61950845743247	0.494433219368779	0.353849107702281	0.491262300655683	0.248423125861327	0.626150518407525	0.280306260234395	0.433815813512668	0.475075367914606	0.684304492576412	0.67580792045979	0.637637214420095	0.809456060965349	0.675509394688328	0.668084513729018
"SRR20283914"	0.515112038115587	0.236848935807266	0.246083607970473	0.122081929102769	0.26857963811436	0.30487405894997	0.443638554465077	0.104094985522782	0.389795244464463	0.0644700624424744	0.258001630135036	0.492342982190769	0.213613527990629	0.216773844455912	0.163586109572979	0.384948852355743	0.376187849267668	0.127283692864025	0.0583785307122726	0.386172840443254	0.097449914885882	0.266289542119713	0.0892043690073396	0.142103349142407	0.243669025980886	0.166419517155016	0.132552954665746	0.276276592730271	0.10357882235058	0.128698020416559	0.447529593109105	0.127802112056611	0.273557595786005	0.338320329369201	0.125115616759998	0.152703225313417	0.193650821828831	0.165498833931828	0.304666970529619	0.388996143271172	0.221724147292621	0.14629602688501	0.217124740333337	0.113684612002418	0.151033631702509	0.16162983288995	0.0953514352189303	0.171093256835038	0.18611489729439	0.223506057717456	0.151374352404313	0.180156408358232	0.111494236713018	0.227819290241113	0.312130641445874	0.243905416713424	0.198593837600486	0.115815246293609	0.48345725205406	0.390265099448022	0.127558725141356	0.276763532498875	0.537877869994	0.324491300040454	0.143253564463826	0.154268728805956	0.133026075651292	0.286352154142508	0.176573095593883	0.166996279323799	0.337201915387156	0.216056203142427	0.129986465582799	0.112645978736364	0.284415964834964	0.0761935281524448	0.174976263611004	0.195411859692359	0.0752202725088346	0.156779404724167
"SRR20283913"	0.381789095121505	0.629449540681409	0.689119789270729	0.363154823065848	0.645727360014983	0.650533224972899	0.355729016279117	0.234484097872345	0.521255958692681	0.550047312873347	0.64024813360703	0.600425950426915	0.192894054817353	0.65602384395698	0.614894441560437	0.766523604971382	0.658222567660809	0.489217059467972	0.803709817300298	0.374983306598253	0.476017758370958	0.49023434474144	0.676695028099318	0.60376675300869	0.775016780133532	0.581265808884353	0.557056845048578	0.773826443563979	0.561810260641979	0.720298195196702	0.850777750033588	0.61194651425374	0.471965080287652	0.682545120295183	0.222578862770426	0.624574102156918	0.603805845629213	0.320047296076052	0.619415911357998	0.550539746821305	0.601732083609313	0.481888809899873	0.653441973103866	0.608394369163615	0.526750829200657	0.289678351285048	0.7569756553334	0.520474860797558	0.716860274920638	0.641464527499121	0.648634594455212	0.921727798336378	0.627278302982322	0.329139535244158	0.676400472641364	0.540174611053011	0.243845596072309	0.630005520253251	0.718607146377342	0.732382646913106	0.540059950192776	0.730769829480369	0.905301820089775	0.538303567285919	0.619721396383878	0.446231115920545	0.475711994916808	0.630698280417284	0.572804220966997	0.201596850787592	0.7454698200227	0.348715951914722	0.553608170414756	0.650340959975845	0.668119703745987	0.803368429048381	0.793295399380682	0.857853820608889	0.433690199524834	0.665159471739681
"SRR20283910"	0.200954382321421	0.591132584105476	0.556758942367493	0.245629552247383	0.407980428746811	0.576638413145362	0.535110352974819	0.230931720804969	0.488249761348108	0.251743002483147	0.554968699332117	0.658520242044484	0.442756336781635	0.560223452929386	0.566009850088519	0.553527253915186	0.40648806626303	0.245591754370791	0.721536818520071	0.159057234498388	0.257496190551425	0.260197957814177	0.50497896153455	0.582894224941314	0.68010440624768	0.335667639032694	0.222473865078401	0.356658672086821	0.181959098926852	0.678280704560086	0.811305195969259	0.462496131622884	0.407426463256781	0.552091479895652	0.143787058319873	0.75481072663622	0.370761804127288	0.235472800826409	0.531150582342066	0.463263364485987	0.552595873812005	0.2699183758494	0.634109077129644	0.563206744230781	0.330139539510991	0.185622561423201	0.600972510735217	0.553369918244368	0.578651976417188	0.514798593640767	0.649983892039205	0.794340762604406	0.421870111541073	0.371103368586143	0.784456150706896	0.374556154149643	0.448025113718841	0.590309525392218	0.698246406611153	0.718676319211595	0.371721414640727	0.651584360277502	0.886919344923988	0.344474994852646	0.73098975677834	0.547089297216488	0.352233401163474	0.453690283616654	0.454329895199941	0.290602434244896	0.514622196415447	0.504992572368343	0.295805611479824	0.364762403384575	0.671571920594346	0.782008976406021	0.538429488230208	0.838014063554772	0.469860471564161	0.716755707654096
"SRR20283909"	0.0684018058919665	0.304046660097035	0.337792232803733	0.219682735926952	0.374962993387428	0.458697486696578	0.355254215898166	0.213607567691761	0.519460712934266	0.14257353475621	0.366851395256074	0.38382902414627	0.459629945076032	0.300767766975601	0.269897065889984	0.711425490610138	0.29920554620705	0.134618990449683	0.617875972924151	0.0652957803591644	0.276892053328593	0.393183445516202	0.340899148717721	0.392183828025356	0.593106688134208	0.256974968952187	0.133563448055147	0.274428333232084	0.092821406551484	0.552743983222116	0.359906423618638	0.295394504285183	0.224492308644632	0.441076964641155	0.123008483576027	0.466115784131641	0.212250050455568	0.159082884427151	0.326664622515866	0.357523076098021	0.759773656508569	0.182282369504763	0.404101891981766	0.39783194223994	0.283867992035807	0.137853343490128	0.394198021580832	0.585062141949009	0.491617486740642	0.325296631540549	0.408776138605582	0.562457507648868	0.327457227414126	0.544799933879031	0.47352357412455	0.114294670905162	0.346700551638322	0.434308618284331	0.29237985440435	0.392301989136193	0.240096509938579	0.482660450437955	0.550035681583711	0.18496765337505	0.524621825540719	0.763300511860818	0.333272001383337	0.323633915027812	0.292834975395622	0.414302628660725	0.530121761379918	0.398191684000237	0.212007531900387	0.240672445164928	0.253639601411839	0.623246121737674	0.488417941052711	0.77370340720633	0.422393899980866	0.584046525483365
"SRR20283908"	0.41557045006644	0.119277518448345	0.205447860471016	0.350312165375712	0.215363785984272	0.307826402921047	0.443211118499085	0.0993701906488381	0.279979855014056	0.0597134443087824	0.085789584810341	0.28562420914832	0.269614454291579	0.197158366046262	0.0760380012117099	0.41436632519201	0.376339679107237	0.138296222715971	0.104277469684639	0.346889375203449	0.111732035027103	0.347143354405354	0.0527310593564035	0.123034513100848	0.34197757648086	0.206742074605442	0.351472941853886	0.393830496038476	0.135437156052868	0.109155566122538	0.372569467356258	0.149345134739209	0.282920266755838	0.335375927391366	0.138553573163181	0.151729888211322	0.265394296474058	0.156725631753445	0.257183000389343	0.30091268477966	0.260466715151414	0.182407493804918	0.250969749211602	0.115135052153505	0.0549217559488185	0.22776743458587	0.0806077220731886	0.227629030056924	0.232929071358142	0.338683915037732	0.375577409161713	0.199128105048944	0.143953257586035	0.319894614362302	0.216394059249343	0.269797054775152	0.349597187311308	0.12012431488445	0.419550923712081	0.42180258031382	0.176744160522062	0.303447682029711	0.505500993281007	0.295759742002325	0.151869172614893	0.208094873418156	0.160740017621228	0.0834501102856531	0.279116749760619	0.214773192789359	0.353160452902888	0.36275202259462	0.170500760804066	0.118686580287879	0.281894004597173	0.0746878324894465	0.124088690848435	0.263044836048999	0.0682120876639761	0.178648194997541
"SRR20283907"	0.203135288022652	0.356210841510276	0.574447154434016	0.284186255478047	0.228836683951725	0.286891016167874	0.326409306925769	0.210921715100685	0.288086376156802	0.166206386075793	0.322504584549613	0.718410754727719	0.309214940482307	0.427223995828901	0.108288100220411	0.710257677991255	0.435991053294497	0.179591406470083	0.522473238087726	0.17771891737941	0.285263719515109	0.41776385720706	0.296531555203631	0.510655365736602	0.666204463791464	0.177993450524071	0.35916979655234	0.516222442100346	0.115084841994896	0.50260459293489	0.592293359621476	0.251828857237009	0.29109725882501	0.414538759629004	0.0985026353431272	0.46555386977622	0.216970364502849	0.127382071466579	0.396192870420645	0.320396344293461	0.486126353751882	0.154602690451945	0.415854884656976	0.181685249667324	0.266272297983644	0.113148227791805	0.468292804587273	0.457093456535189	0.376553487029317	0.200735757300061	0.622962305013933	0.500501058257948	0.241309142201594	0.427549385322075	0.490160692463002	0.123445471494494	0.343558955148767	0.425033577363622	0.552627232193456	0.56328144151701	0.291979322443656	0.291067002424376	0.733464422725129	0.266434580648544	0.454653090667692	0.511578287834329	0.235930416849787	0.343618548806146	0.22070329820321	0.241369765102534	0.488542259023382	0.37986496425563	0.216924614477107	0.154983023935793	0.702921723446682	0.634599945983273	0.404821578168069	0.7420937710638	0.43778380304887	0.491628435853305
"SRR20283899"	0.0231402005988348	0.0761084585573576	0.0766734167145434	0.0646732351351572	0.310736537558207	0.244912647250752	0.161887833847229	0.0952950098749244	0.249051589928672	0.064589765363226	0.1694502010422	0.057128649747519	0.173925761473005	0.124766436472294	0.148651298639367	0.131578491805132	0.0410748490717792	0.0550882538112885	0.337235956553813	0.0157086986654606	0.0307557801843186	0.166545717967497	0.105284177872378	0.0751452674649471	0.0726483470509661	0.206528198540214	0.0575698965370593	0.0908599550838027	0.0293487598861917	0.225468322663369	0.158640068330935	0.129832511040463	0.0729123665316992	0.103262711476762	0.0382122381172085	0.158930761875208	0.0669020978435091	0.0813811566897836	0.135814904533844	0.122344761454831	0.163242503381287	0.101244692910907	0.148644337822382	0.21227057845912	0.0751363635013836	0.0361734534054144	0.131343010714602	0.258888596724609	0.185147290825453	0.238098695433638	0.12563474613708	0.12497058025758	0.222052277033794	0.217465852718412	0.172140256918064	0.0435192264399261	0.140095272844281	0.189935311750357	0.190464467933212	0.267229481069803	0.145649611319466	0.196950962937387	0.251925064893998	0.0664371839488143	0.161041177218027	0.158112092459246	0.128442802557442	0.119270403639335	0.172890394326381	0.11831339058714	0.186969776882083	0.157659600498608	0.0882901929497045	0.172562515258952	0.0827004193112333	0.235155373008256	0.144335166472164	0.108327727222592	0.0480552358467288	0.131243586934522
"SRR20283898"	0.51780412449265	0.651555705942749	0.641747917598139	0.357169032872246	0.534743514507356	0.517720655569902	0.344782815625767	0.19233804190335	0.250892475251413	0.489865175542074	0.440508724663518	0.597225204668531	0.22266408217465	0.624913157556623	0.510169407007055	0.773317444685355	0.499433801191977	0.363251676797827	0.592177778614443	0.368026394523751	0.460568861948071	0.514805706105298	0.561059695721176	0.517404813666697	0.811811064281853	0.414109841877403	0.36340871664561	0.74394537432912	0.651185511826989	0.411038467697571	0.876617579092334	0.374865573079677	0.460885694463211	0.560669196992844	0.243502572320745	0.544027240708286	0.639965695433164	0.290171585966637	0.524585447762694	0.464347692611569	0.327983599705132	0.336727785771304	0.582495387313406	0.404122121125103	0.334196591127454	0.272141957923476	0.629099878211427	0.277803265312934	0.582151126153833	0.546054301263232	0.718127821621063	0.871986044841311	0.368620386845269	0.27949135483447	0.579120654963282	0.532529792190605	0.25684847060095	0.469431998814051	0.764872928563015	0.746848169355041	0.299813616957948	0.551659263281005	0.941444807947511	0.461169595993314	0.521256975633208	0.391264102325629	0.303052340649086	0.541473840511479	0.289953299843657	0.27964283529394	0.708467506366528	0.29569103869601	0.362346675746396	0.484952647889971	0.66772866142623	0.571554523672808	0.650742592489724	0.931630605365572	0.366648155129114	0.611069775875706
