"Model_1"	"Model_2"	"Model_3"	"Model_4"	"Model_5"	"Model_6"	"Model_7"	"Model_8"	"Model_9"	"Model_10"	"Model_11"	"Model_12"	"Model_13"	"Model_14"	"Model_15"	"Model_16"	"Model_17"	"Model_18"	"Model_19"	"Model_20"	"Model_21"	"Model_22"	"Model_23"	"Model_24"	"Model_25"	"Model_26"	"Model_27"	"Model_28"	"Model_29"	"Model_30"	"Model_31"	"Model_32"	"Model_33"	"Model_34"	"Model_35"	"Model_36"	"Model_37"	"Model_38"	"Model_39"	"Model_40"	"Model_41"	"Model_42"	"Model_43"	"Model_44"	"Model_45"	"Model_46"	"Model_47"	"Model_48"	"Model_49"	"Model_50"	"Model_51"	"Model_52"	"Model_53"	"Model_54"	"Model_55"	"Model_56"	"Model_57"	"Model_58"	"Model_59"	"Model_60"	"Model_61"	"Model_62"	"Model_63"	"Model_64"	"Model_65"	"Model_66"	"Model_67"	"Model_68"	"Model_69"	"Model_70"	"Model_71"	"Model_72"	"Model_73"	"Model_74"	"Model_75"	"Model_76"	"Model_77"	"Model_78"	"Model_79"	"Model_80"
"SRR20283940"	0.291352339701671	0.403840599248349	0.248745700772976	0.207563958564407	0.229231872403737	0.450849831022748	0.312620965083606	0.341406596095042	0.223038548645084	0.313270081025454	0.262761653368395	0.294518958771432	0.239731879929335	0.301995172037534	0.350163223413696	0.450631002783107	0.19693655313012	0.419376381004676	0.36304605175829	0.378620739063326	0.354963515642482	0.131301210596472	0.181466169569503	0.40004068750834	0.27930093601912	0.240913408506467	0.454408732683665	0.389899043877371	0.325660814095328	0.509840799620909	0.313094512526027	0.265271140670529	0.333501609425006	0.366550892809496	0.354963881006746	0.295702580491511	0.323895019701505	0.201252641243966	0.352709290707096	0.214692265356885	0.407568787574338	0.289678164206468	0.338590001930544	0.347025293231618	0.409490325185363	0.214747542264137	0.264624674966687	0.183987055599259	0.329854728941468	0.351536400892298	0.380695529653072	0.342589171574533	0.390117150340586	0.247207041241337	0.260988172432265	0.224941133589124	0.208887662707392	0.216085701918768	0.334100412620969	0.269008259948411	0.252479951204251	0.33677894330889	0.35100847390205	0.285471988628917	0.250119915079177	0.285623793583172	0.426558892762477	0.396426780095094	0.238687304601726	0.238587722539332	0.319378423202117	0.423723388033451	0.240119463576425	0.254545929876446	0.334401292225895	0.369732294626268	0.308084193631818	0.313236620854303	0.279163910712526	0.194584812266352
"SRR20283939"	0.697454267315779	0.70092368130923	0.666328496268301	0.460316963878114	0.506093250076307	0.770178590328111	0.593391633930084	0.60693503905985	0.514862365366726	0.635020955964358	0.674844251363247	0.548726154759123	0.559829885224791	0.718938085514843	0.721092247419641	0.75793560302378	0.417081856576643	0.819059037601074	0.707943222379628	0.736559140222841	0.701135109576909	0.494376137888575	0.621941962882051	0.710483921525878	0.662578896273575	0.562142843788532	0.730412077083869	0.769034090601204	0.694772994752331	0.769866540055086	0.716323725933237	0.596292274840093	0.562912428447239	0.744632064740622	0.793096646969977	0.783983148007033	0.663349142875286	0.507440910015057	0.735829654256337	0.553617055943732	0.758794242093183	0.695090919250207	0.775104532411908	0.672945518154955	0.731499847867824	0.537124698960018	0.741099027006018	0.521207092305971	0.624450520265493	0.691618135090538	0.653667021412529	0.630447183303456	0.702706283784827	0.618814932596643	0.57592590618334	0.606848994503896	0.521340478589111	0.670689105903718	0.74621657842458	0.587039326586847	0.479033582710904	0.691710992743856	0.74151701096874	0.638802081627572	0.531711878217068	0.610830688349238	0.766029576830845	0.719206140222944	0.619611874555889	0.673672678449894	0.560900279804854	0.728683465889895	0.634625704948112	0.631336078903132	0.648230823661425	0.5849698030576	0.644645369516477	0.633582725794367	0.57233142767464	0.557238626481035
"SRR20283906"	0.256859197708119	0.35628399121076	0.236796344871297	0.185438864740885	0.215737995158251	0.379867358414732	0.267432066647002	0.300378592956781	0.195309607506794	0.291425381525754	0.255145973324807	0.259732507685851	0.219529290512468	0.283748186776248	0.311979931582558	0.399901966439261	0.172011704061063	0.371815326767799	0.322967374771946	0.341639918937199	0.307480354464646	0.136356344012009	0.235053718292282	0.339489168420088	0.254212716594021	0.22009860222668	0.394037056908655	0.357118873526866	0.30722823554564	0.407045162055273	0.280674626239588	0.231549501820699	0.285020744915092	0.346108204530577	0.338593405438799	0.278637587946619	0.282607093649236	0.191658200244312	0.301785946168959	0.208500327453078	0.366420802302922	0.272742239755872	0.337958825243784	0.295193122729187	0.342711998096261	0.210282581095235	0.26007150187591	0.174846840207153	0.280885173225239	0.343153088252213	0.337662063248133	0.295326089341397	0.321323018204053	0.227703810165055	0.23525413922661	0.206600932806161	0.225819573880901	0.211364737641359	0.368365059798937	0.235527294195419	0.241015980575284	0.3042923491335	0.299497098138312	0.252136418847274	0.220324559293983	0.242314618233354	0.374313195503289	0.323810280915296	0.227584515779834	0.248601626595529	0.278576662356961	0.350768568021517	0.226049258841122	0.235363861530398	0.293080926686505	0.324243882436072	0.27837833820486	0.280244943456784	0.257298102793468	0.198090109674022
"SRR20283897"	0.870869019416937	0.841186413335771	0.729279562458242	0.705123703903882	0.61863627886803	0.892439035069615	0.800872209440448	0.797999120032892	0.79797019889399	0.7843015510259	0.759297783530251	0.750903883000434	0.693803043115011	0.864084148298576	0.85978508105353	0.861092404168943	0.683845586313952	0.926404195733591	0.806078247309273	0.844052715581832	0.829034165153974	0.718186252169523	0.774480892585777	0.865548824874734	0.809494032376681	0.681356050152757	0.87493776424593	0.876282695323121	0.786382709055728	0.92303038657369	0.862979673811056	0.794331483362153	0.785446430907123	0.825631423124058	0.825296916979598	0.876556360574142	0.827093326335205	0.677808170331979	0.824995863259452	0.634980561994934	0.887006782770046	0.7598064412146	0.892147886605325	0.833178835988798	0.892639754937066	0.762622408089883	0.775373812316314	0.716016507511908	0.814371786011526	0.814279665900391	0.813133188096889	0.815250561052578	0.836753359414389	0.724051814416982	0.786725179300344	0.725320932117347	0.687918150740315	0.714522225963024	0.851228152804907	0.788605150609737	0.594066125130537	0.80726711898852	0.880275879009305	0.800559696441816	0.744943425889982	0.79900644885382	0.891630300079874	0.888483455526519	0.786981308853033	0.828468103644335	0.769348406496254	0.872921353977736	0.740563798701957	0.746920995829538	0.8108390607871	0.7784770613814	0.789316957965949	0.759436853967835	0.734662692763318	0.654507102301124
"SRR20283938"	0.712769262469282	0.614405872824818	0.501523804088667	0.38063383834596	0.394327915697957	0.705951713337595	0.552883427492595	0.571793972496754	0.426660193997956	0.523796461728341	0.497464095176268	0.566626368196996	0.460899163378916	0.682121664240078	0.657944781253276	0.637742073247006	0.418648085673285	0.714561522983432	0.562192986022195	0.71847861467371	0.580376450521863	0.322773295456279	0.29349765751977	0.65551481336484	0.709656081721882	0.454021628108823	0.629815349285945	0.633314350667993	0.684283144404818	0.74849051470985	0.566994006161412	0.53101525689019	0.488743951248171	0.672909777018169	0.578737484441055	0.670334516235769	0.665754911794322	0.414624265249157	0.596205605676019	0.33368805253304	0.657756574580299	0.484688626166337	0.765684168058949	0.543237516501082	0.637266549163715	0.367772453523503	0.582226598121831	0.327930962813742	0.582912875552375	0.556280925287067	0.570343610161508	0.554849496490116	0.617449866451984	0.414021357101069	0.525631517709661	0.480202237470728	0.316550290960002	0.463766801793497	0.578625056128958	0.533418741962634	0.462176471808937	0.601900138364802	0.71463979784324	0.484983789200141	0.4800292845584	0.538686330264299	0.633072263749933	0.736488111240747	0.439539472109245	0.533036675090512	0.577145592136621	0.641885986992766	0.512393479523865	0.525274363637681	0.575201230521919	0.592554192989357	0.560956150623929	0.527497379173023	0.516304329833843	0.549862006119799
"SRR20283937"	0.5908686119022	0.600771601214963	0.463301454955293	0.421003495780786	0.404512949267975	0.657628652325308	0.49433845218285	0.550930295815748	0.469948574246309	0.550971840722385	0.506203863012277	0.486648906506745	0.435835345697584	0.568703486882093	0.595339756264279	0.654674830439796	0.389538264643019	0.692143288805679	0.583560243938673	0.594727407050086	0.577558667026881	0.383957858821394	0.625895474001756	0.606481810278306	0.547338593313113	0.434942762215227	0.666670768226155	0.643747380554223	0.536323647438337	0.681153075986571	0.600997414888015	0.479192092697456	0.536094128558023	0.597681025947704	0.615327941304871	0.606375947076261	0.524563403337773	0.426658717079996	0.562654593204271	0.433412378138833	0.638102914771736	0.530532840564408	0.665623758022599	0.560259106772056	0.632610285408783	0.476256833910509	0.524846650154813	0.432540776942326	0.542583403052447	0.576361195257127	0.587031892495582	0.562760834600413	0.572242616044743	0.480470245474727	0.514115127307213	0.467735260253578	0.46956733327455	0.469323761777295	0.633656149776424	0.504392904148251	0.399956220534098	0.557445651518107	0.602692704905499	0.536779218216584	0.469239676594111	0.483385105963548	0.677990305709881	0.597590094687004	0.495999996955785	0.556664545047573	0.51000020370678	0.626010331494141	0.476448038386381	0.475645613225653	0.545318694477189	0.543112087964369	0.535119351676665	0.501556755380069	0.489032056052372	0.437979522509364
"SRR20283927"	0.25612301533207	0.253429365155959	0.18305083321317	0.166840788532417	0.177283473077592	0.329493970387849	0.299473231716539	0.27105801400914	0.153687812642667	0.261351871536492	0.190525515800007	0.231750750297411	0.208390099086924	0.386395908642486	0.289899142431789	0.311981729087102	0.19136258910726	0.229202595706273	0.28466430035643	0.268590040545066	0.259018953777147	0.0837609186872969	0.10114315889743	0.291599161312894	0.331432928509678	0.199452823688379	0.304257279038532	0.30001487585939	0.242989594042405	0.369152460221161	0.185503435294385	0.248480545356694	0.262631694324863	0.236516618810806	0.200902918959991	0.155641044225199	0.244852563946855	0.164359752330264	0.251427386968744	0.169894443089063	0.301903149114199	0.21546774566043	0.444296211235848	0.254064606978931	0.308175910094577	0.133423326054172	0.180249459875907	0.11713829836201	0.274657050442589	0.264999972189627	0.295139291186772	0.266890454498368	0.296109666604263	0.183259513408716	0.172717442472061	0.207546408514048	0.146497735381619	0.197079842525818	0.28823044688415	0.199442754028504	0.209993152285894	0.227054637381627	0.222374008651431	0.200113147189209	0.194239561044409	0.237562385232324	0.245034935692554	0.282651213332974	0.170652209918856	0.152956651562248	0.250869231761656	0.328594105326371	0.163208801700228	0.217463097655998	0.258216122363025	0.293888744310294	0.223955075146913	0.249342227974828	0.220820764015294	0.250731674929858
"SRR20283926"	0.864428561849009	0.745118483610709	0.68831126395759	0.701385600783971	0.608586219561417	0.851438014928616	0.784690903263967	0.782083242101702	0.743571657568903	0.771000636100238	0.744883925212451	0.728148368701634	0.705966753787661	0.883175297895334	0.845410105748469	0.808086305032591	0.728717136353131	0.843714696068109	0.779076383391734	0.79384042337066	0.796152250571214	0.654652065231404	0.768356034280822	0.813891967172579	0.847929473126711	0.691008032818407	0.815984257784617	0.845631640019429	0.747415907093852	0.864818594872233	0.809821007382612	0.794043804806761	0.768666935684726	0.761788498277024	0.752901980171425	0.805328060781647	0.765531337028837	0.709584665468431	0.7789311521096	0.668411105378273	0.826789325349368	0.75218872174039	0.913812690874781	0.782162304475208	0.850887861907082	0.685477970786505	0.74894614345946	0.664677252488553	0.806870744096055	0.741110317083914	0.789369986573536	0.799269306812025	0.792050533465474	0.723401237636426	0.755310324437329	0.759735555494084	0.646599907793882	0.761105247880506	0.814355878592184	0.771349769747731	0.585108572203582	0.751563500658439	0.825791196824877	0.779235656475618	0.738307665666943	0.759745154928732	0.825640627662765	0.825425458717524	0.739459831280225	0.775936700788111	0.743379449282478	0.842597584789991	0.710446692542723	0.754085411380315	0.776788850978631	0.746142993023511	0.760410532093299	0.723486250449078	0.727063650008458	0.745078338783165
"SRR20283925"	0.426106980095768	0.427746588289634	0.318970330483823	0.290290349335381	0.262245710598635	0.528660638442424	0.405698058990952	0.418596960680191	0.271002908310303	0.369716693503399	0.304736825708475	0.430467005063671	0.32586693097889	0.433311518570791	0.457883702804737	0.456450918923877	0.305253401570502	0.47541903513854	0.371672659581239	0.530203903874077	0.402002365286268	0.16751647107892	0.124476975480149	0.491966524023122	0.414020978913631	0.317081720423148	0.465157965439105	0.439566729117664	0.491977950055154	0.606519846934177	0.323350605396691	0.348390748044461	0.346315229836543	0.451311074024238	0.346766389934942	0.379054143962784	0.500847375391068	0.252705232301277	0.422168489318499	0.209081585904482	0.492742324399577	0.294361025818496	0.467391264553215	0.384922861748042	0.429198711560691	0.205178766154042	0.334776656320496	0.1926618345025	0.418259117911168	0.421748839285756	0.408359975643099	0.398806890863843	0.477519718375176	0.255509783931035	0.343087962232375	0.265025982229964	0.212455239145198	0.237283292759779	0.437935424637603	0.347263088457481	0.346690266280759	0.400972058108528	0.501256999527974	0.290783308420989	0.347150147880311	0.401132557378422	0.401204764297025	0.577497480801761	0.257569105081597	0.325651502645054	0.448114929332864	0.47671698764565	0.31109395717262	0.346443143516315	0.41055693090335	0.47698182903552	0.370548677058656	0.379907983586119	0.346492829677881	0.246198601326285
"SRR20283924"	0.586761307599614	0.711025181353718	0.457542294563242	0.3678519319389	0.575221475781422	0.74898347071583	0.694269494111548	0.59232029587055	0.514969035661049	0.669578631397244	0.539176347477241	0.468282879814288	0.522111766583199	0.78220697795721	0.713020171087055	0.713452415725015	0.51825024927144	0.762894928181908	0.674807241932172	0.517880634295159	0.696120584290572	0.215369689731555	0.396651171710692	0.664619277376134	0.6140679846011	0.469202367555749	0.691126641002651	0.758152441671459	0.424414592283336	0.823750762763809	0.659204595775025	0.666114819572589	0.751877661199606	0.546427865537033	0.569106912897299	0.582154978705978	0.515550047672717	0.488343331652033	0.678800705004146	0.479901023141915	0.73970015797436	0.612229060470781	0.829512101602745	0.702600362225945	0.835247907958965	0.483303680556796	0.46885232720388	0.380367438300121	0.666766511280962	0.593907889885594	0.675926728834642	0.636886916026755	0.688159758162651	0.59538149817511	0.45609976985199	0.610448408578197	0.432029130561373	0.607534370456441	0.711664227360405	0.578162764841749	0.434930726441797	0.63547342528788	0.590863939454081	0.706084221021606	0.401870452241122	0.6084324355124	0.77296220597131	0.650321282112813	0.534379417896973	0.446249557496933	0.502185863050081	0.787074576521399	0.437914108857578	0.548701424922526	0.625631281380119	0.538246921825041	0.627039684410674	0.568055390222501	0.585856972103475	0.614782318884459
"SRR20283919"	0.625787660299234	0.638060588654591	0.511630971932846	0.321093314445654	0.413801568882944	0.675814669875628	0.496704605751026	0.540435085285929	0.421987389283652	0.511697352887867	0.543073498049105	0.480061215018207	0.424872398134865	0.618795251701343	0.638009178468892	0.670495113715956	0.337730218543995	0.745085660382547	0.568051864495956	0.670556681932655	0.579333271647902	0.375198527354186	0.52550492510746	0.609396452108509	0.578943057329019	0.424789491293233	0.643932053282676	0.662761333931559	0.634228934199103	0.674300958646804	0.638922558418998	0.504565399492857	0.496383477236649	0.691761993880195	0.674818122030671	0.71759049964903	0.568585359045971	0.432238963022527	0.572212729348018	0.402057910324698	0.644430574653766	0.557484568464168	0.69746186158352	0.534457877427103	0.656123575827179	0.465761304373091	0.631562165616812	0.382752591221046	0.538161449581462	0.567917969360834	0.583184776534173	0.534654614046473	0.55110828965403	0.465996634230952	0.509325868372451	0.468697688208452	0.404992551136454	0.522550904668265	0.627223666768448	0.51397969552918	0.420264851352757	0.611786531040616	0.661021283684828	0.540060555383036	0.420099522778797	0.458736534508031	0.705926287057894	0.628271962283742	0.504638341517574	0.578400623230936	0.491202189144675	0.613650511728946	0.526914423457563	0.508400382613563	0.54893990731456	0.519752405797103	0.567242173875276	0.506842744518317	0.514414835483375	0.497155674658481
"SRR20283918"	0.808852827549124	0.832065239034099	0.726160725089554	0.498989771484902	0.779759931298606	0.842737077168473	0.846006898604142	0.735757004453578	0.70491231313153	0.786530790829378	0.773015142247566	0.64809698482771	0.7217213269052	0.926417910813994	0.870812562427357	0.806616141515127	0.712606683792226	0.894856860938416	0.775236087022138	0.741377579268904	0.82287213032698	0.556317113023695	0.6170677866078	0.785305016726311	0.812436095121566	0.670992802906811	0.765313322758667	0.87270943538476	0.705444322124798	0.869032736498651	0.847074807946077	0.859814117307515	0.841384540091231	0.785720589780603	0.772646993329304	0.861252342193212	0.744733135600847	0.751495072247825	0.809235916905315	0.68175125184514	0.853782085118828	0.806020710293187	0.934295703688416	0.815901103377363	0.917583191385761	0.753610479834034	0.782788775411262	0.623530028428597	0.806328389214199	0.747719768027864	0.78957157541544	0.757707202074784	0.768083715527208	0.78099942104777	0.675252001696492	0.816213860862981	0.633484615372291	0.854009419302186	0.860950915370048	0.776730422152432	0.650062533417204	0.820412249965179	0.799140235902533	0.855828644386821	0.566703059725346	0.768896823542986	0.874405776535499	0.801098499812181	0.782239539099339	0.739615513390764	0.654409777575961	0.858163371785826	0.705989863693168	0.778105571148687	0.783417271413288	0.649055262046208	0.815629527196822	0.733853616905688	0.792539059384521	0.85875856575756
"SRR20283914"	0.643720174823702	0.638951206093332	0.523985064632192	0.373166914770056	0.388785573041982	0.702466878587375	0.609291987380698	0.563245664397348	0.420529190521237	0.526137227957696	0.489638278131541	0.545402065260485	0.453281720262471	0.690488385999697	0.65759719682125	0.643331754348338	0.407593050003763	0.756241369653472	0.536179513548564	0.699305609216922	0.578564007687528	0.432698448251333	0.323583156719274	0.669523912807873	0.581298590166895	0.440454364096082	0.652135753648394	0.654317777567926	0.658077152504926	0.766640660936768	0.591027158195632	0.572648243995491	0.494080602798227	0.660765433275381	0.582311364432684	0.671874606132512	0.683167709524778	0.403094759793148	0.590862691609271	0.335896228738573	0.706483762434534	0.486159834866971	0.690760087721264	0.582600478504806	0.679045080210274	0.470360863071482	0.567160109507372	0.396636569313334	0.573647967131452	0.620934671735715	0.571404707698817	0.551304581343742	0.611926621214202	0.415406350251136	0.513595813941448	0.429748482987999	0.379689963501049	0.432649876462607	0.646837015731217	0.522384932211533	0.443328355343087	0.595565125398636	0.69745986522343	0.48946888384702	0.47366970235044	0.57770722634773	0.644366075316874	0.741960492243223	0.519670825434556	0.577447755514805	0.558893679542282	0.642781715255297	0.498146794300353	0.516541023339066	0.588931441808887	0.579583619610455	0.552864032678199	0.54755148723008	0.505363116386702	0.410635801758469
"SRR20283913"	0.933087630813437	0.930954719414208	0.842485341027081	0.897242660513982	0.883786318031535	0.95156480045987	0.927614962862178	0.90781547725393	0.930553705115299	0.929309573974853	0.874286805293415	0.893163224736406	0.884828691958127	0.926503790355392	0.936185704636205	0.91943061509552	0.920604992463553	0.964789289340313	0.911016610909155	0.883209257078575	0.938559708851395	0.814335455327146	0.865528776616096	0.939652508428244	0.901545713913173	0.863930402437721	0.938957194285022	0.938989989168991	0.825359649662179	0.976224414878831	0.935497952712778	0.92167342642924	0.948505732407538	0.865055004957845	0.868905527303081	0.92404277332636	0.915072415280701	0.878211426861346	0.938309316634218	0.834343732541677	0.950679501825444	0.879066357075098	0.941355747328022	0.946820729223627	0.963338449290564	0.891467333954471	0.824376732089661	0.882196310013622	0.933318156049515	0.893583835749465	0.911677907371193	0.926496227650771	0.94253963525362	0.904267285291685	0.906542585829365	0.905460783791073	0.849057399206888	0.866413134146092	0.920682521061738	0.92154956948064	0.811216810740104	0.914045603539653	0.942796100315154	0.939891429611564	0.885416872680618	0.936512097640647	0.953335058087658	0.956301043776788	0.88963858713253	0.895219105416355	0.904057530253788	0.959121850352713	0.850959788751597	0.879597086784833	0.920972499354066	0.894166218377366	0.916816035831806	0.882486440155652	0.89629470037943	0.84721390630219
"SRR20283910"	0.725754231945725	0.636668426916518	0.549778458430875	0.670977856938891	0.496441462157302	0.829435031660236	0.79843579440871	0.746411801772756	0.654763966140522	0.729436652030318	0.605168675375066	0.705259635707794	0.659116092427129	0.81713734348941	0.802303533677652	0.727378724618381	0.739460545821301	0.708975148724333	0.663024978854621	0.72013519785573	0.740515587971342	0.40060624277816	0.365131513493004	0.789885189426607	0.676017915399794	0.630999638360222	0.761690134043696	0.771138839447356	0.646979248711388	0.886682016624141	0.649384315973176	0.771140909662781	0.737266675703202	0.598598222204957	0.519912208922473	0.578273468113779	0.738239685691631	0.588587903122608	0.732278921745024	0.517518882049576	0.772153092359285	0.607329009117728	0.753804932992344	0.742867856797674	0.81560555305806	0.455390767572494	0.544590937425152	0.485373312758843	0.794202162913233	0.628253889319902	0.734666554888729	0.767487305631017	0.799580761785939	0.598736286287746	0.646590169542486	0.601968470410059	0.41314369506276	0.566263742247027	0.659456494493577	0.703084638568941	0.516327645263252	0.637279971700738	0.760503674856548	0.67060333275421	0.699833661804413	0.762361625399759	0.689193944748758	0.828960333502556	0.576056275137517	0.552297211615458	0.730455446862041	0.837147137644858	0.586568227977604	0.682307287525787	0.732583740485645	0.73847559172647	0.664603775443781	0.672764324846637	0.639125768125722	0.412582892812481
"SRR20283909"	0.810843328793066	0.851794998489031	0.632456299020895	0.539230797931073	0.574890337915884	0.919273098175239	0.824629564239037	0.772222008331992	0.68673189178487	0.773352192322507	0.70233463424568	0.636190577616736	0.60601004183361	0.925520350413079	0.872473387168887	0.874456636339132	0.601733137793502	0.93390872689681	0.796590523355317	0.805080172345161	0.801283534571799	0.49119668859162	0.508655113313511	0.871351635005723	0.729498856198538	0.599183071975577	0.886125353755252	0.908714756029575	0.68926075013698	0.949851552137223	0.867429827382039	0.819026425484589	0.823834803588095	0.78666404337967	0.760056269529749	0.834237752738603	0.760684553205412	0.600309676683861	0.812320018993235	0.545629005590417	0.898999462528622	0.721624413213907	0.914522272508135	0.812384713315587	0.938080165973305	0.6685167680875	0.680436267343028	0.545403193864191	0.813182575643546	0.802063833654319	0.802452793033394	0.815014025889827	0.871936408745976	0.600814694671192	0.664604513215812	0.598539565274494	0.480015614104588	0.650858405138969	0.860689402676311	0.761473785518248	0.512121947448369	0.814048720600471	0.868633421429946	0.819210938034956	0.663107696813415	0.79185782588375	0.903174444306491	0.880066266282949	0.71749011218533	0.707817505300991	0.683543166541952	0.900738186414659	0.675786829130254	0.725391959494897	0.780885512039404	0.745720816991409	0.788048491194484	0.75225270871776	0.717133379708421	0.59739530590971
"SRR20283908"	0.483516327835107	0.522645840159946	0.474715074417851	0.244655467661976	0.345046070747177	0.499252042887839	0.430599938298926	0.416413901125462	0.310492584217787	0.391197834196213	0.444180669702216	0.373222797701767	0.337022613420734	0.542042945543421	0.497974886339606	0.531272869373508	0.245128548248446	0.627866408180273	0.431321801386169	0.557550144619796	0.434508908095439	0.479464676938304	0.514317844847781	0.473182407240971	0.434743466066266	0.342030000505096	0.487362434993738	0.525739488040938	0.555536706424392	0.474961076059357	0.527302811526355	0.431795211175533	0.354926212111255	0.604838975083396	0.58635407792071	0.619009840311057	0.49081240938754	0.363689836158775	0.421770290804589	0.347166175141395	0.538421487369596	0.466501401416603	0.557636630539851	0.422628452063631	0.513229891011527	0.505947953508304	0.56360891501293	0.371213485480535	0.392242166527871	0.52680189067253	0.454483600491008	0.39516623260403	0.378311162844423	0.372089705583626	0.403866607625247	0.364919201289581	0.411125365082736	0.443431442464315	0.570305188271308	0.387499786700494	0.369102361692937	0.49578450981478	0.505187211338737	0.407472791248777	0.328545794370733	0.368868871324432	0.552754994373417	0.475310025002476	0.497744435720763	0.541864061889597	0.375257821748734	0.428333532644754	0.441179532961008	0.410685258424672	0.442871538678868	0.401309695279319	0.453912450361979	0.426777490976991	0.421821728302345	0.415083318616152
"SRR20283907"	0.603487502636747	0.575653109975253	0.467217998107564	0.268820277227316	0.355082650651659	0.576501596570706	0.472678589613695	0.458149981756942	0.343489492527443	0.437851923249544	0.460797925695069	0.39761878913933	0.357115311009446	0.648328954544411	0.543490927816919	0.592167480948363	0.272493616036731	0.685483196907469	0.526464801370142	0.573831122503448	0.490396624699423	0.425564544613193	0.489561226966318	0.535191134073399	0.606657432907808	0.35620200451829	0.562816844956346	0.586423058087994	0.542281674655827	0.589195664654485	0.5636189237246	0.460559150880238	0.420445351348778	0.60743202984446	0.600438441842668	0.624149425965326	0.510382407391244	0.361660298690447	0.479208635616279	0.352849852710129	0.600441614631905	0.484119958776127	0.746542410028201	0.484973450416105	0.59263400253322	0.49621289794791	0.54305388555894	0.374154005237016	0.445153589565198	0.556455240269692	0.505845556053774	0.450396675976826	0.456975999642749	0.39689871742073	0.423195063947731	0.438250952904577	0.412216710055071	0.47270368460256	0.603408949398594	0.421072312088519	0.363588691932865	0.524234764209521	0.546260326706392	0.453861299237157	0.353567380983521	0.416249954239452	0.619395390787628	0.538680339974654	0.502687172956645	0.536228171675413	0.409214073577629	0.516719426110109	0.440942687376769	0.426029952438212	0.483339862834839	0.443707410926874	0.480740954873372	0.456903442648058	0.436621117306521	0.558973160944751
"SRR20283899"	0.118930165557577	0.179180925962644	0.118781391037644	0.119680952131983	0.121723927071966	0.189552949690373	0.149773976361901	0.169277217411472	0.0961693553615075	0.158817630919632	0.111998781672198	0.157227864239139	0.124203993649368	0.133084798949107	0.139893101942751	0.20924058724699	0.100346507329561	0.138899732881994	0.181210357551588	0.172182317817363	0.154533475392386	0.0611473217828603	0.0852765547216202	0.180977026755546	0.14615889142265	0.127171971304326	0.214370014635386	0.160439877002453	0.159148550239754	0.216376976622598	0.106695208741713	0.111223399880902	0.156183688390975	0.16121621774857	0.147663253390577	0.0895614061243417	0.15318970802251	0.0954535251145045	0.153656999980679	0.113391595577483	0.182546402367117	0.128560403277595	0.163818166358458	0.155966140925713	0.150481505110462	0.0969082427654435	0.105795626716634	0.086133643224824	0.147379010605659	0.194062709948409	0.185226726878321	0.160378117422355	0.182417393367621	0.112427487993813	0.115526001820192	0.104489086686041	0.121171545428666	0.0922924291365183	0.17527579532943	0.11175561106557	0.159932120439417	0.145417414967092	0.128780223241864	0.110191301646602	0.129109858119838	0.135272361165278	0.15685103157414	0.16578279807553	0.102570197675909	0.101075596542996	0.172390332453411	0.18155290940375	0.103542545575987	0.115397677713831	0.15717486331148	0.212604852828703	0.135946162032541	0.160333657674495	0.135540729375396	0.111198685858635
"SRR20283898"	0.958301551801199	0.941465957079022	0.876681557817634	0.905242404934468	0.900665983891988	0.95227299736133	0.938705168888315	0.912822662509865	0.945632144831679	0.935252903110588	0.897320722216081	0.893507981478942	0.89328499673124	0.955451295263455	0.941606420887215	0.928136463523864	0.921507817683307	0.972691929572594	0.930900013304775	0.890046950537655	0.944022112783094	0.89765813135093	0.925846547906492	0.943307515175228	0.946364199301414	0.875666983968108	0.94346326540914	0.946579272972556	0.840168143539002	0.974809111587663	0.952470186350638	0.936796185440241	0.952437029224456	0.887004718159101	0.900520905652356	0.943903207146021	0.922957899652687	0.900420053196133	0.941603448841314	0.86868377511459	0.957250320055199	0.904257053402573	0.971581540995089	0.954449356022817	0.969636399438191	0.937146993181107	0.863920940033265	0.919833244200017	0.935541137834521	0.912851169472198	0.919885545140679	0.930843275783321	0.939608551352939	0.922241742778112	0.918779334022816	0.935547545794374	0.89244022119608	0.910408815450603	0.933448548392227	0.929764507933477	0.823644868307007	0.925518257546899	0.94593053561143	0.950896809483896	0.892950737821368	0.942119722026148	0.962116903724905	0.955469051886086	0.927372564698973	0.923864215669572	0.902891424321786	0.959307593203848	0.876074186954082	0.893179045928639	0.929769412617801	0.891849063836001	0.927889908894489	0.896841579128353	0.909485616676521	0.930353487555868
