"Model_1"	"Model_2"	"Model_3"	"Model_4"	"Model_5"	"Model_6"	"Model_7"	"Model_8"	"Model_9"	"Model_10"	"Model_11"	"Model_12"	"Model_13"	"Model_14"	"Model_15"	"Model_16"	"Model_17"	"Model_18"	"Model_19"	"Model_20"	"Model_21"	"Model_22"	"Model_23"	"Model_24"	"Model_25"	"Model_26"	"Model_27"	"Model_28"	"Model_29"	"Model_30"	"Model_31"	"Model_32"	"Model_33"	"Model_34"	"Model_35"	"Model_36"	"Model_37"	"Model_38"	"Model_39"	"Model_40"	"Model_41"	"Model_42"	"Model_43"	"Model_44"	"Model_45"	"Model_46"	"Model_47"	"Model_48"	"Model_49"	"Model_50"	"Model_51"	"Model_52"	"Model_53"	"Model_54"	"Model_55"	"Model_56"	"Model_57"	"Model_58"	"Model_59"	"Model_60"	"Model_61"	"Model_62"	"Model_63"	"Model_64"	"Model_65"	"Model_66"	"Model_67"	"Model_68"	"Model_69"	"Model_70"	"Model_71"	"Model_72"	"Model_73"	"Model_74"	"Model_75"	"Model_76"	"Model_77"	"Model_78"	"Model_79"	"Model_80"
"SRR5865065"	0.481714522248974	0.666095453226149	0.750591548425026	0.506656465852623	0.564405881475731	0.640265462803825	0.522395428537402	0.368715021623516	0.510050501447369	0.466823143769138	0.634551893742189	0.786050463822755	0.440335799107337	0.644151180232368	0.450590556860529	0.847870823267908	0.670647995287149	0.339293097332222	0.749589663737737	0.50114140660842	0.543781020709098	0.70053655559417	0.594935879721189	0.680840667398926	0.680415543863541	0.468746696048395	0.665628287696904	0.848017726202964	0.398163586699578	0.627267186604439	0.852660317196631	0.501586332055329	0.559623617690053	0.624160666582884	0.313919878214586	0.671221118524609	0.457949193039257	0.379757196067378	0.701625129022418	0.627405847819914	0.606306552432906	0.46913472534881	0.733609951224809	0.51372996814818	0.593755941673951	0.332626451783225	0.699897637273579	0.6250267091379	0.634773388659112	0.48974892537143	0.786876963066766	0.782300104813961	0.469572877395271	0.574373922220371	0.666478268986033	0.355023715547166	0.398772658809597	0.644577688066958	0.793123211779933	0.785908257149605	0.536097033466368	0.575732119801786	0.874756854878971	0.608999711730879	0.687778622993347	0.647758596702876	0.477414012079254	0.655393931900274	0.559341624446413	0.380762966429064	0.798830339779921	0.398004834037565	0.516952127549258	0.478371400566833	0.774735322274001	0.771650405408852	0.716874571802356	0.804933507265953	0.566051131355213	0.707802222769165
"SRR5865066"	0.124271558085794	0.449049203583454	0.557086195700078	0.170290423529112	0.605399424526585	0.56784772762478	0.25042127821823	0.296121313426322	0.652622706141896	0.211852598346541	0.493172290099699	0.469984390049042	0.553726334089379	0.441357994638983	0.308839669051118	0.611336912555012	0.385570661071722	0.153263693392477	0.626996720906815	0.176438305303023	0.271848098666333	0.481942461086034	0.340686024947795	0.432742816076504	0.454531088741287	0.412811042239118	0.517657626520436	0.519732751401254	0.107179632658471	0.467528779532676	0.748279779698462	0.313463392598617	0.25835919709742	0.366548917520396	0.189090310860372	0.530573313546922	0.198435827113166	0.23033129605773	0.48066110306578	0.342420357337972	0.603283740455739	0.328349491026993	0.559350001203137	0.554945020660798	0.44025160790772	0.133381918847489	0.44767385539703	0.707918683822372	0.572168356189291	0.402468791029149	0.558647974137757	0.560423333943662	0.435507932717518	0.741373466200178	0.398311865449377	0.0942065671691122	0.426418045701795	0.531575461094769	0.753270590335086	0.724707629628887	0.426752222974101	0.458691312754545	0.823249836566641	0.273972289386879	0.570569252048265	0.757116375272137	0.438519109238109	0.558995865565315	0.451504415571286	0.454282980843584	0.595669107567344	0.433086057075835	0.314534182872149	0.401326669099218	0.454169901868651	0.656712616203309	0.555615164255919	0.618435235492239	0.36479141823532	0.586118284860249
"SRR5865067"	0.0728393073139224	0.207128327219386	0.24584671824786	0.0422874376223603	0.299931912711122	0.206783519545648	0.0672132714545438	0.0476793368428677	0.207427252156268	0.0993846882497172	0.240940195250164	0.319246606450793	0.110292188328786	0.224651281101308	0.176869267150228	0.14895018388224	0.127422696004712	0.0518154614013962	0.255936355856334	0.0863732595249876	0.0599919015568689	0.143529182011887	0.211569325790606	0.106283139499799	0.168321521732858	0.152656414014213	0.0749762809536116	0.123823270244048	0.0408592828285777	0.211410924429094	0.540195210045421	0.109344324868126	0.10766629284547	0.139638780321215	0.0388455318088351	0.172951414728514	0.0596643805506853	0.0791411483850254	0.142050992054066	0.0781685389869371	0.163494302285477	0.0823034645536629	0.164789855623375	0.138202514479208	0.182108641465521	0.0213593226156129	0.261268799815425	0.175573584762724	0.186960514234681	0.0929403688976706	0.0926693718005286	0.304684328427126	0.107114072178299	0.154334412088052	0.105897158994036	0.0515761735275531	0.092746399003269	0.230297499679039	0.426638071031532	0.488894107909281	0.175211273794485	0.154472833574225	0.585670757131653	0.119227792451753	0.155096422501795	0.205062407907385	0.0763451473454798	0.216342550839585	0.101407895323528	0.087929300423863	0.19154204782734	0.121704273653491	0.0699405052474361	0.16269573827309	0.302927461986491	0.279068741016765	0.221729309969152	0.218508094656048	0.0541614755794607	0.164097868154526
"SRR5865068"	0.391105190319132	0.698335014919383	0.777032801822099	0.457023858230712	0.447213893223382	0.591258483528292	0.462783675666408	0.430407271570737	0.262234578356697	0.388062965798573	0.531488753643011	0.787218562378236	0.236653439518076	0.643021787822313	0.283457024861773	0.861993259111307	0.717234197691141	0.429637948781552	0.815814488205999	0.411574462221323	0.528839336810065	0.522071336683946	0.617255160636427	0.756463699985788	0.763262882403732	0.484072099245451	0.624084266075186	0.802945774160607	0.411909194172712	0.748386433357699	0.82740667130375	0.591915105795123	0.511451548749904	0.696818522897965	0.210718539390371	0.730465358583575	0.440501873407788	0.237338953623394	0.709484505346376	0.606393694023846	0.556368369170109	0.384458906147599	0.73730617094755	0.617287604754725	0.53741439165127	0.342704359876427	0.708839928871327	0.569222833929528	0.633623835714568	0.615753094714358	0.817783093472483	0.782580116306515	0.567446123274148	0.33386975401218	0.755963800238962	0.433140824842034	0.280045098614482	0.715871628124935	0.83036198994908	0.764963108493685	0.551882540317239	0.590585376528005	0.912808563050715	0.533715945404219	0.743984399574298	0.54425509745102	0.545013828066433	0.551565155622915	0.558339574219154	0.260609906062418	0.768520103458829	0.344814316867599	0.498235822676008	0.475813981902627	0.780168728569474	0.833010829878818	0.749650219397458	0.883395309374471	0.718667998390674	0.755251608930724
"SRR5865069"	0.173377598813177	0.550515759522306	0.414513184844616	0.163035465760627	0.439109892504949	0.46269209513159	0.216252077292524	0.259760454570192	0.435267809604815	0.35512193280686	0.520963808874941	0.5898243024498	0.432698539850463	0.421646089169433	0.515958560555728	0.565174164757387	0.246323087784105	0.187379161248708	0.369860380284565	0.143246951007793	0.355286219112205	0.452547879045758	0.659282648036468	0.345045334653576	0.536192592791105	0.291506431884122	0.432922272479504	0.541855941041961	0.219531326824835	0.347067060161559	0.663269716173452	0.179611839019265	0.251338678048098	0.394934234323938	0.222431457385879	0.463313341413502	0.203281861241982	0.287284776515622	0.305130889171525	0.288569157404107	0.347927785906261	0.286103710509086	0.420470147447582	0.232466753558768	0.4921041419972	0.100605584618388	0.464799415919602	0.360398340468065	0.457450642947869	0.220238089352231	0.484106337034215	0.673848358355115	0.23919339137384	0.451868956554294	0.305450845070119	0.135181242610943	0.319546149177786	0.430665355668034	0.502309493721052	0.559617481345313	0.27495984735064	0.346771749304363	0.736582308088122	0.235903456360888	0.514096642974391	0.540679296440443	0.22426419864031	0.511430418161399	0.244679083788592	0.461132028193599	0.497408034746723	0.288470605398961	0.228305809332399	0.343456375377602	0.328344657275012	0.46968005340926	0.571309987541269	0.706712843445372	0.36177115949282	0.601318594515416
"SRR5865070"	0.0951273425190343	0.345513942264293	0.305035956001028	0.103542168765281	0.265862671354831	0.320300843316164	0.202544854176132	0.171503322236435	0.222181845674753	0.117892409807139	0.273693543436672	0.3790670660522	0.221292897232002	0.344649650346767	0.233780794135785	0.246309370617846	0.20870611837876	0.10881777599833	0.39345222868325	0.11229660716024	0.0696123612029559	0.16927854793916	0.243203202499758	0.265482953321109	0.367373628637007	0.224030858382217	0.275331411428014	0.348022140159887	0.0699287450402604	0.396245450222363	0.618274519740307	0.191766004841892	0.188143193644071	0.19526015642608	0.0527205378825952	0.324277775157079	0.153702217027216	0.0936178852255723	0.313874043493412	0.165847684099913	0.222209910104595	0.151438828612716	0.333559980314884	0.322009307675047	0.173946289940945	0.0611008980466885	0.342187222837301	0.357105826753358	0.302129137978167	0.349047903283789	0.449917215105129	0.412411802615122	0.298034622957014	0.289480000356717	0.330999537427533	0.15224116198635	0.18135328740855	0.318073725752399	0.653640238933495	0.535184919394431	0.225500907119014	0.279221062332163	0.788624642656564	0.18415971782625	0.352882007525492	0.266764243833273	0.187866722414856	0.379517058651876	0.317134634188038	0.138863233750839	0.297258131517141	0.208244429858076	0.157983253458811	0.208303169223317	0.450888910210662	0.516095329308039	0.259078763208109	0.399010017816234	0.185395305814979	0.31402237618845
"SRR5865071"	0.516487586821427	0.690371720669936	0.662569154032076	0.483887301330807	0.44845985463568	0.557466363912392	0.547631084610293	0.535908858987332	0.513077098436814	0.707977254484252	0.53940216608887	0.585173162586265	0.656391778683123	0.70871658200265	0.56956384789419	0.791923131192372	0.533337346964807	0.656692647434964	0.582993040580119	0.341543715100656	0.753851353947221	0.587556762693916	0.69937059670015	0.662443474093552	0.730373107257768	0.487863561305313	0.581958802992831	0.720785780679663	0.743214510420526	0.596620812670814	0.68588478727585	0.524633340220893	0.59869388949924	0.72890168370517	0.628169567805344	0.630094040777521	0.632714578990727	0.502500568537286	0.604051387234924	0.635972884098659	0.794022485197059	0.547154522896578	0.610611291996616	0.436617287404972	0.529970457609047	0.538113039818614	0.74452028360225	0.623001334734447	0.637959802048654	0.457500976909501	0.571941163803827	0.83816671769061	0.451621933287825	0.808352367085001	0.615533519564987	0.533702617444033	0.713673522555575	0.594455143171062	0.549054999033705	0.551366038041743	0.463125077731201	0.554963693296153	0.663069202205662	0.509488415218502	0.651903201140972	0.851047683658779	0.514242689074494	0.583125725742139	0.462724944716674	0.765562628251009	0.691737513036108	0.644218047230862	0.565042352434114	0.556704834351606	0.655805528811233	0.598217929476443	0.584056747838546	0.769499382512598	0.712556876600863	0.709251612116136
"SRR5865072"	0.143442672525712	0.557890867763044	0.475691084606485	0.244718571295519	0.495531293249303	0.61825427318349	0.43900142391394	0.256451133087427	0.477719318960746	0.330657757295753	0.484380355297534	0.309532328171191	0.467444746683324	0.502777564950302	0.518719490636259	0.578822666118259	0.431581752884218	0.169261020381693	0.456808059676696	0.233497042954977	0.368045853219394	0.504761949017489	0.373400624732654	0.39551407376822	0.595216877548186	0.433143766062372	0.234202559803241	0.374492048853916	0.223911920136943	0.483391708433508	0.740235119373914	0.326845382838179	0.34137345236067	0.437803166092651	0.238200523446816	0.444881724394633	0.31656330505454	0.322208448844612	0.490048523532737	0.373970571779246	0.448068593800021	0.331854783029041	0.485749870928272	0.498777933058907	0.404583551883986	0.186825113161916	0.472797369504649	0.564152228495068	0.639148942868687	0.489888589818151	0.512210942146678	0.690897928307666	0.41463247510917	0.426558728005198	0.421965348311501	0.300522883735126	0.322699792928369	0.468736367024022	0.646931177374237	0.677238728264148	0.404688206461552	0.489983829409623	0.79879005866593	0.312293721686616	0.47733116583287	0.428124750303709	0.398456897295772	0.562730644128433	0.479896669417413	0.43687245120219	0.587762847959999	0.31941758155223	0.31280380884258	0.457335537852838	0.382699096796396	0.629218565850113	0.433032759881307	0.766284553193379	0.294880827546285	0.528533578008124
"SRR5865073"	0.117296172994243	0.152182786785563	0.244379052044787	0.0982127896790527	0.0980368150628824	0.156697336273677	0.110215777209499	0.0696408899444526	0.173622472273397	0.116969223515529	0.125582798482562	0.333957311178988	0.192996822420827	0.270048721836125	0.119658859025819	0.212183603168915	0.141280012096016	0.0950066873253748	0.181768803569143	0.10557190001409	0.0491284553513967	0.193837874882445	0.130704465869769	0.116465461847106	0.147202952231746	0.0809380973642169	0.0834334514488855	0.2701696031399	0.0853048317456991	0.15906285272011	0.447526927635743	0.105128612939885	0.195489992000466	0.110571196692804	0.0718515215924198	0.107567077939123	0.0790104052857302	0.0701949309507999	0.142737652801704	0.13483609552206	0.217158925323459	0.0630999697729882	0.140523733268819	0.0672947826079274	0.0946454819015067	0.0378756898773464	0.292728398472983	0.147155081237666	0.0924101029037556	0.0564043072152367	0.0909442379816398	0.195636809050511	0.113510295568615	0.229035234906171	0.112758685500157	0.0795073253292727	0.272125566404816	0.134496499065355	0.401153480428014	0.329109653571442	0.108120184114006	0.0885428940337356	0.454597919471181	0.140878884813783	0.0917593165837049	0.229775798815194	0.0576425006989847	0.174789855841501	0.0625054431139503	0.153582085454932	0.219376980460107	0.296563497294936	0.052800845712771	0.0817654427599546	0.528751940198332	0.190523784126373	0.152764397746628	0.115389504542256	0.0713517080855291	0.0877092009325148
"SRR5865074"	0.307180869872922	0.66824287872545	0.626724992982372	0.332508163960538	0.464267423673617	0.668032335702753	0.432264164128294	0.439402008911631	0.434344921722532	0.458949440084658	0.469599375770746	0.608393185941792	0.552123857299447	0.663737266902502	0.49907716157783	0.573635912744114	0.473891763641168	0.365048172788207	0.72779525762219	0.318848601046728	0.396756398585962	0.483104762093213	0.553584188158092	0.593412298442098	0.594994699737319	0.498775253796158	0.723749816784896	0.745968283011611	0.4040095716346	0.583399134085002	0.858753521628637	0.480140305549746	0.506247351710283	0.490650131090229	0.348328986532836	0.657500803823902	0.462376310603782	0.353770462340656	0.631398714717533	0.485800870757208	0.537901882362057	0.51037246285438	0.665781023270141	0.596100578902359	0.44615147499308	0.308720217805823	0.626677644791961	0.635287970284997	0.591593111582661	0.594371213084446	0.789413339969805	0.73816222449416	0.534847252372017	0.550551121985206	0.620657573105579	0.4309343264443	0.555552028519174	0.616832586712529	0.821430040183009	0.76737749212002	0.509957062553694	0.507659949707845	0.882951052384419	0.473407704298349	0.681804691491757	0.619968537868143	0.455631925048881	0.532887486105829	0.66332155016681	0.480616608265938	0.640912798324269	0.530449565125099	0.476441921364848	0.526609129096475	0.72984003036314	0.718198012650847	0.531992633078654	0.680282168574271	0.490571155609451	0.657377320360858
"SRR5865075"	0.0736382466338793	0.465047976658816	0.477422922169396	0.125573501690889	0.494358151483644	0.532850523265313	0.25316985207386	0.170442506149806	0.411045245800499	0.186452819700571	0.577565271764265	0.535956666928093	0.268684644253628	0.411843335780315	0.438188593799936	0.64316190886239	0.418185102341741	0.0763899277135662	0.599368281012568	0.147123132839654	0.266215597909715	0.353020621921052	0.499515139847034	0.419138044660244	0.637175463359871	0.306387131061853	0.292368534056178	0.446491471225411	0.0690827667151296	0.54165387008635	0.793003152655576	0.193987713077381	0.191946690731567	0.407909767203327	0.0630538471594319	0.613570899801055	0.153424391384687	0.177763306611406	0.344493487981361	0.286418698443971	0.393825464232846	0.195868656858803	0.507804825720403	0.409138205834448	0.349076575720616	0.0477816334522488	0.509085310720398	0.51648715693573	0.659509882084417	0.336100265351335	0.589446051478474	0.809496340023668	0.28977488525648	0.377216422189456	0.516173602520185	0.117328135647338	0.175607840303785	0.516895508425606	0.658415441046109	0.740628922162051	0.369399286980889	0.370039783583968	0.912185338024474	0.225543334436363	0.607574470498016	0.49941642661691	0.278102378611297	0.544227271631153	0.366402011198387	0.181884987719135	0.556586377756203	0.204476980157233	0.213327732834357	0.334507377873492	0.386948686218932	0.754711983927714	0.618392375410273	0.83263171750377	0.325820091621492	0.680690289269189
"SRR5865077"	0.0890509139373389	0.322110828523457	0.367489068712228	0.150669897460199	0.587367075700685	0.60109358533212	0.433169149800288	0.237617072220408	0.745904821231507	0.218246643850838	0.382735857192439	0.236729725282016	0.75401352068215	0.43647937059631	0.365747618784142	0.324079638124794	0.251201177534429	0.106672617162989	0.488245660337991	0.156003091361915	0.157198087388684	0.368508877561832	0.249902508104246	0.223937311839493	0.24104669410418	0.429989962670894	0.359972012758163	0.332237038927071	0.103381284236171	0.335493344028806	0.68566585049164	0.281252369523199	0.274176402108885	0.277808667390166	0.232928531122896	0.392040698068789	0.166580635423868	0.238532744370249	0.352256980739623	0.300103857436943	0.544285179140797	0.33616636581774	0.387183187722461	0.539002093855046	0.321681785666189	0.129361741170978	0.326074442737119	0.690699650198055	0.476066606267767	0.394448511487374	0.373334881175674	0.453444163480718	0.451649648746466	0.782577506776145	0.352087397124147	0.114111042468226	0.657485069118028	0.406189948539409	0.663407002877511	0.639179140287114	0.369054239719619	0.405074316972862	0.717599788120792	0.223302948584418	0.352400994721342	0.644483379735494	0.360628658588395	0.371615273748088	0.491744966563014	0.611994433086456	0.425658279266514	0.653813017586789	0.254131634701593	0.427675375767562	0.392776180001224	0.493952536605973	0.366796738457567	0.312922915097637	0.144396830359629	0.352006255679069
"SRR5865085"	0.0461694430625582	0.309253606180145	0.364854531263485	0.11628590615508	0.337941509749373	0.509179717571327	0.285228690312227	0.100200379597562	0.394774195994213	0.10847795541732	0.402957836874275	0.410864408868906	0.315015562033801	0.324075436199121	0.205328405319591	0.545300592741336	0.307202419978762	0.0941689419654802	0.44287554564324	0.126855180093344	0.104129699698939	0.423092171582866	0.152882105658114	0.261214794734846	0.358137616544399	0.25377105441962	0.330215710967687	0.470966397848906	0.0477752914147479	0.368497175268436	0.664887691679952	0.191984191171738	0.224484610945651	0.350366846650727	0.0715554549821211	0.339398306174327	0.126303607039679	0.144897784623678	0.390690138478879	0.356111337778464	0.348770943481803	0.19747757239645	0.423563372022481	0.30912329744331	0.219163581365385	0.0340644736676557	0.3365463981086	0.503347093546849	0.414818660043649	0.305434022718809	0.470288236400623	0.260344806227095	0.272609935293249	0.443055238096606	0.303170815921673	0.0937270237622323	0.199005139733938	0.334581170501796	0.651916023814857	0.65077337402534	0.300443845161242	0.288115606006334	0.78594074353077	0.241115036584139	0.306486615427391	0.371647557734146	0.232989332273931	0.308517490947317	0.387259382960589	0.174979316433973	0.528090544637274	0.212175218673837	0.188818884273654	0.225226924073943	0.418909349687705	0.513668202136156	0.353297088430679	0.389117728315964	0.102327856446217	0.246760346536637
"SRR5865086"	0.327674687518584	0.571101120262086	0.62976200483696	0.286852403393431	0.509615086686501	0.590924790646285	0.63413766677304	0.495670541755123	0.588468776960986	0.203787735743058	0.568045111526804	0.757803455133612	0.448684204748011	0.482856933979395	0.312514938914385	0.678440448386516	0.508639856024573	0.236254808460042	0.661181590112307	0.267597621715874	0.383785929485266	0.523084168005998	0.345719629295938	0.655438676333391	0.793002905610131	0.372445280811079	0.507089505783582	0.531640945906325	0.142099497026942	0.603481652573098	0.73840854750042	0.388522293414564	0.390856249293485	0.600594047994033	0.193945192061916	0.648078463737288	0.388758095237495	0.26176140524792	0.659907455063915	0.574966624219997	0.591402384121884	0.371978006153375	0.661867712487848	0.49053834049725	0.446021727156645	0.217884185125318	0.476649510542666	0.652252380841464	0.547801284645498	0.552829834270467	0.815651422415563	0.534696854527127	0.412745881092187	0.57009052736707	0.704739934179876	0.258303857665504	0.316914275744495	0.580801230006312	0.809976358772985	0.716058074320356	0.442366102766575	0.617644128920058	0.832949828623627	0.442677974973244	0.696269478653002	0.594638613137908	0.482045621663568	0.585214799353867	0.528701625782543	0.357533674376291	0.644721547727489	0.301365954849983	0.401642880327963	0.321998406043736	0.592636601994133	0.691841860797965	0.479585294156398	0.87491164371189	0.600591011153999	0.67800909255836
"SRR5865087"	0.230596791545733	0.463171068763928	0.475455245683709	0.210711359044952	0.544912695702491	0.544564206440549	0.302122232092236	0.135554655124196	0.35299077387407	0.215550256777858	0.412498630892653	0.458626976865458	0.348276349058476	0.425482022109487	0.34776391305353	0.722654319706098	0.488262306064267	0.153421213719699	0.389812717408284	0.302965338809654	0.350957206032647	0.505344198571901	0.319431329119051	0.35804918569921	0.59809164809244	0.345035852267977	0.519330505222983	0.647703185731284	0.151810434374748	0.366277156464053	0.777060736651475	0.201879015105224	0.267844958836937	0.536808911226652	0.132080186479862	0.477004792996623	0.261032519700483	0.2230742099392	0.389886400634642	0.366142528235602	0.310966415100362	0.300969219249655	0.488825921838728	0.339122141650375	0.249587495190268	0.121152569283637	0.38380540561744	0.441651498973647	0.624041520044062	0.383490892512722	0.615129147589216	0.766603308992924	0.280501294460606	0.419851345105028	0.441368266013068	0.183240595908726	0.250801950382936	0.389864548079191	0.639618891631822	0.704975570376329	0.290355137546276	0.435811244811683	0.888766464368691	0.33283872976401	0.48571247778149	0.396415606711874	0.280043418105147	0.550677577133583	0.392847476775209	0.280783183196394	0.628023244876524	0.270076160359162	0.29993603116629	0.349424092516849	0.397641120115867	0.53118824760428	0.504752939285473	0.78957202113765	0.247817599379221	0.594560379780731
"SRR5865096"	0.271064947222101	0.491120235616885	0.672200155962885	0.256098428227014	0.641583439593081	0.574034106581307	0.525311919622736	0.465164057263364	0.709364004767299	0.312310217083758	0.634685728180434	0.714930856789515	0.64990550087826	0.515287993362218	0.460783062282665	0.717152486533874	0.472876682905961	0.179275403662203	0.628863858359953	0.254163616402768	0.454269154073025	0.579096355545775	0.469278263592911	0.588240548516784	0.747702566140467	0.360348094760771	0.631433699163246	0.664010793169404	0.184753531856911	0.494941339146717	0.797513666639399	0.31790042128893	0.334653140781262	0.502818414124318	0.270373843023886	0.606693634830612	0.321289728606591	0.310918229576429	0.507078416213874	0.501787572894525	0.701200146509961	0.387112427699455	0.569611291648155	0.463506603624973	0.558359564932572	0.159229594055438	0.532299068176583	0.734857130370588	0.607998385908054	0.391107470876403	0.797451829152599	0.687020221598769	0.412441670077634	0.831666491587743	0.618151333260008	0.14267013819192	0.501846702883055	0.529834746973468	0.788311657661612	0.739136164852299	0.412055467807874	0.57178716375724	0.878389576152585	0.370910374619027	0.597642941587875	0.835778478696875	0.445490814637151	0.603666868166911	0.411244443350706	0.559135169419509	0.641717449091373	0.493499939633398	0.384769755276965	0.36489230605874	0.606034466885921	0.680900238497079	0.644076847827956	0.892923233579537	0.540701073894134	0.653146445761463
"SRR5865097"	0.471303226193652	0.717651243006065	0.629032175513816	0.359768986355948	0.67530302006077	0.767672706576067	0.598476362769782	0.45153793524344	0.424946621711312	0.556992404820261	0.668885448171148	0.578244205915394	0.515190636417329	0.67749756567371	0.634161040062751	0.701764280341588	0.484356148859379	0.467102047051606	0.777118581720151	0.395204037455586	0.38469431586676	0.688916297114372	0.615019024783522	0.595000525940265	0.65195011134651	0.63651193780483	0.739959769156403	0.864255039036874	0.5840743623439	0.580165667157543	0.874520466855964	0.573386246757836	0.610831232370866	0.562959847910469	0.402762658517616	0.700333479242708	0.588818637447921	0.457280841250629	0.754869331410153	0.699951466051138	0.453731872278731	0.62943235041912	0.766212645587413	0.673278161680289	0.545913448242482	0.380157932549623	0.651244361741501	0.606565802193773	0.587451666022268	0.741153082624378	0.841720227382788	0.72313241088029	0.598154829479766	0.637749243045817	0.710823509727845	0.580595667092442	0.451218909083119	0.672915487515633	0.848826482602151	0.799564299095845	0.578226670981627	0.65467246175444	0.869464009955593	0.62655369255364	0.709267310497814	0.620862831938692	0.517730076606802	0.629659084680949	0.718284006869464	0.445619868026041	0.796773476483192	0.409092027461767	0.57811369611997	0.672161236052759	0.693146995941812	0.699413977193348	0.68044976430234	0.787727218744324	0.420443583361266	0.655205467293589
"SRR5865098"	0.475153671009088	0.743622150655541	0.510789811460015	0.436972446762149	0.486439796686485	0.667285327419022	0.530712536745724	0.390641588374162	0.452149779510235	0.404846893228745	0.517716954142191	0.675216900053629	0.515373936509132	0.559025970958412	0.605434234518344	0.519386657902525	0.367720563004023	0.311644475025316	0.465615623854149	0.418897088394601	0.397332796130943	0.639724778119731	0.532867010557223	0.445920854599851	0.578896089070122	0.478196327485945	0.821190748456981	0.8051838257404	0.528627165265183	0.273274694423342	0.860738167931561	0.307539303369116	0.500595497753496	0.463379281784149	0.420973838829711	0.591315686071628	0.476721397650507	0.487383818372106	0.564594609478138	0.470382022506238	0.326110733009808	0.529682520304876	0.664864148572176	0.417795758578376	0.478331501971616	0.360700574378992	0.394644556090621	0.378430577580659	0.504069460592952	0.58064422483882	0.855394577642883	0.665794486854385	0.392968798426537	0.598792596231818	0.493055154605456	0.43977812488549	0.445052884422585	0.463362645823887	0.813148137387305	0.768327291539436	0.36017111517562	0.461891300673368	0.901492447299862	0.457519108851908	0.65016223293301	0.598136522139004	0.330023483848164	0.585839291961456	0.540255864592106	0.407360414883525	0.623264277130628	0.404574550864864	0.401261309404277	0.475076164350172	0.516203720211625	0.390310739933345	0.545263697446107	0.745520522066661	0.349602044676628	0.687405224127841
"SRR5865110"	0.0882882358216788	0.176622314799768	0.0983977600987416	0.0579776365218232	0.115240797114998	0.136269826032727	0.0999665915780145	0.0587915424133264	0.197259267728515	0.0597176628402619	0.0846696285404272	0.161920794360327	0.207342590625429	0.169234141288528	0.142687299318152	0.0845047332757525	0.0874977370669994	0.0356828396980458	0.106592311652299	0.135439488330325	0.0285990302096976	0.114647762463759	0.0891684172567061	0.0612373778085455	0.152413382740603	0.0687436077973731	0.0609867536048504	0.119572661121874	0.039343905310664	0.091361503323614	0.350400290600117	0.0463182271981016	0.0989502452503097	0.0881402612366807	0.0384626987321699	0.0940085034994293	0.0575469695478844	0.0562531925286337	0.076193216265122	0.0600512923823652	0.119829982438923	0.0482442957719187	0.0881969823712117	0.0614871118194367	0.0514775337939907	0.0240054011892686	0.11508495094464	0.0975252487170031	0.0998119924101108	0.0773993080071768	0.126373501529945	0.178066441092977	0.0897071251613384	0.262099128592331	0.0841900878946425	0.0823660032982204	0.199945829433102	0.0852248866860724	0.324549935781663	0.292380164151333	0.0756103640235265	0.0898268714745925	0.56036696501998	0.0845455038107577	0.0894982271604432	0.179476881284825	0.0404104720685654	0.160441398186845	0.0609868567968915	0.134831533496744	0.106308817272671	0.221901841593152	0.0324820544738444	0.0625453751863842	0.204310957831169	0.112109549772751	0.0874343612628851	0.139888061265088	0.0444869841102471	0.100288045280999
"SRR5865111"	0.153039277222262	0.263978836828197	0.12928536336562	0.166777785094882	0.180830114847783	0.357145857038942	0.300979645375902	0.0650164250388659	0.388734209621191	0.0552083763591732	0.166737744462312	0.24063807992306	0.362392741222776	0.145722951057273	0.196269188087667	0.273906088775576	0.201869848626063	0.0503792690286068	0.142511387678709	0.2051891916775	0.0688601615641149	0.390969957421648	0.0686555115330214	0.0850441477703253	0.217635168719643	0.134599342596274	0.347440926175876	0.42745110702406	0.0531248929614275	0.0851964666274519	0.450491012428683	0.0656649526878271	0.160279655176581	0.23525954768325	0.0941257363597356	0.170337197087155	0.103282991940195	0.150488685207004	0.176349085175796	0.229940966054157	0.161485776309481	0.131206237966946	0.221002548969003	0.117021114149116	0.0825377249291273	0.0607575816336976	0.0846199935527851	0.176745890284634	0.193681249501186	0.167473436938637	0.404041354985674	0.171280582148464	0.11438756525507	0.454031729334695	0.191474413092407	0.127986291493415	0.185533903534258	0.120191683607488	0.387936935038407	0.454941950378157	0.137674832391465	0.135085994269013	0.591471356305702	0.17736159173889	0.185661296722738	0.261299022003215	0.0816832667543694	0.302157372855894	0.203184830942888	0.182916468514388	0.288649334399019	0.182735710373871	0.077959453571095	0.0945992734134727	0.132222014919434	0.0935296673516888	0.149320487823827	0.232630277066914	0.0502253071131687	0.217370176501158
"SRR5865112"	0.300175763585496	0.50093688332229	0.56858549179955	0.240669509933095	0.571576972705425	0.679730484302255	0.371162211554767	0.273328141402673	0.564103417016363	0.315960915192146	0.464267765745986	0.573965701809525	0.559216491339848	0.548331285049065	0.449778469831468	0.635128084722584	0.322367503433708	0.216393227383862	0.603517442993833	0.223102003978131	0.191309706784731	0.638341322970995	0.41579808314886	0.40908150915409	0.223922885251842	0.422013744760128	0.493895730790971	0.792328382105381	0.241245121313055	0.389042162462863	0.864566656170627	0.480986210090959	0.450244548034743	0.42196766643534	0.275218197140779	0.468805807665172	0.259880089492084	0.273782465805505	0.648812501162383	0.539287967291025	0.520310042056661	0.395908682172662	0.669856409144575	0.53030489616363	0.45625509259829	0.201020525001529	0.498646338291787	0.600429024485606	0.427802969702989	0.439262696395606	0.558239731998242	0.512706901892789	0.457280515291189	0.692514103890222	0.454617613741751	0.167351597625888	0.506921243153697	0.480425671335596	0.852727444178332	0.779032551302153	0.346625795932328	0.590526058940526	0.851826516353716	0.430765758704104	0.504600172931909	0.659685001073228	0.359696526687228	0.653145947278341	0.468359722895445	0.540119968885733	0.742156450263127	0.458548879986688	0.324166183485195	0.424889468433646	0.684794859257447	0.552817389342566	0.58384192787145	0.342550641484078	0.219436103985775	0.432636679889683
"SRR5865114"	0.252549403647915	0.297983027994974	0.204136747932582	0.137612535429045	0.346038254623273	0.384120282289982	0.263875702483287	0.09439691243601	0.496637511286535	0.110641316938124	0.201098330887504	0.223018585756928	0.398836936180741	0.245468671579804	0.253253758934562	0.390069947503425	0.26384743750642	0.0709710702368776	0.0675150873668472	0.28169396698686	0.212725411932492	0.374651179412019	0.103314346913378	0.0975007993411973	0.309114418664939	0.206994432644118	0.222395637617155	0.268659341314458	0.123125580618917	0.0699461598884302	0.545775880339059	0.077360401932089	0.201104940606652	0.267946157789922	0.201377938059085	0.13071095662108	0.170515119985454	0.257284753972082	0.17980346758774	0.195150302473101	0.22015165468573	0.194230114656214	0.198098428682155	0.0959466199405882	0.161534262737282	0.123017803347022	0.107275654984268	0.186711364466081	0.348571742077677	0.176689314159986	0.164887178849289	0.413920991951949	0.101927834959537	0.437908616166361	0.107167970501677	0.131964592212173	0.289855215183193	0.0983571329933912	0.411981957642493	0.461317319194828	0.119618907639092	0.199768684460085	0.658053983633328	0.192658214846925	0.149511914464601	0.265226837839812	0.120901018094529	0.338080288164363	0.163010930120727	0.268674331247708	0.334723066814227	0.286322826618272	0.122284641166024	0.174129258338069	0.133647192550505	0.0636825438740223	0.179344105633223	0.335195844785524	0.0616537707053843	0.25362146072192
"SRR5865115"	0.123049599562319	0.477012690310357	0.387735207366874	0.225522556694488	0.537481049774529	0.563908210728958	0.410390486112928	0.260060508607826	0.601201977772266	0.180729040427808	0.522089677331585	0.425636907524399	0.541538676954277	0.351569018858734	0.36799179467814	0.2329403361101	0.241845121173893	0.137318034249249	0.537770468305061	0.139595339943925	0.132756108802465	0.411610821169263	0.339214462189353	0.2935535099903	0.232272199245225	0.390396962242121	0.450562179500285	0.36219937833439	0.104441205482572	0.375623718303341	0.689023165904398	0.265696934400902	0.322007313258592	0.252650179867685	0.17694784783041	0.555167234945909	0.141191430487474	0.390884371105232	0.42950224969331	0.341859521201943	0.402197781542572	0.312442310303978	0.540659752746623	0.516103545188435	0.396077434339085	0.0946519124663957	0.330317611779061	0.560126610830573	0.459075869365537	0.378007450512109	0.600633079981854	0.246598271855368	0.371349242835447	0.690440452059071	0.466015259007896	0.123332362569673	0.381431218306017	0.536924023724007	0.720883131813566	0.703383915477264	0.418554152040002	0.358802108959728	0.708137831407052	0.259958816398976	0.645527744351214	0.664929269253414	0.310956486951104	0.469461106626842	0.44122551620541	0.425663240615437	0.424790230360183	0.356830915477576	0.221830124186607	0.374932670897774	0.361985081477544	0.509168762203665	0.424562472548043	0.435979744008754	0.21693452348315	0.481816994300259
"SRR5865116"	0.480035764985948	0.729696858412069	0.704842001735223	0.54795791835499	0.459956066342857	0.676065912467322	0.592479725045678	0.562425191309974	0.530555822927067	0.637738543467497	0.651655296561047	0.783691398604639	0.562893795949751	0.696755843940573	0.672077314007306	0.811162684709371	0.709095845396394	0.519136784139126	0.574072301552415	0.524734040950826	0.64900334535943	0.677358767084062	0.676110592343748	0.696023856018759	0.797822688197952	0.508903944927259	0.812201625515245	0.883253597201586	0.642181996108316	0.631949999490108	0.846415351625576	0.587778889403275	0.63388411939618	0.574433112655194	0.494551852630914	0.66406081119634	0.583172008616719	0.515742651859939	0.680931829105128	0.646503768163324	0.59362023113765	0.576722977942944	0.731439821795045	0.619000182275208	0.640099991866591	0.415572645606583	0.722396489164365	0.654794963598906	0.680163567952564	0.588650931383473	0.840779879922011	0.84871986161392	0.547084082841961	0.637046249733799	0.648472631119224	0.632150604973	0.531235811576902	0.645284898609296	0.778346065970013	0.739692734746805	0.603527454080078	0.510360841449126	0.858900603093043	0.634579909676436	0.700068749538019	0.647848390902006	0.527256423941535	0.639956211716346	0.67375685574407	0.517508618744733	0.768386562719767	0.494089574146114	0.583373953135935	0.556707975943571	0.739735863131599	0.751960136506471	0.697748213281513	0.833483068441441	0.658281048802754	0.726270899457426
"SRR5865120"	0.0989647384863992	0.207862472135148	0.0590628550778984	0.0893633403256839	0.0612016997671479	0.182784358832718	0.188382893291744	0.0655939968664933	0.485298250330836	0.0523088223960803	0.0636189103955342	0.189857840087059	0.505407486533175	0.118553520750214	0.234923459087502	0.110644229896504	0.0628977841284036	0.0267476594143519	0.0266621472594441	0.0853080335450586	0.063665630877478	0.221574903540027	0.0815141570064434	0.0386290392724587	0.228551052514612	0.0447247426067012	0.134767892484779	0.167375591499825	0.0558687210242596	0.0244964141576659	0.332311174235387	0.0165472108810732	0.0968664532956718	0.0943812427753668	0.114945414426978	0.0626001694497854	0.0650051389686508	0.124007666017798	0.0481680458116015	0.0697212848357006	0.185715674700506	0.0576644922141189	0.0719147379132736	0.0226882990125838	0.0456879055776558	0.0316855927983732	0.0475718250522176	0.0772952390983639	0.112444494748998	0.0474866770863852	0.218606296344929	0.171248679455368	0.0423752308372456	0.547398875487868	0.050993677592737	0.0740633267568632	0.373383573682123	0.0349351392589671	0.214379750622532	0.238649166510201	0.0320834593772438	0.0534708803025877	0.528969855357636	0.0534213296911451	0.0844715814557166	0.344262887441073	0.0262110716073517	0.172886807276071	0.0432369277418989	0.403859929684274	0.101927134084886	0.305540868329283	0.0223985448630987	0.035571789663273	0.0714042935426588	0.0233024014335227	0.0618921482520622	0.229912731939709	0.036126207235853	0.145111466944482
"SRR5865121"	0.0500387825484729	0.290641953556424	0.175459788639033	0.0407290495300738	0.303670103804243	0.343598196632797	0.204352533944208	0.0566472006298342	0.271867613333058	0.0652159909391054	0.31231135382575	0.281449701107671	0.229195876495783	0.178658525358653	0.222514661984896	0.0880180793335681	0.0990373876698111	0.0643698493298702	0.42152726539436	0.0691032206167779	0.0371254820254314	0.163442777167009	0.202219020543879	0.123094029244725	0.212190155455746	0.208635296180941	0.327746890032599	0.22153795262376	0.026443698625093	0.299733408448518	0.487965076747931	0.148072024825331	0.114528260971039	0.165216141347459	0.0399918823801421	0.332109315669016	0.0693949446679775	0.0854257085101487	0.218073546380865	0.14082526159884	0.188252883250034	0.148291209501448	0.290876369372252	0.336610555263026	0.170183743191755	0.028026743902354	0.193815998145036	0.326714138374832	0.194131139111745	0.212155939059553	0.449767869479698	0.163869749666933	0.194405334442387	0.343084618259221	0.29514908037305	0.0770712017731535	0.127703009441239	0.313471462576276	0.425864060141753	0.488686280323481	0.215540236798857	0.189170788391811	0.530794667760568	0.12550780345578	0.364638582499123	0.353106558640301	0.110316524484472	0.305934402705534	0.314618281166642	0.126385425141784	0.198804147846089	0.134535386771782	0.106362443790123	0.184166893619865	0.2122067151291	0.38799587916596	0.204802938561528	0.304060771373501	0.0669591311095457	0.294312887007851
"SRR5865122"	0.270191782857359	0.544434638269026	0.498736997721982	0.302385491313903	0.331174217291779	0.535597724192438	0.524970895092629	0.517867330798712	0.488159516187307	0.164204767417706	0.499734539999935	0.805690654011758	0.465455429648719	0.444042725633674	0.314659192554224	0.440740859296103	0.479567830313485	0.198526621219659	0.550182627360972	0.223578531069153	0.168133276037346	0.489065418646446	0.392423853905023	0.525008224583831	0.489973132509381	0.311158523440342	0.57967108068842	0.556318564112273	0.117585642658842	0.506176745984469	0.699536819513794	0.31154417604201	0.533574764427144	0.34665567464708	0.176734055418659	0.536982906209892	0.211521947127031	0.459930851513029	0.592568465064557	0.416516746304943	0.439141649574463	0.319516748394431	0.603549850532921	0.456418062044892	0.463895736509344	0.159240674591606	0.363871248671213	0.564726231325724	0.489306181578699	0.449950247654346	0.794194117191533	0.307663153717356	0.397886465716934	0.547475636520438	0.552130273666085	0.24478657914934	0.414635757164475	0.509992837605171	0.80736963332264	0.646288720405767	0.387220008553348	0.37022402999909	0.769978500216452	0.397509460905649	0.758508392262539	0.564438247640669	0.354751397094987	0.497723747498918	0.532749251298938	0.29970996647737	0.527041664802858	0.378097567183931	0.285667614998171	0.253534856365958	0.62849146434951	0.599742941130252	0.426786147971005	0.535099446467742	0.453944259221099	0.544566084309173
"SRR5865123"	0.0695700283627562	0.290347072460097	0.227762250294202	0.0764694761471203	0.208938124964872	0.28376905632551	0.11788194693506	0.139162564425614	0.137206158891627	0.0655748789019251	0.245832499845004	0.392962453437381	0.136236271186003	0.215956854957957	0.158588747463101	0.23419130444813	0.144983252591536	0.0736829811548947	0.449995499405001	0.0841976067262721	0.0362419765808225	0.275500458332914	0.201803679984878	0.186252151174219	0.220009561236721	0.148440594736643	0.183451088498053	0.318402908488182	0.0341812019610662	0.282227671376134	0.506277846723153	0.126920056422495	0.137123073430786	0.130290242034884	0.0352314702830288	0.250117569591192	0.0688526105425954	0.0640829739263101	0.250562184095839	0.155557220403193	0.170368568551571	0.0909875208480745	0.286059783823934	0.258652421843336	0.169215811708591	0.0288998320186444	0.233186827639899	0.233359928707563	0.14318418285821	0.18735901719226	0.382452987322479	0.186290178630235	0.189632256676371	0.197455611501831	0.248313561078527	0.0710786510183495	0.112426613021724	0.279235755708281	0.600873788718233	0.484248338479718	0.191026046525412	0.166976634154788	0.687272690219934	0.149057459047676	0.283046425960696	0.298095511597969	0.113610988010669	0.207016430148533	0.177089340706171	0.106497170161943	0.305889560387044	0.128119000536777	0.0758928786225524	0.130352713515954	0.341139256275483	0.380004070299115	0.273965026496737	0.269735832253671	0.123469515104877	0.222671133467065
"SRR5865124"	0.31407988856349	0.199331176367943	0.206256484535897	0.147529325557881	0.229982235062838	0.398197873040375	0.270316278952859	0.105317259391698	0.354523339029692	0.126884737687158	0.112757991843286	0.299998457153131	0.463907654405899	0.286703991877684	0.284821054388286	0.196302447880346	0.237069646578401	0.0999037345673982	0.098007907774588	0.334627638806156	0.102032287804565	0.256274075429373	0.102704921873605	0.133549774789447	0.257399412970488	0.153870993628925	0.384531089993471	0.464677679486128	0.121896377804067	0.112826381625743	0.73427140878332	0.0908440919994917	0.255671424291947	0.192664111636303	0.160635581959718	0.142589807262965	0.19054511686186	0.182063468964204	0.200031892544994	0.186709931015907	0.242835428802958	0.213183180177456	0.243992507829872	0.0793507670730204	0.0515125696180569	0.0945610665435309	0.181283337710328	0.263568522570301	0.27728036363854	0.214171729357689	0.344951864026916	0.421946613857796	0.152563827721481	0.528474323433542	0.183793167236705	0.252905709905784	0.395565264849864	0.107904303983216	0.614429423985857	0.548085416586605	0.123805719405329	0.194744837509453	0.801467062262483	0.269648116461684	0.171821937703142	0.312397593130708	0.0938521098947825	0.190254118744624	0.266362963048023	0.299569431746476	0.283243580485694	0.35309179974538	0.127378186224226	0.141859536613677	0.355330700912388	0.114368063989695	0.115189280626384	0.211166767839514	0.0547527145149491	0.187709406345001
"SRR5865125"	0.238876655714698	0.375106515396417	0.464816041579253	0.145848401908175	0.237467699190426	0.244619117411198	0.186673078933877	0.128752089934791	0.502630335654332	0.1745340579144	0.332902581077256	0.627051872585273	0.283256902013826	0.36885543373816	0.176608036528213	0.681002316864404	0.424170987733456	0.121713327315025	0.502753606507154	0.279908920596824	0.221992723190186	0.435443332358732	0.438628229280175	0.30921636494923	0.524592737951921	0.127357114699427	0.138525059078265	0.446963719092685	0.0979084967135792	0.377869345968679	0.573964329787981	0.151024554428916	0.260621484146784	0.359207394270974	0.0778462870034695	0.355817955900136	0.121040005483173	0.0987340522750677	0.247016935145264	0.240588468739076	0.387694390705646	0.0931998439755503	0.299282719759247	0.171153156626357	0.290440921385858	0.0512087264628997	0.432594598144667	0.234091916013494	0.228520019556313	0.0871100156140923	0.379015735789017	0.471578056742354	0.12329735704682	0.337244890202565	0.352783077160445	0.111815096757539	0.287548765662644	0.336426980652165	0.48679955145283	0.480357720218246	0.244859375323187	0.186693678532199	0.731455893955768	0.266266798031914	0.336642878622744	0.401481292740897	0.128574897311372	0.260399025907739	0.0996056727284208	0.267927566537148	0.460900612467265	0.315463285089441	0.101406250324385	0.136765898405142	0.605343611486409	0.469420055670688	0.50037495554266	0.601101933915714	0.315451923180886	0.387075467636772
"SRR5865126"	0.0631926768334444	0.311346337549767	0.228371083360898	0.0459251897239864	0.151829238752522	0.252672989224789	0.0667056918783397	0.105199495693071	0.602587654621095	0.124633551710005	0.24444230752058	0.446237310469057	0.448827210572312	0.284671237635977	0.254213748643357	0.518631737499734	0.187853326596505	0.0494706509714189	0.229526946401011	0.122456936829682	0.182726843738139	0.301506867419486	0.287980934819719	0.174572752790998	0.397015913471508	0.0700367893583169	0.182795547586307	0.511449520996284	0.0411431261241641	0.21471945105882	0.503061930679065	0.0598461021890733	0.148173164270657	0.218298834100538	0.0600849479276453	0.222978157325095	0.0655690934189082	0.08524094434903	0.138835816266259	0.156401800915504	0.448746097738694	0.0734955843551722	0.181157963111249	0.077285439215717	0.195103216321947	0.0201163132609611	0.324401961314817	0.272528629633853	0.219686489816947	0.0501266519951669	0.204324401287934	0.468410742594423	0.0980894097692829	0.613413215633295	0.0913195065245411	0.0502119239842726	0.348710368300073	0.190046233613122	0.324331054118401	0.399551291039106	0.13198312380384	0.124512011304912	0.56157987048672	0.1235200193507	0.228950704053442	0.55005203691949	0.0656349801679616	0.346759438623082	0.0811793528776891	0.311504217255414	0.351413275830788	0.337952633639829	0.0559663312062076	0.0802607352510111	0.362770679848859	0.333755260542161	0.348996933096702	0.45096783609175	0.156059994538244	0.289086885328232
"SRR5865127"	0.286352911017996	0.591139228743962	0.513017580550809	0.29402556001075	0.541314394692908	0.750961597794572	0.447854208459347	0.360809176099223	0.640973445254223	0.399275202797147	0.530226578865579	0.731908246775923	0.714011153038049	0.57171873851762	0.665939293219193	0.604860950157893	0.319056891954887	0.340187398833957	0.492912162191596	0.176171065676155	0.223749743916806	0.611793221648164	0.51538241049557	0.524168043779305	0.467743462297301	0.390436728338432	0.563702971790577	0.790396271513501	0.281749440520399	0.524892253970636	0.896036838033639	0.352291040899557	0.443593301448888	0.423989084785632	0.323814369218072	0.596971593804395	0.421917782184854	0.350505898812316	0.69348584286846	0.587117314560925	0.611613768395399	0.476465596201437	0.712772278876119	0.548710462956736	0.407194613591067	0.228405969635037	0.529991547462212	0.72683958275758	0.59436812634731	0.556806816528827	0.803518610390763	0.756633394206081	0.511441470089149	0.818567071322817	0.675258416128351	0.322134210113213	0.629959097279677	0.490129443224648	0.826581709627284	0.782309561600547	0.343943347544309	0.562135853460665	0.904936654863022	0.435418425212464	0.706736504369098	0.766636604349468	0.395204908548469	0.580993178651263	0.583438690614866	0.569185419267007	0.734229729958089	0.556315754221472	0.386772068972957	0.433008810178338	0.657048576425996	0.676794281820941	0.621725402888877	0.525827570837785	0.307772044241368	0.616588033113157
"SRR5865128"	0.115976717571563	0.305500346110481	0.359446869697267	0.173259913150802	0.503891003157607	0.448012002504722	0.26920389630988	0.102867853570903	0.309189075158203	0.244930392189873	0.343806578248247	0.301038118838313	0.312743079341765	0.328866719668857	0.32142537396251	0.279831000334632	0.218876315684904	0.125939861509856	0.397803169604099	0.187631538576207	0.169778367341295	0.359622041261112	0.232730452239362	0.194769056732939	0.289835566689753	0.349303991387532	0.226041385779822	0.221770864550318	0.115485839611907	0.337844733460006	0.631032435672679	0.257043925537695	0.218254710041508	0.219440494157186	0.152759025510833	0.349995322073451	0.129574063643057	0.207708792804391	0.289045957321122	0.203559365889721	0.278030751993716	0.265384511017673	0.388604096590131	0.412687990868329	0.256774079871495	0.0910392446120795	0.361829666142504	0.396986926569032	0.38989329438885	0.227550002021784	0.307949925787602	0.409433676181025	0.23437846155338	0.394485809222634	0.262646222374987	0.109216678121722	0.228641133012897	0.404499328546202	0.516926634939044	0.590057075196673	0.328689189460085	0.292881913920073	0.61378916112843	0.231574660550288	0.378290789890665	0.406183248661441	0.220601136105707	0.255250983190308	0.311727252437863	0.184165038726539	0.362222554730048	0.239518599022901	0.206281304886276	0.37067361335316	0.31682101752733	0.45385243392289	0.287682058145255	0.327197847889101	0.138485739043745	0.389213078158789
"SRR5865129"	0.0748543869047797	0.318888098592838	0.240466272210999	0.0877578545731596	0.3647875277179	0.400038545545777	0.222816278404646	0.0875742947418637	0.366768977856487	0.0969333235879873	0.203768057513278	0.332614996558974	0.469708505725113	0.247784459661757	0.162370640755029	0.13688889146241	0.13386600445032	0.0717278438566939	0.332056481774973	0.0920224960623159	0.0568939758584599	0.188244046113678	0.184676217534406	0.147200164321073	0.182797727925958	0.241762612968288	0.364259092848177	0.264111100252339	0.0377362709069542	0.305851418346829	0.591023223914301	0.159373309822993	0.150721476241534	0.169641698388891	0.082262030187721	0.316985787667368	0.087156012609113	0.0971949754567227	0.30150638043156	0.148862655708198	0.284582862901141	0.197253375709123	0.334363017852668	0.339692617374763	0.206995463635509	0.0502032873941157	0.211107160015704	0.505131268753542	0.263004892381409	0.240060874465644	0.48348689487694	0.199144146089227	0.224845700872782	0.612127198301654	0.252912422236699	0.0806029681222022	0.317879401417073	0.331807118822987	0.538109214354886	0.578913314836747	0.265269141461564	0.256780389154925	0.587176462265649	0.161861437096773	0.374812663558526	0.483811377115041	0.16673057734049	0.224775484803696	0.376765845171675	0.293364252164512	0.251293372340379	0.306874801001536	0.143169539652026	0.209125527610528	0.325270761395775	0.384357965297571	0.215654988514404	0.210124169582547	0.0799250586574073	0.298876571064628
"SRR5865130"	0.21847892768262	0.490362143088995	0.329507608007138	0.278353759890374	0.0925303122218346	0.229694150823298	0.380673706315564	0.189573564415723	0.379896649030912	0.175694787404635	0.194780175664406	0.592027025528879	0.425536618122754	0.300387153692243	0.212556244984539	0.241796776609848	0.302206692659214	0.112105089516672	0.346855003929594	0.286849947549224	0.113392671209079	0.396078242890767	0.195847140617571	0.277902582282024	0.347144190759112	0.0928886990523663	0.230941880110607	0.351517052299041	0.0961775682044173	0.289704014044434	0.553154647378199	0.129434965146401	0.275306703541688	0.213878249097483	0.132691781715877	0.219663978265953	0.112870056603659	0.114251245560021	0.255094373918439	0.183534542855902	0.347412950056023	0.108590872002338	0.254747007534027	0.165690569049371	0.193522011420702	0.0628081213860327	0.356200179233362	0.261230388071825	0.144358909408874	0.0832088025651665	0.531349131886681	0.246668757335625	0.142718716584339	0.539916921066901	0.327813689884587	0.199496708983492	0.274231598555212	0.241895200723813	0.513067183520455	0.419045664270017	0.209062414690378	0.0930056947515975	0.625810004701195	0.253631363223957	0.270200243733866	0.452390455035583	0.097088093153101	0.304206917219552	0.158697993116949	0.25263245634257	0.236969292132258	0.258469812594944	0.0843861349645074	0.0883302265054341	0.547043671275071	0.348178961450381	0.171961295847474	0.270247566515458	0.224420359199489	0.247517841245225
"SRR5865078"	0.308501411752126	0.527027672644844	0.400992569979414	0.208208412010492	0.24519981764537	0.453743329056377	0.402685394332659	0.287289018250804	0.332717602054462	0.223150014335379	0.303437844481784	0.559033623638425	0.478858614130707	0.517439429898345	0.384137944328722	0.406101321431858	0.306640532782213	0.186726561218815	0.425554134306402	0.269534961764067	0.134308091961082	0.366369671102371	0.374310622149872	0.377561175287815	0.329002870973998	0.201476034188312	0.277580305249477	0.596406357803239	0.165560705123167	0.38347291555016	0.765974177303861	0.2337401727808	0.400872510185433	0.347796587180796	0.154948101708043	0.368078096628354	0.229199329405101	0.175655511532121	0.474155996269273	0.351761304801915	0.405991029548409	0.214006834710327	0.450944123797584	0.308697694362334	0.233747458590247	0.124336139620778	0.45640682959188	0.418061196682869	0.308672138533714	0.295901810582231	0.496048666936979	0.503265962429077	0.287628720743965	0.5576790651086	0.449621698434153	0.274784639338289	0.508371196044696	0.321493915292461	0.74526554333369	0.621756622382604	0.249119575055456	0.293769739936639	0.832136720432947	0.355195535606325	0.395394491642153	0.491302486223838	0.196215177571832	0.617780104095128	0.316834882891311	0.464296119443363	0.488549520421718	0.445832271100245	0.182249504784507	0.204591960313418	0.678120737430634	0.439176451951991	0.321646877124277	0.34596039478737	0.244387547323154	0.340436356910919
"SRR5865079"	0.357048886576563	0.603828152500166	0.658829649536703	0.218602083413666	0.196194624121185	0.235731690074216	0.218224991244814	0.323531054688742	0.299542776885686	0.404710344837613	0.335534553905098	0.731215683582177	0.251332180355765	0.560025452099777	0.323553381502667	0.640343557596931	0.582635818588763	0.241966481770019	0.47860282078912	0.460703918214289	0.478579408646344	0.300454911176418	0.600694998483698	0.645762383037791	0.800053592519283	0.175498466819888	0.308967229060451	0.534105630031032	0.356269095926559	0.56019119007157	0.733740302922212	0.237982040133793	0.358466332871347	0.510316894195714	0.165881566935365	0.523065561269308	0.323776128292441	0.147479742060913	0.294190984855655	0.246775981721474	0.539951923040487	0.154731906471177	0.385417515488922	0.260524140530558	0.286732334599525	0.144047738424694	0.693261071660118	0.316285863738179	0.421638435292865	0.176755352464656	0.596055718490026	0.837860458649219	0.242643237866128	0.326624902388417	0.518783187103599	0.364986825891712	0.324731352669236	0.477203712316249	0.608662186435207	0.526633165298334	0.279217010628296	0.229655087461987	0.877656836094493	0.332294055581785	0.524405303319253	0.590758092386146	0.215409465774585	0.369145741044298	0.169006235711209	0.300228268675746	0.412315007733748	0.363327169394595	0.206515869844282	0.217989821797051	0.744214636168461	0.685540150861735	0.500993870531817	0.879644304363029	0.681903594020992	0.625376190009707
"SRR5865080"	0.402755347103067	0.768375877814323	0.670387519687276	0.458012420082094	0.396134463315892	0.454300924087965	0.559783430051253	0.507086456187423	0.662927945955156	0.522130303424039	0.613265639569637	0.813119690863691	0.591310755924222	0.581848423889299	0.497901452453119	0.790169175987764	0.657230808000697	0.33325263047634	0.701490756647832	0.485027856085429	0.659293346973211	0.669731843914136	0.690303082629502	0.692921601850589	0.819948460317344	0.306605892629931	0.652451807600667	0.749356371818674	0.426854597795815	0.617221746825817	0.694648289993045	0.330607431492004	0.454876550638238	0.633288530677043	0.387758806741784	0.652681762624001	0.407505178347674	0.326282197908273	0.483181849866084	0.489557410679922	0.668344586628916	0.356165517049443	0.560945054332023	0.464789927017053	0.643412188186019	0.254625034499409	0.686071942202713	0.595714283588882	0.55872899727603	0.265585756022177	0.851779847701926	0.790973415406057	0.374927829820417	0.647596525288142	0.720484831753883	0.370948546139447	0.578339412561138	0.598456183446445	0.557146597511114	0.558000606755964	0.44881088887929	0.347614849470102	0.813963056982013	0.463161985381686	0.695802154246841	0.759559073898495	0.397374335065265	0.647285484326524	0.376109881606051	0.599071618485396	0.61480551664374	0.560896127645609	0.381139117593603	0.347628320783319	0.642338620482785	0.73653371608192	0.703890778458524	0.887411145577584	0.745760182849622	0.764395510203911
"SRR5865081"	0.0491247883192069	0.241045077256781	0.139906679067464	0.101006063583945	0.335485050691733	0.662444156554219	0.521003565253078	0.154189591755374	0.521595263137223	0.117169809711282	0.330132647442246	0.156924974710286	0.657987764725853	0.236488735118215	0.485255116452236	0.194148298425182	0.13184479269277	0.0535122042690083	0.337275604334359	0.109910921224869	0.0524038675793709	0.388915228258288	0.157151821317021	0.1193005356222	0.117062520511956	0.248500931464199	0.218072253743729	0.31917547837971	0.0465063696317267	0.288385048242387	0.533788552663998	0.155145071784257	0.276713109150098	0.191207466045181	0.166882928862247	0.287941563860304	0.0809821221001921	0.226753154054185	0.255061674108073	0.309391050573644	0.321528534137523	0.254066645363302	0.298007326550321	0.352926497396044	0.15082439989309	0.0798825955386272	0.18238152817888	0.497813776848843	0.253682233523781	0.309613091699821	0.356585776785806	0.205801497850726	0.286023801305969	0.379723274639503	0.320429131548377	0.143293535625611	0.443215696020939	0.264764946480551	0.478100590879019	0.466298156177075	0.205844024200057	0.207804483713487	0.536199689821983	0.202814751151569	0.3348304647795	0.394655593450926	0.18436968203697	0.16232131101385	0.49021701016533	0.391812112765935	0.355661100941779	0.449413386692271	0.126993762929125	0.238113502604753	0.205380616463089	0.306862696195967	0.240371273765335	0.166302371433224	0.0898029627871443	0.276917516702169
"SRR5865082"	0.498596949339884	0.684630267757945	0.685583539011836	0.552324193378459	0.583330031036712	0.712310311388645	0.589019050469238	0.667122622688838	0.602350180166083	0.665495284713892	0.646469764236633	0.689331321452618	0.6336961655023	0.744391887372922	0.678364626378286	0.735399606772176	0.560014833753018	0.497995487919133	0.768834858264022	0.532154628865035	0.563348321932023	0.721980574796855	0.676734632137026	0.672396220450931	0.525285738530274	0.594510307889099	0.776235811967311	0.875937651810296	0.673758876836891	0.581378500176332	0.86390851956543	0.587190315892225	0.639096606455297	0.55090661368981	0.517032439460639	0.650733466575384	0.560069033434782	0.545597584132569	0.694709793202403	0.644531463036122	0.578411846293269	0.630180032180912	0.70809674485008	0.554898775397369	0.597374085845561	0.489057155785237	0.71261526952342	0.633514499739466	0.627703631869662	0.670792830160783	0.810678358840639	0.805222350742671	0.635782243093954	0.71705272904414	0.698339048793096	0.552061147626257	0.606860121807377	0.648549643530837	0.850628971084431	0.771445145564178	0.56317249982374	0.59907246108437	0.898400851687251	0.628324937151418	0.640777079490037	0.648430753653105	0.548812896458681	0.655502961750367	0.68422492775629	0.556088641222985	0.769182324396628	0.577499430828379	0.606809314055262	0.643861111909484	0.781424400373691	0.714898919213059	0.685727705131104	0.681731007430102	0.582917864016645	0.632697184379524
"SRR5865083"	0.433277617224739	0.737575613385845	0.760523613082109	0.387435895613986	0.574568247508835	0.637872235006117	0.484535928923166	0.373165669974542	0.395666993663275	0.457293546507702	0.697093847218978	0.830914230314644	0.347277005829256	0.650658220847124	0.481236253868331	0.680950291315488	0.538862658339091	0.397474546375517	0.805887288907298	0.373249358197164	0.528850212304998	0.560412353558571	0.719726777173901	0.688671795735426	0.605589877820713	0.578264661141674	0.705658972626103	0.754099528550299	0.461071786135039	0.666185879160507	0.859408640446367	0.595382646766436	0.543369729167959	0.512748327854599	0.312523531010068	0.768652813579859	0.478759704395654	0.419960437300687	0.738940057137136	0.560651585617443	0.521319495274671	0.510203613963866	0.769061698525936	0.62864186503841	0.684289381894518	0.377623230736016	0.669290416902585	0.598883108992495	0.598470622517036	0.60321647969751	0.809656346138415	0.70803249896744	0.539613854228696	0.468667955788466	0.69647997702094	0.378808857068939	0.344668746578924	0.764870453550084	0.825235404652514	0.825031121560365	0.618565368687475	0.619987707769278	0.860072026978725	0.543964631923988	0.776816151527293	0.654385005220657	0.515706424047521	0.664390037093573	0.630424962489453	0.359991314630115	0.720535199240144	0.344909336347127	0.549100001183568	0.575795005656896	0.768385378541359	0.798409985936253	0.710096562527709	0.793708183829645	0.570686018733856	0.756909269932389
"SRR5865084"	0.0858966243924888	0.125742532756386	0.20764008459815	0.0609912400343941	0.120911809495146	0.225778044319448	0.0985110780888657	0.0675044332071629	0.245695872322509	0.0966770696136802	0.119165524075565	0.37608251781922	0.301228464748333	0.2180032072458	0.178242648018283	0.189237211019445	0.101690189400838	0.0506006395028097	0.168577343461703	0.0826659883720023	0.0414703759616749	0.218813836189326	0.150445600726291	0.112672634785812	0.137769540244648	0.065914881636542	0.0897445812530889	0.282093712390045	0.0411187151214803	0.150571023057524	0.579504212647997	0.0636613472688771	0.161507052473797	0.155720998213798	0.0626031759012909	0.14242849104413	0.0496296187742574	0.0696358842504137	0.115323013146914	0.119778153255269	0.363690723637858	0.0649592662849217	0.176864315109978	0.0612423582410831	0.0640952180394845	0.0190963100528313	0.262823309023094	0.19837798661246	0.104799811132691	0.0449464226282077	0.131139401880553	0.209911770705512	0.0942073257734118	0.555227164266215	0.109093904866234	0.0501761536241368	0.288514509780844	0.143320509463528	0.478626630560541	0.420025263216941	0.0956775699557088	0.0859246668586645	0.594515421373039	0.125975378108441	0.152307694096543	0.595677131601637	0.0463365896938659	0.119983654280021	0.0655979286333321	0.191011909758211	0.229071627193314	0.278712619083	0.0388098544357618	0.0714932572190536	0.440798185818917	0.206983715042711	0.168664932763985	0.131236289021193	0.0704210245859224	0.14057475030175
"SRR5865088"	0.647014622109251	0.642782849544035	0.649744032289223	0.462245300432021	0.539909597026907	0.638225413666362	0.451635959104513	0.497669890453461	0.485234073231059	0.539014108961968	0.540283804209507	0.727787274978762	0.537991855461474	0.679244535008636	0.525564543101989	0.635669627217771	0.560417937720053	0.459808721524147	0.555173341922761	0.612013680321779	0.35890108695784	0.622573281493845	0.563370091186938	0.601574053626225	0.46549784943328	0.466464269889094	0.474749831837926	0.749077531420159	0.526516395547981	0.550107450164041	0.844250220545341	0.51103128530176	0.606664301327527	0.504840022967856	0.403847653466996	0.570142962308333	0.488545127844761	0.405708398135852	0.684503891849015	0.611305446708699	0.506836037867712	0.496772716907673	0.672398586166305	0.456701847155732	0.490243045679154	0.395845158356098	0.616710631786624	0.51365533338866	0.47173211409766	0.524616516573843	0.637248947771371	0.64958280309715	0.52817282015095	0.648420508360624	0.639960843549283	0.542782376201524	0.561131056443772	0.567374567975401	0.835658684487195	0.733996645557153	0.502592329811479	0.565309401454562	0.852600430524666	0.657417859547707	0.580135142303511	0.571240421048183	0.427299724807195	0.634215624501135	0.527031486271524	0.443300415369579	0.711001147510906	0.536133510259973	0.459945526924323	0.503319000397411	0.792608217109202	0.63709909016413	0.590757152044526	0.496118361594092	0.463016454187574	0.518916290919941
"SRR5865090"	0.247984801334929	0.417765684076775	0.403450114288999	0.171740357596344	0.326854207591851	0.443001089525152	0.287606349481583	0.380115172539342	0.465266403978856	0.141838887100254	0.334120321643848	0.614664806178351	0.516002689586259	0.315992245737064	0.217886540539995	0.457357103047112	0.336731274060342	0.159348879873547	0.485380094319411	0.237868448706	0.131022117405734	0.473222598102139	0.29977870990396	0.417491820091817	0.512450769954261	0.214835965858302	0.503115559270147	0.637410656768866	0.103539499059096	0.403813288789603	0.60139031316297	0.227683979411022	0.292429828898419	0.296407346645775	0.169675618276215	0.404796041450557	0.206001790858194	0.161538655446322	0.445483757462106	0.374183075816957	0.542635559477282	0.235954561142533	0.477342233359642	0.33777726494495	0.290669972991045	0.115034976562558	0.326838787665215	0.56744468436884	0.26400807574748	0.323231355809341	0.737087411389255	0.242699563150133	0.323827127060086	0.700550399444957	0.43030066570063	0.204613282885899	0.409567982788116	0.412334088428323	0.695725633586788	0.567574630641564	0.331271100614813	0.285539032059175	0.696681783370523	0.33915757343539	0.497123060854093	0.747878116812161	0.275307605010221	0.331859873579568	0.363449407168836	0.47556144868467	0.502096733243223	0.368597898405482	0.199280986936354	0.181508729480964	0.479287829116274	0.458268752199037	0.412285408442499	0.619115624592431	0.364791718443785	0.418276118131868
"SRR5865091"	0.208214982255123	0.395301102674293	0.371940067529104	0.0745671834526997	0.136096938644215	0.305131038655248	0.234664100022258	0.227844945491265	0.338569783671982	0.137417224440794	0.223905251172742	0.681446895515909	0.514916243696978	0.361340799929457	0.195118645831958	0.312995334295324	0.176601670932955	0.107266461582558	0.330913350813371	0.130205316665143	0.12875818886363	0.320745088355193	0.376411041280509	0.332748218049581	0.325253575597125	0.0968120052700359	0.370263077587445	0.539407513426722	0.0798702858999176	0.275148143174552	0.662703363650435	0.114291885163204	0.287307739655414	0.260222446546044	0.133828735582933	0.342304148286858	0.0930514089277265	0.120121555249832	0.263194817809122	0.220330342903535	0.343808305966583	0.135011653707582	0.32431963199059	0.112747480940981	0.188451702713893	0.0496487189275471	0.342898914797142	0.308737654953487	0.153239183223683	0.0865572416107692	0.498310231597384	0.295253592523269	0.141363625477332	0.525685125215696	0.27961209848998	0.0991623735756002	0.523071394100187	0.289037214438451	0.606939676177476	0.512998395166682	0.160705974596064	0.115321261486176	0.684787379874006	0.207733153189763	0.394449225382367	0.563466536088287	0.0949721366329054	0.303190230035272	0.148585309587914	0.497565810323347	0.325493278403708	0.439609367711664	0.091018205181836	0.0936747970224491	0.629821703111609	0.31721535031915	0.263944107381952	0.414368502463312	0.265422668333648	0.362994945053209
"SRR5865092"	0.575366345310872	0.675761502591762	0.819278423567748	0.366013364390119	0.561682238232087	0.472674509386605	0.293606408781458	0.402003848058403	0.33186732815131	0.545134391330862	0.547268638206848	0.804234124006525	0.260839719404663	0.683153605862216	0.35965475300976	0.792309450900541	0.66758892133857	0.414692848035591	0.771202473762264	0.477098781933712	0.589112648131565	0.534337934442092	0.662998160454327	0.752896756214145	0.82846325882249	0.441543018079822	0.458558367424828	0.686623430845982	0.535530817613313	0.63925756731227	0.887477456971853	0.513615569417414	0.492305688362455	0.638226988620454	0.253734434120161	0.664131353576391	0.527580605914889	0.262142239123786	0.606217604003432	0.461689040831569	0.472672627866417	0.364901564123361	0.659431372414878	0.461810404543989	0.497909615166893	0.265126600522713	0.77572029142191	0.430500992241874	0.584537757482138	0.472818063124413	0.69721451058909	0.863742512722221	0.466671875007038	0.383405410189249	0.627939574475931	0.415368552265461	0.245205801357623	0.667757218868125	0.862234757582942	0.777054602024563	0.478832720170268	0.564568060776269	0.937039171119944	0.557198979066985	0.648221236846795	0.535232595888558	0.433910691941475	0.59764949723915	0.362244277784721	0.301785095236817	0.69474018773143	0.283907558246091	0.45466863805375	0.507321750631675	0.835270277565305	0.82116905286639	0.685337263156941	0.905267933818008	0.676761906873503	0.702991731797355
"SRR5865093"	0.388389395075923	0.612915159232456	0.544782806553141	0.253430660460395	0.185425886290075	0.269416349456276	0.167366453266877	0.208020259369723	0.211434052947326	0.311887839704285	0.348733848589805	0.754708894695516	0.231009417471537	0.471397282906497	0.237173829902273	0.511809267672461	0.382786387467237	0.25023953265354	0.488838136398124	0.38759211650921	0.187029827151537	0.398520076367938	0.51862864089394	0.442311059138152	0.489667953219469	0.164576969918128	0.304827219554012	0.634996297002108	0.298010964610307	0.412125249607713	0.66706501875107	0.240480768652779	0.408038757401426	0.393612130102404	0.166550513660765	0.491231525693137	0.211073542763583	0.148188336673454	0.366773237559965	0.317175366327691	0.34987828546465	0.150196400006297	0.452712755204485	0.219321857005587	0.357499520277399	0.113802600279304	0.564533892418874	0.202770043969482	0.167661577521037	0.130215029765575	0.473165598072478	0.429856313236906	0.211684401000608	0.301732252568869	0.374280079921513	0.266262908890434	0.305622428902482	0.49492101201414	0.620678288606936	0.551146368156763	0.340749561840653	0.194223466060379	0.702027395767353	0.390569514941884	0.47430459136054	0.548754775228378	0.146310949467346	0.384346361282042	0.14015865892583	0.22845805825551	0.460115176967047	0.326061270368111	0.141023245181774	0.187305194360044	0.737636626742715	0.51755272187878	0.512745007562089	0.562428120543231	0.465676705439917	0.45609191220803
"SRR5865094"	0.346395196799422	0.619953554756825	0.414109992895889	0.256704480627639	0.194221692693924	0.437194165395388	0.271860218941002	0.194220418028653	0.324770373382024	0.335133811375461	0.301260101704346	0.627197261041488	0.456258059754419	0.539472624562296	0.42815808738994	0.505914492527334	0.396746190643867	0.198099020378198	0.324150848118892	0.401339300561581	0.12917661268558	0.503386055528752	0.402772939472274	0.337422665548968	0.414021165721671	0.141967015351986	0.233319866863276	0.710274888837641	0.223999610052159	0.330345325622368	0.814162169520357	0.167045105774856	0.452235315621825	0.371221650213246	0.176050312598203	0.362436769487234	0.206292520165463	0.173621937606112	0.398057116986288	0.354209352583761	0.395370067235718	0.170328441558011	0.434527588438818	0.202494730489214	0.250232882460892	0.0777962562126809	0.526494569445133	0.292745920227805	0.254226770540606	0.147059939897476	0.447515396567489	0.581416749634769	0.222704299068178	0.530613045204547	0.338530123952661	0.326372763256687	0.507219496802197	0.318018882671936	0.703319854842265	0.63004986327366	0.276792203815658	0.195927871360607	0.835516827880777	0.41714301112498	0.370599416086133	0.549362243476755	0.123716043600551	0.494500407744294	0.195358407549649	0.360200716241474	0.543771549922467	0.460795817434944	0.120309167374516	0.183622025330642	0.725554521246256	0.475243420060175	0.421751664169931	0.362258653737859	0.238495336685872	0.346907754627806
"SRR5865095"	0.22583381610183	0.234763031935884	0.317464283198986	0.16386023821978	0.335246437974656	0.320551735076202	0.194331354506788	0.182306869879453	0.182504839540801	0.111548607588339	0.27238750083725	0.550484156182232	0.194619461946452	0.272234928042503	0.17680646868474	0.432172688673061	0.185663543423731	0.122729252582393	0.296400591267842	0.137957279471156	0.0638556500581308	0.440631605189275	0.261236367154095	0.257436882953963	0.293042772210538	0.161898472030336	0.26911889717281	0.567289291793395	0.0648514877711066	0.29245192143115	0.538611387655199	0.162018522302431	0.228851080596154	0.228795346231089	0.0623784819133015	0.263116030763682	0.11826748168117	0.0883947013917956	0.335986471585218	0.283621437684881	0.278823628092303	0.147946603103634	0.355697930075877	0.266079166109315	0.197172556907653	0.0540257291338373	0.278242585660239	0.291332433332562	0.154683996833982	0.200004656961173	0.452603877317724	0.213066555100498	0.196717244465789	0.285660715494358	0.265497141749489	0.085479427912422	0.204585190142979	0.279153693393557	0.607807153834757	0.497938552456082	0.184163360773392	0.262520567066659	0.623728463239892	0.27704699808625	0.281844584996568	0.390993823251657	0.135622362453667	0.255476806001285	0.182965934749376	0.196455345663486	0.460496464763379	0.209402217204492	0.134087352369146	0.142965041111569	0.530610994826406	0.375551841600886	0.357399615980033	0.362667926819266	0.15205785573013	0.228506634464345
"SRR5865099"	0.315362027288716	0.573391586231386	0.698977396788956	0.390204646332717	0.424168968029457	0.591166102238361	0.480514515456037	0.530072046065234	0.493253202907909	0.279768623260356	0.567809224918292	0.795790554340487	0.423578218095183	0.61641785142212	0.339197959974466	0.616006227630704	0.64948447495619	0.244039033471698	0.641129529118235	0.296159187483979	0.389771183885343	0.509803339611398	0.464108138345431	0.625224707102486	0.576715014050331	0.430191024350357	0.651884941588539	0.588909121349285	0.217701415802592	0.59918813997769	0.796741797284163	0.473317644889027	0.598122238958439	0.430908737368971	0.240872385952956	0.604412041123194	0.301610504052366	0.534614302189258	0.605722834484375	0.454555161075838	0.517684712416725	0.398441469813216	0.629955827609225	0.539693264432182	0.556587540400559	0.220949610569262	0.519893967116544	0.606201388807037	0.649327105961041	0.463094393073471	0.710657963475512	0.52351680559825	0.532781429264852	0.527000430262936	0.535709463222984	0.244619935186239	0.529666484022637	0.599715965497289	0.848771631070595	0.725845872327263	0.491571697533908	0.458883342547125	0.841805917955401	0.440106139266581	0.745460818657503	0.545377904289221	0.45618743127895	0.561228951866305	0.556115800901334	0.324474850930715	0.591683221199779	0.571419727799595	0.399327974326105	0.383558976589486	0.773316859815587	0.711746679591752	0.557231222960481	0.646497993510375	0.55561894848873	0.618706264879626
"SRR5865100"	0.176638824183447	0.359194173289393	0.22298719655202	0.150620978708592	0.380907456911383	0.32646256386683	0.310144152251649	0.0787503022402979	0.342927772374304	0.110609109603915	0.280726392671476	0.334922987721126	0.317751463173041	0.216651933354618	0.259814372168517	0.399402758747758	0.26418067214881	0.0556109312759974	0.184817033739089	0.231923155627069	0.247780450517697	0.350400554213614	0.200685651414828	0.133880200557534	0.573886842158263	0.182947655213101	0.193623719004501	0.163797972352358	0.0826798341199289	0.120176720043061	0.510000421043458	0.0675421483659368	0.123094745688461	0.280700576665526	0.107406324209337	0.254285187725393	0.157991907636819	0.195103280949665	0.138637145283601	0.158784697318133	0.238631066566567	0.145304412967113	0.196510196729969	0.138420401326904	0.180525249671784	0.0691875205412514	0.131039051802823	0.208893160634866	0.439322038963158	0.160200580870273	0.382294628075291	0.569229696789734	0.114713671468878	0.405676455385155	0.222364032532937	0.0926093048046238	0.211618435961522	0.162125755222041	0.336559099158346	0.475210117145363	0.137892574880139	0.200205324455002	0.75691583012812	0.133204051433872	0.261103012802487	0.40259452549549	0.121826341332278	0.373488985210053	0.138633087044198	0.283452925482554	0.267673042735844	0.219354406982898	0.109380784864955	0.163572335061881	0.11421248406638	0.191617089788026	0.239960627153849	0.677976802223704	0.116213790252248	0.444231306106563
"SRR5865101"	0.333127773230674	0.684309256377939	0.621407407557106	0.515683779118456	0.605865415852264	0.703909183265989	0.390229024167648	0.4340745626481	0.552735518953527	0.481269779400362	0.587879839892578	0.52871202728142	0.576585378392584	0.638227962825836	0.588558324729274	0.527289249333116	0.576006353689094	0.394807309193235	0.694070093380004	0.351515330215105	0.325434351645342	0.557077846194303	0.561705752191677	0.540255321361938	0.433034431823845	0.61648024620858	0.63818604253261	0.769329948529335	0.490646261205901	0.555916728733858	0.870120398959457	0.670482837625521	0.655145594857547	0.427236613236795	0.368273286406832	0.646061949503031	0.489109653623951	0.730632411165849	0.710557425924925	0.539968367736991	0.462606229983351	0.531697272006683	0.749932568962136	0.758233846908563	0.564630152148061	0.359536142201412	0.603933885661524	0.639120327684896	0.774210527160051	0.706408180944025	0.710465571330522	0.684655609030207	0.637610991581334	0.699587978868454	0.622966218067617	0.453166193339363	0.442642362187954	0.67695435531031	0.873635765207395	0.823840124020647	0.637588322473296	0.61897641415024	0.889988089703405	0.517664641464925	0.798560883723054	0.619569200227741	0.541886840350273	0.644212446777659	0.682158700424507	0.483808264791107	0.711672592999357	0.421477203424148	0.496343999298249	0.639740729390742	0.654185608022982	0.696115904399338	0.626506549203561	0.510984934218733	0.396344056717947	0.58092819688764
"SRR5865102"	0.0545210908163177	0.232907702083276	0.136770718090762	0.0407157834525064	0.216107585750756	0.260750976268874	0.126780856831489	0.0961428898272925	0.217163709055975	0.0838010420343993	0.168903445111429	0.213679493323603	0.244635922641653	0.194105656570647	0.209387965212305	0.0907827443008049	0.0774716664928429	0.0486683460043917	0.183324584857829	0.083545020084956	0.0326180581474745	0.182376601778997	0.141878989198206	0.100024015142742	0.255134903840372	0.119010195051937	0.23096462452883	0.254879671111965	0.0322430172898078	0.176369949258394	0.478321361065587	0.0694869966993094	0.109265256735077	0.097635739818847	0.0471650374782658	0.146862101207979	0.0719737043109913	0.0710882752153948	0.14116768595067	0.0875276373350657	0.172273840480169	0.109786615421157	0.162638578733584	0.152459916683929	0.109958181061525	0.0202123161926164	0.177571500093493	0.245627566212007	0.141232507481615	0.141204332186334	0.379179385078116	0.177963581995028	0.156574348903405	0.320098955315681	0.118662567499007	0.0806002400714655	0.172577579190363	0.163973030101758	0.455256949792808	0.396123348122082	0.121688336256867	0.106312494504432	0.570696643269179	0.108392985964024	0.177946098278756	0.301782650436385	0.0696824863101361	0.260349672902618	0.170306471571	0.155655218174702	0.169811675132245	0.169082754857182	0.0663010775032123	0.118162039088601	0.234092504492765	0.255366496504551	0.135700124914947	0.329336373487795	0.0591610163212631	0.154609350267151
"SRR5865103"	0.0561308651064061	0.346405726491652	0.433486674288101	0.144948152075644	0.357991507566017	0.297847477642124	0.1408496190446	0.069466056149909	0.258688797355414	0.152981507668672	0.443137359459376	0.356935315538098	0.144185718446686	0.312373501225013	0.207292923419589	0.633507568545828	0.336661343717758	0.0967001543121998	0.579228719401079	0.0719651171766661	0.223695616270217	0.341227391217549	0.441165606907012	0.266788278848562	0.533226132550883	0.226913782178904	0.327909108497028	0.442496435884692	0.0733248240985309	0.384759333222126	0.571117428402409	0.230406278292507	0.214145045739839	0.40305753956873	0.0597460214972044	0.469957576712257	0.113844588301207	0.284610255122485	0.207701042728551	0.211061013838653	0.306088745293149	0.126047788411107	0.345765667762631	0.357468308461864	0.334128315864159	0.0339957141426926	0.443342485809497	0.304002075186167	0.581667610073928	0.144111733852792	0.425351989475016	0.589696704468854	0.18590582794493	0.222834923121835	0.3600131718628	0.0471862756338945	0.137552244837053	0.430191683326718	0.407103411613279	0.562625357545531	0.268455541899284	0.211105371795782	0.738619451571091	0.132673108635422	0.558352310137955	0.429983963912184	0.156144162765239	0.399407503888283	0.155483046501774	0.184546073287061	0.438029022956744	0.166285328009346	0.145837204405686	0.246190807329348	0.353889960590734	0.587989179750369	0.530087396989851	0.792421174118366	0.227066224974157	0.510217134735386
"SRR5865104"	0.472750811147984	0.823346445836937	0.77212542224941	0.537396215651395	0.284825001934302	0.485131238739338	0.619986785998318	0.444575161230295	0.541033939291916	0.610592852401425	0.606035409225109	0.888909138447645	0.521495742350569	0.687311956716941	0.568978103912865	0.669494523087635	0.69204174378075	0.318024582802511	0.679093961772755	0.62118322955034	0.669664465005578	0.560103069138801	0.704910793994189	0.721560070201667	0.846915136710726	0.278237960279021	0.798308045129059	0.808105591276855	0.484450422416314	0.592599231292107	0.911614275371653	0.325984591782754	0.512800368890155	0.632468936509026	0.350200744979494	0.687756650088411	0.429893497663096	0.370416322755276	0.483660913311982	0.435290834131605	0.567602052939036	0.378385546772853	0.596170847817446	0.280357293711226	0.542596055320113	0.202406338433266	0.793180917113171	0.511831483770235	0.602739974227556	0.264870194068339	0.901791106347621	0.903746000188063	0.308898654024252	0.608540491569809	0.755196477441425	0.478805413725602	0.403249106079991	0.606001562979994	0.813199884981885	0.774439891262172	0.486228081040053	0.285904394203596	0.951215144397455	0.52345408096322	0.673069259011906	0.677030544606613	0.299447496499281	0.58164327676608	0.430431701851176	0.448837532575437	0.540780440072555	0.392431679464813	0.381325505867429	0.352583658642493	0.83588702672817	0.758735088218442	0.596248812408819	0.895023491148539	0.704310443143661	0.751498161422626
"SRR5865105"	0.0546440330413529	0.157886994262622	0.138226257754772	0.0638077111641696	0.225698859653217	0.290573421203251	0.123408922477791	0.0683052483253728	0.186351813701409	0.0644936852089547	0.169387752688963	0.219735887885538	0.231834556915629	0.180118746852067	0.192645571322402	0.134945299033479	0.0961280175974294	0.0564734102348285	0.257285891925471	0.0946865181094591	0.0222983073514201	0.180055080491481	0.142741314382002	0.0866297808446113	0.126167261606408	0.128904175370975	0.116861396678162	0.21389750607795	0.0264150029930755	0.2020793294455	0.446599103634634	0.0972928602726621	0.135884781874108	0.0968538365813115	0.040574132287897	0.160824936688952	0.0522883054483519	0.0734991108365024	0.146578833675834	0.106980597805617	0.17759823850888	0.0924100434959748	0.180037999839567	0.183659790968557	0.0945831923547811	0.0251350544105587	0.177227195595106	0.227084814981155	0.126547839661124	0.140516452354642	0.16344245654164	0.143803928555611	0.17314562562536	0.227427433948358	0.129012028491811	0.0656790171691879	0.169425458246542	0.199161109913162	0.448168083047154	0.429280924070498	0.169870775015425	0.137902488337484	0.545404022729626	0.13155283982422	0.160923181189043	0.27180182453498	0.0783019167452405	0.217095349144748	0.16621072250704	0.153095368261397	0.212050867703282	0.198353379928255	0.0602882337514063	0.125932311505105	0.259402653544033	0.267461202337907	0.177353277564204	0.12765815278094	0.0523229131425646	0.131610483529083
"SRR5865107"	0.372305037874694	0.585106727998682	0.467024416301467	0.219661919041213	0.356492105192353	0.520038577278891	0.37981558708396	0.351865806600368	0.365452367879196	0.330056981379749	0.366462881775555	0.616637762828455	0.469229650116888	0.526366862750425	0.45227375133877	0.42417009516078	0.353196677053599	0.222932958035484	0.502421309503857	0.389457084879224	0.166832155403276	0.400845246830394	0.425487152448036	0.444738299827473	0.384112764716051	0.27191360894995	0.457320617542751	0.672277530836732	0.250539880015279	0.431588406128135	0.812805853328719	0.280801794212791	0.451183366660121	0.309407783584751	0.215669750967569	0.44010432631093	0.246914116834167	0.218248632755821	0.48265376294087	0.364240614330693	0.396744710702981	0.316061376845324	0.513422693904749	0.349393458805905	0.290822625015902	0.157391356865069	0.521480177585255	0.421452296087282	0.324979492499618	0.36622459687771	0.609173217383025	0.54072070573951	0.375101254947549	0.510002945387008	0.449856136177173	0.354498890742512	0.40092604223819	0.420897688903637	0.80250123428546	0.648342101749608	0.292869932664095	0.337523441620792	0.860276501792547	0.449919092688441	0.499737275940506	0.537162718107548	0.242833069789356	0.484331728103031	0.409624771682527	0.366089132377938	0.511990076879838	0.381662512296461	0.249632167482295	0.301686396867367	0.676154711125062	0.548071661947453	0.409134011871517	0.442242960031493	0.354609573460508	0.447127461626824
"SRR5865108"	0.30661460227047	0.417821846152353	0.371957009799317	0.130088022666985	0.109713411445203	0.20370854777141	0.147640529433436	0.135566312196957	0.188092177612103	0.107126802296338	0.211843920121396	0.68749183969145	0.217930408406041	0.291087868885541	0.108288100220411	0.450165624937644	0.357026831084923	0.0950659722894293	0.333858164497904	0.418016731486758	0.0772861215176205	0.334768425336367	0.282871956449461	0.298889971415651	0.343386502184509	0.0706751688357563	0.102170323341415	0.476797406613038	0.0736948896710246	0.295295176173935	0.53957641291155	0.118238294175422	0.290567029578415	0.235801308707161	0.0731853291848139	0.258308879307117	0.088181231391819	0.0704100363192875	0.264758867603901	0.242146496570288	0.279398899205964	0.0629070956791732	0.294023856377683	0.0911712483365055	0.197595238165963	0.0526677217261005	0.362524693448792	0.165116234683591	0.097256105163225	0.0600157489782196	0.263084626229773	0.234310786265576	0.114744118431069	0.257990988478939	0.261467562166276	0.146178716641767	0.240039622325323	0.26971806118532	0.530360315980448	0.428927435727659	0.200561281464776	0.110865113839948	0.61749281577951	0.30352323935727	0.276495473124331	0.402305626933315	0.0782512227828284	0.299268741041651	0.0788771257256542	0.210266309515252	0.379809537920875	0.244505829696993	0.0562107897533428	0.066536314585478	0.614143496001877	0.333151559232503	0.333546669952341	0.319277978915787	0.250459810273071	0.248052973259596
"SRR5865109"	0.149413101194808	0.250428724992155	0.256133543232731	0.0728894165703378	0.0905919853061048	0.188782348443459	0.118833674452204	0.0925679536071886	0.194717165294088	0.0884343891391425	0.167591292135593	0.453467391789576	0.220435001235303	0.23836723126785	0.108288100220411	0.407817502394603	0.195754226970983	0.07690803163218	0.23287844418476	0.169429308818423	0.0739203319013529	0.288301130206372	0.204519317628962	0.178526390573627	0.208790757680194	0.0658506505634332	0.0748880962826691	0.446132166842144	0.0639659790938818	0.207724888826446	0.429434255772707	0.0976092236204931	0.21156520167302	0.214726400404676	0.0644308271777868	0.151444813185383	0.0780828731114124	0.0646354367558694	0.203498021005143	0.217121030098406	0.260839166494867	0.0529757089793888	0.190385415902751	0.0733665080799495	0.14050784014292	0.0430301704210679	0.280418553438823	0.155329252527317	0.0919643479258218	0.055247821581037	0.134982164276781	0.190999206531899	0.102496673975499	0.281143963896497	0.172771118637306	0.0830938403962106	0.214699603682577	0.170084187005486	0.399335014274918	0.339632764244577	0.124829464856418	0.0877681457215485	0.487277436325705	0.173489156206698	0.157008836587932	0.328822287585005	0.0635566887545033	0.237834370746909	0.0619742583953933	0.22021159712016	0.348286313182571	0.216515448809524	0.0466467763057313	0.0607424599335064	0.466972476506071	0.211958243176354	0.260652108909819	0.183292455131806	0.128328388872791	0.144068063492262
"SRR5865117"	0.35747639129127	0.508997784943041	0.434341673411349	0.245018711151214	0.561505986332907	0.492694700060659	0.309292379990998	0.141360753519335	0.316599964931504	0.259181242236943	0.389641400396706	0.506370006474453	0.277492247358503	0.407504081996549	0.282615077572525	0.287337415001116	0.294787196578045	0.210014447303607	0.406307619455295	0.319669656546066	0.126085768981753	0.376512776162708	0.308420680269955	0.304151171583932	0.290552485851871	0.367908160755573	0.542104265006672	0.556216798702393	0.156928937948279	0.395355117189553	0.750224935937203	0.294841225917802	0.333813750547634	0.259374211250031	0.156053442456452	0.417155531070384	0.20850468412525	0.215572272120826	0.486864990083631	0.300281684782911	0.311858214695584	0.375981996806428	0.516691571753627	0.327794194666847	0.323009458018781	0.115179691720247	0.403247454932725	0.422996968532931	0.329950946701022	0.352806223230116	0.539186878855149	0.402493488825524	0.346805345707104	0.370094463776229	0.366868803839622	0.22414731479635	0.214300731032485	0.467515685164618	0.700816703332822	0.702459964198456	0.422364459166179	0.419252468350806	0.72204585868827	0.458508881406386	0.441112895158043	0.414669034456166	0.231995215583272	0.549544647871967	0.469674997988685	0.198910520240669	0.458080898308256	0.21499081887823	0.311652712173821	0.373590642721221	0.538890255265538	0.524322680253994	0.343119792377982	0.316576601984358	0.157629942380805	0.375304110109321
"SRR5865118"	0.49633914053671	0.760749658650213	0.803244786089865	0.307416835169865	0.707296621220647	0.750941038369096	0.358019996250767	0.483517145460536	0.713685713074117	0.597983495349489	0.771222110129077	0.869687463418307	0.631740871300123	0.738164772306135	0.726334872085444	0.738442847566411	0.52073651741154	0.483155562118796	0.711173828058248	0.320219433424416	0.668220782241719	0.513001092640572	0.795305013173414	0.743269922358651	0.752488137889156	0.574056748076254	0.523552707374893	0.562783372198836	0.532343202252073	0.669166776329122	0.921322311816978	0.584378810034629	0.561191478409333	0.704475399033094	0.503140304898589	0.799428445562548	0.592289019622774	0.575668489917812	0.72451751862597	0.615438106542937	0.681054194462322	0.60445741034105	0.762665653521506	0.681439085476716	0.741426374683447	0.425599936168698	0.747325112917949	0.66285038253301	0.738194916306628	0.575494609335676	0.59282427793038	0.882788775532612	0.488244409331769	0.538101299663183	0.660524185545653	0.377486942153217	0.532569175329043	0.739002918709132	0.853011839216615	0.846691526595442	0.554366013806848	0.657804214887132	0.900996988157221	0.553280187360917	0.80651073305358	0.706941433246082	0.556713797986325	0.751225596342565	0.574254957942938	0.591645544100877	0.731715131966768	0.525666790665126	0.580521683244013	0.650469191535999	0.770691977170212	0.775526845540746	0.739118975833417	0.866419356078348	0.668347498952107	0.821108796222379
"SRR5865119"	0.202036969086234	0.281674957820837	0.306096026785951	0.179952482850433	0.0971495891915425	0.159287575517012	0.22291507676706	0.153334529195706	0.365739259490192	0.130481489413929	0.205758609891017	0.664173356773382	0.198149081269791	0.237230606694899	0.163749172165147	0.270439609453551	0.191674526541277	0.130828457676168	0.297421031929026	0.148422117306631	0.0856199135077997	0.253385573591888	0.246600404736479	0.22846733235943	0.314541889680019	0.0789430273467167	0.106836610375487	0.274802723892918	0.100221134614277	0.257612297088255	0.413891830261149	0.133999032780159	0.211346335020929	0.205784867678396	0.0937150180599933	0.165174632201007	0.122312600828711	0.0917592834784196	0.213432684942899	0.183850991644094	0.34350070495588	0.0757383928949698	0.199640174989675	0.0861279731720358	0.203394213653674	0.0643311631577292	0.340705633845377	0.174223590449176	0.10603316566202	0.0749904901270936	0.267628462099837	0.235271231026468	0.104730986236753	0.237002546322697	0.260740260932837	0.126970920639232	0.173924471788611	0.195063887154863	0.410671988799248	0.317347370063665	0.134509629528841	0.128617701878481	0.491017454484481	0.188325191250909	0.192134797698321	0.298401838952401	0.0835117579606705	0.235461959545033	0.0773938895897888	0.17594689214488	0.234633219915141	0.185127626855127	0.0722420325519648	0.0733608939295932	0.49225093310039	0.233730301937432	0.221765935939784	0.279653591390979	0.195581827280486	0.175213927547014
"SRR5865131"	0.0920190685305832	0.392602932301972	0.375091127569229	0.14790742521421	0.429863526251682	0.563815224295104	0.332555066675655	0.230139675330071	0.380586091184292	0.130195455876957	0.313564037163799	0.471017384501139	0.404761742133492	0.333641990143012	0.215903648611564	0.524998379691647	0.309834054797132	0.0921349991316002	0.523441494134454	0.115870461520414	0.157583659403192	0.392869613019579	0.252005735667152	0.340171367447479	0.473689044799034	0.280189248098857	0.483362304781064	0.565451865465545	0.0520702463509838	0.417461956691327	0.712746706921537	0.184566455842993	0.220884791406935	0.267598303977131	0.0934556131741964	0.431370809203634	0.120338912707225	0.134710391785406	0.410673950512569	0.304844037967137	0.396557253900153	0.254437351237827	0.506531816377098	0.385230627309424	0.261371019141693	0.0561329446361356	0.356112094234106	0.559936916036131	0.460923846500081	0.343235945456262	0.65771529331562	0.431484362031848	0.292429981732049	0.537712481484934	0.376242152910475	0.101458869278381	0.23437945278411	0.411652966282222	0.70234719424015	0.670171685567705	0.313250676190496	0.30796069842964	0.816676688193407	0.259345032291645	0.522699171360307	0.524913804844569	0.267944406226184	0.351811774299616	0.448142396247712	0.24320796186453	0.551140261640619	0.224087364048373	0.213879648846872	0.259320789049017	0.360754064764842	0.570849957621782	0.403014600206489	0.59042133445043	0.245415912007789	0.515209029903586
"SRR5865132"	0.59307840961129	0.735244060131516	0.785914433378483	0.605657504070677	0.555964845387316	0.591124842360351	0.40652313071341	0.386685897352749	0.583129538638228	0.565484325248943	0.667318903115554	0.813509272054544	0.491888397863742	0.723981057240822	0.508726202270227	0.769397734166389	0.752918131554758	0.594211210237536	0.742425644424728	0.581252968919967	0.481400458961697	0.592296026342297	0.704622223713949	0.720814220706987	0.766534574876705	0.534331118253232	0.803986598783867	0.895662686970495	0.641390690830915	0.706104569196591	0.864294012263513	0.605405212145796	0.670327383109667	0.674324355784022	0.36029804811769	0.809802781019648	0.601434209166688	0.46860639617827	0.717207776023499	0.685276365024747	0.589293819485405	0.500641283021116	0.776733867784974	0.67223890940549	0.567224496802854	0.433435799904323	0.759621060585475	0.630613700476656	0.655876190981926	0.616751746052407	0.865842389164017	0.808939940065895	0.5757142017962	0.564755256316262	0.814349881197565	0.605883286360946	0.621320095946091	0.755419275018272	0.819072951319091	0.78366758386285	0.645269693334534	0.676379116514409	0.890230367181782	0.664962658724287	0.809797095575342	0.657623628112185	0.535557866173487	0.478478918097319	0.609677339728505	0.497775559400682	0.763918055288745	0.646719337846794	0.574154891791884	0.57354521687939	0.875856194047056	0.816077484814364	0.795549051914001	0.855979111345779	0.661548762682004	0.737195487636604
"SRR5865133"	0.0524829429806026	0.293628931448526	0.144291495545236	0.074609110286312	0.342770353719153	0.464475667655646	0.228173759834042	0.142378370644021	0.408936040311903	0.093603616208282	0.3116138368504	0.201269064341325	0.352887390495549	0.185511061219542	0.285032288106271	0.244069596314648	0.104013288803311	0.0683214670467404	0.288661168799658	0.0832558279343574	0.0545953794674962	0.39923052043322	0.195064959072395	0.126195687384038	0.183752952210108	0.227081082691723	0.273873517593055	0.36957837658015	0.0459859807609185	0.206595878810241	0.439418755940282	0.106903531335706	0.148818257802007	0.221399562680288	0.0815901574512811	0.283209794522621	0.0755979281685531	0.141031764219905	0.222176535697759	0.227508173694544	0.207733245664857	0.173972349736014	0.293798434442934	0.289068535210141	0.181856732677892	0.0454818970937459	0.150749147225612	0.278323070443324	0.211753904383044	0.245097791755405	0.367369995226115	0.202017982182319	0.230865973755752	0.406900173923943	0.22302767637087	0.0720529772459138	0.164149970919295	0.276752722660199	0.460663252351396	0.463086882940562	0.206574626435321	0.180265579466765	0.5687324304588	0.141604166208825	0.32831878075366	0.37655222817602	0.143014035408556	0.380483685333955	0.263658820349898	0.204370886964797	0.361125413288714	0.165807677465982	0.101896361092888	0.211380487687945	0.128711050561617	0.281178556114724	0.302574541153503	0.2559790320896	0.103758396094936	0.305690989527459
"SRR5865134"	0.317654496515758	0.47688020417743	0.519846400069933	0.306239205303066	0.373315888448703	0.6192375810188	0.610999416245131	0.511315816201451	0.332398538416087	0.178067646613177	0.456794467498825	0.66227415366212	0.435173501614345	0.43392515337006	0.24039436595141	0.698961603590626	0.476359039086598	0.233378219686691	0.601132108571449	0.253627129825252	0.199713186538223	0.656193595703238	0.26720720395799	0.547859048402429	0.393981805283536	0.371138205664153	0.567372251314174	0.744928953346767	0.149940408353111	0.518228398402451	0.671433251862026	0.407918283681199	0.478832605680564	0.477337665623502	0.22246958588984	0.498506851577155	0.284172643863531	0.260854235385595	0.698968860678397	0.612628022518285	0.465627372868473	0.367811147973123	0.651401000311309	0.464530038232687	0.383906405607416	0.251032424333097	0.368134672033512	0.622578604437339	0.379820437991666	0.546620128479206	0.745988894894492	0.277284904404513	0.455846219539833	0.55224015808211	0.588145790599292	0.267104457513384	0.356958083463245	0.508674349385048	0.810695496226116	0.665611605013923	0.427084519271558	0.449810546660859	0.72754517096785	0.485209982498496	0.593990753206704	0.562431141501285	0.45298012288106	0.431054878480712	0.600486147899135	0.3298166816369	0.706155177373219	0.318805825267265	0.361979126061213	0.285999954596718	0.59870699080768	0.569703278364273	0.445207905888744	0.440330601249981	0.449452661649372	0.495036542891121
"SRR5865135"	0.0745997088314824	0.185052276148254	0.0687674598882396	0.0429004596913338	0.151171953270376	0.175119103956328	0.106640328905802	0.0424259843716896	0.343488026719852	0.0382195527397776	0.0947954130790346	0.231920278159084	0.227281494997982	0.0867553860814849	0.193314614783886	0.0590138564782311	0.0371098154427343	0.0216425466482111	0.0306341181582627	0.0537997459551818	0.0418854346186719	0.114405078867484	0.0790777364177033	0.0404973215799369	0.185633042428431	0.0738522830548426	0.113679878979606	0.0594746782379715	0.0323849912638147	0.0372102616467695	0.369102442076996	0.0223180969926406	0.057167248826668	0.0742129303790636	0.0537400110018899	0.116750287885242	0.0505261064963759	0.09408242719767	0.0548519853386458	0.0472714807720745	0.115476373007014	0.0637441502495198	0.0924193928735873	0.0513112731425028	0.0543775892338292	0.0235540251599025	0.038117756852101	0.0712473821057594	0.120240473812813	0.0757940594404466	0.186240823442666	0.15068452967386	0.0431682919149162	0.311945587192028	0.0533925639539725	0.0407384136827184	0.121742332404273	0.0682379788579324	0.273735793752283	0.33609833282497	0.0432660643512895	0.0919764519939878	0.539860124730323	0.0440742544660737	0.149502442485987	0.277398309698802	0.0318075018330291	0.116845151074114	0.0539164368613373	0.124002699742274	0.0696624563318053	0.127678482050461	0.0284894423302694	0.0571729201093597	0.0579756595138254	0.0413226051839069	0.0708066726898688	0.231439435928627	0.0321321354756382	0.209831381840576
