"Model_1"	"Model_2"	"Model_3"	"Model_4"	"Model_5"	"Model_6"	"Model_7"	"Model_8"	"Model_9"	"Model_10"	"Model_11"	"Model_12"	"Model_13"	"Model_14"	"Model_15"	"Model_16"	"Model_17"	"Model_18"	"Model_19"	"Model_20"	"Model_21"	"Model_22"	"Model_23"	"Model_24"	"Model_25"	"Model_26"	"Model_27"	"Model_28"	"Model_29"	"Model_30"	"Model_31"	"Model_32"	"Model_33"	"Model_34"	"Model_35"	"Model_36"	"Model_37"	"Model_38"	"Model_39"	"Model_40"	"Model_41"	"Model_42"	"Model_43"	"Model_44"	"Model_45"	"Model_46"	"Model_47"	"Model_48"	"Model_49"	"Model_50"	"Model_51"	"Model_52"	"Model_53"	"Model_54"	"Model_55"	"Model_56"	"Model_57"	"Model_58"	"Model_59"	"Model_60"	"Model_61"	"Model_62"	"Model_63"	"Model_64"	"Model_65"	"Model_66"	"Model_67"	"Model_68"	"Model_69"	"Model_70"	"Model_71"	"Model_72"	"Model_73"	"Model_74"	"Model_75"	"Model_76"	"Model_77"	"Model_78"	"Model_79"	"Model_80"
"SAMPLE-1"	0.133890586100665	0.18565643203061	0.450946656497762	0.628216411535159	0.809616927251838	0.506461433697822	0.459151057287093	0.517058950268886	0.540441404679428	0.55037358943117	0.492231543304744	0.525327137907896	0.59920697660784	0.638271810227241	0.338296067663877	0.633068668803346	0.649966835829103	0.0614027732995451	0.191648853081525	0.63486984911533	0.455753755848864	0.502337404141033	0.439487059226352	0.333838750912835	0.269604383669998	0.430058679017105	0.406219533472382	0.48145594555702	0.0970745597918257	0.566288537672728	0.591101779943558	0.538115124838357	0.547453152166568	0.136164409024709	0.529877350968944	0.298097157468643	0.509584979634764	0.618659559497244	0.721278013292133	0.395582250417299	0.485510068929444	0.343466881422584	0.602224045519747	0.355721747189562	0.158552974241121	0.499705795370085	0.0614573019959134	0.280856340437577	0.602241101375788	0.373835019905474	0.60537624580399	0.439295055330338	0.0772981170768522	0.618021033256326	0.453475684166822	0.339981292774433	0.691085867763255	0.348845977892845	0.35627976689241	0.448273775743596	0.359329468311763	0.645628280912889	0.37175223780837	0.43610939568928	0.481736553295228	0.283100472443226	0.431040313371398	0.427324968319556	0.431040313371398	0.424501100235102	0.339981292774433	0.441116075510487	0.481736553295228	0.305131043714549	0.513968788835144	0.530905635373719	0.406648239645569	0.482647987648019	0.396147160651029	0.222949669700226
"SAMPLE-2"	0.157012095739908	0.299740699302497	0.429971459408212	0.269996986070588	0.530232313605158	0.220598221639946	0.287437782867728	0.265756750278226	0.36002642768583	0.33731878407061	0.25406032328577	0.222852779830813	0.428856860045131	0.383876057715247	0.251353743312877	0.30561027474664	0.330810326712053	0.0948764900612722	0.184773515727975	0.192266225250678	0.303771395576454	0.216633423838404	0.198392886331971	0.27051767445624	0.232735334835216	0.313012017825089	0.283577827480409	0.258911271125697	0.218179944196652	0.324652313971523	0.276107063877408	0.239352714328052	0.547453152166568	0.194783911714008	0.294611369792336	0.213936413529231	0.319853589927067	0.339166351743357	0.334636960657859	0.204568977022974	0.193265814099641	0.248014175514908	0.36151138060728	0.244830394898018	0.102322520604848	0.261292373838651	0.0850432265771502	0.229949259946866	0.322255789113936	0.269767954411664	0.424487462614925	0.222696265380281	0.0930417140554615	0.2920103046488	0.317117905310171	0.246911879455698	0.448856790793786	0.237952237636694	0.252309687669549	0.242502696702844	0.251455086401726	0.305045167555746	0.141080917350869	0.303503566948698	0.24106326277735	0.242618231326099	0.231304011558119	0.213341059234939	0.231304011558119	0.323442922954933	0.246911879455698	0.316829152669653	0.24106326277735	0.225105578415977	0.214992656426371	0.282914071791852	0.176216489526378	0.249037582990314	0.192964726265687	0.196881977143266
"SAMPLE-3"	0.138171564238909	0.276566552901005	0.471973238008827	0.460003846547944	0.36439729457648	0.468960063988117	0.285759978747434	0.343860554648721	0.442506582870043	0.492596052301728	0.371606285860291	0.303812721398413	0.535634904453958	0.538592222779538	0.248618364905222	0.490721387565819	0.547816226164474	0.0534297174867734	0.162294565345882	0.566426886249585	0.446431968335128	0.406841202066301	0.310403986967276	0.197425551550694	0.240700280937182	0.269699306220784	0.244672684957589	0.352639559607406	0.252571672142044	0.405314797317419	0.513439832068127	0.488020774449655	0.547453152166568	0.320741004246773	0.412665521041589	0.411947375734579	0.456660851264087	0.447718541352212	0.526524235136739	0.334000512890684	0.549933577883818	0.263756067021882	0.449343247196637	0.261700714994926	0.112632127245199	0.286233989213759	0.05529161149031	0.25783329549712	0.501830175183483	0.304550698302409	0.482883918880957	0.391694479592964	0.0651609107865108	0.488237435169998	0.348161260350203	0.265476552930878	0.500805680711097	0.263548947227137	0.272509298441787	0.286771112559916	0.163379436359453	0.506744987011255	0.163137645610885	0.34686918131157	0.41396444778834	0.251357532072275	0.316333339876275	0.353567605165332	0.316333339876275	0.286011100061872	0.265476552930879	0.319647615708593	0.41396444778834	0.225741908158683	0.412521798884101	0.362855986241809	0.347667898790352	0.384062395974583	0.318719902651927	0.438335920133425
"SAMPLE-4"	0.192538134243202	0.109955334595185	0.120387042717776	0.326974585812777	0.0709083430128378	0.302577418499296	0.0691143196860608	0.114301560724083	0.299851898508756	0.054578705333445	0.160959311933661	0.109215018183962	0.407787104791754	0.339780964343259	0.10474267555332	0.220530168663018	0.216634026369653	0.0567368279241633	0.155167628490065	0.245302882373128	0.221815029078536	0.178505233766403	0.0298378266679112	0.0737028690157931	0.191408754023135	0.122986101872198	0.220418463332511	0.224320002904125	0.148395138947299	0.183461606119013	0.253801436686997	0.27487804391759	0.547453152166568	0.120759533426354	0.208583296610388	0.1912611961431	0.35261598494825	0.196596042716603	0.151424792843388	0.225936459653406	0.159822086062714	0.140412464186846	0.241680276140446	0.147261665264161	0.10174975358889	0.253978689124635	0.0782573184887391	0.21621311467674	0.190956017471354	0.194506058768574	0.219850162358084	0.193049654586306	0.0812820260717179	0.264303301905986	0.25672637867495	0.146190869487912	0.198064369637126	0.123939018003707	0.1380275573316	0.0712603588794288	0.158671867539124	0.226977335861972	0.187812615641388	0.27234257121772	0.177166197762312	0.197390814126275	0.140277360668261	0.0492154218621356	0.14027736066826	0.258118935003345	0.146190869487913	0.233766909667974	0.177166197762313	0.0989700956020768	0.175060461399527	0.122739753743336	0.159684270842312	0.176355161775472	0.15832411921097	0.19183261279491
"SAMPLE-5"	0.488552066382756	0.145768142006244	0.245238008276148	0.181350719688699	0.0762054338492575	0.226017521013485	0.0725488457210489	0.103915828014378	0.326094133610371	0.166244930969403	0.152437057638898	0.101669214298997	0.384666589660595	0.308331213123871	0.111033725098636	0.188259966384667	0.110426439713868	0.0925807730669483	0.585535367113749	0.10866899686364	0.201186011275744	0.129156496783359	0.0636365830093222	0.166561089170089	0.188570475871446	0.237927451676867	0.449197854842073	0.284068989376815	0.142546038838754	0.309283856549326	0.22088839684837	0.240132696478768	0.547453152166568	0.0924441663978824	0.307881855649274	0.178614659374183	0.325435870352483	0.198468636364731	0.130371402855408	0.202221239212738	0.15096771511479	0.194865897113133	0.269625653987056	0.157552160048738	0.146210275899245	0.37155808546539	0.191939725445579	0.628549453030216	0.103446788753939	0.42701446697493	0.239148675042134	0.214908413128634	0.137328379664185	0.253171322762332	0.327769636805393	0.202759964783182	0.212372027638926	0.125467940465763	0.176938452339885	0.0675058940157867	0.16926684246245	0.185776485652776	0.150425102808262	0.336801974400829	0.161911214249851	0.194294695076682	0.131214926588188	0.140284798371185	0.131214926588188	0.374347730085722	0.202759964783182	0.336014883180753	0.161911214249852	0.11539448964749	0.125197585666278	0.162444222956146	0.113294296433026	0.172457067978907	0.133217219737156	0.178240872464195
"SAMPLE-6"	0.77851231952195	0.260724160870259	0.403939962340247	0.380531590958299	0.307048985184429	0.307673199003366	0.171542455540247	0.195074740375616	0.449079434821199	0.136582840294228	0.267964651882605	0.189086489500077	0.471799678733655	0.435652407225602	0.194320375365417	0.312462574711692	0.317534175397945	0.276843424461779	0.85705789644729	0.315068918839924	0.325691126099087	0.334522483974017	0.0370649080646834	0.5815357954195	0.2105265269166	0.569011352537067	0.625527339661106	0.466570965007393	0.18464469390816	0.557033610511789	0.372288720883589	0.400606446648958	0.547453152166568	0.155106576240523	0.495828296927093	0.309188348409946	0.411521132803852	0.338320958488303	0.312073944864313	0.283405916929887	0.301226346406188	0.296479280953101	0.393564670712886	0.217355456283657	0.490370168584677	0.551566591943834	0.491750708391892	0.783440575942971	0.293733382062868	0.595551719461932	0.365285851364088	0.354447723513852	0.362352423181717	0.412280484615912	0.42818873009732	0.305034105509116	0.299321701461707	0.204697452167845	0.278627846901177	0.141477272843773	0.239430320746484	0.320032160940406	0.201527276324163	0.429799530676936	0.289721204425575	0.218283322563366	0.228364669834137	0.101383827201939	0.228364669834137	0.471203017524011	0.305034105509116	0.444355799420205	0.289721204425575	0.200834764389249	0.334226064771724	0.330708019713438	0.166959723593438	0.307110111608389	0.18988880497958	0.319461419924208
"SAMPLE-7"	0.38112847940381	0.181475872403292	0.358268856149675	0.349023707240071	0.342523682084332	0.353545265048678	0.19608448558669	0.245660379322218	0.358621798557144	0.260785339320671	0.269107543436383	0.233851527128798	0.468149743498905	0.436231528551242	0.201118509248159	0.355535604199774	0.488980510108348	0.212734048451854	0.334495203088553	0.521770474765166	0.28805484363851	0.401138516800405	0.0582370065856505	0.399676493387287	0.0617359060704146	0.4295585407203	0.297034583150762	0.350538705109154	0.209998941995287	0.380931513629805	0.377755220521761	0.39941534630512	0.547453152166568	0.225276437941586	0.318857687176379	0.329203507762256	0.383465585674282	0.330606789158357	0.340954053061377	0.259842749387772	0.49810736238158	0.223535935870001	0.318045889892861	0.216484592056382	0.338461374697446	0.371324754288444	0.26851908429611	0.237851711541513	0.46053215435215	0.262497004162358	0.304714973157363	0.292941843013085	0.271177247188497	0.408811452717993	0.285381638835903	0.22860669202018	0.386373674601188	0.217904293116637	0.231479780994525	0.197684595393432	0.228055844289341	0.368134981861987	0.252245092154342	0.286871830195549	0.298926996738879	0.0697368091802984	0.15340360135128	0.252333544367993	0.15340360135128	0.264754005038553	0.22860669202018	0.258915510756724	0.29892699673888	0.0957850456746638	0.402452646172726	0.257400413559112	0.24926091662336	0.299091039691546	0.236245097174114	0.316185815257125
"SAMPLE-8"	0.452567267877607	0.405700691187165	0.603313115535124	0.596623865302131	0.801701137415109	0.302941374560382	0.457755944419297	0.479703119029319	0.465349967513925	0.593163200572137	0.427890172453242	0.428503283152986	0.530031006629978	0.540769484528599	0.336864633178704	0.51998910234126	0.626906893391336	0.418102088011051	0.478930520561393	0.542582830430548	0.488674975423445	0.512408570952568	0.0799622261401883	0.76548236828147	0.269604383669998	0.780302955675	0.393992990855858	0.541014636583759	0.311966147482635	0.668595919395362	0.510651828726849	0.507553980434825	0.547453152166568	0.276099249229489	0.46449285956263	0.484561215554316	0.407356524092078	0.555535943840817	0.625398640299301	0.290270131587755	0.648767260904347	0.342856375569119	0.481861238560185	0.351370213468461	0.568941963968904	0.501165013455217	0.432261085529919	0.262369601268308	0.602942382621645	0.370553939462388	0.537712659423959	0.407987507795138	0.449656657596692	0.559242359428767	0.412001084962451	0.338913351093747	0.735644768357217	0.336616011619421	0.354658219094349	0.415822520003727	0.35122173167235	0.514730363459953	0.183437345913482	0.383719188176003	0.446395628856211	0.283100472443226	0.359411952096386	0.402766380451645	0.359411952096386	0.400405291318644	0.338913351093747	0.414937475004818	0.446395628856211	0.303653949552738	0.520574512542083	0.480511950658838	0.257072526239124	0.480865116479392	0.286830230833335	0.431734795872392
"SAMPLE-9"	0.221143990680415	0.253224026082514	0.348616432545117	0.294920919084847	0.467721789907761	0.274798805429337	0.248424748402286	0.24041602775518	0.373904338754309	0.147920795199923	0.274219090692055	0.208005026802267	0.461716697834383	0.426225791490449	0.237997596116201	0.324179542295262	0.445321736821996	0.105242717447083	0.200376565810183	0.429188456738028	0.324412063257231	0.382844563601816	0.0261987663876134	0.269071394628975	0.222908247623119	0.29823264488421	0.288738151316004	0.334792483562451	0.208301853421208	0.314623935132425	0.357848070264023	0.370277386364349	0.547453152166568	0.187165684179105	0.30347596213426	0.307926854409112	0.378094111740302	0.320584627492891	0.344832732064728	0.254463916619999	0.363365455903824	0.227851900613241	0.341523915958779	0.212576883170407	0.177695788260542	0.355802018495876	0.100578404174811	0.235797137141725	0.413272127284162	0.274050883173842	0.357266307003059	0.279970966975169	0.107912560364209	0.421203773368266	0.287907990172661	0.229973041568461	0.408239270021064	0.231831368960549	0.235998072598068	0.196817737911618	0.227123512595252	0.330038176217995	0.137718155895999	0.289599750104778	0.300959983751048	0.231843501399105	0.247280238009918	0.0870403754386651	0.247280238009918	0.271369505760622	0.229973041568462	0.263742311142408	0.300959983751048	0.213812211548595	0.383953404242107	0.270038024799722	0.179566035182821	0.289672560157295	0.179376271060413	0.315391061842476
"SAMPLE-10"	0.398946455298477	0.486443980832638	0.560500469127749	0.464394901482554	0.636156291615238	0.159604763315718	0.434152263685563	0.414537036456607	0.433152082283831	0.356890898044343	0.313108368458732	0.362927973465265	0.406716297856645	0.365681949811134	0.282372521293825	0.348837450468606	0.323222867651141	0.473316599741342	0.454752687707315	0.280427394901743	0.290883995115577	0.15678830646387	0.114916847870173	0.761963227695748	0.0679269358433454	0.75759647100666	0.343374545353999	0.447113409373267	0.307845268785999	0.584711628906437	0.282874472733408	0.252591578715551	0.547453152166568	0.245180886844836	0.350653917341695	0.390503427161555	0.248859350988077	0.51549015518558	0.363868404355951	0.151306730595271	0.353978040057228	0.318935429014955	0.447243066615367	0.405522498130101	0.594562596941268	0.437089704531551	0.432261085529919	0.231696067140907	0.287904614201383	0.304914373573181	0.499500646476155	0.257567953760089	0.453145032504521	0.470462105336803	0.545859309589521	0.297717311865901	0.570473773198375	0.246400549490447	0.292962266017484	0.352088204808826	0.310438542197246	0.337555431738796	0.186201466710079	0.477971989921129	0.282338150152072	0.0783043038721069	0.159585999964893	0.277573751319748	0.159585999964894	0.648118449394428	0.2977173118659	0.646927898111425	0.282338150152072	0.125895716921294	0.157162627988628	0.393094561093721	0.200866729476203	0.432507669408349	0.291221179528201	0.23919586694721
"SAMPLE-11"	0.581238142165538	0.480180493976179	0.65305488727599	0.520693341752212	0.748821104866187	0.41812912944833	0.45078134659011	0.508253566195787	0.611665538028192	0.462806342617943	0.503893034267785	0.478086780309123	0.583146206544068	0.615980521102624	0.322936032482659	0.603593399709245	0.539718907830575	0.456026377540885	0.709167619777769	0.406952858232253	0.503470066368695	0.340579450643839	0.0761353795128417	0.825174554600845	0.0540044354766555	0.838587808280448	0.540484622052958	0.640155032413593	0.314375968465749	0.777949609285623	0.597007477487158	0.587357919965131	0.547453152166568	0.326529413716972	0.598983546527423	0.499509503233614	0.485233412536252	0.666723294314025	0.670900190485373	0.369408825846798	0.486137196987664	0.380393231416068	0.584839255360332	0.411096458725462	0.67507209433721	0.647917887109072	0.539337936630637	0.474148421767952	0.483566389955208	0.506189260841082	0.589756142871083	0.491096676701172	0.528628080876764	0.684499365636422	0.629963366860662	0.371571233998711	0.706442812152985	0.324647460154079	0.370334762774567	0.385471815370287	0.36526186908271	0.604154617892168	0.3175935386286	0.595659035734496	0.503098951483865	0.0631576630498042	0.271960529926438	0.463844650630028	0.271960529926438	0.679027843976212	0.37157123399871	0.683095175824384	0.503098951483865	0.141910681968942	0.349439320204313	0.565919067179823	0.323703346109349	0.553529142712912	0.384201000655935	0.476390120974772
"SAMPLE-12"	0.361521064819444	0.268408143150861	0.31156478092694	0.260135837983888	0.20543298405534	0.125270589450286	0.185851213929835	0.193652798308699	0.233156328194953	0.24183742267281	0.155862726459232	0.162418861587424	0.326129259472069	0.247163707422483	0.16575373453108	0.186032201697328	0.261900015711974	0.265972468716684	0.310625772630784	0.31452406958386	0.186834975373117	0.15628769147283	0.132686580242981	0.400219300971388	0.22585045821001	0.378403898181259	0.245178884578432	0.210815253267289	0.206877931092218	0.309652584976103	0.156413892342874	0.143104705614858	0.547453152166568	0.139450007429221	0.202819850001955	0.216721167794033	0.20500328916342	0.226181696648555	0.139478758941251	0.114257330892383	0.297386167455813	0.207196207892924	0.212735978299462	0.214048718458229	0.288054295262638	0.225199044468088	0.270451174974384	0.203885816237366	0.233114635262625	0.224576048393284	0.23905765500321	0.15079692506054	0.258988462937241	0.208143370553473	0.228521391758625	0.198811690840921	0.252211885360024	0.15241322379731	0.187452299432698	0.170882561871977	0.183395810506268	0.178512635098448	0.112114155566392	0.211232741517015	0.150487837334824	0.235068418003411	0.137954827610709	0.138696627305507	0.137954827610709	0.24084842835269	0.198811690840921	0.23211220304724	0.150487837334824	0.148636910876978	0.153186677495518	0.186131279952951	0.12778284160739	0.207953897075054	0.150738356365506	0.13236520052897
"SAMPLE-13"	0.474253788070937	0.562081997684761	0.588369341858486	0.544280833078429	0.353025787685627	0.342607123412718	0.434152263685563	0.461260545525593	0.46774802875088	0.452249892009477	0.395561252117863	0.434359697585588	0.495165586517957	0.490787901910642	0.282372521293825	0.496196940328712	0.541003656425695	0.473648894688356	0.472135351807843	0.756007453645223	0.400532171554114	0.329153971474863	0.358296874159099	0.76449913607695	0.0903185456510502	0.733082847332462	0.234318865763177	0.331614766248221	0.320917436999391	0.662735966540052	0.439149385127832	0.353123436646964	0.547453152166568	0.372576863568165	0.438201283314568	0.484236707780946	0.35903271378707	0.552883372123927	0.490566632143604	0.244729755016596	0.65462100961235	0.318935429014955	0.510132603262081	0.373318770043222	0.688263411640711	0.212199409258727	0.432261085529919	0.25350981361464	0.445628040811536	0.32137020289798	0.552473811598872	0.359418200285188	0.452880605543163	0.421190296118023	0.473031329241172	0.297717311865901	0.539963013656388	0.257241545186462	0.292962266017484	0.388942232324473	0.138129756528013	0.496666914400711	0.119979820342924	0.431120787798151	0.393311054682999	0.10222412732431	0.236082677301252	0.363061324494156	0.236082677301252	0.452855523466414	0.2977173118659	0.513357198356378	0.393311054682999	0.144345883676544	0.337102338241807	0.455637231702003	0.350145818388175	0.502288313456625	0.380746299889801	0.362777254646388
"SAMPLE-14"	0.294194712211125	0.328908444089186	0.411746461452102	0.543479614787741	0.158773231266836	0.197838514697736	0.318014188981513	0.401091090578856	0.318428965303061	0.398072660242058	0.274227137777562	0.362108254977847	0.406716297856645	0.365681949811134	0.232182540478805	0.363645387900703	0.489699371540898	0.200670504574446	0.334580895515483	0.509679466130442	0.331332580991997	0.344424646407218	0.224769792016802	0.480340857932916	0.269604383669998	0.612386652290387	0.146625886078262	0.186460874617171	0.302077582609311	0.511456256820557	0.294480844540453	0.192420356854016	0.547453152166568	0.24403279471964	0.342991222638276	0.405228849262917	0.248859350988077	0.445825797635917	0.389189584909034	0.151306730595271	0.536013239560314	0.310768991200716	0.407947837435348	0.347727242638954	0.342141223613639	0.131646174746938	0.239916972111422	0.231696067140907	0.483630154378851	0.334881766486137	0.46227602178016	0.262797690611083	0.251209614330038	0.358613820800893	0.354708307271278	0.303823166303944	0.682372368871241	0.244988242962268	0.301508002062791	0.354709665685088	0.0903603089573888	0.356632850959659	0.0299527550738364	0.308851983914738	0.265842662485298	0.283100472443226	0.212244577212891	0.253592263331053	0.212244577212891	0.301515457737222	0.303823166303944	0.387782936328362	0.265842662485298	0.212700815169933	0.345493007773744	0.348103894063399	0.244165240618468	0.391989218747864	0.297466057090171	0.231769510007915
"SAMPLE-15"	0.570302651548249	0.26449801768377	0.332804526447057	0.469008486469673	0.469701642577732	0.305103093768853	0.238461536906389	0.308931248106324	0.404769826454712	0.129025421823456	0.307066453766631	0.272210863002885	0.499422368092311	0.485452646274523	0.218935216587636	0.412750868389851	0.442921714509574	0.290847375678861	0.645564416026451	0.333086891028154	0.395526202840896	0.352428019004483	0.0335213323139017	0.588867142509327	0.237517519002028	0.59799162467184	0.459256179819343	0.346546501764758	0.226769366996225	0.596086180933391	0.391358511583826	0.349291863354466	0.547453152166568	0.183535350568652	0.454276908337417	0.262458931161408	0.409224135742525	0.41063566468316	0.450528707334708	0.286381900738972	0.226348805981746	0.294304006550244	0.404296522274853	0.256345850063306	0.396484923075858	0.506117139091614	0.429612548058393	0.476414202913119	0.417416742274014	0.428663683489285	0.439401026111926	0.31688891968985	0.379624673087765	0.521328921939427	0.343193444405792	0.297940499691626	0.434463442430474	0.239943461677594	0.289338963784648	0.25364681039078	0.281128942956138	0.409395072115299	0.173785594329429	0.337371823086932	0.296867667984015	0.247864752470533	0.26745119376676	0.10441777896048	0.26745119376676	0.327695561515091	0.297940499691626	0.326079732180835	0.296867667984016	0.211096190661557	0.355132958723057	0.364538581847581	0.19993540188258	0.310172731953661	0.216871991948398	0.239071024239183
"SAMPLE-16"	0.511013682019856	0.206715656159848	0.378156875979022	0.29584947812949	0.358784615888358	0.197814998683823	0.206052329493438	0.145726605836391	0.226488523238508	0.165211071735679	0.131028314130186	0.117844211122195	0.299221987236143	0.211427777610894	0.221898257424562	0.161553628985994	0.352089234709331	0.22789774329102	0.469986325505872	0.563333740483332	0.131631391575087	0.366253693678064	0.0483467118591624	0.463710610334426	0.0899915062042646	0.43764539384751	0.305781912019881	0.15290387435285	0.160037267206881	0.252283449495298	0.115368115784885	0.0975300900763186	0.547453152166568	0.260163896532875	0.214802864956486	0.15962024643398	0.190700012439336	0.175187702627642	0.137641356590199	0.102994797123505	0.279623234412156	0.236041881273533	0.166838760809851	0.182024640439613	0.314603530495009	0.309172540077277	0.302139535808181	0.35559605822237	0.38051653558737	0.316264396495436	0.198675791606159	0.129080149571286	0.247057461253669	0.295321500244969	0.211926412851184	0.242018592660885	0.332835554868692	0.20069699060621	0.239894054564729	0.157797361069962	0.206571779789112	0.164484151688817	0.338406992884041	0.19998103735792	0.120639950270857	0.0984509013854416	0.0943446939417741	0.112721584516895	0.0943446939417741	0.23101773547391	0.242018592660886	0.215543371392529	0.120639950270857	0.136567211546364	0.357420167600223	0.181627175006438	0.229165703495404	0.168257367091971	0.212962422724038	0.0998448622469732
"SAMPLE-17"	0.323358093294409	0.239897841845696	0.375844880266375	0.18790399748809	0.428113638735637	0.142029760272693	0.248801177804565	0.0786971350624725	0.253426098775933	0.161197892701455	0.102575826661111	0.074686169012264	0.320962831896406	0.240129944351741	0.241294210921155	0.142716535625139	0.129572358634193	0.254541525971729	0.301758382733756	0.230208518145175	0.145993594211027	0.15504947724969	0.0401519038062362	0.465867411600985	0.0165858850126173	0.451692822705085	0.228795349933752	0.166086068056618	0.182750339952328	0.277483726924455	0.117577201923342	0.116367197137116	0.547453152166568	0.238225530209811	0.143619854971604	0.168390482428555	0.202248127718072	0.166763481435227	0.122908224315707	0.0898770708123674	0.169706625091311	0.22944554011435	0.229214180916697	0.101120727988646	0.243826343323565	0.270691882552275	0.260932346826809	0.119474898387286	0.129715080221922	0.1348579528637	0.194324021498657	0.0809062146922584	0.233804019710205	0.188572020951685	0.23882269930841	0.232486246711803	0.216409155740545	0.219418282883624	0.239650319238927	0.219488897158706	0.186114435743767	0.136432646865464	0.24853699896872	0.234930283606315	0.086654358973406	0.0199993409720751	0.046805461391934	0.133524443920572	0.0468054613919301	0.308179197254704	0.232486246711803	0.256787789944345	0.0866543589733995	0.101138110506448	0.143876341395417	0.104395304382563	0.082288544467903	0.134139728469253	0.0927298812038262	0.115605843803487
"SAMPLE-18"	0.18510848748026	0.424377473167394	0.488147018727535	0.521982013674225	0.337366278252834	0.215395314833211	0.44741571223275	0.414537036456607	0.352933137123691	0.233424456017555	0.303964886242398	0.361953908461251	0.406716297856645	0.365681949811134	0.323431279344918	0.369794943819124	0.516682632047519	0.128378496900228	0.232153281360783	0.530846847739953	0.332467799576326	0.374184317557064	0.226200280037251	0.4519064236156	0.269604383669998	0.511133502835203	0.171529050468469	0.237158331092332	0.303888943168153	0.45923834619287	0.302010709582478	0.217692493398252	0.547453152166568	0.333999034367475	0.347397599083506	0.428648089904181	0.248859350988077	0.452727781893136	0.398908247892544	0.151306730595271	0.457054052926308	0.337088565188223	0.487794352109406	0.353328212685366	0.213733098743015	0.161328418458371	0.115253850134826	0.231696067140907	0.521651248035169	0.323712474644088	0.556745331203049	0.277625072315088	0.127897477636982	0.392905146716409	0.372774624244261	0.328860918544945	0.630151081940841	0.30071573248912	0.339439291307555	0.412122517971121	0.10725953428767	0.364593393009594	0.0541189959359202	0.324337837849727	0.304861528314334	0.283100472443226	0.248194265726332	0.10795245712266	0.248194265726332	0.337006922614589	0.328860918544944	0.413227272717587	0.304861528314334	0.289839634116728	0.374952636940556	0.393094561093721	0.287670376182721	0.404602438462207	0.323818347355377	0.290486022415104
"SAMPLE-19"	0.210602240815915	0.433302030488881	0.57767177449298	0.650674943027269	0.504889669409029	0.255983513803156	0.452871993271726	0.414537036456607	0.360383771404528	0.412453239337308	0.304577584704465	0.371339383047214	0.406716297856645	0.365681949811134	0.3267527773706	0.382888150152263	0.601716303866723	0.120326652852234	0.23037538329329	0.782611732131402	0.290233152317945	0.523223626600146	0.259030333302865	0.448597384446372	0.0863956313169115	0.531071824694041	0.208795238054931	0.275918378380742	0.299612685859836	0.45240780031098	0.29929189831848	0.230717172369187	0.547453152166568	0.395549145254223	0.351098757210838	0.458823210304082	0.248859350988077	0.458738869105565	0.428145526566121	0.151306730595271	0.69747082254592	0.33852144091069	0.423942999144729	0.358227112663193	0.311567274033396	0.221159697989468	0.113491373392845	0.231696067140907	0.599894175754089	0.332311872101654	0.473272954445637	0.275721797585435	0.126782735860648	0.414592072807809	0.388765740265001	0.331351785404866	0.679055450805155	0.305215419475514	0.343202363591265	0.431230672798198	0.160337322716726	0.381605028940569	0.136891943062455	0.338112356277977	0.301652883785205	0.0980675187301469	0.171859842291125	0.288077495287982	0.171859842291125	0.376089968539342	0.331351785404866	0.435720273272061	0.301652883785205	0.171377067671162	0.525901440800692	0.393094561093721	0.350643150401945	0.440798377390215	0.376661218039574	0.28293751964179
"SAMPLE-20"	0.327964766837008	0.510327733289783	0.558395162588706	0.538234801337534	0.231870715983104	0.212906011772318	0.437437986251856	0.414537036456607	0.352199596727208	0.475761650483872	0.297231179099298	0.382965022843497	0.406716297856645	0.365681949811134	0.300597389233459	0.368943468663941	0.546563978487662	0.285027899358883	0.336795599538644	0.709854719434131	0.332370120888866	0.388433692980569	0.0818122935713154	0.622521808893625	0.269604383669998	0.66671389977462	0.151267192352239	0.17373880735839	0.306750898656745	0.52885687775821	0.280909626718799	0.173685324699703	0.547453152166568	0.330131828961987	0.35003573507535	0.398940456852785	0.248859350988077	0.452133621031876	0.363868404355951	0.151306730595271	0.598571589964478	0.327102468775324	0.435586175865819	0.352845049729675	0.453894417570964	0.160396588847394	0.243082245770633	0.231696067140907	0.511626885346437	0.336842681839617	0.478913250248523	0.254235827756668	0.2555635824733	0.480717601137649	0.371206475322306	0.311628976055266	0.695822174413135	0.270189257900749	0.31357793691829	0.388942232324473	0.0819623512754856	0.363489961268561	0.0415843153311907	0.32299057061685	0.280034150436525	0.283100472443226	0.248194265726332	0.267941510394099	0.248194265726332	0.327094303948041	0.311628976055265	0.411019252885741	0.280034150436525	0.266563915352865	0.391544643780797	0.393094561093721	0.283785640546937	0.412810906052337	0.320354059443604	0.234190060569028
"SAMPLE-21"	0.6728152908164	0.140519019781749	0.245809807195418	0.188980561207557	0.0694609872225155	0.304149016929641	0.0766485821240335	0.133526101040916	0.304114636057795	0.166228795743642	0.185014396579296	0.144071534450822	0.450885518198288	0.399877686523606	0.104969533118433	0.266019227173156	0.216170762135216	0.196585935324806	0.724873258846065	0.26625435833629	0.265075828063039	0.171607208293665	0.218231366702687	0.288430343780292	0.1947293680197	0.334099804920924	0.493157101065292	0.237897989616289	0.15838939895847	0.454940404439527	0.297063313887808	0.292189273776961	0.547453152166568	0.103001800067421	0.389846710635382	0.167089638167947	0.407804664006096	0.210192870277857	0.18533633771618	0.276657122947166	0.209444490519587	0.203912218139563	0.235047433402421	0.140590987415866	0.223397619386776	0.380273837806902	0.354643489645384	0.669561515761826	0.167242993547748	0.48987419667841	0.178156042291875	0.2581734741807	0.250488103861013	0.287217234292982	0.21143567088337	0.206582349585724	0.239363798842576	0.121276512612843	0.174791610215889	0.0830749877355929	0.154246947862103	0.265275659709473	0.141953846051785	0.233573180918723	0.197109261635137	0.201015096339144	0.170347749146341	0.162114192118104	0.17034774914634	0.181199484435281	0.206582349585724	0.167585608144059	0.197109261635137	0.109081491549022	0.170540777781349	0.208476687886054	0.136214464028699	0.172812477650004	0.129252939398632	0.184261172536241
"SAMPLE-22"	0.779904327157336	0.390229571122199	0.570425788434722	0.478079226735713	0.469807759317051	0.35546802216298	0.276963826949083	0.289530134757548	0.407561303843542	0.368816060193402	0.304678186984874	0.263237030001072	0.488163665577618	0.467393774745824	0.21575145452398	0.402634572842456	0.282814482429833	0.4317457236742	0.865548939025544	0.481614966963002	0.372316741323448	0.191909504591026	0.1514723291464	0.750769237805684	0.232333945215449	0.715257816960118	0.628381407333129	0.364971414543445	0.230209624048022	0.696954683327665	0.368916782075457	0.329694217071565	0.547453152166568	0.262776172927361	0.547640886649386	0.254944011341644	0.400987058669931	0.379419548320857	0.393929963660423	0.277554480350445	0.303228489141872	0.331470844657201	0.346096041422649	0.240232656893817	0.461276908944104	0.610093203971989	0.561008743395666	0.753234076123716	0.208554895108053	0.631996539230912	0.347396168326909	0.343265518984392	0.430970368242849	0.570672182633548	0.323321355763159	0.316633476239471	0.493159999673383	0.197178431464188	0.279427602398557	0.248771620947473	0.246573363596711	0.404070548207225	0.293106196503091	0.320638545897371	0.299300361801936	0.242177954976039	0.279216989825047	0.267384199321694	0.279216989825048	0.306554713750878	0.31663347623947	0.302761851575091	0.299300361801936	0.211966516105151	0.1945759914618	0.43265610113581	0.25958246436782	0.298049855930852	0.247435172042667	0.250660384714794
"SAMPLE-23"	0.337889835639034	0.263425581336021	0.334102913112901	0.176037415714211	0.20962914287677	0.114529701669751	0.190898238649212	0.145587952663913	0.215463944709945	0.212995260985397	0.129418080098044	0.143765171081934	0.299144274862724	0.211327874292147	0.180971989973931	0.143888612983126	0.217931860889185	0.251991687718731	0.265153438048176	0.277596213617134	0.148240357674595	0.137656826778088	0.108242210799465	0.379059751567654	0.211354863277049	0.299342383382991	0.210463256771902	0.135474531433603	0.172526999945548	0.230363286318122	0.11528746331742	0.0974666686511651	0.547453152166568	0.141132623627409	0.168951606859249	0.147349373500036	0.190658845120082	0.168288956139137	0.101829557911578	0.102962979060465	0.19959721192953	0.1876931467736	0.207328117900039	0.17577565518174	0.222661066022607	0.138849290846517	0.222351571774531	0.194481631467242	0.195179899119682	0.196758877420462	0.196489274992948	0.115663899328019	0.208035707302982	0.129595582704101	0.19050213468724	0.180336302049013	0.181160898762463	0.14919770225786	0.172539216912881	0.132614630491672	0.154814408300878	0.137766925819727	0.0992197466999984	0.181136966129017	0.120561943323225	0.219189870976677	0.127594258798085	0.109870604402832	0.127594258798085	0.199129809992599	0.180336302049012	0.186511827649533	0.120561943323225	0.159272969846377	0.133507768157652	0.156007335174725	0.114707377046865	0.152836226555009	0.123985677404678	0.0997910571258538
"SAMPLE-24"	0.581557665082819	0.299793497573046	0.430991312925763	0.33581768143622	0.522419319484946	0.320722757239938	0.27419321077048	0.281376419482985	0.406220128018276	0.159364823566135	0.322152071135467	0.23833467063515	0.501359600152207	0.485036097771688	0.249053908086962	0.390600825813718	0.469951778274576	0.325397783405029	0.633973156358749	0.383249227248595	0.381357329032365	0.35580934380471	0.27416978707336	0.626156463205133	0.229041826015625	0.593795096118166	0.467267799312302	0.435839066328859	0.226702284131913	0.551868187637969	0.437690455847299	0.460619991215039	0.547453152166568	0.204340577388964	0.442295600801499	0.344171320020302	0.42470850913329	0.368704836313829	0.43065906104164	0.299790398765813	0.356654411371214	0.287234595024156	0.377462154068352	0.225416299638883	0.369287760619468	0.43416350196309	0.400967963164221	0.488084509170272	0.42795332571372	0.44886635034487	0.408746742473	0.368937809947135	0.345657306075988	0.399462161792766	0.299093978875957	0.2883972097081	0.455020414146579	0.246558084492019	0.282525821898093	0.230271479716616	0.250320418889592	0.395694065667631	0.164025554395347	0.30309922323067	0.361565825801033	0.23856744348487	0.286993153298057	0.0981749283178378	0.286993153298057	0.269194732420889	0.2883972097081	0.266055800001776	0.361565825801033	0.235354244651027	0.358774421080007	0.366940043152968	0.201327082888051	0.318076713390024	0.196100056679558	0.38689430233795
"SAMPLE-25"	0.532259262134503	0.508841050501612	0.626829330198047	0.533897582693866	0.762658349240532	0.347718292280064	0.450729363688774	0.49597618687734	0.494557050870733	0.395597893023599	0.447358048660268	0.442172346984324	0.560475747910954	0.584106970782271	0.312174861144837	0.563094015488358	0.506550480080035	0.423500017432139	0.685504076012482	0.342306861054969	0.466549045156529	0.284557696808778	0.38358608307732	0.782577368798953	0.0639754965271449	0.73157268620275	0.540842933183811	0.471584817231764	0.318577115207176	0.768061321636779	0.520930264813096	0.463940077808134	0.547453152166568	0.2840879629677	0.585553567000325	0.359425083192946	0.451441867641586	0.580832858030546	0.650722603857664	0.33420759864611	0.346189509549179	0.382565908699629	0.496373942525488	0.351149571260692	0.416910920844475	0.50639606526502	0.451009557015995	0.500708676000181	0.446348316685252	0.493738510265732	0.548184051853278	0.425049924169532	0.416819447740902	0.507628530827058	0.422764394442132	0.370007613913502	0.518094298418924	0.306343572451502	0.362681868298803	0.407196811527184	0.343689923489375	0.559669615611229	0.210085136231439	0.39980602778436	0.432480431005491	0.0740294505280981	0.26464053825087	0.392921377878894	0.264640538250871	0.400787043946044	0.370007613913501	0.416562042508506	0.432480431005492	0.147660415139576	0.291676068439573	0.557024553804045	0.272420457541735	0.429579968791456	0.295914592301779	0.348694441986251
"SAMPLE-26"	0.662322352545009	0.384003755597635	0.518973883171017	0.457997278306368	0.511188796211132	0.247820744990526	0.282637943927943	0.254923271912007	0.350078844908839	0.236720826156034	0.243815710354026	0.230732185635169	0.413202668495317	0.361951062940366	0.248424852113434	0.302953316844264	0.458593782665432	0.389411154878277	0.708924561221126	0.543083137667283	0.233939782443281	0.377533216963477	0.231495170718278	0.673137179107064	0.0471826151713611	0.614777858135362	0.479862492112283	0.316582827578895	0.225745762762197	0.553417341892274	0.265709775808967	0.244344738763639	0.547453152166568	0.239760343823222	0.398661642766677	0.275593804439888	0.301133992323977	0.326624618077686	0.309718096514719	0.188700779815744	0.422568070965073	0.307311857408726	0.310063799715337	0.244320785916769	0.488727822179148	0.512076578675439	0.45437341315966	0.545656439391976	0.436199478727332	0.461794995424305	0.31619863616055	0.257851555494347	0.37194144982968	0.487636989233489	0.319054403048688	0.305995255495464	0.371198288281917	0.233039433804046	0.293580567149353	0.239833622456107	0.257484357846626	0.30031118168155	0.248664469407523	0.302971450103863	0.239238409541717	0.0543907898286662	0.131127187081481	0.218961348156756	0.131127187081481	0.333625105089048	0.305995255495464	0.325267711352825	0.239238409541717	0.110327951889492	0.377150976607755	0.335801087782056	0.219749584402759	0.292020779993579	0.228538095247527	0.213199075912606
"SAMPLE-27"	0.434732493491614	0.558419333900178	0.539371663812998	0.56452633437493	0.778950405159323	0.238512749375525	0.453177700884626	0.414537036456607	0.343986740729066	0.434139438015529	0.290090410187247	0.410886063837389	0.406716297856645	0.365681949811134	0.316407636977688	0.377420269761653	0.466728423276403	0.473316599741342	0.454752687707315	0.606026526616829	0.33127099754409	0.364283303915775	0.224692304381731	0.761963227695748	0.269604383669998	0.715402758589186	0.336374696499749	0.336458575961189	0.301489213151202	0.579000025977611	0.263614455046428	0.213445384739886	0.547453152166568	0.369414318125708	0.352605945102682	0.323247268223759	0.248859350988077	0.44545161059725	0.440765061976793	0.151306730595271	0.424944010905703	0.33404296436563	0.468841413071504	0.34742431014543	0.519996922796781	0.295729339206243	0.432261085529919	0.231696067140907	0.460724175664766	0.304914373573181	0.46822499780688	0.235313696616054	0.434875411627193	0.283661240782656	0.353738581139362	0.32358129212295	0.518867538847343	0.291247907074937	0.331482374810311	0.439435312699156	0.34379302328895	0.374491173245298	0.35091657616091	0.308022905582986	0.25983395880474	0.283100472443226	0.248194265726332	0.249108115745813	0.248194265726332	0.376103435771446	0.32358129212295	0.386417401049602	0.25983395880474	0.28265186818706	0.365529571021542	0.393094561093721	0.323649776889657	0.365777586778356	0.346529633945892	0.192469671406351
"SAMPLE-28"	0.593736327020659	0.158680882253535	0.245037973207079	0.214178625591807	0.0860828254723684	0.291410691605928	0.0805995996086573	0.118687477470003	0.289313999754934	0.173531973537428	0.154248659496433	0.114486726139117	0.384931582208521	0.311071128115229	0.114996277484854	0.214300486448202	0.178829711549682	0.176363692636987	0.644806881432615	0.250213126533155	0.20609624516735	0.166510464993458	0.0317028450409255	0.268470190195151	0.195011130682551	0.307986244157114	0.430856621109938	0.26595281452777	0.154153306528847	0.358862806974605	0.222999050323402	0.236901166747073	0.547453152166568	0.145447601023665	0.308803970371456	0.187478723519207	0.315797346544061	0.19606388872518	0.140875491175451	0.195285882374953	0.205887962723006	0.200172118175443	0.266061389264195	0.156586788594168	0.226405377741983	0.38033547047749	0.322486337674599	0.579036500659298	0.163426188592046	0.398832173219477	0.245029551011275	0.213965568455841	0.238810966634295	0.277913474739609	0.262704207266549	0.206760437656546	0.190065530871375	0.130269550470816	0.182132447605311	0.0751658203388933	0.169497057968089	0.215942725024412	0.27330757722728	0.271286853278542	0.165328679281024	0.201322722490379	0.134581168526169	0.142583669041271	0.134581168526169	0.274981412483991	0.206760437656546	0.250055664008889	0.165328679281025	0.117999783094131	0.162518855927243	0.170838940326742	0.180980160930142	0.174605277765501	0.178872045006129	0.174974674846762
"SAMPLE-29"	0.543348587516941	0.227844582543297	0.302129173329663	0.195532686646258	0.207573437806629	0.252274280430367	0.138771369991701	0.163282535041009	0.29868624175156	0.198007113496106	0.181270708548633	0.169561353172422	0.402071531689591	0.338584706833982	0.166933175068941	0.245468784269661	0.276724124282016	0.243696275646928	0.57336355972357	0.28476943678169	0.23827799201941	0.269952286202968	0.0168071980323146	0.380414902827217	0.208412750926155	0.414519386310874	0.385788888134211	0.210975567556406	0.176704174240168	0.40670647846153	0.225628556854435	0.20127993729962	0.547453152166568	0.153964400603675	0.318242797273176	0.165429687641269	0.318689089112828	0.23242596465261	0.209511176493926	0.199851518715015	0.197938835171919	0.227662446159807	0.259783261265544	0.177580432332994	0.25499758736615	0.385512933871738	0.326935148088426	0.472986328602792	0.271614662022576	0.397369173687631	0.216228297654588	0.202404557236315	0.263150102847587	0.367578396811753	0.248249131112437	0.235275591879059	0.32511143077602	0.178386363510738	0.222557289881751	0.124474057658993	0.200537443257255	0.24379204767876	0.188386217167945	0.251905183408485	0.175497023137866	0.215970409174205	0.167594086442528	0.152683853360894	0.167594086442528	0.243576822195512	0.23527559187906	0.22891795389012	0.175497023137866	0.163721243378212	0.266069541440128	0.214653839166434	0.167816978242686	0.186103869896813	0.16797017763374	0.146524794093599
"SAMPLE-30"	0.398956427360013	0.328604925927372	0.442896914136218	0.214569776861556	0.380275944348982	0.133028520760713	0.288866144227258	0.243036189449692	0.276924694730407	0.340429948504304	0.194999074653255	0.211577988436631	0.345102977677802	0.273650951429441	0.244343430436263	0.219637626691998	0.362098577345231	0.34262533671272	0.343734874151339	0.447682654658882	0.218047893254328	0.309776140061577	0.152916878484225	0.560563755251908	0.236063143787498	0.490938893096249	0.267791714449444	0.258624433844058	0.22949796025799	0.371632874925363	0.183370891059507	0.167743692019758	0.547453152166568	0.182003339233823	0.23694907880904	0.270851736624978	0.215167288505604	0.278667786878638	0.188892588393202	0.12250947427734	0.433274234023898	0.250045470081316	0.270464326014084	0.248097106533494	0.41112132243084	0.274889843939972	0.306525411110891	0.210446518286172	0.353525662445484	0.243991832507008	0.29804539313113	0.176164699486373	0.299446413095712	0.283468562174257	0.273377533353352	0.244158947003025	0.314502151374571	0.216000270353002	0.245067787612402	0.207653574082979	0.207315705319247	0.211128384412236	0.124201549954163	0.247559237656117	0.188818705954422	0.246268965737367	0.173604075587443	0.17579420140124	0.173604075587443	0.296356910533805	0.244158947003024	0.289848554193516	0.188818705954422	0.217311700236628	0.306592585208537	0.244062420542565	0.148197662741689	0.264920432061803	0.174750707774851	0.169556330684824
"SAMPLE-31"	0.203915446449048	0.149171732975861	0.235071957781533	0.132033489511409	0.138804191702701	0.104636639518733	0.150318771956987	0.10472052025695	0.25452975942464	0.170488287122441	0.109964898303233	0.0901302161020156	0.273582787817508	0.179565401780085	0.181432160331205	0.110118758637403	0.171523880604355	0.0915612945929144	0.139553180667311	0.340825957137772	0.096924513089438	0.258072905742901	0.0209846829190884	0.153900952610078	0.197604423266448	0.192691279090321	0.183641377119845	0.13189966809681	0.0781715548424491	0.138928939163252	0.0907308904765865	0.0780560586891461	0.547453152166568	0.0615799103082263	0.133213936109085	0.119250634719821	0.177145648091092	0.158158031936312	0.0688480758293711	0.0927063613556245	0.230992834938199	0.169969726492082	0.157358992806558	0.177827984951958	0.197092508178406	0.163640360386057	0.0746752478703195	0.185444743404095	0.178729684381846	0.190436754480681	0.155077136878466	0.0944793658140221	0.0763093642537193	0.173151340139224	0.297723751948788	0.171989749137842	0.272467275123762	0.156227636624308	0.171197692516706	0.0980465317697617	0.146735228900346	0.105243539520374	0.108067291855364	0.279028217671036	0.0966105026904094	0.20415474354978	0.105512037137377	0.0903210482773294	0.105512037137377	0.383823965293754	0.171989749137842	0.345721077532637	0.0966105026904094	0.162350575659258	0.24921808309059	0.117178662726117	0.0980969200545289	0.165005641776579	0.124160255886878	0.0557637063728588
"SAMPLE-32"	0.593049059377189	0.325264732598899	0.474470767215316	0.232761740229047	0.264880626418924	0.364195585609276	0.227842650502396	0.237149281822809	0.476135779405844	0.327427444833301	0.290869054493873	0.209544009919521	0.480754431868192	0.452160826666801	0.230709798663751	0.36751769712373	0.367199336601337	0.338429274255615	0.663130220959182	0.345917932571323	0.353044732774476	0.276874320096381	0.0942465302371455	0.587304975487185	0.220155228568102	0.609113358159037	0.461541255615554	0.342633309475876	0.204991458531907	0.559436534584685	0.348585103622439	0.315867351801792	0.547453152166568	0.239269635344942	0.433175888354691	0.237782484567141	0.409025624764805	0.384737647426283	0.289035281108647	0.282915232791304	0.232696303075355	0.27452255764542	0.324705298409776	0.245833993732087	0.456810922522622	0.463043400415837	0.392602468521807	0.539016962544619	0.331681843292012	0.453916479762638	0.331222125848839	0.29396556555444	0.338120527700215	0.489262081791066	0.458561782693571	0.276717575287548	0.473643383504624	0.226240146895523	0.266533579689855	0.161486014797388	0.200039633802449	0.369863175233418	0.294398684303579	0.451724410589384	0.276190197457497	0.228826821749206	0.259764812404236	0.243808419459192	0.259764812404236	0.506986409246511	0.276717575287548	0.485147576788326	0.276190197457497	0.22075952711915	0.277327027030095	0.332480932420283	0.241258945304718	0.301064247648546	0.255755123217318	0.237601149220929
"SAMPLE-33"	0.386026471655664	0.402742098876117	0.466940979583415	0.30189470502573	0.56630462002121	0.142739724234281	0.347562853662538	0.303000228345923	0.322092579457736	0.349365575194431	0.22876877346794	0.265459821871227	0.368228192641706	0.3072152685493	0.266256450745859	0.264804140925844	0.374619852974625	0.391059640192256	0.384987982324026	0.317451553430496	0.260409240653843	0.240960539510468	0.180991067246324	0.644739819806081	0.248566681218527	0.595298419277825	0.289137293736688	0.270332976161275	0.183247635593141	0.451178173071472	0.202078368570132	0.165227309727857	0.547453152166568	0.204589676121437	0.277357956758261	0.253955616962035	0.22767305694963	0.35445196977664	0.272400673544324	0.13294218227557	0.292033050390472	0.278636940473791	0.330901129098805	0.274063523467177	0.422753119436136	0.285628805907716	0.352506297529317	0.21841610787134	0.367457317378283	0.261737966352083	0.368103033628426	0.1867050295762	0.352989060153953	0.299309063415189	0.346369985334102	0.269724982200814	0.402233002298433	0.237383177721572	0.271457391099022	0.290817537851547	0.262275178827346	0.255139244805763	0.141979258243076	0.307143207164271	0.202805460756959	0.259993007419429	0.199874027472769	0.193376223695945	0.199874027472769	0.390564555193136	0.269724982200814	0.387001661825559	0.202805460756959	0.236605293126283	0.238842671761361	0.296556171039233	0.166891122057958	0.290529716627133	0.209688322322393	0.154961625159111
"SAMPLE-34"	0.371597061883525	0.312662584127377	0.288358630799475	0.463443606714635	0.325219752036761	0.133098312931139	0.192553353630674	0.232875095537427	0.240142138427687	0.247145572946277	0.173479656451487	0.201688029094548	0.345271666527202	0.273890878016712	0.177496794541465	0.219950730505748	0.340652625535949	0.275556808730619	0.344032636261979	0.310462238023578	0.216692378293018	0.262261172999649	0.0221794947199174	0.414334243334005	0.236154092165149	0.506941043730453	0.268334529540374	0.252072485024591	0.230243338356126	0.371171885811671	0.184428507221816	0.169677746981831	0.547453152166568	0.138154989699629	0.232985555725729	0.249408977453199	0.215258010772224	0.268685627476433	0.213772525243652	0.122584052947393	0.344868200032727	0.232945359883826	0.252544447374586	0.239840257205233	0.310176168053865	0.27627907259826	0.306853416399961	0.210504726340121	0.346511673881479	0.268057556502022	0.288676183493044	0.172307657829487	0.296913174190363	0.243120103377622	0.245480330255024	0.232353621619417	0.500540612456739	0.185633050845713	0.227135628036298	0.215347288139745	0.245851846855113	0.211432788261906	0.119843205370575	0.223563152970274	0.167128655102794	0.246368752338341	0.14533052095088	0.155213711087811	0.14533052095088	0.255112590172141	0.232353621619417	0.250937053814314	0.167128655102794	0.163608535493525	0.258221792109158	0.209051001206369	0.137392302044368	0.238401520109836	0.169142359177946	0.143798253197688
"SAMPLE-35"	0.370693143354931	0.364860213551639	0.338285296858968	0.426445286015877	0.192442202051548	0.325578127002478	0.304661688351589	0.28343944187918	0.356293079812573	0.0573402235421743	0.260736802463425	0.234637453964535	0.430308335050617	0.387383460008042	0.25770813926276	0.351070156301514	0.405586840512355	0.327030117613023	0.362350025737075	0.464433568388218	0.250142309412255	0.281765936155205	0.2325942231471	0.570104898035097	0.0387555266974255	0.564047836407268	0.133199860487832	0.10726110854965	0.228480392011224	0.450643899537038	0.280618525950849	0.174080610587256	0.547453152166568	0.32602831731794	0.303649802650515	0.237133494881073	0.316138026670813	0.350375716971522	0.348916094786852	0.202030841843033	0.183715520450541	0.257058921390998	0.297538210309982	0.252912327287612	0.337326190639493	0.0775101881641687	0.309675867782946	0.231143187887151	0.385148438004297	0.287116251317003	0.343947223766274	0.228660885919491	0.311873899791968	0.241445420025085	0.311904224085721	0.254701425516892	0.492756339393614	0.243198764749275	0.260042289513415	0.260876330537612	0.0810250688974844	0.353756247006799	0.0665414235529048	0.296383311430867	0.247123713136058	0.0453552594718204	0.133777702276795	0.0616849807131422	0.133777702276795	0.254254617482087	0.254701425516892	0.31031472360795	0.247123713136058	0.0954622420451179	0.281192750754003	0.297543721481837	0.31005336221507	0.272657356229417	0.293958575930872	0.199824786318213
"SAMPLE-36"	0.335213959758435	0.162747355712016	0.140277802050417	0.333843774433018	0.04455899137742	0.270758034473661	0.127010248782192	0.213554656418313	0.337234950613251	0.0423927811231232	0.223779696762354	0.186027701254521	0.455383442587066	0.416154527150371	0.146842174638928	0.319711542926923	0.361459988720655	0.183244441511687	0.316362009742329	0.227030181223578	0.313136546977872	0.258388942194242	0.198544131688579	0.273431908697686	0.219894926591386	0.368444961679662	0.121934164557081	0.0995005621252529	0.194722686207358	0.389501902572795	0.308213263728625	0.2012594596587	0.547453152166568	0.126468662532491	0.292380885127019	0.198271756985043	0.373850126906186	0.309942499139742	0.293498148668057	0.25004302370831	0.125850825435532	0.198144981465803	0.325161472025904	0.208041275790305	0.246017377823288	0.101703394071145	0.250203050930691	0.233637590036674	0.342461066758754	0.252833501342153	0.353067307573599	0.225443161285313	0.253055332378644	0.315062944226076	0.293247310186974	0.204468710216553	0.369772362402423	0.177527880009045	0.200183056195473	0.138990139844252	0.0680276418900861	0.316305438081193	0.0201981782508055	0.295374010883313	0.214968449182386	0.22854163556911	0.192587403842391	0.0416501031853569	0.192587403842391	0.226259623778146	0.204468710216553	0.272060143163026	0.214968449182386	0.138249789066067	0.257258282890346	0.209998712447769	0.158262524773094	0.230875466927388	0.175555521468497	0.171540229149598
"SAMPLE-37"	0.335089675254971	0.177354117787922	0.248789853472501	0.15227675692667	0.193873162697677	0.117953249348019	0.180365449827992	0.159332318558202	0.291691172142722	0.205322229337979	0.144824281821036	0.140239887001049	0.307834117845518	0.222619890597335	0.169565820159311	0.156727572876748	0.215468855492687	0.250475384022626	0.279558126943785	0.243348816710024	0.131573274422932	0.126368580519743	0.124673672170056	0.37189336946233	0.216022125264429	0.369962259078606	0.219878324673927	0.186242791297951	0.093259970907399	0.259237554298501	0.12453689831986	0.104729264451073	0.547453152166568	0.0663925277967151	0.179829732462822	0.144140168775486	0.19526663875112	0.233134966715774	0.111817829317502	0.106545707275903	0.186241707811303	0.192213216069132	0.223290234517193	0.229293278701963	0.365904259151623	0.173879611879459	0.237390900386119	0.197522326153794	0.19375594402934	0.199110679980508	0.219326055988051	0.122379801986933	0.237245920941052	0.162922788725381	0.361491026107704	0.184851305951292	0.239027984465611	0.147222668085546	0.175309725891047	0.136487176451641	0.183425019579365	0.150161522312436	0.126289835536933	0.329540381536154	0.124384318882344	0.224299574883033	0.128489654563767	0.118472507142088	0.128489654563767	0.45700026011267	0.184851305951292	0.427330693536995	0.124384318882344	0.150667590328041	0.122695412496227	0.162608903492488	0.117912724769908	0.209459522231382	0.159999531497294	0.0654403769911245
"SAMPLE-38"	0.280230066995744	0.0613813687525344	0.141534502322239	0.130171906176417	0.136554557135063	0.104275606049247	0.145854086963028	0.103386289605757	0.253316698079175	0.0901006083441436	0.10897639662807	0.084387976626283	0.27263766765697	0.178434100341913	0.158693142684737	0.108982570705399	0.107029843901355	0.204724295055066	0.222861596889255	0.122728447493956	0.0398725604345372	0.0755305255791733	0.107451273617882	0.279319935966164	0.0243202545567425	0.247577527955151	0.1826753220507	0.121906327169064	0.0159460696841128	0.167965007306515	0.089896678394385	0.0773924107479418	0.547453152166568	0.0117467914539694	0.134618496480962	0.0593251725673125	0.176646725321946	0.156331624049277	0.0678128503977697	0.0923348860271403	0.0978130258730969	0.159931110485066	0.146649869093903	0.176497090608645	0.210987223918307	0.129926081622644	0.179383792053266	0.185107446888204	0.0996313186516623	0.165716753290977	0.145192778885582	0.094153411724034	0.174350118428483	0.123809139947638	0.295994779301155	0.155264922220792	0.150862795919321	0.128788405670105	0.147291277981071	0.092837821313019	0.14578008936872	0.104151252827544	0.107581181248068	0.277653379662242	0.0957890679738454	0.0284659962586777	0.0509160066736429	0.0895090129168735	0.0509160066736429	0.381788046029832	0.155264922220791	0.343488856068627	0.0957890679738455	0.0480960085706344	0.0717845552388276	0.115881593193305	0.0975094253368775	0.138373240815508	0.12324338234377	0.0213997000418948
"SAMPLE-39"	0.67488122728772	0.127384056951167	0.331824813039477	0.656179370542803	0.597187535153975	0.255869394491295	0.331544167925294	0.402137182851035	0.324515320084224	0.230772549453482	0.278445237387746	0.371648858429165	0.406716297856645	0.365681949811134	0.24989791780265	0.382853158079252	0.595810393610285	0.417358281201555	0.733785936026557	0.783331974162812	0.146267897858732	0.533714961880056	0.326729017062236	0.750909426264463	0.0226593749139038	0.756226644031561	0.511260115586444	0.46820760244937	0.0349127382809926	0.660497340569444	0.299448882804961	0.288402497880933	0.547453152166568	0.0710685638943826	0.448874893369463	0.31315837660461	0.248859350988077	0.449280360575396	0.403565015630259	0.151306730595271	0.699996768862866	0.373129112222721	0.423249885791977	0.309021870227922	0.666928585308073	0.495833254822122	0.569136682190142	0.475215068806048	0.596879169327419	0.46738390653062	0.475561483932912	0.302190485980207	0.505074392248445	0.364883721176568	0.363709145108444	0.370056021117294	0.522854013966088	0.265504561079459	0.358264653550897	0.347680688360187	0.343438350886064	0.381559462909975	0.434155786687892	0.316557564672524	0.273646533183239	0.0279150574708958	0.0963001332759281	0.266433185744859	0.0963001332759282	0.390651375849529	0.370056021117294	0.400460156399734	0.273646533183239	0.0719904007662676	0.536336238301475	0.40847189670362	0.332772340922309	0.430679782492882	0.369590783163446	0.100672082955542
"SAMPLE-40"	0.427523220747976	0.452700014375365	0.5855312555821	0.482362842878969	0.730245112277066	0.265176168426514	0.448880801806219	0.464927732695481	0.44083436569663	0.421809127565386	0.394527793526022	0.417026355549115	0.502118340687369	0.500762166544399	0.319847848388304	0.480477289430449	0.531076602064584	0.440142017522878	0.473488301500558	0.414680291716128	0.393329072346248	0.357696999849068	0.294736848947574	0.764695236946198	0.0669656714166981	0.754012435741835	0.37943200789195	0.471303826002436	0.311021835910444	0.653455630283742	0.446518927758861	0.42356796770263	0.547453152166568	0.26894993163936	0.438478394169712	0.421607491066306	0.368468255529477	0.533663179717511	0.550489215334546	0.253404904690627	0.502821442688392	0.33553742907289	0.470712604675795	0.352710221843243	0.507848542543295	0.400336208474111	0.432261085529919	0.255258946425731	0.499126521114367	0.34557136664965	0.522708655712704	0.359477883921284	0.447049804012925	0.427232942066857	0.406092419813199	0.326169440216348	0.647120923479646	0.308958338930678	0.335379589206143	0.391861480784467	0.32258664942577	0.473599061101816	0.177948119018242	0.372684049174979	0.396020668918275	0.0772660031249873	0.221788895987055	0.361223334456165	0.221788895987055	0.405469813657897	0.326169440216347	0.418687022546892	0.396020668918275	0.147883430031766	0.36325687799026	0.460578978916365	0.243603794225895	0.437904285411042	0.279593785243859	0.358030679704163
"SAMPLE-41"	0.166622349779834	0.277803198756429	0.377582806807217	0.547504386142617	0.546919203100057	0.264529005279378	0.2812505177801	0.445930508574879	0.401082188004472	0.419817610864649	0.35688204778625	0.399819102577293	0.501618652358447	0.500045257304594	0.216940725006272	0.479771609428504	0.48022006654217	0.0861529749942141	0.244461136682499	0.280427394901743	0.451718815325424	0.309888817539128	0.0752657053076982	0.277888895067758	0.269604383669998	0.443656977472888	0.382402624261667	0.511582209503925	0.311435533853906	0.548123998030098	0.455924182313346	0.445746619991284	0.547453152166568	0.193573416173396	0.432680535604933	0.422574756760155	0.367786670535923	0.532889414625104	0.538543914557828	0.252774710364908	0.439219965056033	0.308459710932961	0.45372758835306	0.352425816321388	0.15729061460433	0.392024903918934	0.113994516395863	0.255132974804793	0.466758929586125	0.347277946942128	0.52027443429885	0.35984226756502	0.131206610633694	0.346715527503123	0.404953534400489	0.307029597819194	0.632274273887397	0.257777479132902	0.306090067893569	0.344042567701699	0.34462070081955	0.472865271153664	0.177673878572874	0.371569592302059	0.359313250735367	0.283100472443226	0.273920118067052	0.327327668199054	0.273920118067052	0.404093837130888	0.307029597819194	0.417338074959079	0.359313250735367	0.202093762378264	0.313678573568445	0.396184516793342	0.222678661821713	0.423398445971083	0.279225724525702	0.322392834355613
"SAMPLE-42"	0.259342392568273	0.292929379483023	0.323211157164611	0.235351627696523	0.249120162587916	0.129755779098153	0.210885346929684	0.218648202383001	0.250600917444539	0.236972975569539	0.16835882668153	0.195858473233779	0.337152460521208	0.262429900096336	0.177980199954726	0.205164341136718	0.287147309671556	0.163876614535616	0.238963352092421	0.336179327408248	0.204541196286679	0.166664481051225	0.144100642413926	0.310726063151541	0.231779997843472	0.340207056745772	0.252695949468699	0.197477910872637	0.214503837347044	0.304420172321827	0.159251138379405	0.131853550142523	0.547453152166568	0.150677406633472	0.225752061457111	0.20275454810425	0.210898905199967	0.25535933893004	0.162093777235373	0.119019009309027	0.263454662306063	0.220718029476417	0.255703268699498	0.233010299052945	0.209345189213399	0.259199481537612	0.158293289797737	0.207701004424441	0.255040219788739	0.23786015552151	0.290541822742928	0.149831279618714	0.158211527992018	0.26945732007519	0.252379954182587	0.210876148868912	0.342162420484219	0.162914602910124	0.199943491918938	0.193651466694295	0.196859860631294	0.197067751913659	0.118779958724456	0.230499445140648	0.151544186692375	0.241570364368391	0.149998367845048	0.141491447712453	0.149998367845048	0.269872362693516	0.210876148868911	0.262468418270826	0.151544186692375	0.15913927835175	0.164066281426927	0.208823731777936	0.136345752310945	0.220290076522298	0.16407876511016	0.116145937175043
"SAMPLE-43"	0.398946455298477	0.435111935291192	0.579416264291149	0.612874971275501	0.803111411970549	0.195327278228125	0.448817160703407	0.414537036456607	0.350516386772302	0.522572274124327	0.303180135161904	0.36410589787396	0.406716297856645	0.365681949811134	0.282372521293825	0.362736599018897	0.35331397081362	0.430359665940449	0.454752687707315	0.346342726528533	0.332145686143241	0.15678830646387	0.225793981738889	0.761963227695748	0.269604383669998	0.760609387117031	0.349761683185614	0.455354613550089	0.302318750394409	0.560661454007427	0.300999621361913	0.291840946296188	0.547453152166568	0.302546124361657	0.342991222638276	0.401484782289136	0.248859350988077	0.450768614556848	0.451284794132771	0.151306730595271	0.423931318749965	0.318935429014955	0.466943905509016	0.351735764710787	0.434895817114392	0.44106612481201	0.432261085529919	0.231696067140907	0.314040493505598	0.330617235937332	0.526737557533847	0.27649727918353	0.436267433686928	0.444636144130865	0.367612801519938	0.297717311865901	0.665626369408003	0.246400549490447	0.292962266017484	0.422552206336526	0.354772917092839	0.355458199546974	0.240586788934384	0.319905362248619	0.303667971094948	0.283100472443226	0.248194265726332	0.28888924222115	0.248194265726332	0.39635440280909	0.2977173118659	0.405958383360956	0.303667971094948	0.248183839732634	0.157162627988628	0.393094561093721	0.256340353056776	0.379865807498564	0.297567224792436	0.287669517924436
"SAMPLE-44"	0.401461549580334	0.416271096851719	0.413434249068585	0.495730006388133	0.415239892253465	0.176493287194014	0.278058133680521	0.231766469419462	0.268209524991312	0.1908612755977	0.18326167537209	0.229130527086528	0.340437497769171	0.267045437977794	0.217832556211982	0.225880384395905	0.255124393184197	0.333032140746824	0.335521531352609	0.584138426858933	0.169908419303463	0.223980748681287	0.167637894272254	0.542652171743452	0.0495856524152582	0.469342726104224	0.256470365160975	0.194344941715511	0.124351996415174	0.355981408881338	0.163483560156788	0.135152308603397	0.547453152166568	0.246206975656505	0.231598617741118	0.223228896958726	0.212660798255361	0.2644332286182	0.194118664701682	0.120455427857781	0.352885536977323	0.234736061626659	0.301595082463813	0.206693175059949	0.408435785435091	0.213737673378337	0.297502015532746	0.20883594106445	0.220519438096318	0.232110966939846	0.299681388811814	0.156298585168612	0.289050832007051	0.21288294337841	0.259758719095446	0.222523184892188	0.29795235252564	0.183765095029348	0.215458841156272	0.239480765676574	0.216376245573032	0.221706317907757	0.226971946994535	0.236441745007833	0.166587805870261	0.0570580856295915	0.0999757839165216	0.155477429102138	0.0999757839165216	0.278894169199232	0.222523184892187	0.271943770575809	0.166587805870261	0.0876086925468305	0.221826374779501	0.234093055442432	0.209795060235564	0.242502230960413	0.219897506206617	0.13095594355265
"SAMPLE-45"	0.313685484101705	0.17071967766362	0.312089724353241	0.132364939662567	0.182159800569255	0.145672129744911	0.142558108196273	0.0932897022972205	0.17737773505632	0.224438653023418	0.0999810779262135	0.0844651351694458	0.265185282299878	0.169624623449543	0.180718784312312	0.109875458486565	0.182598579112495	0.170336538977867	0.211467507830588	0.370024860589777	0.107100605602414	0.246031975166812	0.0816694875842118	0.253428595287361	0.193072956385609	0.206522746727618	0.185904143818845	0.155730624053681	0.142958014991335	0.140352407818388	0.102561838066546	0.115134499972471	0.547453152166568	0.173477526465139	0.121903527662069	0.175198269025829	0.172713332708397	0.109513997304812	0.0741490635249868	0.0894243974782082	0.32639927379515	0.163898384202549	0.130085594995473	0.132651111902773	0.160947115925213	0.124919032798087	0.168137535757455	0.18243859175458	0.199401294418449	0.169385498004872	0.130114769111078	0.111913654080331	0.151870315146229	0.095265084864983	0.14522127026255	0.168601803928855	0.154867303839538	0.157585919055866	0.169825459747177	0.114067172393288	0.145382116758317	0.107950946328992	0.182203228081813	0.144183238663305	0.11365480308218	0.199206942192285	0.0987899540691519	0.0998375467575526	0.0987899540691519	0.148860762884197	0.168601803928855	0.133866706548716	0.11365480308218	0.1625384203354	0.235990789483004	0.1059927189062	0.148354249410979	0.127254886864741	0.13326167282367	0.139000589728472
"SAMPLE-46"	0.382680111714968	0.371874235662685	0.430421394666623	0.288192652933843	0.371364825116309	0.132138667876715	0.280205778255151	0.237796577311887	0.308034291931165	0.255173165554	0.195382501716751	0.235111631867703	0.342949041659723	0.270594072681056	0.220158320004391	0.215661556339527	0.214284869982508	0.338187587048831	0.339937641291193	0.370490816786924	0.194015860286496	0.181253850292908	0.155301410485393	0.552325622323456	0.101307489195573	0.532618318607063	0.262871622065013	0.251076697759999	0.162155215011786	0.366852078475069	0.174759460745777	0.153586618503969	0.547453152166568	0.179968647266514	0.23302201146724	0.254787726681652	0.214009475856274	0.297997529476876	0.183948183345794	0.121559114966576	0.330002815886471	0.237739503429501	0.325690463450087	0.244111027649328	0.439202216905944	0.224131675904908	0.302347836393047	0.209703128083774	0.188491599276492	0.245479705609914	0.314224445367557	0.167336014609241	0.301649216907407	0.215392302468616	0.342291973761734	0.225208585905267	0.394952923525627	0.185977413498851	0.218206765366459	0.232710044659714	0.214474486899788	0.207263630270348	0.133904242018809	0.307318715460407	0.179233874181865	0.111610073186267	0.128056634017573	0.169666200143711	0.128056634017573	0.401863788346809	0.225208585905267	0.388676902745343	0.179233874181865	0.12563849711404	0.178979601601085	0.239432454941048	0.146520538865218	0.271947146109131	0.186250871983988	0.152731494976809
"SAMPLE-47"	0.610600389225493	0.514457892547358	0.624885058454249	0.520139518319276	0.760876486206126	0.191671853381407	0.45354618777069	0.414537036456607	0.343320446671025	0.420604396476521	0.300639852142928	0.355033300202317	0.406716297856645	0.365681949811134	0.329598848818713	0.361399568534826	0.54062293427903	0.516479781456368	0.685889582479782	0.558494497811626	0.29311323685897	0.446104140678183	0.275854061856645	0.822735798962122	0.100191633185078	0.803978995596096	0.477950512259572	0.462565202780258	0.313014140448758	0.65802562502566	0.297347556302518	0.283765796169913	0.547453152166568	0.296751803906401	0.418250338228697	0.422063121571373	0.248859350988077	0.444907077174369	0.429291364405634	0.151306730595271	0.599882399079466	0.384804181003177	0.393473110345586	0.346983600618663	0.575563095640951	0.447465613256063	0.542637558139841	0.422264380416747	0.551928638639033	0.459645889156004	0.462669175378839	0.298441521313803	0.490357666815254	0.360850007654931	0.352329255860482	0.37822818051892	0.645703346260033	0.309081980697078	0.379182364799612	0.431976497850762	0.339968521884052	0.353730887357641	0.247977895263865	0.306818359719692	0.299359878474914	0.112628720265913	0.179931173585095	0.288905514362651	0.179931173585095	0.37404981784192	0.37822818051892	0.384433004187527	0.299359878474914	0.194148582151625	0.447391218335997	0.440415382433235	0.250636459631452	0.402510400394187	0.289151458256029	0.277589077818077
"SAMPLE-48"	0.457515402416149	0.354087783169737	0.342019081085339	0.485508387305595	0.455910739029986	0.238873000325654	0.285172614349647	0.397751695378383	0.316631641822734	0.226499686202425	0.259726294108201	0.360551867228089	0.406716297856645	0.365681949811134	0.209398258026358	0.37753539363895	0.540724854700619	0.381113325274453	0.454752687707315	0.71108337437032	0.290815359405102	0.399548358237962	0.247201930072247	0.612155258829126	0.0915989848300589	0.667732377297047	0.336374696499749	0.330251448383331	0.301316917790349	0.579351022969033	0.263614455046428	0.213445384739886	0.547453152166568	0.283901137502305	0.350437479716874	0.342040935675997	0.248859350988077	0.44971431634762	0.364798767006482	0.151306730595271	0.500966653584056	0.302754878414534	0.409299259517808	0.350879662201571	0.591552729507446	0.342234392723176	0.432261085529919	0.231696067140907	0.518279860916908	0.304914373573181	0.472963955921625	0.228665446361562	0.435991576105052	0.312672797069841	0.364845817664759	0.294936848339435	0.523920067552572	0.227706489481858	0.288302258113299	0.304273403836562	0.311820019001704	0.374640817023982	0.355013753076575	0.31753200617097	0.225573990618587	0.103577989529586	0.141291969565927	0.21781680991116	0.141291969565927	0.392311651604325	0.294936848339434	0.402061189586097	0.225573990618587	0.109590844885617	0.402061285787967	0.33723230146775	0.30128189761299	0.386815292284485	0.349997375989308	0.156129085235415
"SAMPLE-49"	0.364809316386473	0.240902422742551	0.349284461401819	0.175792667626256	0.310026974185473	0.117669010625402	0.213412913579111	0.160274691139872	0.226875880294545	0.163562918249993	0.139138839227943	0.131690680221501	0.307115770715118	0.221677280791431	0.206209941571967	0.151674491782591	0.260709332115713	0.248764525594576	0.278358210905075	0.386421152135344	0.135273570526107	0.260288733286762	0.0468914026691336	0.410580519784142	0.0699306778913193	0.360470481932765	0.219094472277383	0.142612081035957	0.177235290971328	0.228793570238961	0.123754542297282	0.104115746117052	0.547453152166568	0.147840348289578	0.177268829231043	0.168089954568091	0.194885373218599	0.185883927268123	0.132879302077747	0.106247624977101	0.282137228082461	0.204277592119112	0.229053385982533	0.188061073372598	0.291638094547154	0.229030179265364	0.236130818356793	0.197271466011805	0.256446230206264	0.209684391182621	0.257716407759914	0.122818840593784	0.222994308769659	0.255762066620547	0.206082421603403	0.201716217666667	0.263589904396201	0.178261962882209	0.200222065258104	0.178652849374524	0.185850430683792	0.149110812642659	0.103706293503789	0.193923898657531	0.128730634316271	0.0779114861562228	0.091163160400514	0.117983363697746	0.091163160400514	0.217985024392892	0.201716217666667	0.205785638782067	0.128730634316271	0.103777440074882	0.25438382774039	0.169613220294822	0.120176852421311	0.17618849831589	0.132483795892738	0.105403340918288
"SAMPLE-50"	0.360189513852871	0.223131173448535	0.382104533510659	0.26744321863919	0.372793206495966	0.263721906450938	0.250005910940945	0.222525662093089	0.323711841775944	0.273421546072894	0.229726272565156	0.192648335627979	0.411149045449464	0.356204543742523	0.23722714401481	0.287315508326396	0.375889561536041	0.295025188540145	0.318731193022099	0.404503257764974	0.203695510904326	0.31009523205738	0.20211924054037	0.471419023312454	0.0760159314049144	0.426216641945468	0.229689271025974	0.229685696559723	0.143530272135956	0.378983435117075	0.271914335544099	0.252800576879421	0.547453152166568	0.156535123797233	0.267167319612341	0.231312775979287	0.309621590632574	0.281592531034132	0.283490244394851	0.194550147714478	0.365511601234182	0.228126292507317	0.299629717006753	0.211042098365893	0.289173501293177	0.196602301279378	0.261741332477305	0.223806252125767	0.363738315309493	0.241720002682774	0.308466114724391	0.22797205986063	0.259143398640348	0.251147444539029	0.263018814324798	0.229704219599139	0.325632765440825	0.224614990008192	0.235214868566695	0.205516141004425	0.177877207537884	0.286049796345003	0.146772913514304	0.257662933990849	0.243061830381833	0.0846716290010553	0.147203860565596	0.210292866272005	0.147203860565596	0.244247894805518	0.229704219599139	0.24861476029335	0.243061830381833	0.124882755712828	0.307944967379804	0.243225202260718	0.218038518846165	0.247506593311123	0.208930293362139	0.194269959289443
"SAMPLE-51"	0.413698154002237	0.189225705895431	0.388790505532599	0.394343697475259	0.557742183198537	0.241143068971607	0.31805918143208	0.259794103418293	0.272462708126096	0.367143285916379	0.204297623016807	0.21840610377307	0.351829381570322	0.283275755727969	0.275814779142754	0.259864514856521	0.45035838337896	0.311105162316649	0.355648143336651	0.710657173268097	0.180472104628275	0.467062287671128	0.205177931626959	0.585904961012232	0.239692288810915	0.576962323296601	0.277474673808771	0.277863595531843	0.0783504840087698	0.354737489704382	0.19724699471216	0.184935878873938	0.547453152166568	0.188381018321773	0.251431718390848	0.243915425167848	0.218790200544883	0.286639227888977	0.253418018555835	0.125500304930459	0.522305155310427	0.268901515604279	0.267300737671738	0.229164972597125	0.426183865111954	0.251903544509081	0.3196949749709	0.212766396690742	0.470168901842134	0.272484076210363	0.302676510825496	0.190452348281077	0.311079407887616	0.231903185658911	0.258070265182906	0.270112976849621	0.509179160999818	0.255297272838979	0.280686577814291	0.287513629384247	0.255444279687241	0.265265056486511	0.392811549060028	0.233565574054426	0.203052435708253	0.250251277245113	0.18102926741442	0.188270160818908	0.18102926741442	0.269789043008462	0.270112976849621	0.26675773445257	0.203052435708253	0.248317568167977	0.4636367244308	0.258816614053582	0.309719676020419	0.278611364350106	0.295379449174296	0.125091066023267
"SAMPLE-52"	0.429056765603273	0.444507001681728	0.597600366528404	0.520077658021689	0.754879650218179	0.329455883088028	0.448803301155571	0.467225088940603	0.450574323908345	0.57728555342239	0.404109376763978	0.412051287451684	0.506470026650174	0.507005545598326	0.311634440381702	0.497850617768383	0.556821242443672	0.450047389192555	0.474335351712379	0.509282540663136	0.458869826828066	0.327393968364156	0.299145239992729	0.764817924678684	0.269604383669998	0.719867206403987	0.385008856210466	0.526658509048288	0.318027971178609	0.645526090805817	0.467306825310304	0.460933386793221	0.547453152166568	0.33968118223424	0.442953979830357	0.458139286333186	0.374426403553227	0.541533233106777	0.564928160557098	0.258937242892649	0.546578110992959	0.331960453512624	0.466252968726601	0.356118097647978	0.522128928231371	0.411489977558329	0.432261085529919	0.256357807894038	0.509033259859925	0.323480542062859	0.530109452958908	0.378659751449377	0.448622944539662	0.427843618171529	0.419173216521834	0.319983134013247	0.524125605007928	0.298236777532022	0.326075683987053	0.425499258699351	0.330887790280519	0.502509681557007	0.287950163098749	0.385228453306787	0.416166039145502	0.283100472443226	0.336602654249943	0.37924074535799	0.336602654249943	0.421951185556863	0.319983134013246	0.434760441917429	0.416166039145502	0.277781268757098	0.333210790093643	0.463676173840523	0.318214540518394	0.456400620133615	0.340225780875385	0.398671326798898
"SAMPLE-53"	0.474741947719099	0.281841818964632	0.417209545951387	0.210365498269613	0.282776712869676	0.118038273044741	0.210449795648562	0.162055289816885	0.226418210706823	0.276245212754659	0.144937100035157	0.128575657609199	0.308048884915353	0.222902023215548	0.188699909689104	0.157053699352677	0.243863014260304	0.296971731708835	0.457511147207824	0.27703270230406	0.160482723053445	0.138971116459564	0.0299378930133586	0.488183474666139	0.216137465206808	0.389953849402315	0.312053784789487	0.215087626699176	0.189159067635291	0.310043037453888	0.139743152890546	0.136056123160322	0.547453152166568	0.148635945027105	0.221153040496753	0.204288255783262	0.195380640721988	0.186844844165977	0.126911739653402	0.106634893824288	0.286677532830702	0.223536128143955	0.173432183864263	0.18848967696895	0.261567319222752	0.315065885843828	0.308320241408482	0.334259073365654	0.21840697958851	0.280635329529784	0.206999283056514	0.15378369910734	0.257347626329566	0.287078762998657	0.204428293581998	0.214412819436289	0.203544531063313	0.156365032542522	0.198990515817531	0.141325954667724	0.180494595324655	0.150476572721853	0.112148988288879	0.192367440281243	0.148023877835246	0.22442588510753	0.135869556477466	0.136519061845741	0.135869556477466	0.215051707177819	0.214412819436288	0.203341464577723	0.148023877835246	0.172217165973442	0.135181218047978	0.194664723942028	0.120826237590958	0.181011136129064	0.132811769102903	0.146946187836525
"SAMPLE-54"	0.535409669054109	0.196802131341437	0.385622385068003	0.194039577884297	0.260469659079252	0.23522058178091	0.167701364663711	0.14720403468056	0.300984317073029	0.235479665473577	0.184924916391969	0.121172794895918	0.406227014325529	0.341294149418704	0.19425089033769	0.228828379349335	0.299958150183591	0.226551617103648	0.554400199050454	0.228045447096553	0.229630539679786	0.231490487384943	0.177688710879174	0.424096505562051	0.200763462157987	0.333866974530815	0.375229691636834	0.186978592712448	0.155677980474391	0.356808245418113	0.226862299129684	0.205649079498084	0.547453152166568	0.146710863395892	0.302686444669939	0.146740046447284	0.335684223802364	0.202532620664394	0.201838613793641	0.212979735748254	0.176882180071991	0.221197166092877	0.180156596902839	0.15333094244871	0.20308175296029	0.263237378765826	0.298899876372582	0.478667032911757	0.281334673260354	0.345677628236983	0.185708543184463	0.203240494877431	0.234405216801942	0.234547094509647	0.209109038903022	0.225862452852473	0.178660012952724	0.184104923614296	0.215810019991254	0.128653512564369	0.177324447209101	0.225728042070198	0.127096102208839	0.220574129563097	0.187182025556476	0.207606208819751	0.18507192730366	0.15808481574476	0.18507192730366	0.19058432821183	0.225862452852473	0.177389333726013	0.187182025556476	0.185479827764996	0.22785330887061	0.218728845018427	0.140264361857887	0.161288436584995	0.130074737361652	0.165998369321039
"SAMPLE-55"	0.204504010098629	0.221362539928364	0.210971058758247	0.146970361518203	0.0901952613643468	0.11025037731264	0.110598069263471	0.121374466730649	0.208045828239971	0.105515290845619	0.110538391394799	0.112373582386878	0.288168308961872	0.197417917640481	0.123925363526973	0.125549731780593	0.191189613879431	0.0800901578431475	0.153983168915316	0.316827432618657	0.113894935517502	0.150121880388951	0.034079471258341	0.120896837865889	0.0609321066464929	0.174535858958317	0.202150725302841	0.146094031014623	0.164962378390529	0.155150034890392	0.110525435509537	0.101482037296644	0.547453152166568	0.102618480347036	0.153609573810778	0.16724875639274	0.184850468762627	0.160953234681139	0.078468984741584	0.0985083969675048	0.252080558534624	0.162688007087276	0.174013167531387	0.173840159294652	0.140885801678049	0.163808609025198	0.0839927586281823	0.190619958202539	0.170401085537034	0.197404985269498	0.177173922382612	0.110740956360026	0.0831753541305105	0.140002779555285	0.221085429848431	0.158935884800633	0.25954918754607	0.117466380600581	0.146336855869128	0.09163940481974	0.150007713571465	0.123089310360781	0.101284859867429	0.209406624654606	0.104187972295445	0.0679938476591392	0.0647758096420591	0.0956563163231112	0.0647758096420591	0.251486022359976	0.158935884800633	0.230895212790891	0.104187972295445	0.0589983688197347	0.145341029046744	0.118754837088236	0.100168330450127	0.162948988048288	0.122215135627456	0.0925169426540564
"SAMPLE-56"	0.128540525894737	0.329770365503197	0.420981920421261	0.522908283671801	0.598822238920633	0.388647475729092	0.318866516160689	0.348425955720031	0.422454535692644	0.17641044700892	0.345066019827624	0.31825124683663	0.492624267948627	0.478829007938819	0.268983618072264	0.438229173606339	0.549814469866826	0.0494083713630297	0.149376191762245	0.62305399273963	0.353204422866288	0.456012829938055	0.147870054413051	0.201562132178457	0.0735182420087817	0.283753667035287	0.343713742255413	0.472652708020613	0.260406487246021	0.370819629967078	0.442894036472084	0.467338905508466	0.547453152166568	0.324916781530149	0.384542959811197	0.43481608820016	0.387422275428439	0.443398450515934	0.471478687935735	0.26718087419583	0.52191507078852	0.279288005308631	0.398827858698661	0.285198678496853	0.128949126706665	0.347222828110355	0.0483717775659135	0.248147474119063	0.523193831399861	0.30552440871029	0.423474602698955	0.354657508914178	0.0575507957664868	0.341633976544121	0.37293756074616	0.280360371042709	0.53869249727594	0.275082172733271	0.289852129954866	0.308634790011644	0.288226653169776	0.453364103917952	0.352092974202279	0.357068821994598	0.376890788335389	0.0831977373928464	0.199994060260171	0.149033366955019	0.199994060260171	0.369976725990223	0.280360371042709	0.37093825292511	0.376890788335389	0.135220424170531	0.460347518570713	0.358216041402464	0.330484931616266	0.402136982723497	0.323941539144079	0.399625680643829
"SAMPLE-57"	0.560313946818099	0.492062274050104	0.683949884568803	0.436598150816459	0.636156291615238	0.433535748520607	0.437398786808201	0.524788908236844	0.567260297006062	0.6514462991998	0.526398477383349	0.475841490732571	0.613149184842145	0.657386159469572	0.300376226630382	0.63676226809188	0.649974683405482	0.376341662843726	0.695763494980608	0.555260161376144	0.60169543624268	0.353958866626829	0.442628383254836	0.761706283974793	0.269604383669998	0.776002473630029	0.59661323558223	0.669333632458802	0.338948121392307	0.803110774298917	0.662600125416076	0.672255239637938	0.547453152166568	0.298569262677666	0.647759610726546	0.540318603047707	0.530952430320147	0.639313320290514	0.659278695459248	0.419094831398627	0.650783247158841	0.383802347281493	0.543914084644345	0.363635064763929	0.524466380681345	0.680584224280674	0.409011628804708	0.551127689143786	0.546759364200068	0.564655335817832	0.5872453897056	0.552587543967129	0.380824480616012	0.709224981060573	0.486231510387436	0.367083262379873	0.715726669864441	0.297234856462461	0.353364154096444	0.365521362744391	0.296847810772007	0.636475077455182	0.235574941968135	0.469152866379082	0.558944349752767	0.283100472443226	0.446360959858288	0.50492031555548	0.446360959858288	0.463398981247455	0.367083262379872	0.479155080605011	0.558944349752767	0.280240951777818	0.366752681189935	0.601910911207277	0.300958288871472	0.547342782021003	0.323115340987812	0.558459303063843
"SAMPLE-58"	0.766457315646658	0.535056534702274	0.706489041733293	0.688496523017837	0.636156291615238	0.457660241104366	0.434152263685563	0.494928283183296	0.587196272111243	0.623785130451108	0.481261582067239	0.456537875314107	0.558527599963404	0.581349442916686	0.282372521293825	0.58887204314925	0.497613489453741	0.559368774535864	0.864085320926369	0.707264157268368	0.539329810829567	0.286378160668339	0.475615124197219	0.872734630037319	0.269604383669998	0.870411688344224	0.666195011339581	0.706030796187305	0.333034813902311	0.83251853891068	0.569396051296136	0.578155301119256	0.547453152166568	0.408562929854415	0.651831688966991	0.562893005007615	0.448573866486717	0.646667079874317	0.582333995161128	0.331280456364838	0.655463589219949	0.408314703740387	0.559488277916466	0.410309547584848	0.791152966205059	0.724898181390409	0.647575661041617	0.681932174850085	0.384728562590859	0.624175829782856	0.568114609714208	0.511639716801772	0.581809058190061	0.693135864979086	0.618456967784385	0.384589695806368	0.679669713719574	0.265131403793214	0.354461711873857	0.361848200710779	0.323702000628827	0.593972947372998	0.503661532868241	0.579419394870024	0.491186322793586	0.283100472443226	0.388056304891647	0.461385008417927	0.388056304891647	0.674758309291842	0.384589695806367	0.678118176315106	0.491186322793586	0.26913516204944	0.295952884674565	0.596583725997928	0.406256112991495	0.584449392703203	0.449918856400626	0.49092907454432
"SAMPLE-59"	0.339000316491721	0.220647655374366	0.249217167027223	0.19495933890511	0.0212495232441756	0.123233549932607	0.154279854894798	0.180567852487731	0.293964391875806	0.127172850632628	0.15164936274284	0.154293405687246	0.321074670315717	0.240281364999862	0.145641155395195	0.177628448068384	0.223705189390988	0.239883387291355	0.301949591829177	0.228532486591456	0.157729180445722	0.122808113866683	0.137484962789461	0.342017879340143	0.0668108979105558	0.396739471536556	0.0800044479438804	0.0629719690137085	0.19678474552628	0.298947350275762	0.139537297077457	0.071910848161895	0.547453152166568	0.124885110732144	0.198427149036366	0.194564948679333	0.202307718979564	0.266419763605443	0.126409220829687	0.11210331966918	0.186358455197122	0.19666388749881	0.317096676922767	0.250770382683486	0.383342599891008	0.0377500158666274	0.261136927611634	0.202132150710404	0.201364615885912	0.212277937714808	0.319002070826553	0.132469706095712	0.263329111135061	0.136720255696401	0.386505874029975	0.189763867705358	0.278213991519699	0.14018779511398	0.176653829242042	0.150662996067754	0.0410876018532239	0.170373694550834	0.0111908299366395	0.349337635770004	0.127780916202351	0.075003365790428	0.0826898974705767	0.122860194715812	0.0826898974705767	0.391809874415183	0.189763867705358	0.458787247969489	0.127780916202351	0.0695853706169638	0.119666387172658	0.168802089673579	0.121478234612151	0.230446947471286	0.175216741256951	0.0979760041060161
"SAMPLE-60"	0.101837981900863	0.217404872907536	0.379111827064316	0.149804968756292	0.27430333735092	0.20094803195313	0.187470229784274	0.160659621401535	0.283924701553096	0.318839610491824	0.188085527237181	0.132048932881334	0.384760455707781	0.315342505201875	0.202468005412496	0.215205023041419	0.221084014017637	0.0427659142983416	0.107002770357708	0.141179454326119	0.218150107431644	0.16261989110214	0.143910889465568	0.109185592197902	0.207457188579392	0.129088303007693	0.241140937441134	0.245442724520509	0.177495614337128	0.186683635282317	0.236644917598169	0.254663325348198	0.547453152166568	0.151669501359979	0.219119556344176	0.208693657958282	0.297391355696095	0.208150929350426	0.18777860230866	0.182144500747998	0.222708969190096	0.191496240188776	0.232185680454681	0.167388826393076	0.0352552289619932	0.211950838983974	0.0363881563276954	0.214284657090396	0.214972660832164	0.219770422208751	0.2502727080377	0.202043254368056	0.0388187585580362	0.212409818562451	0.210493753514666	0.19349990792744	0.27933093155386	0.187762387017782	0.1950050595387	0.155987374731055	0.175348684672805	0.213259804053425	0.111255734530331	0.214612698867759	0.213002111902294	0.214925039739476	0.176795809393522	0.179008621630276	0.176795809393522	0.197907166083018	0.19349990792744	0.18623252447526	0.213002111902294	0.181393546629775	0.158798469377567	0.185110830339919	0.138879823373189	0.176747338612347	0.134933841304582	0.239353452077125
"SAMPLE-61"	0.164192733286896	0.334863802647648	0.49736632282141	0.291658690276219	0.584450992185464	0.154463467147334	0.331452719138577	0.186169394416508	0.280195864468357	0.32662222308414	0.178908957650501	0.158221813474601	0.359397944035248	0.294243497333835	0.263755911615205	0.217815730013046	0.385230058383741	0.0874255741925195	0.169922753792408	0.483819421147707	0.206690866227913	0.271039740264379	0.063341262201627	0.280612495538795	0.0449636167349698	0.317413206867314	0.289373973982492	0.335871172225486	0.245396397734198	0.286704658617874	0.207188707403397	0.230532039896881	0.547453152166568	0.248513274682508	0.224032493482822	0.3513918703829	0.222880627572511	0.266614272685579	0.225655806267242	0.115033812823208	0.535613546685785	0.270145409844367	0.279788318987043	0.182268546010389	0.143634489134829	0.275082211243469	0.0748598630988667	0.164808363431584	0.360757648191011	0.203288416466828	0.31243121462956	0.168807123282203	0.0761444334676989	0.184233923708619	0.262152565139326	0.264285878170216	0.36435048954896	0.236870459556164	0.267889975360873	0.301420849989877	0.236011073738038	0.215699507318076	0.206478821110277	0.243875956404134	0.183545066418954	0.0521056228807311	0.0938657197118917	0.215745391593242	0.0938657197118878	0.297472450043739	0.264285878170215	0.275684381393158	0.183545066418947	0.133117056332136	0.263722299602914	0.205656141207263	0.131950490635024	0.261411576942638	0.149767018409351	0.242127105193964
