"Model_1"	"Model_2"	"Model_3"	"Model_4"	"Model_5"	"Model_6"	"Model_7"	"Model_8"	"Model_9"	"Model_10"	"Model_11"	"Model_12"	"Model_13"	"Model_14"	"Model_15"	"Model_16"	"Model_17"	"Model_18"	"Model_19"	"Model_20"	"Model_21"	"Model_22"	"Model_23"	"Model_24"	"Model_25"	"Model_26"	"Model_27"	"Model_28"	"Model_29"	"Model_30"	"Model_31"	"Model_32"	"Model_33"	"Model_34"	"Model_35"	"Model_36"	"Model_37"	"Model_38"	"Model_39"	"Model_40"	"Model_41"	"Model_42"	"Model_43"	"Model_44"	"Model_45"	"Model_46"	"Model_47"	"Model_48"	"Model_49"	"Model_50"	"Model_51"	"Model_52"	"Model_53"	"Model_54"	"Model_55"	"Model_56"	"Model_57"	"Model_58"	"Model_59"	"Model_60"	"Model_61"	"Model_62"	"Model_63"	"Model_64"	"Model_65"	"Model_66"	"Model_67"	"Model_68"	"Model_69"	"Model_70"	"Model_71"	"Model_72"	"Model_73"	"Model_74"	"Model_75"	"Model_76"	"Model_77"	"Model_78"	"Model_79"	"Model_80"
"SRR5865065"	0.240576712730396	0.334278014039044	0.53920131485574	0.681120365340228	0.653936786986663	0.339730687846887	0.355503882147013	0.188677451569342	0.448517645334202	0.523359045655715	0.260101780728281	0.157888020243708	0.524854019618092	0.533360662660792	0.269691100551617	0.419742937680843	0.565857666011531	0.0538803460487502	0.359406286318498	0.705615771871864	0.48598235176194	0.389214044142489	0.436503338201369	0.314176048433669	0.0818276881448679	0.479863354431463	0.512521281066251	0.602024366038151	0.295909866858336	0.569690170452817	0.447144615498902	0.52144204998079	0.547453152166568	0.362171786281186	0.404888519671995	0.531265017493742	0.400026765277515	0.439162193515515	0.450296796350612	0.221949642028237	0.711235515546465	0.367704919886548	0.520256882087856	0.146753844213279	0.239643511588827	0.571900279985647	0.0904325528175261	0.265425738211045	0.4804456821797	0.277586214183332	0.525604928714983	0.26308253510282	0.080848298309936	0.314351141616287	0.416138595951268	0.366523033929887	0.467601094650956	0.298229963579326	0.36274896075166	0.387537156667511	0.288799227132884	0.419973353842384	0.46377425836709	0.411928005177978	0.256772320091194	0.0920561652171096	0.162837651615723	0.389225622372592	0.162837651615707	0.488071935366748	0.366523033929887	0.438666374137357	0.256772320091173	0.257496494849549	0.381775550301977	0.264556528282311	0.137515386642238	0.391184633204486	0.162643385968415	0.416750974189137
"SRR5865066"	0.32625313602664	0.374793003435569	0.488194177514431	0.834301479504938	0.390059260753981	0.497691588795728	0.354922746723185	0.500853188478329	0.535606739207207	0.274011298258535	0.479473625033256	0.469940395470275	0.588467050940318	0.623395156280933	0.269908012114025	0.617410597040108	0.674166043166426	0.0770953488503222	0.50633529764501	0.690707504202852	0.570866683770717	0.519312129652904	0.488543036098553	0.395310001513042	0.269604383669998	0.551955512903802	0.457235819271653	0.526262404721572	0.234878257702947	0.67347071026184	0.624508048799127	0.577904345006637	0.547453152166568	0.351169904042267	0.630418044232197	0.550560282304357	0.493266543196179	0.629143029299703	0.66574161773444	0.377968950137521	0.599040054880431	0.387732629923343	0.592142069404546	0.346536929337315	0.27371375452232	0.46790357564184	0.131413565820609	0.571094968828324	0.624999659906086	0.565988701335331	0.627121237954133	0.527446857101515	0.125046486060467	0.61484886616761	0.506752765833625	0.386030121468013	0.711354040605463	0.30602548377579	0.376289380389144	0.378427557024476	0.191983549652989	0.633405505592382	0.185242534503655	0.482296599396385	0.50475060666343	0.283100472443226	0.383311931448511	0.207809453269401	0.383311931448511	0.460385119402304	0.386030121468013	0.518191902488574	0.50475060666343	0.262111365326061	0.530869203348531	0.555308281650336	0.396636746077186	0.551657996137228	0.416583439991259	0.50057392371597
"SRR5865067"	0.346941432755665	0.379587502980994	0.557872725803285	0.641143464025515	0.716058511534756	0.403210068792771	0.3887102885668	0.487851999617095	0.498756515245938	0.47732697147347	0.450297290072221	0.43884807448011	0.558421814995367	0.581199635001895	0.285396573430729	0.575402489863217	0.592871534925052	0.144466497998831	0.499716075182596	0.508353292669021	0.529043757187538	0.413045685884572	0.399464807440601	0.528948755634178	0.269604383669998	0.638826191126304	0.533813439124296	0.631455802083572	0.313365349067932	0.680305580208942	0.571102184809902	0.582218620708534	0.547453152166568	0.312211793058763	0.564100174759445	0.510045962738448	0.44841830602092	0.594325668583744	0.65399516946174	0.33112196026732	0.56967413725464	0.370472126465619	0.609882239172689	0.363861771113445	0.302408950786208	0.549918574508594	0.208525864314394	0.460969355978952	0.552288434671745	0.500351453321858	0.667389768704773	0.476849967338793	0.204464476521764	0.501142347223532	0.465304344196079	0.366233779340275	0.720058631760084	0.306719986927786	0.362921553792439	0.410244023322829	0.366898063648662	0.576487497696144	0.31982575983068	0.43782212444577	0.474513973984826	0.283100472443226	0.363909234358244	0.345052877144851	0.363909234358244	0.461775598412258	0.366233779340274	0.475226996112357	0.474513973984827	0.269674342321981	0.421672881380397	0.522808497228016	0.330040875728981	0.503367138887407	0.358092298921276	0.47078680494887
"SRR5865068"	0.242664507608826	0.309835004150467	0.271463158660132	0.830637419648594	0.320937618444311	0.449653320820332	0.306892918841763	0.474968010106128	0.479834818162019	0.0771711046088764	0.422923760966965	0.451124265919052	0.55077689994961	0.570354371152686	0.238357403701639	0.5698676998402	0.647746150527378	0.117374099196563	0.290587307603674	0.708941049073701	0.519880562648591	0.519684172528863	0.399068158097825	0.363812978195299	0.269604383669998	0.543816547619725	0.265935005015269	0.428555192547742	0.316244747657759	0.583888927751233	0.554323563111858	0.49531215163421	0.547453152166568	0.328770888291415	0.485091742203429	0.524810570723002	0.437224385510929	0.593099533475261	0.609086703133742	0.319790456450633	0.488523905028094	0.31605518826683	0.60089241393787	0.368196501563739	0.35632856576632	0.32226672083743	0.153523057518373	0.267765774876008	0.609960115571913	0.365006329171052	0.636823862226576	0.431184215782493	0.178825909756837	0.533625547260639	0.477102434776964	0.315851305831636	0.70487399889288	0.282062700032764	0.319333045513676	0.355200567394734	0.182658384931999	0.584337902527249	0.164094391111093	0.446857169630878	0.437801520995018	0.283100472443226	0.327427138817842	0.0602468875222892	0.327427138817842	0.435743190390922	0.315851305831636	0.494643573696876	0.437801520995018	0.221060163523494	0.529230934319881	0.440873231163411	0.384366548769737	0.523634670890284	0.413409298277072	0.420204568968896
"SRR5865069"	0.338954821885306	0.25148036878702	0.456145557511725	0.200546776497738	0.286318995804001	0.329842945911937	0.219485611301561	0.267979904200304	0.372205619336858	0.345352620730873	0.282168078088096	0.246055226058113	0.466270033525136	0.43568972728647	0.211647942112405	0.368955505710386	0.363171494375758	0.0887639522880148	0.443242638450805	0.406438549676521	0.321286055852265	0.326443199619389	0.315105408916048	0.292738607905672	0.131898202594265	0.366008438249938	0.429059485702463	0.395264515413311	0.133145366744809	0.454502887759901	0.384247692233341	0.392490466348708	0.547453152166568	0.22699343727176	0.42528165290148	0.348239908205428	0.37255614951484	0.357743919625798	0.347283300595515	0.250800207571148	0.456745279941773	0.284554630652969	0.399558185599327	0.206754948201572	0.154468154999317	0.448447533182195	0.137318754035604	0.498729870120609	0.341430908484759	0.441675023613857	0.423315629160657	0.340387982714742	0.117745369754435	0.456078943160745	0.315760170707689	0.287828735660176	0.452796923459542	0.22447807324676	0.276575243123271	0.206112647217431	0.198323129027768	0.372361589072333	0.202463611359012	0.310550154293792	0.312654582526471	0.14254088616178	0.198272826451131	0.274087283505187	0.198272826451131	0.294609908069903	0.287828735660177	0.300488199681986	0.312654582526471	0.153842592825676	0.327175817801295	0.330454556262933	0.243542163422044	0.313735372143324	0.243084884305235	0.335848652064603
"SRR5865070"	0.117952638340508	0.298366907526078	0.273031336157981	0.760308501942212	0.215555112998506	0.361296244329286	0.304689850871493	0.459915724663917	0.443941803864625	0.0850182833396808	0.384469910563155	0.432308366478828	0.521854799874937	0.529065111392516	0.227825990427925	0.523874607650627	0.571480129463499	0.042049824397066	0.169488143372281	0.56331311997245	0.480529405582192	0.38734785361683	0.313368328992604	0.189696174794694	0.269604383669998	0.366261771914597	0.210995010859304	0.29380521265391	0.306155796881532	0.501126397067329	0.479578962099401	0.368140024121998	0.547453152166568	0.278941417326397	0.454922580426924	0.43915012704357	0.395804063971151	0.562693636234796	0.550206069586455	0.279132482932386	0.359780461540439	0.310344322022524	0.56939921571732	0.362884115580038	0.143896692027221	0.191735099124497	0.053151583295162	0.260270606628601	0.527933392987609	0.362553540130509	0.61409517435888	0.370409805364647	0.0659750818184526	0.414720942136647	0.447894705912098	0.30540416610954	0.696978543889224	0.260405551277649	0.303794872354708	0.345517177396427	0.130354802177516	0.528256331450306	0.0727291365735753	0.41419628447597	0.377611104012339	0.283100472443226	0.301680135285009	0.0663500771514144	0.301680135285009	0.392634489415217	0.30540416610954	0.467445057897071	0.377611104012339	0.209885399759413	0.394515363301465	0.421494592580355	0.316898348358641	0.467517010161044	0.359514518509667	0.325033617924406
"SRR5865071"	0.428621205833579	0.496326315476479	0.568371064280622	0.430790288824891	0.678427481895396	0.33720239885371	0.404556633475286	0.447812037820009	0.464420359045023	0.472253839660541	0.367088276152886	0.413708103453837	0.477681274550172	0.465734940876214	0.278678838946291	0.475429476577162	0.48943654186584	0.217511649250693	0.545045642071123	0.676188524378544	0.42841383598703	0.358545924439731	0.357775175924065	0.623559580652146	0.269604383669998	0.683715951339459	0.495642762150463	0.503229298130107	0.18895309312367	0.639326781086668	0.389333160135585	0.348130633346646	0.547453152166568	0.370144523166454	0.497210756544691	0.421075571528372	0.335775493485765	0.554858155426425	0.507129893486627	0.223798437406603	0.520092818143137	0.365699502375544	0.4965281549959	0.348502067325641	0.491094113459344	0.492840076439837	0.27730279823621	0.443335924058921	0.438931132667727	0.471535887584729	0.521986356515383	0.343770298179597	0.265474208604161	0.453200923691591	0.513410835000875	0.352202823750375	0.646898207495632	0.271758904347523	0.340976780112115	0.399096805637262	0.346971257491303	0.47834546271312	0.442557252609144	0.463954996342051	0.340528531963767	0.283100472443226	0.296565660869097	0.324692066227479	0.296565660869097	0.570039551083792	0.352202823750374	0.575256194948399	0.340528531963767	0.259760314923777	0.364239893000732	0.476344609333633	0.361050188484513	0.476821082956167	0.408014102070805	0.279719285510199
"SRR5865072"	0.201747541494096	0.30038243890693	0.398167400196109	0.389488078746877	0.217295285753989	0.407513555987949	0.288148113828352	0.3633792581156	0.442032953493334	0.27842012904802	0.369506136880797	0.319162296865605	0.527637919818521	0.529148163528942	0.234968819522742	0.480067831970819	0.438705073935848	0.109037051612348	0.239602472167936	0.434609800587065	0.446820184061371	0.299199604222971	0.314651346047743	0.317471474384332	0.246248859793549	0.427219568628747	0.184780948044213	0.268373739765085	0.174658103189292	0.466353679652303	0.49613923823076	0.419283601806225	0.547453152166568	0.280359202691497	0.415078357572955	0.400628821033244	0.436803295959477	0.468951248076018	0.51852488882205	0.31504410196712	0.399131376349645	0.268143813189544	0.444420624956074	0.254063152504774	0.179625686616969	0.154400791616914	0.118059779466439	0.256971795130628	0.386320506902795	0.325811105908642	0.492012833272928	0.380587683351863	0.133330741834778	0.374689740660689	0.373135140844255	0.265085269212875	0.610731835028836	0.247727636913175	0.26652541955146	0.279493024916868	0.106178964056565	0.49301826325999	0.0612432999959839	0.364163326858694	0.399411028386269	0.257448199355336	0.309007659441501	0.190343366898835	0.309007659441501	0.296044312169791	0.265085269212875	0.357161768993878	0.399411028386269	0.212780747057329	0.303788929694886	0.371113824087229	0.303141624698308	0.386701637028277	0.30116293665259	0.405674345989661
"SRR5865073"	0.123852365986163	0.40738337475053	0.513995076936228	0.715026091838682	0.311905966346494	0.276890879686553	0.386008616177446	0.408363284046704	0.350853910621283	0.489864627349602	0.295958585138838	0.364827407163949	0.406716297856645	0.365681949811134	0.289562538698348	0.389155867904882	0.531256817685568	0.0643140837354111	0.164569930922745	0.665030420864563	0.333826836835186	0.427359794041836	0.266415844149402	0.264116219698725	0.269604383669998	0.391379108364759	0.205959264021642	0.304843548113516	0.311984039969877	0.424718625040004	0.30897152456692	0.247070726351845	0.547453152166568	0.391315472016808	0.347986033107024	0.458987590402323	0.248859350988077	0.460998698193614	0.382912305593002	0.151306730595271	0.619616243148446	0.329578982640978	0.418506745008126	0.360073948588621	0.15116974016474	0.157675076897358	0.0582175175172479	0.231696067140907	0.541844693646504	0.326410641629745	0.477325628027771	0.283719333624286	0.0682388201810206	0.268715190634864	0.394833437667927	0.325416143522928	0.652355302933284	0.28861223354385	0.334017329459535	0.377985829947483	0.139881945381219	0.389774519889384	0.158565575659999	0.343356776139588	0.29857575946532	0.283100472443226	0.231244109587705	0.285145167173454	0.231244109587705	0.382339835203453	0.325416143522928	0.444238430549545	0.298575759465321	0.263022910824995	0.428281242996487	0.372215943523211	0.373416243015235	0.425361809497703	0.402424235039227	0.290668031677292
"SRR5865074"	0.240774159868092	0.32854097539646	0.474430402908895	0.773337320438622	0.587727362980869	0.430489319526826	0.312125040327106	0.467295822451357	0.461821790896574	0.487459178734054	0.406647154287961	0.433116896238288	0.535350794554164	0.548373528528212	0.242457022256104	0.559275265893076	0.661906308395263	0.062350232473958	0.345073897236095	0.75538744571649	0.498908352222655	0.557619178046136	0.381001887273053	0.284292759052212	0.269604383669998	0.457968807759141	0.504578937987835	0.604049586255924	0.314281163076044	0.609792028774985	0.526313075250888	0.531339645137098	0.547453152166568	0.333736721632701	0.5351415948777	0.524449363954435	0.414941269485204	0.577231051743018	0.59100958823964	0.297667772128335	0.713179194039753	0.352485695156275	0.579785859404716	0.365611143665075	0.252818300890061	0.55053092324635	0.0962700810601242	0.422209261890001	0.629444564206158	0.463664989231093	0.630164186177023	0.436266959491051	0.100376836360628	0.495246434587655	0.46233770165241	0.352595068334889	0.673044016349222	0.283565584907783	0.347318084229701	0.359396248399813	0.353751956400953	0.563971777572598	0.445011639040794	0.430119545828447	0.419782712988766	0.283100472443226	0.314723585091397	0.383941599870195	0.314723585091397	0.469116938416648	0.352595068334889	0.481289376080579	0.419782712988766	0.232526536827753	0.566644034766774	0.470618922990195	0.383506925343377	0.51966592217641	0.411402875299102	0.401459254212927
"SRR5865075"	0.342839014084228	0.28776365278336	0.342628299126752	0.662521125610267	0.213826185117277	0.369094755042365	0.278237566192646	0.206776307260423	0.476761627525325	0.144829548161807	0.287628558846588	0.183237738569001	0.571055970396651	0.599034792748854	0.220967036486079	0.47602401834482	0.546584869585688	0.0738174647648104	0.519328176581229	0.579790074174733	0.547334580419975	0.357225687753545	0.278769709107626	0.34240685815586	0.0860715846837339	0.529259722034274	0.360154998830359	0.396204373985593	0.30131911706005	0.666308311487781	0.523839788403577	0.494605099399517	0.547453152166568	0.280780989423635	0.479210055209071	0.514338247439819	0.467119922543569	0.484999906911814	0.510686736965284	0.2828513799791	0.506118837974538	0.369658486974671	0.528058144197492	0.153411923546618	0.286403457643125	0.392453491707895	0.15624824636119	0.355079698304964	0.453993428969795	0.339063757024085	0.521475854549332	0.309891142733962	0.131405077063242	0.422622088496692	0.43944353559421	0.371735565563246	0.433600102502044	0.276735186377337	0.357427753475723	0.346964799194382	0.110194386035182	0.477404129540372	0.092085293780091	0.442282603903088	0.280803670691777	0.0965660861374144	0.177054884009335	0.128622193034701	0.177054884009318	0.429450899833212	0.371735565563247	0.449924427051424	0.280803670691756	0.219281087763637	0.352184305303766	0.288053614921593	0.122516240122231	0.401658398644535	0.154383774607831	0.418456144096177
"SRR5865077"	0.546517083463735	0.346521560737119	0.357753944584199	0.791187534580559	0.25117995705323	0.361266378885961	0.304752916309969	0.46743905581641	0.461401222208813	0.0675139868077075	0.398491940620336	0.439960652329923	0.537060777273641	0.550815495110989	0.231899910996264	0.531695078804814	0.590326709463486	0.121748572247444	0.765700503530715	0.564854291170555	0.501101651611638	0.445949425479028	0.250088243845216	0.508352934356192	0.269604383669998	0.650413894156598	0.500099065822108	0.371377854927943	0.305965353295334	0.724723584115212	0.501627480426769	0.385551478043989	0.547453152166568	0.256969289980008	0.655465972021842	0.439127140313055	0.417390430786782	0.578317817835474	0.594182784178335	0.300070918460772	0.353213072145851	0.420824457774991	0.588726693755576	0.365328888443395	0.33080876936745	0.376475774884443	0.265563357323263	0.748664648103964	0.552638277067639	0.678683602619105	0.633758443524102	0.454029072597902	0.206201213582339	0.496338697610651	0.462036324870418	0.418481066782896	0.680796335698049	0.2713352959033	0.388789884972523	0.357117576056978	0.151854249924227	0.542470425016659	0.0806562797855173	0.430216663127381	0.388446528708174	0.283100472443226	0.313887045538621	0.058969850168664	0.313887045538621	0.406063801754496	0.418481066782896	0.480132093280218	0.388446528708174	0.23763182563141	0.45425182198002	0.546216469614277	0.296732915490376	0.479355878053923	0.344776383167431	0.327639032926467
"SRR5865085"	0.362543485298507	0.336887681229259	0.516691259863223	0.723153568021883	0.400135844556675	0.478518041450679	0.315864440807667	0.485770376182387	0.499297175294063	0.496139689878907	0.442247936572595	0.449951101398284	0.568748901508385	0.595787013826912	0.243577587960339	0.5950919784803	0.651025484908058	0.090495561733943	0.553319253806256	0.66724118029123	0.543642347992646	0.484268328124528	0.256614923022606	0.396121915983632	0.269604383669998	0.569162073700473	0.502435005692244	0.523009425209573	0.245621787744361	0.684313008032461	0.577656719420922	0.530582575393561	0.547453152166568	0.338405796702509	0.619247905424049	0.502307632363129	0.463686912836304	0.60755736514667	0.631530396650867	0.346812006263049	0.625457814019099	0.383878764318163	0.594712252382627	0.345838798010852	0.277712735670245	0.461755238066389	0.160688751854271	0.58568035029717	0.607030185564853	0.57514767986431	0.647264051043061	0.489252678399761	0.147120278107162	0.5117482986157	0.482978732456839	0.382928412811128	0.708415561226832	0.286523166895217	0.368176983546238	0.357703935135588	0.232048950174995	0.609770444128124	0.26326968133308	0.456163679597436	0.453029421026817	0.283100472443226	0.348561866611843	0.414157040184725	0.348561866611843	0.450016803182736	0.382928412811128	0.494705571387112	0.453029421026818	0.239944461104896	0.494417745397405	0.530662340791411	0.395592011227543	0.518200378159123	0.418376041069064	0.422719896170615
"SRR5865086"	0.436922159271874	0.30125106288404	0.386069090526927	0.705891800078788	0.305955231079736	0.441218652082033	0.267538319367663	0.386385306324785	0.480695499666278	0.279527621245369	0.385634419729177	0.366997505725413	0.57196211737405	0.600309242406283	0.208945794651492	0.560360481105378	0.642030275164425	0.12363850724591	0.58604386035656	0.702746002387164	0.547488439456745	0.471980265841879	0.251399261607435	0.425242211530619	0.195729940150018	0.629891505278017	0.447764052180467	0.499236377449083	0.236865539200823	0.697420997742291	0.570939113595844	0.539531442678496	0.547453152166568	0.291409342859965	0.573803271819196	0.529548790653991	0.468470425078945	0.569712142326701	0.601964870821052	0.330337246155815	0.632822460590258	0.362204606957068	0.603671936808029	0.265909873510981	0.403806898372919	0.466559971521684	0.237550485252905	0.48032416387041	0.573851762045916	0.493073357615993	0.624143829582218	0.432767242109087	0.214169505329958	0.50351385648068	0.461239660873143	0.361900474880471	0.67919090943114	0.26307056198405	0.344461493501925	0.339862275373056	0.199679596537977	0.571521438441787	0.192725641711471	0.444817867111071	0.394105755214205	0.209543613544257	0.277009081930347	0.2456861644417	0.27700908193034	0.433147568007048	0.361900474880471	0.468460788647196	0.394105755214197	0.207088071631058	0.478323575546577	0.4309573935521	0.277836771041193	0.495873260010111	0.313729485368851	0.422703074704438
"SRR5865087"	0.294432728336035	0.409934313862818	0.595935547054446	0.696253308252992	0.581931052320079	0.40980736800201	0.418370661016994	0.248509637641349	0.510029270542871	0.435905986576675	0.343516553192111	0.208833983024512	0.580249546419143	0.611932512797169	0.307082839338889	0.505659986933717	0.512320579504924	0.0936105163478969	0.474853005555498	0.540610605394908	0.546542519018663	0.313642221705913	0.407358211517118	0.45897765320219	0.0751698985140122	0.552104436018715	0.45277113936797	0.512879691916792	0.259214804915202	0.660004920414887	0.553554892356723	0.568003638182308	0.547453152166568	0.379045175988192	0.497342799404216	0.514852999264807	0.480875518961308	0.500453751422213	0.571911730643099	0.303768365482875	0.560442957968781	0.389722329800966	0.507769206361876	0.159508111125419	0.219085171900314	0.482753409338894	0.132632057085647	0.358609612660415	0.418548459120409	0.345052893925261	0.521215577340046	0.351888922060354	0.115432418477826	0.437389000985332	0.426579857829018	0.385356391304564	0.472158745324592	0.324022802102161	0.381740322559289	0.418702234345087	0.183495557856578	0.512217067907225	0.214077270532143	0.42942417604365	0.35185808839155	0.0851881233880299	0.219091849709776	0.330741164280834	0.219091849709759	0.428027844560399	0.385356391304564	0.426515554784067	0.351858088391529	0.259737061851358	0.310599500967513	0.361825642871504	0.168512905526892	0.406535442420924	0.183216937404695	0.502615296080565
"SRR5865096"	0.305117230505152	0.340875679349756	0.567613620665974	0.717582545569175	0.404873778221993	0.455313270568331	0.322361959896816	0.388952076297006	0.463469226143038	0.488944070424831	0.373436416913992	0.347056913263297	0.512002877479867	0.509313757440693	0.261134581143495	0.495015408412365	0.585848774082576	0.0494874090098326	0.477283347812796	0.705979704052799	0.443269956547715	0.46680908581432	0.188513293199898	0.303944476446318	0.253480302049575	0.434282551994679	0.462360455541889	0.439470216726543	0.22096542692731	0.54501240582511	0.471463815379327	0.426738216604434	0.547453152166568	0.381223639521108	0.555316119349088	0.454230799780006	0.4040560413836	0.507876475056926	0.5258396971959	0.284286290805817	0.609068879999968	0.365431097372638	0.471930833580751	0.307718668317012	0.187700926489117	0.456846223784966	0.0903488501302998	0.612771877816722	0.550104278445544	0.562322951868284	0.53322107759115	0.422202956971053	0.0786266918786067	0.551613688891827	0.448277767532322	0.365200042241074	0.627747130224807	0.276730727092774	0.35189946824536	0.330903180516426	0.194058674804927	0.511892337771611	0.28386553738794	0.423773001878598	0.389546531668115	0.265388710927352	0.303407229150023	0.356131289707236	0.303407229150023	0.427938381908966	0.365200042241074	0.467665609992702	0.389546531668115	0.255386053003212	0.472960107510852	0.469651162117329	0.406016060824187	0.451892751529613	0.405376289659563	0.386859814679297
"SRR5865097"	0.262922382924298	0.375477242712886	0.502302838974367	0.674017572150326	0.531981454994385	0.437762958926419	0.385875251769514	0.267566505997068	0.488500448082732	0.316761885368102	0.332508422078303	0.227770670294511	0.557421944858005	0.579783297103683	0.287844050798968	0.501914258710078	0.602978720459247	0.0736003530765239	0.385734380726916	0.744913560273415	0.528550996061453	0.434524170982814	0.312176678006016	0.37551679306269	0.117055250246644	0.507567140573665	0.399674311828713	0.481446133133685	0.20586578100329	0.608222483799878	0.517455858750247	0.51633001522316	0.547453152166568	0.416408964097799	0.470955042961466	0.526668658144623	0.446948847790522	0.501919001195507	0.559702111489145	0.279991859529549	0.622549045995627	0.371487044633527	0.512801975635319	0.172068285753125	0.263071432249859	0.389112135165212	0.107358024566352	0.316307426498465	0.521260425350576	0.329977415934042	0.53492907325397	0.335233662862073	0.100340131286821	0.355579866036549	0.437157562282979	0.369466848893827	0.511311208186918	0.313114766537058	0.368310577293333	0.412301134266254	0.190823406343072	0.51249452706725	0.286184507429038	0.4308818351849	0.335181008557603	0.129114087884846	0.230244978926956	0.222867361107395	0.230244978926941	0.442893384129422	0.369466848893827	0.448911891154101	0.335181008557586	0.272703846022492	0.433017762514124	0.349360149411515	0.229118983074966	0.435632551709099	0.242627524983747	0.451726459418837
"SRR5865098"	0.279945397734028	0.365139495382584	0.520279131708024	0.673898974280149	0.419224833157226	0.45562549988574	0.360954351027433	0.357730722600696	0.488785086055815	0.400365083423158	0.379718752685675	0.318845721423795	0.560068089238135	0.583530159916643	0.27178089146659	0.54694545238597	0.64015499182121	0.0656552699106427	0.431820703517186	0.735889798618131	0.531590198616777	0.47310220789629	0.462027796995682	0.350948269802606	0.173154735622547	0.51500175072703	0.402141700021706	0.458513098855919	0.218659194476793	0.642927566998941	0.545048660729527	0.508927746477902	0.547453152166568	0.388056267881027	0.541702295881668	0.529065525256629	0.450841228126848	0.544919749195278	0.594412310338128	0.305371863484063	0.653772613819161	0.379567536557605	0.583337041568486	0.236765312705511	0.240162962979925	0.428889116157145	0.105554824187735	0.437627434166708	0.575987847293368	0.44651885921557	0.612398253753937	0.405879108376082	0.0978118878282592	0.519623141895564	0.449044263690325	0.377866706406375	0.635955922295361	0.303343778215882	0.370874720825699	0.393747240684696	0.169049943318549	0.554138702274112	0.207106048018035	0.43387436447057	0.390616425480746	0.186728226749513	0.279386031086508	0.298701079762654	0.279386031086499	0.421077101275665	0.377866706406375	0.458796987057975	0.390616425480736	0.261751432949239	0.476871228463502	0.430139253472747	0.300864636410515	0.475862325271791	0.315448762728505	0.452031427491397
"SRR5865110"	0.112861891018897	0.39243840294716	0.520944465198827	0.767755548595955	0.32625803774098	0.343305873609456	0.395002359838298	0.469323902782316	0.468639103480533	0.466698700839711	0.414299922241663	0.427024813312043	0.520587225312846	0.527249026919487	0.286633811254779	0.514744398775559	0.564946119405798	0.0497795416400783	0.162726872698198	0.549429244372508	0.479514805300076	0.396207287806413	0.333025956846591	0.248897873905786	0.269604383669998	0.387691192885004	0.223851834887051	0.369922857451925	0.316213261374884	0.49036460087994	0.505293465052107	0.430734909230917	0.547453152166568	0.308809758679081	0.45282278321658	0.509157055257421	0.394024707001594	0.565121776003016	0.55706221583393	0.277430973211029	0.596676809503316	0.327094748654111	0.538417405224549	0.365781363773784	0.142364904785891	0.200183845633231	0.0491160247300636	0.259946467889111	0.523414205299984	0.357112836480059	0.595940607274901	0.406574476242787	0.0614826211625268	0.413503376038749	0.457244937453866	0.319604819935027	0.69389435816263	0.294398579868218	0.325318556095158	0.387401053512907	0.132735153600149	0.520732913574088	0.0689848965547737	0.422344952083856	0.433922702318844	0.283100472443226	0.332506235092475	0.307862416924234	0.332506235092475	0.409108827791982	0.319604819935027	0.480770983365649	0.433922702318844	0.258836745664555	0.4034085457021	0.455172819838955	0.310065620891819	0.494535635693863	0.346389515043805	0.432855002597906
"SRR5865111"	0.238844701259875	0.276739934444864	0.442616180739938	0.57523314610413	0.554950192120025	0.36807002843215	0.282683104421696	0.373762988278809	0.438890447123754	0.473146674477952	0.365402899369844	0.339719258784646	0.518932150814093	0.518016025825534	0.231846102999297	0.476877323466753	0.580251536676256	0.111146995421672	0.256299229484799	0.587356607013959	0.443174621731541	0.429794320234093	0.186465262972613	0.330278295756475	0.250011242336194	0.443332589181722	0.358915141350503	0.509199849345445	0.268720731602939	0.492558038340983	0.488835022648359	0.50882324984258	0.547453152166568	0.253694896040216	0.414382866007293	0.453726241565737	0.418829247267644	0.48281127818479	0.519104195155364	0.297988614763281	0.623400258044598	0.275259554917712	0.500496244008449	0.298566069595877	0.279391564660877	0.394141369627888	0.134325275396112	0.255549999803774	0.531634038498695	0.327319481547584	0.536493162439532	0.381445097973998	0.151371089704416	0.393639141832697	0.395479516889759	0.273903869386194	0.587535916984428	0.252101154513222	0.276013321522054	0.303125768491163	0.304236366803846	0.480785221252039	0.258395815317501	0.379978736014886	0.393793782232021	0.261579178217978	0.296972082155554	0.345385249251404	0.296972082155554	0.388255586979019	0.273903869386194	0.391776107784238	0.393793782232021	0.211625507928581	0.436304727824104	0.370017210731789	0.277830421582878	0.43175037389088	0.294838505817843	0.403343184936525
"SRR5865112"	0.243439679752704	0.349931345081911	0.500916229087066	0.746285952547494	0.343249800590917	0.486680986146558	0.333766635463232	0.468054924813416	0.474804013007103	0.497197188650739	0.416082871425068	0.435216122635641	0.542576560420685	0.558683884576335	0.257070563626658	0.571683758288061	0.630738411494437	0.0689247137439684	0.362113498445088	0.747189618835986	0.508693367011797	0.518412223384288	0.455934906529203	0.319808105641372	0.269604383669986	0.496190078675102	0.359530540224509	0.437131954784759	0.262610272691176	0.595836910010124	0.533865913558527	0.467931990319257	0.547453152166568	0.38939640098255	0.544451564431215	0.50429061370909	0.425326638019088	0.584523490984812	0.601304803628816	0.307906237017247	0.656971958021764	0.35830132123963	0.561321618082183	0.351410182505976	0.239324483263476	0.321246975479315	0.103886989404224	0.430767438432267	0.597196132367737	0.476969277940133	0.622909337013521	0.443133068953222	0.107723208894644	0.451976086864581	0.468801067306247	0.357917274426129	0.702493630692578	0.293682253864582	0.354303947644701	0.370021064859173	0.187508068506191	0.588822824614331	0.25257755046523	0.437535824090169	0.425846396859032	0.283100472443192	0.325815496209006	0.391828766454817	0.325815496209021	0.428918369865665	0.357917274426129	0.486939529188133	0.425846396859049	0.245444688298389	0.527319189395733	0.483947222195068	0.443133375020919	0.510280657381437	0.453245682108593	0.40184377467508
"SRR5865114"	0.281759405008409	0.366274148208343	0.603966610057708	0.580558995614411	0.666019287576502	0.395363678327516	0.353062225221515	0.36047902947825	0.484548880647809	0.549623812753148	0.393676389503292	0.313284848482606	0.559720253089548	0.578660262284311	0.27574195361348	0.522655734812864	0.521621391241023	0.0636616342025553	0.477936038060525	0.429357043657363	0.507905831223426	0.345919817020672	0.463219287952691	0.347835556167002	0.201483000440632	0.462522471202698	0.592545655280786	0.601178725029605	0.183825397053338	0.631648385570034	0.54946942838873	0.579388721532977	0.547453152166568	0.28788127014624	0.564977689984179	0.457966959695794	0.468608689092702	0.511433790049426	0.585647316156408	0.333283710998304	0.536675836795932	0.369645017324475	0.526009425798054	0.232900445523332	0.136458274786295	0.562441713090283	0.098922085753526	0.553656725344611	0.464121084110034	0.518380851256136	0.568308634701389	0.441639765218869	0.0858647668952908	0.43870338745877	0.407264001563895	0.367506867431102	0.606400253024296	0.291891485280705	0.356777638634868	0.358737494161207	0.316724810791775	0.521857333999411	0.294501353039715	0.400170038925649	0.421144205390777	0.21410210804626	0.314540407671228	0.414059177689939	0.314540407671222	0.400257028872756	0.367506867431102	0.395891891246116	0.421144205390771	0.266580467223922	0.349711030331978	0.461739125716997	0.242605883423762	0.419677724105302	0.255033071471441	0.468715430876485
"SRR5865115"	0.212513880479073	0.303349449596204	0.362900864603825	0.59087546524602	0.584083101922009	0.478230878906621	0.299502327262381	0.371733696987699	0.476050456359002	0.283478983165252	0.3809472769561	0.343054879900967	0.565393491386374	0.59105597627771	0.228423000120572	0.560038629971251	0.581450488969565	0.102890224129559	0.275595691166523	0.650629858883057	0.537995314727895	0.383733281688324	0.161388178742708	0.329664560735169	0.185140682082767	0.518043108683176	0.407678829834095	0.606066295466978	0.278302215075587	0.595641866295611	0.564719413758612	0.601481504348738	0.547453152166568	0.363686744809334	0.450072993623035	0.526221515493197	0.458708014215506	0.553538163166774	0.591466688813272	0.317113768191003	0.564771203790913	0.312084262849377	0.598917938437341	0.262027619899061	0.27417257198517	0.505170568135785	0.135180660713331	0.219371088483747	0.512623478254584	0.308433985162046	0.623045033942785	0.389046905853883	0.152626404875274	0.435682951817385	0.444268419907548	0.310296204695184	0.640232546914232	0.273308377433284	0.31101527975372	0.357402355135774	0.328338001728769	0.572207120385823	0.489392000438234	0.429190621676542	0.397453410922279	0.198864508441003	0.274416316298285	0.22230177609764	0.274416316298277	0.455610269649021	0.310296204695184	0.449039531246738	0.39745341092227	0.211808558254397	0.387669320521004	0.368194991182868	0.321885220443303	0.470042025670696	0.338527208251876	0.453081910864762
"SRR5865116"	0.26684614532657	0.388178258935491	0.575401493449239	0.610516271462942	0.426696993942677	0.48378989617063	0.390613815599023	0.467352744557672	0.451554977974348	0.493132552178182	0.404509260456064	0.416272147742945	0.518526056681485	0.524295223201428	0.285876068989532	0.553272562748237	0.583340269784675	0.0974915734468956	0.402164637541783	0.706328590798322	0.452800722575579	0.408264747120489	0.397780053731369	0.428934611595181	0.168092950040152	0.520329374614801	0.35962400431447	0.411164410698891	0.187263816453386	0.608445377223414	0.491654215229152	0.426433599198819	0.547453152166568	0.469025397751107	0.52884988989799	0.475529310328482	0.391138134491472	0.553581146718214	0.572699740009549	0.27467862348053	0.588646658793351	0.366791578119925	0.473793230518863	0.317001613863039	0.220525943809649	0.342250401779095	0.131679814930173	0.433421879381063	0.545570863878602	0.462736024959172	0.538336830914287	0.420132583642296	0.130953933871999	0.494025502205029	0.42896783557529	0.360854457071641	0.629141410782841	0.297840539323965	0.357239869977759	0.395829928541656	0.181078910705315	0.56545459141096	0.306606077317907	0.396502128906514	0.417661912574192	0.182453382731394	0.284145893051925	0.383675415250631	0.284145893051926	0.386101993420517	0.36085445707164	0.443001779424553	0.417661912574192	0.212474633828596	0.415136695259877	0.493487093143488	0.489578647210671	0.47183131508576	0.474182484083826	0.399534537566648
"SRR5865120"	0.196075398052297	0.237035381981732	0.374664840147761	0.300461544728663	0.351811125499508	0.325812729450471	0.224235689008381	0.294435291109447	0.381977650339431	0.38473130892128	0.286664828119018	0.259562654557892	0.461087741781787	0.431146238145847	0.213477582031005	0.376763857853578	0.42692407395617	0.0840291619840635	0.206207892702127	0.508040999829453	0.352129522969538	0.406596746118889	0.279901080315784	0.22698378959867	0.238509841466286	0.33880923908201	0.318070389645746	0.426565800656505	0.155190672850584	0.373351207067534	0.376827820147951	0.393710499363489	0.547453152166568	0.240056361177237	0.333342172776914	0.378844073435614	0.354693913799559	0.394968991500562	0.355792946514378	0.235902023939369	0.520005475166803	0.250814549710194	0.405291596494165	0.239041876217215	0.194944522683394	0.339160628107167	0.0984534123191587	0.23889065666493	0.414831651384795	0.289284298037057	0.462755752124886	0.302475254236603	0.109844631001073	0.327343391129411	0.3632954951924	0.255151996212943	0.514994391663132	0.235156628857436	0.258876384947508	0.230076630692502	0.252432285269688	0.384759661483849	0.284267683031988	0.347264601380536	0.305687738621266	0.248953653045123	0.232734615773961	0.26871910307808	0.23273461577396	0.373241002185539	0.255151996212943	0.368544258935265	0.305687738621267	0.19682081110865	0.408057248633905	0.289265295798176	0.263197603540758	0.354878196383468	0.278558139094544	0.314199253945137
"SRR5865121"	0.136041453210633	0.284258700429015	0.387752328641309	0.71330494669512	0.392186047250178	0.410830632687541	0.298462584447169	0.47659188705158	0.484565129842931	0.419471088380179	0.415887616331158	0.437978108735826	0.556162148570021	0.577997836999577	0.23659752724455	0.565206962179689	0.650004425898733	0.0460400531316989	0.186011194799211	0.632841898848564	0.527308344791452	0.532367954134178	0.169196056252764	0.198595651797997	0.269604383669998	0.387208062153304	0.297739492506669	0.395148823156529	0.305797732901706	0.525435514911726	0.52911514298943	0.446683920825803	0.547453152166568	0.275939958952611	0.486346358008839	0.439642867250961	0.445099682117819	0.599089728054249	0.623276721056379	0.327747387368575	0.560025506091012	0.316607177915423	0.594558337072668	0.369508321553021	0.192902320586338	0.330612336569993	0.0612219273577917	0.269184798195507	0.620783268733763	0.365102103514813	0.648268063249101	0.394714862850192	0.0769096322904609	0.490588015545989	0.483662206831134	0.318699975265707	0.700175357474739	0.286684492195824	0.323551452514397	0.354917396596667	0.233227109639413	0.57687637367117	0.163376790685064	0.454004524356948	0.400954034463458	0.283100472443226	0.328485891178394	0.361245457482142	0.328485891178394	0.456689849491499	0.318699975265707	0.501194563625673	0.400954034463458	0.220587144916453	0.541765765598853	0.440405871361777	0.32841922193917	0.496037862793585	0.372557021973239	0.328902751292895
"SRR5865122"	0.414748737030411	0.351811179184798	0.554443630676594	0.729270984343031	0.531072411653099	0.451090148854283	0.343040514361215	0.46881287221045	0.462058676598421	0.520810164884049	0.410747700023935	0.421046003665554	0.531495563838378	0.542863905665937	0.261920208533586	0.551591449743059	0.639838761197661	0.115938872273569	0.59118497581511	0.712432281401298	0.493336035134167	0.497784044715081	0.413300779351315	0.483127028362343	0.269604383669998	0.623920491876268	0.536055117264214	0.567733369597707	0.237514633946867	0.661161593827888	0.523116248681181	0.506184313990891	0.547453152166568	0.38067372194682	0.587633356557344	0.516261504650245	0.409439352034136	0.571411924577793	0.589307964088606	0.292294857966154	0.669868067137004	0.390256743713685	0.569483219290748	0.340597529108524	0.324087639363609	0.557218180453468	0.207178577422768	0.575156210359856	0.609395643223445	0.570008092210161	0.629747808552181	0.459973270340704	0.184275062858092	0.556219519109843	0.453451496739405	0.389027947555845	0.711510040575638	0.293739935390268	0.376964564030179	0.374672579764857	0.278673782027477	0.567023637030752	0.391584630174857	0.421264678973401	0.428706323548501	0.283100472443226	0.322475392536898	0.396022969066865	0.322475392536898	0.439798690633368	0.389027947555845	0.470846445801985	0.428706323548501	0.256322629875599	0.505971783080328	0.514423957896414	0.420191404680592	0.504289160622041	0.433249816594605	0.41946822516674
"SRR5865123"	0.321279880116191	0.376804363618562	0.56173785295267	0.769044872727983	0.505683069647947	0.435624360340107	0.355274606373476	0.477320356456644	0.488706025981794	0.537747574207487	0.430277038917341	0.442483968966518	0.545356230843633	0.562643762867667	0.269751038764478	0.563714452165797	0.635057312921845	0.0786444447719565	0.491740605663142	0.677790778533783	0.513125511133575	0.508620488305678	0.438433454922964	0.39711332546513	0.269604383669998	0.566091667249849	0.484172683214045	0.5429510751697	0.310492218390906	0.642002215022999	0.547726615456526	0.517082114578752	0.547453152166568	0.348368106046239	0.583888805392128	0.527048932905345	0.429346578214106	0.590824457022812	0.621618132265112	0.31190314886311	0.674810646162549	0.385091114185565	0.572910037737724	0.370076312624807	0.266930865471879	0.491430804461809	0.135418400353936	0.543143040791821	0.602360847421753	0.554430086692646	0.610967723509211	0.472261965906784	0.12750357602641	0.546737695695512	0.481390450867506	0.383980729849318	0.735981185772707	0.301215508460522	0.375430533751623	0.387157180048332	0.250954467104457	0.574877409978389	0.261815934609258	0.449566335270803	0.448603550076976	0.283100472443226	0.339304798959875	0.41271270321484	0.339304798959875	0.46203956489974	0.383980729849318	0.502854319263621	0.448603550076976	0.261586098244148	0.517573575557491	0.520176073367736	0.382440020073966	0.521373750322371	0.408505205689982	0.440729268622813
"SRR5865124"	0.215397469609201	0.404025434072814	0.607563877193631	0.587604490350478	0.546585076629153	0.444486253638306	0.45815383135435	0.465250017599107	0.479641384286824	0.597239935166225	0.425531388811947	0.427095313328544	0.527314203859242	0.536882435252347	0.335098666794735	0.552938462226482	0.59451474224065	0.140400479598542	0.275722644424293	0.648814291445397	0.487747425033147	0.449324964616442	0.351167600982414	0.501770639805384	0.26960438366997	0.512325278547071	0.266351456461123	0.419498294894019	0.311122091849194	0.570678598790259	0.513783043205633	0.458860316864366	0.547453152166568	0.423883559813578	0.4628271436724	0.498376661061088	0.403503576009995	0.567479240684461	0.620106343548037	0.286538091425214	0.615343405322589	0.342102148301443	0.572594944514174	0.36306690919924	0.276536950586515	0.226326241137165	0.141534331628979	0.261670531981348	0.56767936103874	0.325464907427769	0.625146701121211	0.413987375036762	0.16365546344437	0.376381111603363	0.45060285154201	0.337595009746904	0.507127440861987	0.333743016897228	0.352657640205529	0.446460288468523	0.199123465602141	0.561935437694365	0.215282258708235	0.417800566048549	0.444974819141373	0.283100472443148	0.347947590100989	0.410330069749699	0.347947590101026	0.412953806855794	0.337595009746904	0.468775022726575	0.444974819141411	0.301832978883538	0.456547521629282	0.474117256237408	0.425712022184776	0.488792650929375	0.424364493201244	0.444632758977729
"SRR5865125"	0.504167931362399	0.504918427304146	0.678694661335722	0.652992046260833	0.688133998353451	0.555303974852982	0.431987672312534	0.523846116230475	0.571925531084602	0.636540374568966	0.525106053377355	0.494649988418528	0.614659325064094	0.659441952409953	0.326242274130754	0.663759441763665	0.631284864832486	0.248885997153684	0.685061277542098	0.664515405730589	0.604614793998373	0.504848165604873	0.556912088124925	0.67665978951239	0.269604383669998	0.714346971166715	0.635938396674762	0.680635998692453	0.335717740841381	0.790680972162415	0.663780954043022	0.671828952133521	0.547453152166568	0.418755809141415	0.668380082567127	0.535115528664581	0.533277805162662	0.645353260943863	0.68937819092187	0.421684089579722	0.648740064768781	0.41269883377157	0.65439622456334	0.367907955505357	0.41293667617502	0.695226322867104	0.302082861745674	0.61790204554252	0.576464562949328	0.592687735264633	0.700109869997836	0.564293430786019	0.272371999838532	0.694080568275832	0.501454684765516	0.409505419550948	0.694360487616363	0.344452394145546	0.404959820558795	0.402144821279237	0.328064546045336	0.673445557988745	0.477982724959863	0.483429857287327	0.55439693218672	0.283100472443226	0.441587688859479	0.502858972318647	0.441587688859479	0.484164702958734	0.409505419550948	0.499123475186374	0.55439693218672	0.313443543509965	0.517382481835173	0.611429975099843	0.441947494485432	0.547535062983994	0.433510069671537	0.549760117148062
"SRR5865126"	0.476402580593337	0.446111310331504	0.569010930857245	0.700785742443747	0.675532061752999	0.491234535819922	0.395575097239526	0.49795956865995	0.544331403300169	0.391173140320577	0.475519213238043	0.475120295370711	0.575125137118224	0.60475249369133	0.301295636769485	0.603060405505592	0.650472944401365	0.1939425984882	0.637411599470464	0.729073355280176	0.554877707208395	0.558073256713041	0.524801348866004	0.601891022959652	0.269604383669998	0.704461728836811	0.608757930882397	0.666427002212889	0.326115981309034	0.72635760559476	0.596297423030625	0.603036647927629	0.547453152166568	0.38799673571284	0.625000848422679	0.543604283794224	0.473193728365038	0.627183157647368	0.648632509240716	0.356716778721518	0.639703726398686	0.401432218924432	0.631823762423808	0.380457707956952	0.459026409285585	0.656189837823875	0.263254375737802	0.583628841845586	0.610196586642783	0.580597819094215	0.670326923085026	0.511626013747311	0.241206865862604	0.62037151016132	0.528129898250832	0.400145247338935	0.745360224843746	0.326288716323157	0.394514658994759	0.395174326244399	0.351867305666544	0.619435655365072	0.480254516824899	0.498909694214648	0.493348844749551	0.283100472443226	0.384604797409365	0.283796227456095	0.384604797409365	0.542443293429857	0.400145247338935	0.553024591351917	0.493348844749551	0.291082026510621	0.568847824820716	0.564366630605727	0.414896423930127	0.555098410933209	0.434056315565382	0.484002482164219
"SRR5865127"	0.401306182173481	0.391845588090387	0.577675242052334	0.754999908602356	0.730609072541628	0.270244676517913	0.402118227713375	0.409099273589565	0.3535770100925	0.485198491471737	0.296208488209953	0.35581118191302	0.406716297856645	0.365681949811134	0.297256860561263	0.379026277963298	0.533673765239939	0.174970137576386	0.539382577999019	0.64405762199905	0.333994724306273	0.433735698515999	0.311251582323543	0.577656058647532	0.269604383669998	0.636142411618386	0.504174137499815	0.516685750051285	0.252267596260445	0.547362594817194	0.30422427284233	0.299034808603696	0.547453152166568	0.386032119805964	0.435554405756142	0.444362408913694	0.248859350988077	0.462020853576268	0.435746656829861	0.151306730595271	0.595307167723141	0.384880770212594	0.51083729499089	0.346036863470725	0.33595776689007	0.508264433641364	0.244247469943624	0.460600307871304	0.549192777878978	0.485694531881782	0.579818099382098	0.309192462239127	0.217325115787	0.397878454652176	0.397587319203992	0.381320466417542	0.622993692736404	0.295306888768721	0.377417983909038	0.414815752158903	0.363388606952245	0.387214419929256	0.482246568783667	0.345740369974621	0.294807684364357	0.283100472443226	0.233225574244384	0.287323722361475	0.233225574244384	0.440180263152409	0.381320466417542	0.448100412536181	0.294807684364357	0.282946032097487	0.434459072470029	0.429699274269742	0.364483127075682	0.420217673820349	0.395599291111533	0.279931042113366
"SRR5865128"	0.212021062905675	0.381288696168632	0.586414873254298	0.6246605490591	0.671179747999685	0.399371434126907	0.391749702908932	0.46730992140034	0.452515135953419	0.569042103605642	0.40871774768301	0.42170253283067	0.517662802195376	0.523057874299637	0.282721742647288	0.533779644377276	0.58193482236628	0.0777064896636427	0.336135052486621	0.592784509982857	0.47398224988943	0.369448947591885	0.355659809449109	0.365063079971223	0.269604383669998	0.460611537364075	0.497106291250677	0.605168676556277	0.201359770285316	0.594413817128198	0.503703192040391	0.518854986510615	0.547453152166568	0.374352490565189	0.514916594627035	0.505159107500086	0.389931700308562	0.553539908352795	0.560849382760539	0.273531197721525	0.614882265633721	0.360082805285896	0.569864559503874	0.320694580529653	0.173230870045134	0.52173952033728	0.0952033550185603	0.410753261083366	0.539241684353429	0.444943464977945	0.624134339196901	0.430529388769781	0.0982499293958016	0.474947691883295	0.430539261590031	0.352020959809351	0.614191893238666	0.290942701968948	0.347711446243839	0.390669316519672	0.329892706627347	0.537305484916941	0.425199737030084	0.3977281730271	0.433308047627994	0.283100472443226	0.328231109463995	0.397351125361441	0.328231109463995	0.432646141354016	0.352020959809351	0.445522392125149	0.433308047627994	0.263628668834781	0.376039754439861	0.489258620513773	0.383282366725109	0.480095715527515	0.396057290613759	0.43767362493726
"SRR5865129"	0.133610966636247	0.327252024997971	0.44565063172425	0.709567101639166	0.630050424854532	0.364795460466132	0.336003420470135	0.465207779453728	0.451654902303418	0.461776491944775	0.394924616292385	0.414201738055432	0.525901325049133	0.534860094358874	0.24731779678354	0.533013981672851	0.567746261936081	0.0553398207078215	0.190396701351604	0.534216398813423	0.485463784276083	0.384009967243697	0.316085735640433	0.242847316415866	0.269604383669998	0.414337540542458	0.387432899773313	0.507045788123031	0.227787803378128	0.530529989303178	0.486772113079571	0.462633344120633	0.547453152166568	0.29175741050713	0.459737809130439	0.435141327324264	0.401505423573895	0.564020621224498	0.584784126823871	0.284609511600101	0.514785933088144	0.316541316878323	0.573203459863688	0.33614897231338	0.158248995418941	0.428791043064108	0.0666868339921715	0.261307622057121	0.52752140197271	0.361809623751211	0.637138290295822	0.376612984154862	0.0814305624093076	0.434942255449102	0.443650247070413	0.31156050975959	0.706867598282194	0.274399712943637	0.313050280025781	0.374451281641909	0.347705719946377	0.533256059215843	0.310345444682102	0.411240634258287	0.390382910132853	0.283100472443226	0.315238510026135	0.354139843512929	0.315238510026135	0.447231443868797	0.31156050975959	0.459890422533806	0.390382910132853	0.226530627597503	0.391065975139526	0.435105976845032	0.320071413881799	0.463347217549565	0.356802769849359	0.339819935301068
"SRR5865130"	0.236055268101824	0.423870715325373	0.595127288913715	0.686337518755885	0.78650152458896	0.446160830470458	0.455567504077876	0.497886341887706	0.51755882558373	0.579808513002707	0.463521772041548	0.443857454610949	0.564021911952708	0.589119631730689	0.328884698496795	0.591512525570146	0.652028479369143	0.147499704667539	0.28902448983777	0.664708241695008	0.536272352983191	0.480103899272777	0.374391473586393	0.515495389385609	0.269604383669998	0.608360203961879	0.40113643352648	0.53339929536226	0.233281285738794	0.615645018981869	0.554014141587982	0.531265256210501	0.547453152166568	0.386706833943458	0.497153110397162	0.464129556527261	0.456677703413995	0.597902334338742	0.666286983796434	0.339575928050698	0.591460959820559	0.339438741608504	0.584295326320407	0.339313390773168	0.326304614800588	0.443551237917541	0.149481179863962	0.271270754107176	0.603268231621584	0.379058511065031	0.640273291503573	0.426841279475837	0.174390179747646	0.500478793174246	0.464391552820178	0.332948661339391	0.749637791030723	0.330274157391772	0.34561772461692	0.423998805110988	0.353237479793002	0.595405694556485	0.364818107377806	0.438221583689751	0.46812242129298	0.283100472443226	0.393715793079823	0.420474683277431	0.393715793079823	0.457664285604376	0.332948661339391	0.471519909092908	0.46812242129298	0.295437238309503	0.49037925034198	0.505058766247827	0.38399342593162	0.500838218503229	0.389816672852017	0.425659813330039
"SRR5865078"	0.122884021182859	0.399639053199618	0.548857565749855	0.738189961052561	0.351972962869667	0.447631336372827	0.396490714207347	0.479237534593259	0.494127434719377	0.574465658135094	0.43557590264955	0.445371431346945	0.539999919215719	0.555009934785463	0.291640619256855	0.558789235616478	0.571066869876968	0.0521793811112123	0.171594402079562	0.686761992317508	0.506119261281239	0.462741225519256	0.371605605674041	0.258720766452876	0.269604383669998	0.41388255586293	0.220355188878116	0.374211085633631	0.269597007353494	0.505512620589169	0.539334516850625	0.459870982663207	0.547453152166568	0.395195865810957	0.476200763189394	0.525730814172003	0.421612519163912	0.586781928685197	0.608327845264037	0.304230166232149	0.663495396856655	0.329827492107949	0.575273812202287	0.355974041650864	0.171522906737447	0.195096229227791	0.0532101756835174	0.264949298180763	0.529426634441653	0.367068983074959	0.617884762133492	0.428711262445224	0.0671422711289482	0.423213610844235	0.480444389740997	0.324954199854026	0.725506287173489	0.306393903169406	0.333342999183897	0.401097105832602	0.136490893350075	0.573769782321121	0.120338844204584	0.447536156624712	0.456033139564375	0.283100472443226	0.349876272482623	0.413181097972718	0.349876272482623	0.428242725415132	0.324954199854025	0.503914160364042	0.456033139564375	0.264438419153731	0.471457339546934	0.467679268991956	0.41219729186384	0.517630787663307	0.426362951294628	0.454376116084364
"SRR5865079"	0.231232762419806	0.450351706159742	0.595354928744366	0.745831861951544	0.511572831448294	0.534745822600738	0.39955013424815	0.512460486682216	0.561468376479447	0.518691792866017	0.502180955092574	0.485591435458961	0.601397056284558	0.641289776464138	0.299844061313969	0.639751889475171	0.605248863877745	0.0631205080567264	0.4151511594714	0.60121451647754	0.588519084549697	0.458620730237419	0.467366227653798	0.349142494727327	0.269604383669998	0.466017997183949	0.463929443499801	0.533537626365672	0.324126628450229	0.667216741291221	0.638111463975708	0.590914978480926	0.547453152166568	0.395248412239318	0.63551137733173	0.516263833252247	0.512928502698278	0.642235026289102	0.701339527976473	0.399227958162551	0.566688386408477	0.390615974587847	0.611017060805497	0.374831555378639	0.173772183923163	0.52484800628715	0.0846277460706197	0.546041936109366	0.556752407519637	0.535006519468068	0.645029584406137	0.529875373636896	0.0850926869416874	0.686210254605303	0.519611673035754	0.388498155675599	0.644462030482507	0.327302816782204	0.384827712463923	0.408565846778828	0.220165689333008	0.655872744065433	0.240439673408833	0.497029696280935	0.522503608346692	0.283100472443226	0.412721174033409	0.404873753888432	0.412721174033409	0.478726237951657	0.388498155675599	0.529803038853155	0.522503608346692	0.286969704661119	0.469738818205693	0.573615924617785	0.430140592024902	0.536484555091477	0.437179589069907	0.507588393419656
"SRR5865080"	0.511194379834268	0.424225892000266	0.622978782848453	0.686614413953182	0.68650900904731	0.442284893834282	0.413678639783671	0.465432666898719	0.450349899396837	0.55106646557543	0.405386201493606	0.428095413238781	0.517963560970043	0.523488983336468	0.305687367841346	0.537011203883292	0.634428903719839	0.224397549044919	0.656733481619277	0.76164403720683	0.473761750089224	0.528893537678375	0.346315163924638	0.652708183725259	0.269604383669991	0.711810695048212	0.540656998242316	0.54388397479106	0.248859845317818	0.690109130673	0.490761587392856	0.46940745565002	0.547453152166568	0.425552565784838	0.569753258420216	0.493133770041174	0.390351854123734	0.550470228647908	0.607105786659429	0.273930606441731	0.674724587921859	0.401887727881796	0.535285051349497	0.335248472942418	0.424592935567191	0.617192046438664	0.30916599480141	0.565009680391753	0.607283326083869	0.572948407991698	0.588774720152394	0.43892190310561	0.270665537094258	0.639913948720488	0.421458246553225	0.398751525200397	0.70662611736894	0.317056543293519	0.392488916004074	0.425913775311101	0.311761615001302	0.551891176872351	0.440529397252173	0.389663412463353	0.419615248494678	0.283100472443206	0.330380317331304	0.390029317868738	0.330380317331313	0.406040438141643	0.398751525200396	0.432974478446071	0.419615248494687	0.294072761480118	0.536723257511833	0.526861060344168	0.437051371401285	0.486970926405394	0.431784636972718	0.403443328886727
"SRR5865081"	0.344208469235721	0.301839212229216	0.281922474551972	0.586547277015389	0.472048450194274	0.446400253896075	0.267932657370901	0.486239768577362	0.486181001586896	0.0780660515998269	0.440203277097091	0.457808730943547	0.579633455181086	0.611070533003598	0.206272385049666	0.603634347717397	0.607968794291026	0.110099521946324	0.502802667214158	0.562346182620985	0.556424979124295	0.403936584688092	0.227639658886365	0.376813334526662	0.269604383669998	0.534410659428245	0.551245829736881	0.621065517161287	0.211985845274971	0.698027720794855	0.599046549521537	0.599578636867675	0.547453152166568	0.2653586280694	0.592143671627345	0.498074371150887	0.479950072846719	0.607739108909522	0.626485576947009	0.363818853939501	0.402641770340591	0.348688716854629	0.595955065179357	0.325657492473948	0.287501178327164	0.554915715196769	0.189129519538614	0.48854904672505	0.547131071905504	0.494983187496765	0.642310603308404	0.486532210756928	0.184426235478825	0.482549936407476	0.461437288005238	0.345558051030151	0.616908000610516	0.2563069088782	0.329021351820972	0.326061184434313	0.337717417297489	0.609786121677292	0.342077306557791	0.438982206604923	0.454880336079184	0.283100472443226	0.341360668661536	0.0718952790128562	0.341360668661536	0.445609476681534	0.345558051030151	0.46060559936034	0.454880336079184	0.201311156967769	0.414227561916078	0.497451392423608	0.333992099502162	0.508106836971805	0.36949567476811	0.423604443713266
"SRR5865082"	0.234456343835434	0.432051783182638	0.589963959153948	0.744871990622417	0.398394832101394	0.470146822302742	0.396901261571729	0.476807145199701	0.485457946076404	0.437159578915921	0.427919297286069	0.436186901065133	0.535607832765825	0.548740670316713	0.282760875921847	0.559974433830844	0.636562287126925	0.0695236934818184	0.356698513959107	0.768574620521474	0.442098271475299	0.462837599153169	0.416934346141582	0.35077522895986	0.0717011959728687	0.46044684553518	0.322761145627068	0.377157185387312	0.240153693251371	0.591497171949564	0.52537492998851	0.440172742502822	0.547453152166568	0.427569623467773	0.553354859784796	0.517938849831433	0.415309075678569	0.580079256392226	0.618800363857348	0.29802821965378	0.680787766757171	0.368370132536181	0.556519841587099	0.343635810191785	0.225301148934054	0.272827972480923	0.0876508855838556	0.456243080571523	0.581751568478455	0.475892624802277	0.613952659848188	0.446181694527533	0.0896589682936053	0.474019457980998	0.469962384678568	0.360292741225089	0.63059944053348	0.293485374845009	0.353744417450902	0.411701369189353	0.150055958827245	0.57686479256955	0.168253624219146	0.437074371211717	0.443223194211817	0.082371197491172	0.236315810888483	0.406919175974504	0.236315810888483	0.417343503004603	0.360292741225089	0.491568927544341	0.443223194211817	0.139849936690825	0.472170681935025	0.510963685571509	0.447127130775165	0.516941644157322	0.450343967455373	0.431146675977144
"SRR5865083"	0.229279457932403	0.304634677567343	0.436600985950982	0.775601770840899	0.39846765400943	0.439852399466199	0.330601626122571	0.464910735597721	0.466078089853924	0.309178885110202	0.403466403321797	0.436057679504278	0.527129606207257	0.536618241805621	0.252416881438393	0.545827316943546	0.646325537694707	0.0549588815984306	0.333513416006691	0.754248378986746	0.489179662841918	0.532546731399318	0.387882625166881	0.293722562294586	0.269604383669998	0.485098218421623	0.35728779930395	0.448948973549651	0.256674935080672	0.561246868523361	0.510059399422515	0.452046998132282	0.547453152166568	0.366410497182179	0.524722753540992	0.516899945511226	0.403242292382815	0.576268935408672	0.592582480064262	0.286285638555283	0.631874893675143	0.353948503739782	0.584960145743875	0.355970783501935	0.247339293069263	0.396013639907699	0.0926623627226906	0.413189882902584	0.615033347146216	0.472932864401572	0.628314438103172	0.42564337675439	0.0975822487007525	0.547218281596113	0.475948804774247	0.353056367869644	0.726491241681332	0.287304413246449	0.349067128255555	0.374792000388789	0.204340158436792	0.559378709999668	0.229841571683436	0.440658304056101	0.41321239692624	0.283100472443226	0.313375828425754	0.225760418882254	0.313375828425754	0.449564579879658	0.353056367869644	0.503421003133474	0.41321239692624	0.240535609782472	0.540993404206155	0.470143395002681	0.409974578730117	0.516359229365935	0.434507290471196	0.393947564384613
"SRR5865084"	0.237887121205881	0.407680697223303	0.492451599359773	0.559672090275779	0.610858680150914	0.271270351320988	0.392109544803155	0.409025858416934	0.400080059973331	0.431186509065228	0.29766702850045	0.353324506725937	0.406716297856645	0.365681949811134	0.296982828789692	0.387497611646383	0.538319676926739	0.167898879439431	0.277082544892908	0.66902664819034	0.340080725196626	0.450751572687178	0.287293856052647	0.473269658025541	0.269604383669998	0.549535023720847	0.342724013397157	0.439472132853177	0.241762560740032	0.49306460846981	0.281057202421584	0.248778000342727	0.547453152166568	0.387077675413817	0.342991222638276	0.405702949468414	0.248859350988077	0.499051191913035	0.378334248201613	0.151306730595271	0.520795637719901	0.332130996734685	0.425677488199219	0.372285857049218	0.398254012186776	0.355992958192657	0.164457772256302	0.231696067140907	0.553032564392377	0.304914373573181	0.49033284837658	0.253506479270782	0.185217012595201	0.335381772683013	0.499964785380354	0.328841710732423	0.55907713746853	0.295334567057989	0.339205927580301	0.377528337938499	0.324759000194702	0.387611650384659	0.482254683087969	0.436111089982077	0.268067525365157	0.283100472443226	0.233027442699971	0.262280047797345	0.233027442699971	0.586467443921073	0.328841710732423	0.587979375810563	0.268067525365157	0.269815356223295	0.451706088687828	0.374440007936918	0.365924909609175	0.44249867136989	0.424689649131729	0.22002623508445
"SRR5865088"	0.116669610818539	0.207726140566935	0.331805541792533	0.727838991158522	0.303864198986628	0.354315708963787	0.332645531137678	0.445032107961139	0.419008736903705	0.384357622772585	0.348433641062563	0.400547368949536	0.488182400705255	0.480774666812168	0.248692658462443	0.492374046521293	0.539628632095827	0.048285646505143	0.168990518409127	0.574142217444839	0.358403494611326	0.38639917094782	0.335215740615537	0.21228369968724	0.269604383669998	0.363344224387431	0.214342098000624	0.240351176083713	0.125157292065372	0.488270459475495	0.392687235359458	0.268524056948018	0.547453152166568	0.163749333252048	0.426371496786546	0.290393397437717	0.349661900656928	0.535192989158398	0.522972136633604	0.236218708746284	0.406918956764816	0.317589433469599	0.525374584796546	0.351826845796471	0.137410711374297	0.176887081001031	0.0551801884012756	0.25176053963987	0.517735498357041	0.341707357506737	0.59303802635785	0.308106232364849	0.0674313973197583	0.361081038631345	0.437329726713133	0.313870698604129	0.648790449637584	0.273328987804508	0.316484139024611	0.368569722420068	0.155867520321633	0.494277308343023	0.124501030667338	0.397603428370329	0.316422344482502	0.283100472443226	0.280630511502534	0.293174415911015	0.280630511502534	0.401952684495738	0.313870698604129	0.467557465206778	0.316422344482502	0.228298009241388	0.391252408092387	0.407663724384601	0.357123905003498	0.421682926522747	0.39155183408153	0.151028805184027
"SRR5865090"	0.118362285788033	0.340252703101621	0.419273670116863	0.790195000448068	0.569295323063897	0.456924582275103	0.354948842550336	0.471894755104187	0.487656617384242	0.295136901321621	0.420508929792573	0.431731748056389	0.535148203631012	0.548084138573761	0.265948482132019	0.556775540316517	0.611599726330074	0.0406250139565963	0.164723032121146	0.716317319411286	0.500851524860073	0.486957397206139	0.39133790707901	0.212833560281522	0.269604383669998	0.372209705624327	0.33846409059967	0.524939193360784	0.248102293647115	0.488881896078274	0.527329534491427	0.507000308622895	0.547453152166568	0.387677673646819	0.47020054331771	0.522062263565633	0.414651459787513	0.588774918695259	0.609197622897426	0.297383872267289	0.58811012184879	0.323476358168178	0.556940294201035	0.356077402445388	0.175843928099713	0.397881593539594	0.0493747463488605	0.263690870142361	0.575436427544871	0.355770147047735	0.610038700990277	0.417244911065159	0.0628884346323903	0.486293814900636	0.495898061754491	0.321019037981779	0.68317207350738	0.294078738943691	0.32725843266949	0.388315050707675	0.283926738970788	0.572253500660748	0.361243447650703	0.46053268565659	0.433518436210463	0.283100472443226	0.329589572042936	0.204684578831827	0.329589572042936	0.497611289440802	0.321019037981779	0.527004350384316	0.433518436210463	0.243667198551569	0.495470178282833	0.447783644420091	0.423933384502711	0.521394949177433	0.445633013625974	0.421678313004889
"SRR5865091"	0.438784493048959	0.47343606944971	0.6628574047522	0.678228723085661	0.784341312256898	0.382814760144881	0.457588790039438	0.453797316346374	0.434664837100587	0.543644746393523	0.383231586279145	0.40169891250522	0.480999056657714	0.470483667119997	0.341038365645271	0.485371495359437	0.558119103426194	0.215919800195453	0.574543175297855	0.737103196550274	0.406353401343926	0.532273112986355	0.381452114023484	0.647795709372668	0.172116048674432	0.680785433905349	0.543524958750674	0.586656780018062	0.227726347068786	0.637720624033373	0.435665209461533	0.444366374829617	0.547453152166568	0.444448226134542	0.518527672968882	0.505092761808696	0.340135839704115	0.526299683171191	0.551256906626874	0.227673684552565	0.689531705797452	0.400993722746347	0.459089242039042	0.333418329628248	0.391981621208016	0.605617517663506	0.257567764732364	0.498954561861911	0.552463695989668	0.512748700233514	0.520273756418734	0.403572791742006	0.23278026035504	0.558643241063016	0.426847337287401	0.398269400841493	0.67464295596838	0.335429525873553	0.400652618444917	0.440296977152815	0.359551993668229	0.497408734086249	0.520544169266906	0.386763798631185	0.400916088712536	0.186514047993013	0.272346750310577	0.375796701834309	0.272346750310577	0.445396644200716	0.398269400841493	0.456250668990594	0.400916088712536	0.262096057977507	0.537712768034551	0.50560312010103	0.423247972457595	0.479867958513207	0.425838840549806	0.404215886915011
"SRR5865092"	0.474034257077323	0.431738965050072	0.644451966267888	0.666862576539329	0.75184135828553	0.554698920120747	0.412739438606274	0.509709920842085	0.546570093165944	0.56701224809889	0.497246717067005	0.473809890833414	0.594188545329005	0.631335916740828	0.302486937351321	0.640419198738545	0.679222986550948	0.177961889413938	0.636403820507711	0.765057247144654	0.555383016424371	0.528564361398804	0.490520196193086	0.612601480003668	0.16705072382378	0.680004666988079	0.615407354423488	0.671877667676772	0.32097831765216	0.738022270259746	0.633823207154	0.646950215097692	0.547453152166568	0.436901598047806	0.645557130627313	0.553489467470846	0.501943309952693	0.629138297640527	0.706229134959662	0.387296924666469	0.710214892193673	0.399606781328697	0.629059451930393	0.368423453866746	0.423848658947338	0.680938415023787	0.260175286843945	0.586752442321353	0.622276790924382	0.57259377400292	0.665467748656534	0.538916152516285	0.237773989701116	0.658268032679204	0.494962320238632	0.395261954413951	0.69228746214211	0.323125730271219	0.38787734507094	0.423778394058759	0.373954944425461	0.655384689337179	0.542798338330569	0.472803231839994	0.526731822059155	0.18140024346324	0.360135752045393	0.478959294825128	0.360135752045393	0.485622162810711	0.395261954413951	0.499617574300242	0.526731822059155	0.230583067200179	0.540797971670736	0.581958117338079	0.468710661839356	0.553813311959207	0.458995195042715	0.527322223241006
"SRR5865093"	0.194663572377022	0.511538574448289	0.62853567702941	0.68659900112951	0.457823653840056	0.2199745684627	0.446373168240488	0.254622485845029	0.361684683535493	0.524492520739721	0.236712745926664	0.207466470164713	0.406716297856645	0.365681949811134	0.330341218675056	0.321805016520721	0.485650913247413	0.0808403838271955	0.292758551722312	0.63722540039418	0.327777097352657	0.363897145033546	0.318080994338383	0.373771298522108	0.119445384110352	0.500019670734792	0.321928514003127	0.37488337755763	0.310244173435216	0.492390508159598	0.280671550049259	0.265084957512761	0.547453152166568	0.392523139277908	0.342732322067163	0.472889846757163	0.248859350988077	0.395130047141484	0.313688750199145	0.129699606478115	0.645815426777836	0.376488421362418	0.471590508939316	0.226929025151222	0.180497239459856	0.365266682257634	0.0764799042056439	0.281697116649718	0.465338689787962	0.331222600043546	0.516653316970835	0.226249552641765	0.0712615568372674	0.389094019763529	0.383615571975307	0.37021261419708	0.61155253246061	0.310092159001778	0.373798836490269	0.403526102004188	0.148980074257662	0.315137306659885	0.194525221798705	0.34685246639645	0.232366758837785	0.13184215269266	0.158545787280752	0.303903177533031	0.158545787280743	0.422406565947168	0.370212614197079	0.43724152310319	0.232366758837774	0.283100886726174	0.35679819965395	0.307800355612783	0.197857585015949	0.370098481540854	0.230717677201683	0.31418778974096
"SRR5865094"	0.118580253294216	0.471368068735246	0.587850545005674	0.729584890811239	0.420518078020953	0.257784258565984	0.44977734538078	0.414537036456607	0.370715357996837	0.541459006644486	0.309685370225458	0.36673936254436	0.406716297856645	0.365681949811134	0.338891294002605	0.383439119551781	0.523156120787889	0.0645381076704278	0.158324867756155	0.64275537447425	0.334813227261922	0.46877714972242	0.300112766453004	0.304206591750139	0.269604383669998	0.43978890421231	0.212374363067533	0.319512453821526	0.243015877793701	0.414200021755857	0.30936240305149	0.250858611242953	0.547453152166568	0.398210740494618	0.349158527898646	0.464819304984225	0.248859350988077	0.467004925095148	0.397414414911539	0.151306730595271	0.630448888411759	0.343720525099731	0.472944591081828	0.344520708632699	0.152428442612351	0.204597865593643	0.0539693537807188	0.231696067140907	0.545811590123957	0.343664810374242	0.53297302574163	0.288313266155513	0.0639586743941746	0.368332388824812	0.411093471173363	0.340425197716954	0.735671606713249	0.321773144679664	0.356954030456844	0.411141400628808	0.148760765732941	0.38232255717713	0.144095421502526	0.357461991561403	0.313550388089452	0.283100472443226	0.248194265726332	0.299765738783949	0.248194265726332	0.408016045032063	0.340425197716954	0.466996115069434	0.313550388089453	0.305745538595721	0.469528343144554	0.393094561093721	0.353412123236434	0.433189228422776	0.384860146322578	0.3112797811965
"SRR5865095"	0.274561739193169	0.391467570166522	0.56896544829698	0.839551233467721	0.749662974711654	0.365115891556237	0.394481480547586	0.451623086577696	0.453013614366979	0.497846696358216	0.376264845323651	0.428617853202644	0.489686286013483	0.482930493695563	0.292271453929681	0.496780594068592	0.505032666613126	0.0795147843142131	0.444555527518679	0.553977066243295	0.441531984703754	0.410928025287142	0.415534006714819	0.419616548591259	0.269604383669998	0.554470480073475	0.532592415426053	0.557575445031113	0.295792419051382	0.593447277814616	0.429493170188063	0.411887592436704	0.547453152166568	0.372192062760743	0.518446088368315	0.442081791870159	0.351670882698784	0.551837320413509	0.576162584227787	0.238034580869696	0.509140125661937	0.384261609459507	0.566891851578064	0.376289094713244	0.220892273644209	0.541526900204352	0.128574267196119	0.489791930214006	0.49780376624975	0.508855058625769	0.596171645755056	0.384264900401922	0.12287614822228	0.467844770932018	0.480958666906565	0.381947895620626	0.692803404492447	0.306107668024747	0.378081630501783	0.422392227651788	0.389874094521625	0.499464231497834	0.464751370660405	0.437097139730633	0.369617778870859	0.283100472443226	0.299573984060578	0.348511761116503	0.299573984060578	0.518403745502529	0.381947895620626	0.526504594476711	0.369617778870859	0.279232963261539	0.415400577535132	0.485584410369089	0.377405243768612	0.462767202130483	0.412050039955243	0.333779732173646
"SRR5865099"	0.361547575571025	0.338716078709289	0.522671875125823	0.717028176914235	0.362982561552992	0.425792060774386	0.340912443266591	0.390360671682075	0.453095161260031	0.515638309872011	0.370201327988711	0.342874027322069	0.531242500395357	0.542502058669733	0.258768188569415	0.521027174096094	0.613749732137559	0.129133608940508	0.492365049761838	0.691837512667519	0.492508398973244	0.444847022141906	0.389694699330486	0.475064318652238	0.207571950869237	0.616547278603992	0.363827569565133	0.435692220322822	0.232855293991826	0.630561058293035	0.505666061388088	0.461336800761176	0.547453152166568	0.374455834194721	0.509913891095596	0.510269360426706	0.409079167774116	0.536357153606771	0.553895742152091	0.275968265676086	0.659725396722671	0.363372464272855	0.534466714782448	0.274937508520537	0.338062145302347	0.370454603801237	0.205555780384829	0.40375754898208	0.566929346830605	0.438649448813206	0.586530693489151	0.394997732599434	0.1936808970308	0.474896249036732	0.432435231070442	0.361410748378996	0.662161252569051	0.289949343526004	0.355499439565296	0.373429273289401	0.167782984933739	0.533714963696262	0.203552803344438	0.408502797900213	0.382337726649974	0.221441371399843	0.276993414499798	0.390113686809045	0.276993414499793	0.400662910859065	0.361410748378996	0.446130758821242	0.382337726649968	0.247412382667271	0.449058038372212	0.428427639340395	0.335097897357083	0.467582273523934	0.352015308395595	0.414708793929326
"SRR5865100"	0.513181471941302	0.27625153171578	0.431145623782436	0.536263895119491	0.314778368114218	0.399332735307494	0.244167290730644	0.31299171964696	0.435464856125549	0.138647703027591	0.332067505538853	0.278179006131967	0.502383582535278	0.489884271280021	0.228827883184967	0.433681014481696	0.509074894360463	0.0720258906163723	0.700719611866663	0.601574495783822	0.40366696326552	0.47611068851054	0.231745801730852	0.359525942357518	0.238017037259155	0.477356752013487	0.580660916009403	0.466336041381389	0.160584913192606	0.572227029484216	0.451879053407206	0.440476852831786	0.547453152166568	0.268981031142883	0.574258355421491	0.417431506728652	0.412690672762764	0.434723430538473	0.443463778614569	0.289815889135375	0.463393314198782	0.36071791236818	0.368820530418284	0.246461358677735	0.229305942601846	0.556827247173449	0.167423982870814	0.762983781022586	0.4823559941264	0.64779832789468	0.404432041657621	0.425399135515237	0.120246807617973	0.551267135387797	0.39791420707942	0.366956430231526	0.570351209061778	0.251622417437784	0.343230637813216	0.251030114162639	0.196659571954864	0.446061618290758	0.229703682365477	0.387325982301063	0.360717589898175	0.248412877278297	0.272310086953741	0.0995213244308687	0.272310086953741	0.377818924565386	0.366956430231526	0.39854063917505	0.360717589898175	0.234579280294638	0.48039833246515	0.437000170525912	0.297533780612158	0.395703117738206	0.302777762511064	0.380648820387934
"SRR5865101"	0.215899260811427	0.29402755363717	0.281785773023731	0.781183389363897	0.195439895827506	0.518067278805581	0.272025253213329	0.484009638861653	0.481788005841098	0.105250924481533	0.430517682685836	0.453483804832418	0.575229521685701	0.604898982683913	0.217466679147488	0.613869656831673	0.62474795258381	0.0628864625932046	0.33487213413264	0.653760857453556	0.550517606460048	0.464014305770797	0.418275431676256	0.254810776064696	0.269604383669998	0.44968057518347	0.297439222341666	0.348604018438393	0.284567703889801	0.627151524106626	0.574772319525187	0.466632653947271	0.547453152166568	0.343847907020042	0.560914403737531	0.455173307928562	0.473349845712537	0.603808719751294	0.627655203162897	0.356880295852574	0.392114942794818	0.337974645507598	0.610250952922201	0.351239730189931	0.195696811149981	0.254937931890399	0.100667604231697	0.403209207368049	0.582152426935445	0.460230507575828	0.666593017867359	0.449646105781966	0.108446694175711	0.463519678643613	0.458915124548166	0.33929347028988	0.685086000404915	0.273295055666255	0.332519978535384	0.331092938665287	0.140140692070544	0.627650025456781	0.149491869317744	0.435717546107346	0.430097811183086	0.283100472443226	0.337575546438303	0.0981697711354555	0.337575546438303	0.383843716276802	0.33929347028988	0.45913102356899	0.430097811183086	0.209622446592096	0.473954219685463	0.47607194220331	0.427474841701985	0.491364424981595	0.439970783876431	0.372190789736483
"SRR5865102"	0.103499807443462	0.308836675935064	0.400595149978401	0.698354956071314	0.359270770957112	0.197707513862473	0.323422118732853	0.353247861159789	0.32441840990031	0.327269265056582	0.246576942886622	0.308448885003769	0.388959379023052	0.338350067786159	0.251220056438476	0.32600846767878	0.450923826801416	0.039419856174723	0.135611931515745	0.490925237018094	0.298660386780536	0.365857427406557	0.219258045336884	0.178465242299556	0.259855537009039	0.32050948542312	0.205354022503419	0.197402335993256	0.264714183619233	0.344158810180274	0.234087087232964	0.155735517906604	0.547453152166568	0.257248791894094	0.311380740946614	0.29433995775778	0.239019775069024	0.409233344644295	0.355318588092278	0.142670781379786	0.3739553812648	0.299442737019059	0.439074154316904	0.328747137139113	0.107191561271355	0.171929967419596	0.042911135818456	0.225560169733415	0.46277354761724	0.317380951438278	0.507105025444352	0.208932280252527	0.0502418122202072	0.285259057021009	0.366933494344334	0.296510859477692	0.660020754459963	0.254755528074381	0.300262934597877	0.34168880779698	0.173957915109271	0.320307041043622	0.0980673321420386	0.321866420729359	0.215454503604165	0.272390882553679	0.202691442299937	0.207249535826025	0.202691442299937	0.366299204608624	0.296510859477692	0.410123881980396	0.215454503604165	0.229086472408133	0.364956138681067	0.319134989101892	0.244478818709345	0.337296119784535	0.292256581537861	0.156124353287327
"SRR5865103"	0.525024400751735	0.45267990564273	0.6295303529236	0.651044076437703	0.621557061934624	0.450930651182571	0.410150009856507	0.291687616046759	0.563316119382569	0.554556995303345	0.390857559617828	0.263054660878254	0.616879238243828	0.66245854105877	0.30426535008064	0.564183493241286	0.536942885795963	0.210686952854171	0.712421509325059	0.560401247529693	0.608809808245081	0.365944170787944	0.343120547388658	0.663458154237928	0.114632947323906	0.732702040079906	0.568657539943871	0.533830989917549	0.234365566944681	0.768933522826814	0.593566107126778	0.581277590765837	0.547453152166568	0.353245155722022	0.587890275766645	0.462209938734388	0.536699649935857	0.55906125765687	0.629255330702788	0.368127279859711	0.531523629555795	0.411876394481852	0.532162987989492	0.17909503543666	0.430040336938303	0.627148021794947	0.316633708329388	0.496061150041763	0.436336675434664	0.457137915506274	0.528695191496485	0.389442953472783	0.26123135896401	0.57853685923409	0.480710951334445	0.408313176110819	0.569447973372643	0.32943819465409	0.398591865404188	0.41402402393494	0.23269569169915	0.572082484629201	0.263777809297595	0.484581057122773	0.375614536615949	0.126591087075816	0.285427493815446	0.46412564444687	0.285427493815428	0.491647725711424	0.408313176110819	0.48188252724545	0.37561453661593	0.295185234507318	0.366535268023813	0.432724066450538	0.180828068806606	0.432994632782307	0.201391165677905	0.452055031162529
"SRR5865104"	0.498413524825589	0.401219083869761	0.589017204626857	0.626241793781541	0.717322349482578	0.489045962752395	0.386865071312891	0.483591717986203	0.482114262748459	0.524954334168366	0.43288194806488	0.44371929175911	0.550615970633521	0.570125692343969	0.283621882552841	0.58110352044783	0.662249245502249	0.192355755379384	0.648542766933259	0.766678204577748	0.517483765607935	0.507647334923351	0.201169698545621	0.615066077402908	0.269604383669998	0.696323295509024	0.591720517303564	0.580547376302404	0.24819447992137	0.706831250933623	0.53462617371475	0.516714431642179	0.547453152166568	0.418437772698402	0.60351146193816	0.474174552839072	0.436989787795932	0.581414309082328	0.638025059954232	0.319554532165582	0.636015675112563	0.393446560860342	0.563737599288091	0.33935250236663	0.423855879499	0.66300027536965	0.291153918581102	0.571863316216717	0.615078345986875	0.569607527752419	0.635422773818489	0.457194193570962	0.259140187789307	0.643459558179886	0.443912890346604	0.388656303394514	0.716046499230763	0.303452782603022	0.378130137491999	0.406213325821514	0.362227280064251	0.596520293178909	0.533972997945705	0.416768728694384	0.438013556471694	0.283100472443226	0.355904410331964	0.401507243030223	0.355904410331964	0.435373466524136	0.388656303394514	0.449525399271813	0.438013556471694	0.273498850422638	0.517599790047388	0.541925371424473	0.44696634606077	0.498298261174719	0.441184939725327	0.396709102724629
"SRR5865105"	0.11340821188314	0.388658658883189	0.504911101750146	0.792522906267148	0.374354984952392	0.311364523693406	0.371962427229452	0.454238843879175	0.452413453107473	0.509878164476924	0.382664439023188	0.41493080634608	0.496749094809812	0.493059305195087	0.268374284179626	0.480486967610706	0.524832385302188	0.0501124128724674	0.163840748766528	0.520857411715911	0.450007724141917	0.36241175557833	0.32822530129542	0.235929188266936	0.269604383669998	0.382891320556008	0.24513812097983	0.374238715354483	0.31144524259786	0.468897185322404	0.450472446409194	0.378459275565122	0.547453152166568	0.29367478786862	0.430791639583351	0.471657289645294	0.36117250722035	0.554010897044325	0.526702940968215	0.246687848270149	0.564343045525274	0.321573748241622	0.562214163627293	0.373151012134662	0.150417338725878	0.228046636697963	0.051337786911453	0.253907503291599	0.488858639934073	0.34695681728731	0.6151698507167	0.365114828984932	0.0640048587793926	0.392549727713157	0.473072600345387	0.313773306042456	0.675551998631124	0.278528370766433	0.316503675591391	0.380612626673762	0.169703244992029	0.486711044927897	0.0974504552466622	0.431498740965897	0.384653995044665	0.283100472443226	0.302507641446384	0.354522976080439	0.302507641446384	0.455545660135894	0.313773306042456	0.512725216830954	0.384653995044665	0.243130846133899	0.36801125740241	0.429688894704102	0.297505970063632	0.477569459372694	0.347706784483942	0.360841042139249
"SRR5865107"	0.124439278768132	0.331882225900774	0.463848391124507	0.697212552741515	0.341046085337138	0.462432314937478	0.328748467012496	0.470204451428041	0.470569062074304	0.470190082111685	0.414489547707783	0.427735825291904	0.536399551296394	0.549871360827998	0.251626291012645	0.56092367879982	0.628882706377378	0.0454048592864515	0.170779058574889	0.727114929327621	0.4803691513704	0.488963960336841	0.36653372201974	0.20634848284982	0.175750162927978	0.375949334575821	0.274373225457837	0.436019163897654	0.242722710474352	0.509078048589205	0.531519081828392	0.481402910250687	0.547453152166568	0.37929827401714	0.472615474714267	0.522314949469294	0.416442739746816	0.580134220891036	0.574972012479802	0.299140199499182	0.675075718543288	0.319307790454139	0.496585180628153	0.344129926030981	0.172613864471422	0.288176986151394	0.0529548451034063	0.264014900079649	0.590959524318888	0.360390826665174	0.551796016336745	0.418775558759122	0.0664968374224283	0.451468787714322	0.468542211288128	0.317242518860941	0.695440625404216	0.28529553977071	0.321515224594717	0.357075832679786	0.184296758047075	0.575153769538729	0.230349353647129	0.435960093441158	0.431090954636924	0.190175987787338	0.283686498213347	0.390119721965469	0.283686498213347	0.435389213222837	0.317242518860941	0.489288231046879	0.431090954636924	0.185437072320148	0.49764945863932	0.440581602579617	0.425523961783412	0.513891891399029	0.441667406748368	0.420327750216917
"SRR5865108"	0.231258992431527	0.420964580810978	0.544035203926758	0.755285196470594	0.644501265590107	0.244909744239809	0.375799440888885	0.406857697791815	0.351532962348634	0.452072565441998	0.290372624082487	0.376823848037723	0.406716297856645	0.365681949811134	0.283062457157165	0.373561244634866	0.529807080399441	0.0660961086210232	0.360850017143636	0.666800813857467	0.334318424339516	0.475806676925541	0.34768732621485	0.320714258155204	0.269604383669998	0.497072287339926	0.500843469565688	0.498450390399297	0.264795118389788	0.49455935014851	0.297761160824947	0.284676356605612	0.547453152166568	0.337901543278303	0.437973695897797	0.43777930783632	0.248859350988077	0.463991819247013	0.404478986989677	0.151306730595271	0.615468072845469	0.380591477563008	0.437141332469846	0.3495301295834	0.181600943949915	0.541967437408556	0.0838622427378214	0.459191185086389	0.54426207490676	0.504702278474516	0.481733307618812	0.301360057467229	0.0781371274748036	0.453470899162096	0.402913268523564	0.377777861507574	0.747916922637199	0.287765603482634	0.372315443844527	0.386119187814241	0.341982677743508	0.377129273179001	0.412833192056349	0.350356286574208	0.282293879816328	0.283100472443226	0.227224074058781	0.276035086193136	0.227224074058781	0.447957445596972	0.377777861507574	0.455561171597107	0.282293879816328	0.270726897425554	0.477132298561392	0.421527532614572	0.322833938442695	0.426140487405053	0.367453076321234	0.256113506538457
"SRR5865109"	0.115762977327308	0.401720445929843	0.504311701335167	0.789248447886559	0.3996147287322	0.388113722774031	0.385996156491994	0.457488162010471	0.450311827513785	0.485577304403787	0.38200188362559	0.423964827343632	0.500395453614659	0.498290340292193	0.279223615606283	0.506358609206648	0.529203763445596	0.0551492158328136	0.163967687121828	0.647011679195019	0.453600818605117	0.394961500724061	0.387628437324997	0.245524236573405	0.269604383669998	0.405877298011051	0.243737208087477	0.328236053651151	0.311704623017419	0.48377333218221	0.437830953068626	0.345518969600219	0.547453152166568	0.384093575484516	0.436131002711616	0.428076822155752	0.366120450985571	0.550819900791041	0.540388026775565	0.251236439618251	0.524554846737383	0.325075185482047	0.493902613210862	0.367950033137081	0.150622374895129	0.225770453171295	0.0511753056576254	0.254824781390982	0.492660411766674	0.360124808364618	0.53767654783318	0.350900132587634	0.0635149906856105	0.40832511910853	0.456868580384622	0.317864014446602	0.728757553271869	0.287492974377371	0.322667735234964	0.390761236499289	0.173162399245009	0.51738440494863	0.177071446282305	0.417689180438832	0.370973554601231	0.283100472443226	0.30996739448934	0.341253187491941	0.30996739448934	0.43179027212226	0.317864014446601	0.48903360822348	0.370973554601231	0.252663337896011	0.401124367069397	0.436819328003586	0.392401656400974	0.461729309806687	0.414352490876491	0.31997468588843
"SRR5865117"	0.33834780633919	0.395346029584793	0.570575848781875	0.578320799546479	0.670954830715217	0.413385984652975	0.367481192053845	0.424647462434384	0.462485222864707	0.53729659015571	0.397627971864185	0.375039391373924	0.52289248323593	0.52708052271554	0.288458261142828	0.516799598105224	0.5388928183523	0.176295172612604	0.46833788796828	0.498397087458259	0.465139435890808	0.393249677824224	0.356656206404866	0.513987033200857	0.259557840443953	0.60543374795581	0.489264741409553	0.565981261007539	0.24519018734021	0.626206158113343	0.498577097444007	0.509204666583329	0.547453152166568	0.35174188229704	0.505453025978533	0.450400924488181	0.410995217421681	0.526114971657702	0.566417437622477	0.292062124952657	0.526820922305805	0.347889680018206	0.445335932718534	0.314513757225269	0.2671910551677	0.494325744556191	0.206308349251881	0.427954268188192	0.516450795973792	0.462926578585664	0.490651249170336	0.419514293264327	0.200055402786308	0.451732792089425	0.426483448831795	0.347303183486228	0.681739133329086	0.301578410002556	0.348475115015261	0.368363810663745	0.332050978065609	0.523072059728699	0.400162601368922	0.402098014263304	0.420307271027872	0.272063881020848	0.326438646794157	0.379894052358691	0.326438646794157	0.42734923482446	0.347303183486228	0.434936642935636	0.420307271027872	0.271237776898826	0.398555111800392	0.464879108815058	0.362225568408799	0.439839731606062	0.368217863745515	0.421023238222759
"SRR5865118"	0.593326484853062	0.397439887693315	0.590002928411679	0.662012727097692	0.718418105005651	0.403467719009135	0.383293714967092	0.46156474284035	0.447193380750042	0.470327811889668	0.38574114123302	0.418225512438839	0.509942220827466	0.51198660477362	0.276900642362764	0.527104065417177	0.606519208473254	0.214384743366708	0.753105079088287	0.740723854610875	0.464644065145928	0.480032043464956	0.276778711858298	0.663691730363164	0.269604383669998	0.742271318389866	0.639189328654146	0.537357552210622	0.245383081821171	0.732077173369007	0.447851274005032	0.409943421258199	0.547453152166568	0.382078368781335	0.601950880245421	0.427393709258252	0.379208868527257	0.551201366719958	0.5887440487139	0.263408315058542	0.580945706529542	0.415226992335038	0.518856417457908	0.343798130495484	0.460602321452289	0.675856884937601	0.353300780370354	0.667954684429829	0.567316142235367	0.638279525269226	0.576523936640855	0.409263832341014	0.289647595471364	0.615807773432261	0.439145832986398	0.408931771613171	0.734662353105441	0.290551270339927	0.389431222902999	0.387170321320699	0.374027020836523	0.531467620338469	0.495128484385535	0.403811892794495	0.372094861472913	0.283100472443226	0.315701329863871	0.350209772430692	0.315701329863871	0.448701131429588	0.40893177161317	0.460633951969829	0.372094861472913	0.272549611087228	0.487843200623527	0.536724737032356	0.397069344376109	0.469038429709599	0.4120771959813	0.310604610785676
"SRR5865119"	0.378570672607409	0.355304644623474	0.529178952746886	0.505405169187755	0.526862029603684	0.494341611480961	0.302452503157385	0.411429396332236	0.480284799281224	0.489827112900794	0.412323326754408	0.364513905424104	0.559792902776719	0.577637992322953	0.246847568748071	0.56138245232463	0.58509831618108	0.123730829463591	0.523103681312939	0.627866282407023	0.502548948002373	0.424585287897381	0.403630330242408	0.419689575266699	0.253432864055089	0.518490439275595	0.549942006894627	0.557493532475412	0.284510785235659	0.656064865978391	0.550520873252408	0.554135256321486	0.547453152166568	0.341357374568131	0.566173431611779	0.437222595579472	0.473423188738531	0.529357877345528	0.568929420844322	0.353820294577262	0.558715489061182	0.341876938382348	0.486008238886255	0.307910442458514	0.254775445112476	0.525172079303577	0.17549161332893	0.539240791021359	0.528973197508571	0.518045025631664	0.530134754904326	0.455736263349944	0.159633690149686	0.471606936289435	0.413926142101332	0.340762142734617	0.603856748408755	0.271401246726046	0.329932468500898	0.309582801743894	0.300856687259305	0.568990504603227	0.435907493848452	0.402881835566626	0.435122540873281	0.265336613545551	0.342197194980559	0.386271074651358	0.342197194980559	0.393568071550353	0.340762142734617	0.400485909051826	0.435122540873281	0.238044516638461	0.432924962319039	0.477337897764536	0.382482819175523	0.443921842648159	0.371089487783242	0.422109390195627
"SRR5865131"	0.174374724449215	0.297050549823143	0.435429422409814	0.686278051753478	0.603694013043952	0.507701838663314	0.310873214020316	0.484204046905549	0.497466381219447	0.498940594882468	0.440699386258568	0.445698055915489	0.567238198886708	0.593658036626747	0.234819005589253	0.601348174993257	0.650260792760125	0.066903694032282	0.226042393696158	0.735158059406958	0.541805106134645	0.484260156031873	0.41937905464317	0.267042845806497	0.269604383669998	0.445560591910043	0.408703804328046	0.59453630087426	0.196176170257836	0.562357694043647	0.579894392278069	0.583015975803127	0.547453152166568	0.36827541800946	0.501721661882278	0.521017057423315	0.461443181780577	0.607193972295181	0.643255023091904	0.344489494519621	0.664067702897057	0.31381326456369	0.595056794972997	0.329583788111198	0.253178035146063	0.498275011726145	0.0896052121828371	0.272129679945057	0.596975728910639	0.364210896089212	0.646129374346778	0.446683325428672	0.109777770580891	0.511744225186006	0.48497283628138	0.311330071797539	0.686873708425081	0.276583651862541	0.312600927815552	0.363950036765016	0.357764545969822	0.617325279448179	0.489915247253773	0.457645277902861	0.455005840271127	0.283100472443226	0.344592515987043	0.408027922684978	0.344592515987043	0.485237493751714	0.311330071797539	0.498084827014176	0.455005840271127	0.216985164809519	0.494863441277294	0.454054577237551	0.433162177303879	0.52875591889178	0.448045325124882	0.432189917330216
"SRR5865132"	0.352230692819189	0.350095098152334	0.548085551304267	0.442479116005389	0.609312859037364	0.509442692499759	0.338161487863887	0.35908763657113	0.498127480608659	0.549475541288437	0.397038844764953	0.314416889182689	0.586817635776033	0.621099684012627	0.241727526796898	0.580236719457213	0.555829361031574	0.125497940577619	0.529010359884971	0.626062041533269	0.565402737919545	0.286658192648678	0.257303612245658	0.459837707561872	0.166299730215765	0.568024426428454	0.571433954325875	0.642032413220428	0.226927961704741	0.700878770611146	0.592942756077348	0.630884266001236	0.547453152166568	0.400166778829177	0.563758631344885	0.515864873817733	0.490772529296537	0.553870070106747	0.600743038536615	0.342865795484202	0.597640621832107	0.364838234276637	0.607564468559579	0.223258648555111	0.26526969486403	0.645587277807613	0.188300631107447	0.433662581172502	0.45126253849308	0.42273945194257	0.644972135647802	0.431190171165769	0.170533091726957	0.530736556459043	0.431187395533057	0.355759063830792	0.531998404728225	0.270609264548044	0.339352583924033	0.370198900933688	0.310528856824722	0.592699711870234	0.530993393679942	0.424367223537536	0.415272112242496	0.179762650457308	0.291946939564023	0.447192478526404	0.291946939564012	0.433444121970766	0.355759063830792	0.423375624878505	0.415272112242485	0.231541779383202	0.290023125792684	0.434133648724549	0.315915726761166	0.455377364966271	0.317320965459306	0.487461048440688
"SRR5865133"	0.29894889879126	0.361366712802356	0.539622001384114	0.780030125260744	0.289906323510778	0.403658199109546	0.324372908386772	0.483186317346832	0.49280945663652	0.520920521613185	0.439974481839358	0.450668909778442	0.561975265061881	0.586227696551239	0.246312803125641	0.569447666620936	0.576452982707786	0.0641914555273874	0.510110060445014	0.5078315333154	0.534366104756711	0.414343624353879	0.358645070937398	0.342647702154144	0.269604383669998	0.514267435115547	0.430965539709027	0.461884288901641	0.247611616348086	0.65595664478528	0.575969562161684	0.508139770970308	0.547453152166568	0.276917666139754	0.617197685858718	0.510898337506328	0.453653485223214	0.600469257594379	0.622651329843074	0.336471318372804	0.59997603171089	0.386411637094861	0.563522548028414	0.345566005154521	0.191828558416264	0.411596961293116	0.118213112108183	0.594528093636244	0.533736876204336	0.578132486638211	0.608463890178208	0.495932582838778	0.108299228967626	0.573245190937664	0.475966214940482	0.383834737695812	0.695621534815499	0.284184875882717	0.367756960093303	0.361851206906506	0.161324157518846	0.579929300267146	0.0946156962230187	0.44828467393063	0.459695000823824	0.283100472443226	0.345440459703107	0.421085352679948	0.345440459703107	0.420075402651188	0.383834737695812	0.488167188960535	0.459695000823824	0.242198137956638	0.423237507778115	0.531943952597118	0.317005273177159	0.508674538887634	0.356867793324262	0.447474804332702
"SRR5865134"	0.157389016998388	0.289786638587104	0.30142133284513	0.789554085906103	0.344017266489829	0.438062078766656	0.292302188137643	0.463677482788227	0.457813249858227	0.147348358701684	0.40091640065495	0.43287950269335	0.532821220246148	0.54475905260299	0.227200754331277	0.550301802343124	0.643332182789821	0.055407365542715	0.204056463709845	0.721458921683441	0.496016527782129	0.504748954547666	0.393656864605426	0.224423706497613	0.269604383669998	0.416416696910257	0.284816867252996	0.455483323671904	0.242047052955392	0.519649461461412	0.52604406019829	0.482742023291968	0.547453152166568	0.334033156416993	0.4686274918267	0.526067224724915	0.411328115545601	0.577489112560515	0.583036060026281	0.294135334609289	0.560364206779382	0.312343571478252	0.579124900482383	0.345241224113686	0.226814167857762	0.28904339308488	0.0759983100458232	0.263089289939434	0.608447011961319	0.359617800660822	0.626532574566211	0.414046009577472	0.0928781058153123	0.407518293949718	0.468106056813175	0.311906676301204	0.696571454978653	0.271237005781076	0.313386037053949	0.348558966917007	0.20985457752558	0.564072113962682	0.221752380566899	0.434789985538624	0.415615731631518	0.283100472443226	0.305264525886725	0.111813054058031	0.305264525886725	0.440698666632596	0.311906676301204	0.490256753810163	0.415615731631518	0.211359557042613	0.513352636099973	0.422242754105271	0.393212841082108	0.515651229731479	0.423316308311189	0.402014305008606
"SRR5865135"	0.376697802832165	0.450521565673377	0.633861002955561	0.701746421772236	0.799982795633804	0.416536942734099	0.456427220851245	0.489696801907146	0.51492617356667	0.554762353019909	0.446777796910175	0.435155772039388	0.54877440735263	0.567507804495772	0.327777005345254	0.56786187085419	0.576251154839268	0.185636664220772	0.532901785896468	0.532382246845727	0.517733339407094	0.393664380465974	0.303607467859571	0.630778534584632	0.269604383669998	0.684731403652519	0.526156980783624	0.543747963747257	0.226022447578809	0.680975890866666	0.518115985598563	0.483330627486252	0.547453152166568	0.376974323896173	0.561765244093773	0.423692402669156	0.434308331879233	0.594097698629569	0.651901189343547	0.316862462009552	0.469966228114421	0.384205763521435	0.503213386153816	0.345688058784199	0.341706239139772	0.596183903847978	0.238791385419798	0.470280058442736	0.535248693326062	0.503050671615559	0.556252610244065	0.429411551402955	0.23131889332124	0.621577191865437	0.48401116146915	0.3770113431689	0.713876842375482	0.326525920725809	0.377200344098253	0.444544543607898	0.368576548207472	0.571885860884889	0.382725805926948	0.452698136703899	0.439166109847854	0.283100472443226	0.37811969436526	0.402990403647904	0.37811969436526	0.493202673558398	0.3770113431689	0.504916945204787	0.439166109847854	0.305915039725087	0.401620844978713	0.542850612448896	0.36922106228832	0.476365582908244	0.387155859525237	0.383041964479787
