"CV_rep1"	"CV_rep2"	"CV_rep3"	"CV_rep4"	"CV_rep5"	"CV_rep6"	"CV_rep7"	"CV_rep8"	"CV_rep9"	"CV_rep10"
"SRR5865065"	0.905947058748428	0.915151877731816	0.932583521336628	0.904813508558007	0.939825340754278	0.923198687677203	0.95286014320817	0.937896959670598	0.960033165139472	0.890711722173398
"SRR5865066"	0.717983798910369	0.706306125210064	0.745392982466206	0.722006373488586	0.66434499370031	0.668478282537148	0.697976356910681	0.698359252107532	0.595892356573994	0.665936075658404
"SRR5865067"	0.0714025327172527	0.109130524788412	0.0871398207531232	0.0940893954294192	0.0943646566879163	0.0784725318790908	0.105905655544458	0.0577955582654566	0.0768864677750283	0.0869739627188957
"SRR5865068"	0.88904929112647	0.851715879555086	0.858792068448656	0.849305934040948	0.846945335414919	0.843992875581463	0.861758741962801	0.887036025435596	0.80072940082485	0.82692363296541
"SRR5865069"	0.338347592425729	0.43207560231971	0.325505527276468	0.45261105754981	0.2445318393634	0.295719407619485	0.294268897764142	0.359634896660904	0.411056539064228	0.448879036023168
"SRR5865070"	0.457887754700936	0.335936056976436	0.41536253844802	0.352545956308238	0.395187651431577	0.361119629620995	0.395760834352971	0.397900356536934	0.3772661224509	0.422020626795916
"SRR5865071"	0.726703786451977	0.950105036235265	0.821483830233063	0.886717096461428	0.684303478660377	0.698389740379171	0.630473685230345	0.894165641512428	0.840145783644334	0.740938952821389
"SRR5865072"	0.163732831441126	0.101163074865343	0.0728447693568374	0.0786238075403093	0.0967002773471116	0.105667469740148	0.0841444201766889	0.193919304488274	0.121755757633297	0.129922741905326
"SRR5865073"	0.822648628020723	0.906399861139927	0.835444730792905	0.772324054415982	0.837007160262907	0.790076342356309	0.789867600184118	0.737467130739006	0.709572752874296	0.711070046634432
"SRR5865074"	0.786814263829975	0.820512819828785	0.796734146471306	0.76937584361924	0.786138878697247	0.805833734437487	0.830028389458002	0.827869582205494	0.741686233752898	0.793358382420018
"SRR5865075"	0.63439904200327	0.602387785059294	0.445944883045702	0.668448621689096	0.675168539191213	0.604785029044507	0.620519166635109	0.623709417050005	0.37702509362546	0.645826910523392
"SRR5865077"	0.200189934021546	0.156681812111694	0.222068186845832	0.20415132412583	0.258391537034693	0.239497652342994	0.259577328340843	0.212680713395907	0.173575098318063	0.190302405698828
"SRR5865085"	0.63951913051865	0.655515669050068	0.680944589764289	0.585699952168993	0.751617214090414	0.762217266557539	0.638891760383287	0.697971679871968	0.747708639521697	0.69555756088656
"SRR5865086"	0.842668132790157	0.811168472197309	0.662619096022227	0.782756420877479	0.802454968349345	0.810424370414765	0.798657553892663	0.763596131038751	0.83182633080331	0.78476823677962
"SRR5865087"	0.329277503403116	0.438201996042861	0.459256051324502	0.352276380292814	0.326437385862086	0.362018272394698	0.394603554528899	0.53838719118286	0.417152975707537	0.430396088161827
"SRR5865096"	0.821185028524392	0.876676266349271	0.930563027732159	0.912320439128429	0.917671677807154	0.85332235540333	0.883476760652234	0.902385489611005	0.885603595748049	0.836266083201986
"SRR5865097"	0.910483762052106	0.904597717905838	0.900065027941935	0.81643173759061	0.9048919240008	0.903553513165452	0.818076712642937	0.940240316417641	0.93710217365245	0.899661931405387
"SRR5865098"	0.885969180701177	0.923008712694002	0.908606961730265	0.90866378279811	0.914548343738462	0.870714905544288	0.894655066833548	0.911342345297913	0.891876992445482	0.908872363511613
"SRR5865110"	0.200225769362837	0.231632494053614	0.191146303265578	0.180425103568025	0.177052596349668	0.166421958054508	0.180225258911601	0.215075816656386	0.247863190512218	0.185426356306693
"SRR5865111"	0.298818837822227	0.200114388042967	0.349145395780972	0.29702186211438	0.141971181307476	0.206192557237327	0.241405205883491	0.258109445071889	0.198170005523035	0.29665391243992
"SRR5865112"	0.926274491555138	0.926190829124459	0.929917051498288	0.915208703329283	0.909976272519365	0.930119119588621	0.914598390637654	0.928070435397456	0.947188283694423	0.949744299289396
"SRR5865114"	0.0310662310080802	0.0238629042690039	0.031293740648657	0.0313638202756917	0.0405519012545785	0.082867593914442	0.0254910716131076	0.0342299449363263	0.0589958552372342	0.0440553740726032
"SRR5865115"	0.902411000890579	0.919073307089615	0.914989868726357	0.867679927549149	0.909856101468994	0.879017397191868	0.9158486585007	0.893531271558884	0.930118782349227	0.91913212769118
"SRR5865116"	0.953339543508111	0.957138704536499	0.880414893062677	0.963309340679308	0.960807865933169	0.954704156571037	0.945807678851119	0.973235777617795	0.911927046055078	0.870594724378869
"SRR5865120"	0.149595375942173	0.180216108716418	0.143371206362516	0.0607305002220216	0.239357644523161	0.182563626571631	0.188860691978228	0.189283188471673	0.17417546604766	0.213688253718495
"SRR5865121"	0.283725047730807	0.242707489692843	0.267017211763001	0.26823652724021	0.215896625772458	0.257125989783961	0.200555373800087	0.281419666848495	0.354294067522642	0.308776154698672
"SRR5865122"	0.762033040083239	0.686902735732533	0.748567480165147	0.705912163590171	0.642362555594948	0.70848498925325	0.702731969283992	0.694403768238727	0.696854336744326	0.625125033251158
"SRR5865123"	0.604480124289351	0.716458795184681	0.680875685464371	0.671593010784152	0.694934215916841	0.723313798352528	0.667770022178662	0.781314224937566	0.717038058483318	0.755275579168745
"SRR5865124"	0.551272598609127	0.648537652922889	0.557892296401304	0.662812720643253	0.656623264568253	0.596048397690796	0.655667554978927	0.77641032003997	0.614659817890311	0.524783717501156
"SRR5865125"	0.767588471039934	0.828569715028612	0.75188135739565	0.748729023410002	0.806001592746702	0.783992550375468	0.84291133824404	0.814479350258255	0.810740786651803	0.78912841338176
"SRR5865126"	0.853500454737493	0.843781793855129	0.919559181730962	0.861308445582621	0.865636500783982	0.881633973089993	0.862173494287513	0.896472012918568	0.811532065063552	0.883752837388419
"SRR5865127"	0.841777182337534	0.77477682887102	0.868260099388092	0.82145653177151	0.807499798112679	0.736865492978822	0.861767889339069	0.800923076298919	0.793924825385694	0.772452207975683
"SRR5865128"	0.533344689614687	0.605182082228193	0.52679805575376	0.524533401392998	0.636812157530276	0.592370277603137	0.568957188443983	0.528314013948434	0.512091166123364	0.478527909306543
"SRR5865129"	0.530540127676631	0.212172077965526	0.251447370282234	0.292469846424945	0.250598315055463	0.339571817375605	0.232785098842868	0.334411188365961	0.66667041250524	0.341793155682504
"SRR5865130"	0.42188510120481	0.334597250513123	0.367268155094497	0.400735045197651	0.288276527738616	0.371070877531506	0.360064811162492	0.316777510715762	0.428027406747357	0.330610542997829
"SRR5865078"	0.791749878852812	0.852815629373117	0.714556291736767	0.818627178302175	0.787401958016705	0.813491088536517	0.712343030555728	0.797296579184979	0.650532397866848	0.789310321391791
"SRR5865079"	0.653981832212233	0.672546120522792	0.745291528327669	0.781866055274991	0.844779664904938	0.742343965204738	0.734216954933273	0.700232225484162	0.651618962390517	0.743511890936795
"SRR5865080"	0.817979826589362	0.94069781988	0.847992461251894	0.847159945064562	0.832112754278639	0.917209784565797	0.838861349255623	0.87579887439293	0.783352271649321	0.847923384116089
"SRR5865081"	0.159258799506261	0.0756208327421832	0.123176462365466	0.127211551377265	0.185917531443846	0.171504586608263	0.137468560322114	0.130351714719648	0.166753569654487	0.118597389341968
"SRR5865082"	0.922383909072204	0.94065181480708	0.924261447925143	0.954251890305441	0.950971881758431	0.921566847885028	0.958114039445741	0.941739905186484	0.916623831624009	0.954269901936523
"SRR5865083"	0.853120575590062	0.902575602082609	0.87043375569103	0.906809442649165	0.849110925149655	0.893048090239037	0.847234397306405	0.897086946542229	0.902957828082097	0.888914804987808
"SRR5865084"	0.815038581421654	0.842706838107789	0.821952827223504	0.772484510681182	0.795020913410017	0.859147194906041	0.840188420550586	0.819229660979455	0.787529700855692	0.848568206784297
"SRR5865088"	0.564431568098996	0.653861728666952	0.425252800025082	0.420821427082806	0.579128296382226	0.340214254095761	0.334746732112178	0.484767373557925	0.477726219964339	0.534727825406737
"SRR5865090"	0.761852460511593	0.785351024235273	0.848880454633196	0.817775048146055	0.867353106482375	0.851530966733778	0.810353858400805	0.844342567573605	0.844603918326204	0.772145490100807
"SRR5865091"	0.888495377793049	0.908030099784171	0.900414754497881	0.871799101048821	0.904473680558348	0.880305626756937	0.884448851491828	0.884600115010331	0.903246985409845	0.89864330541446
"SRR5865092"	0.939088158302586	0.933312203008131	0.941225750268375	0.948006015062711	0.902761490858402	0.909124756920336	0.926333095517443	0.939660115559777	0.924227226696201	0.930944204798346
"SRR5865093"	0.809675834896783	0.871677568039924	0.856973657663564	0.864347904308633	0.843223689975023	0.830389819312736	0.865660725434724	0.836684723316856	0.823544794035856	0.849097724594087
"SRR5865094"	0.853949425230958	0.883120035159951	0.874302118716545	0.852133400072588	0.873444169833546	0.911296643851317	0.783052925654135	0.855562064756493	0.903120026629736	0.874575595970361
"SRR5865095"	0.830125868305698	0.898540927920761	0.88736238237457	0.922720542115586	0.906263728876991	0.854818166097215	0.91110153303541	0.894857489581585	0.86255474200259	0.838635485729484
"SRR5865099"	0.65574648094415	0.771689603358323	0.857842667891819	0.697402007221292	0.659407047646455	0.787850691039417	0.703096553005482	0.74804973459855	0.750678593373531	0.790817674985452
"SRR5865100"	0.493402990821852	0.524650290949298	0.468009362444513	0.475601148592571	0.457897873751984	0.454593242966902	0.562943036957496	0.482613160470996	0.448133802993927	0.522090735250082
"SRR5865101"	0.695659483675003	0.772732394690592	0.703200910165524	0.750233665960978	0.698058961859671	0.725292301525492	0.764733485519464	0.790723551891456	0.836106080728893	0.83187313384037
"SRR5865102"	0.163814406189182	0.12928871670623	0.183907954652585	0.14397255250422	0.166526144833785	0.171779311089435	0.156451160690388	0.155177327453208	0.178411982167455	0.191824007315039
"SRR5865103"	0.570561680066372	0.701276718750863	0.433431222106422	0.771298549564564	0.586683260497974	0.574933131455985	0.695617785385377	0.707550132832826	0.674883006275445	0.656036544072716
"SRR5865104"	0.938092217130324	0.938955074920939	0.925234623690482	0.918002297202966	0.937404229100779	0.925694411193441	0.92662956011588	0.921823127326028	0.925643249803873	0.934760702786682
"SRR5865105"	0.343112191348141	0.256263446185615	0.209338983005754	0.269159781108268	0.223802965398172	0.261843588715121	0.24673759026311	0.287356950629058	0.236069574513089	0.31708494432453
"SRR5865107"	0.774292579203025	0.843232921146913	0.824883277826697	0.841333832323229	0.843635269077674	0.795166554819184	0.842822729902946	0.831836032974716	0.853047181526646	0.827855028536174
"SRR5865108"	0.79514027102408	0.934715168951067	0.870595740628483	0.90306534130943	0.878241370525935	0.933650378235021	0.843120590540832	0.888688997535807	0.865410798051	0.933786585242783
"SRR5865109"	0.802322494333351	0.829286327328856	0.811912705049511	0.832439327003689	0.84479824575829	0.819402433248039	0.817731925950427	0.838994519393515	0.860602912519198	0.80769217747624
"SRR5865117"	0.370114576026346	0.297837469814048	0.318021844312182	0.362876785362631	0.381749103821154	0.270138600662962	0.223847098271307	0.277226671680924	0.278491161653263	0.325046756629072
"SRR5865118"	0.795475620055956	0.798491070684389	0.698713012177935	0.754747214347291	0.727738767998832	0.695336571874986	0.745543486214563	0.744702233092404	0.692077931412683	0.814837323304306
"SRR5865119"	0.505708102476061	0.528074728850092	0.368839577809034	0.458863611218089	0.528959757672393	0.471577323836082	0.409381833037891	0.491774741136109	0.455971359003287	0.46234328594711
"SRR5865131"	0.862743862962482	0.835557011687657	0.824895129513545	0.837067695016175	0.861747192512568	0.869298726914561	0.844410871968215	0.836508152412819	0.752749939239447	0.820967580261768
"SRR5865132"	0.809245612792609	0.754588462851747	0.70431092195888	0.511720496564767	0.720985141543827	0.797007682040649	0.712190034650527	0.702415093698142	0.732553086271869	0.779180707265149
"SRR5865133"	0.134414645355935	0.211930992233765	0.178620165106774	0.201337852580386	0.188415244614842	0.216200780403637	0.166196865986314	0.209981165619677	0.109039987825769	0.159792956057956
"SRR5865134"	0.802832386344829	0.697638627435534	0.634158557971573	0.657688489675265	0.813195283526808	0.624465485378383	0.592247474326018	0.506054999795481	0.54051756822339	0.578258352166857
"SRR5865135"	0.538236541989682	0.354967967769542	0.403244129978777	0.426773890674392	0.400808177110238	0.266807529032576	0.476630055285002	0.335882750874449	0.64512870886289	0.386657415194739
