"CV_rep1"	"CV_rep2"	"CV_rep3"	"CV_rep4"	"CV_rep5"	"CV_rep6"	"CV_rep7"	"CV_rep8"	"CV_rep9"	"CV_rep10"
"SAMPLE-1"	0.982365852143678	0.981027248953038	0.990313835474127	0.928018109922888	0.985234830968482	0.995763010346863	0.976667147823633	0.916595753667763	0.985276002852686	0.992912092824818
"SAMPLE-2"	0.579474486665895	0.376910009045268	0.23916952190312	0.625413429229151	0.75302330454059	0.514324517770004	0.444894946706166	0.40815616808205	0.655131560097556	0.485781013731231
"SAMPLE-3"	0.950755053923101	0.888815223339065	0.923737562559617	0.973818567299428	0.981105820320462	0.982120923833797	0.931327501346325	0.965765669571377	0.967799500139203	0.935164101479971
"SAMPLE-4"	0.810047720598654	0.892815121188064	0.51365342688888	0.911884763521763	0.900290475983986	0.544705894008838	0.931699251856227	0.89242510442386	0.698768353628629	0.856433154226076
"SAMPLE-5"	0.242351725364229	0.0919478250269242	0.411753335419616	0.310621831452234	0.0318159736496853	0.243396044807543	0.292985236230679	0.228567417927032	0.201416703719999	0.357643547792544
"SAMPLE-6"	0.644324440541171	0.297978121404158	0.489600389030059	0.487975129546626	0.892922026487052	0.765563783575395	0.648847134924059	0.397377121977368	0.779730447829878	0.521546928321314
"SAMPLE-7"	0.961190178455327	0.944690711783194	0.977614150109816	0.902811669403771	0.984634127894717	0.981899471079406	0.97876879290864	0.923058067221725	0.968387833972674	0.85457141517164
"SAMPLE-8"	0.400180281605213	0.760437651888017	0.676550017954048	0.64792128627091	0.77119938842739	0.789187628610811	0.394702057076586	0.312487898391354	0.869913881559184	0.86570870664639
"SAMPLE-9"	0.931936614923007	0.936569207702444	0.840511342283988	0.972807408320613	0.932599752319574	0.940867983181015	0.572423504495994	0.851754883346902	0.918228373499209	0.968668851604866
"SAMPLE-10"	0.676739689946398	0.805846215493736	0.824075610354955	0.793956887899844	0.652938709154851	0.751618766065154	0.888568058497052	0.765054281649411	0.86579871996877	0.829760394555919
"SAMPLE-11"	0.902954248229797	0.453075590199252	0.599018721984481	0.695919321427423	0.738260815628819	0.792559734356397	0.932192394342219	0.475327360294691	0.960208635744791	0.917626492374258
"SAMPLE-12"	0.0381470691113274	0.18189740498644	0.0136549178994587	0.0280590831697344	0.0353169564845214	0.145882291016673	0.0163331103093939	0.0214580549623034	0.0622019662949664	0.0478872510676721
"SAMPLE-13"	0.992126912998085	0.977890798865784	0.933426715152977	0.823505212798561	0.977021970316286	0.995604576922483	0.954475603047529	0.93952467379599	0.969989675077264	0.930646188292155
"SAMPLE-14"	0.0303944438235937	0.00230577615112663	0.0471320194030728	0.0412446493886226	0.0391853001069505	0.0609603202314179	0.020573495459582	0.0703270833197074	0.0148170683526578	0.0348629504519908
"SAMPLE-15"	0.013024091932106	0.0112348112085244	0.0159853026475013	0.0451511877760493	0.0441477836564898	0.0570831091481232	0.0129483104714717	0.175988716082561	0.0333326156044511	0.00348826327339796
"SAMPLE-16"	0.989105987669432	0.981806155927877	0.998779769923309	0.996030083309527	0.985270368084564	0.990003860149379	0.995748257277517	0.997967655315829	0.967497959785079	0.998057171132827
"SAMPLE-17"	0.997363811001684	0.999240008472826	0.995684874992584	0.992481901680652	0.996587816566827	0.994804125439084	0.99568115784825	0.944444465402222	0.988565985052837	0.996292085468892
"SAMPLE-18"	0.200055576786448	0.155975800390058	0.143211397479022	0.228996429802749	0.0690926119260591	0.158160763534252	0.153375564233132	0.0736946750019507	0.200719305058555	0.0906125519166959
"SAMPLE-19"	0.979203983860982	0.961703718064161	0.919391048858652	0.929674784573344	0.920133103975267	0.92118039493916	0.968523139102185	0.982045653796277	0.972446353409813	0.948256967124964
"SAMPLE-20"	0.905994475880459	0.925407646893081	0.958400266198139	0.966234706544929	0.921641016556075	0.88624509419467	0.903724055277605	0.90524681364895	0.981129452958016	0.985183230444599
"SAMPLE-21"	0.859800318592147	0.947122920434147	0.81562827250865	0.895966626924818	0.904635908087327	0.901836548916583	0.94939950700485	0.917416181591929	0.922700002865551	0.897386798424308
"SAMPLE-22"	0.779042534899018	0.994611578689775	0.926081181398478	0.962280519719469	0.957736894586149	0.76381830076842	0.978721102260781	0.892430082324777	0.98623731128477	0.988537615586289
"SAMPLE-23"	0.544503617268584	0.336024340805307	0.297895951048767	0.357514216854821	0.652694473892198	0.134222771126909	0.426203968473712	0.147741332623675	0.523488897258504	0.291350298409396
"SAMPLE-24"	0.0291194133665876	0.0388249469231993	0.0517922290271992	0.0380658509944183	0.0280219570014942	0.0549041540967708	0.143046726144198	0.0415843481399526	0.0379608758046253	0.0404427796590666
"SAMPLE-25"	0.117457736654759	0.0709521676665602	0.0130192930574641	0.082723845452735	0.125929910491104	0.0412997804979584	0.163456019860615	0.0666236749491028	0.0258919136457791	0.0448035050053279
"SAMPLE-26"	0.849552561988132	0.789375947626946	0.987278793970962	0.889289329557298	0.968767380227246	0.979159983625324	0.960278299324073	0.971361579761771	0.88373921606396	0.940835816180969
"SAMPLE-27"	0.976590180206862	0.86153606786554	0.935075328197293	0.929458475066429	0.856129111460799	0.948863523951857	0.920376097729695	0.613686661930963	0.887544728440155	0.931466189218131
"SAMPLE-28"	0.900486961271185	0.499752230580627	0.0278813948654276	0.851710949699306	0.547835205748262	0.802996622017234	0.906308537648067	0.894706139738256	0.917053529313357	0.983890596637688
"SAMPLE-29"	0.441318650447812	0.0896654871826684	0.108557116118956	0.722891936334889	0.0918000406237115	0.404876765727731	0.449238748398099	0.515092185981045	0.187838070208549	0.177774514748565
"SAMPLE-30"	0.712422598265638	0.0118875225084613	0.18424568596947	0.0781591655009475	0.015776813767232	0.392683324897776	0.191023124829885	0.18348202819684	0.398084576313359	0.0849636553176045
"SAMPLE-31"	0.78636113010046	0.428578984555699	0.492804719294392	0.590708109073983	0.885225702167721	0.71023575813905	0.825609337626216	0.866222582497571	0.801987833777377	0.472505184608772
"SAMPLE-32"	0.757681138661532	0.977159845117388	0.932321028995092	0.646717425749264	0.839709152352792	0.929535642114735	0.89429627114502	0.739948204778981	0.60588097463908	0.724310296643848
"SAMPLE-33"	0.0722980151174253	0.0175451892849874	0.0258735195218779	0.109154468447961	0.0816110514756776	0.0568979148326956	0.0358094739084213	0.0621466367961579	0.0478158755435888	0.0476592705600675
"SAMPLE-34"	0.150837273767968	0.0386856460872965	0.0605113543633837	0.00630649561159479	0.0746148054771756	0.0788927757960018	0.0722758383016323	0.125792466490044	0.0880801889542062	0.0146898904622676
"SAMPLE-35"	0.931063240166993	0.928821882447676	0.985562038643254	0.848613215337326	0.815094928738029	0.933180829802791	0.972002251249332	0.980512079985631	0.92056288837503	0.775742471092402
"SAMPLE-36"	0.0749420581269013	0.100472718690181	0.180748496507444	0.116411246725298	0.106265067205936	0.174451361817719	0.079496146177064	0.16072945040666	0.0295612959104052	0.161925246357855
"SAMPLE-37"	0.200928852212418	0.135124272952679	0.184785675078845	0.41946850562541	0.226494253538154	0.228317379518403	0.424265060607333	0.171960815923682	0.392354062303205	0.259420805066603
"SAMPLE-38"	0.905250335414514	0.959019761929881	0.971991485610452	0.974399007015424	0.991958592770533	0.941387609425571	0.917206224251692	0.619265923870864	0.956530734863033	0.973866331144022
"SAMPLE-39"	0.777059932806546	0.597505500441225	0.496714986364855	0.7771093085813	0.579251811664206	0.82118731357749	0.778038119318035	0.780620756407134	0.342600146986056	0.612437369000291
"SAMPLE-40"	0.0238538777352395	0.041557449540661	0.00289315221082018	0.0581599733241296	0.00997161744617135	0.0284031165090857	0.0155283862174822	0.0189766948536694	0.0100735914117837	0.00309356013327634
"SAMPLE-41"	0.00375493267938272	0.0400140032443702	0.0197066771219214	0.0162116619869234	0.0317482152120402	0.0543738943581966	0.025854472805451	0.0416933322356009	0.031989333328231	0.0177463840210153
"SAMPLE-42"	0.741426415376904	0.708140599279763	0.669296018441052	0.669282078317983	0.827740644193378	0.926159830517692	0.753383639358823	0.794037651191188	0.874901270194089	0.868243674974195
"SAMPLE-43"	0.0324709805395826	0.00476018229672619	0.052087809816706	0.0223036535063375	0.0559602846427855	0.0100499565383861	0.0173544777400729	0.00512478359114119	0.0240045126570999	0.02658697745113
"SAMPLE-44"	0.993069854064327	0.997922230679115	0.925235255741685	0.903214327065011	0.96236177383016	0.977673726675301	0.99601740576265	0.991431973001314	0.999173852653451	0.984596355631162
"SAMPLE-45"	0.641647354816123	0.66006332719345	0.512391881324911	0.29445406416346	0.543319264766228	0.825800345396869	0.539584973408002	0.774587285167772	0.684445291469094	0.779634605789495
"SAMPLE-46"	0.371508070942944	0.127134049711703	0.409042885876904	0.26816644062964	0.499030115870848	0.269404830157427	0.492172149897052	0.0960663257425366	0.411011554809024	0.158870613798981
"SAMPLE-47"	0.427718493453169	0.386498871218185	0.708624943101894	0.534136309115588	0.186167230097013	0.313957253408955	0.333958775738569	0.340139268057887	0.434338100674172	0.298341591645565
"SAMPLE-48"	0.494400594741073	0.567621565060872	0.490694949550302	0.593110221434863	0.729913877909489	0.649663360054892	0.477952696586722	0.636126326660087	0.67293760899789	0.728650635001741
"SAMPLE-49"	0.114664741966673	0.0803648139887537	0.103217007554375	0.0854439551071435	0.136191775575383	0.124257232329028	0.29761546588017	0.24490066696727	0.0892835522973263	0.062826430406377
"SAMPLE-50"	0.535037529046932	0.415721317574308	0.889409404158524	0.428166141478733	0.701321238457015	0.796860419851278	0.880222674377424	0.91513620765541	0.497187385790145	0.736373295026215
"SAMPLE-51"	0.702739710615233	0.719414187716625	0.911143553282996	0.950737846510454	0.692828112396254	0.497740039012819	0.563406831662765	0.62186651846264	0.475664895819561	0.931487336755241
"SAMPLE-52"	0.0268459969807725	0.0136232380931101	0.0339040107526325	0.030712351335192	0.00647279071242287	0.0118515525083078	0.0268979031263165	0.00683928246972659	0.0116070706393991	0.0307997945265417
"SAMPLE-53"	0.231151528808372	0.312503825293811	0.561308080517471	0.315417849301488	0.500363053572462	0.353689893507177	0.370357312465481	0.292363062057929	0.296264497772282	0.469019995505417
"SAMPLE-54"	0.0119373443026027	0.0340721213893447	0.0270354236053714	0.0393302095629329	0.01518258423147	0.00640593096800837	0.0134667386516511	0.0668435912186129	0.057557362962726	0.0840947147678915
"SAMPLE-55"	0.00432373524199085	0.00345477820506288	0.00125781642257452	0.00278838523051333	0.000414976870549572	0.000747362652564592	0.00258949374670938	0.00150788445442015	0.00337624631462859	0.00173400961081226
"SAMPLE-56"	0.999861473902848	0.999993471961856	0.999999673811669	0.999891634547076	0.999950332608801	0.999900983645553	0.99990765094295	0.99986033484067	0.999745533359466	0.999973840899127
"SAMPLE-57"	0.79105307648603	0.813647358945832	0.703697390934965	0.871168425268169	0.842984919774248	0.722308668036483	0.882759612130394	0.827631176548989	0.830382083206623	0.862420874152361
"SAMPLE-58"	0.998391263068679	0.994792823969979	0.996649912917978	0.979439463173182	0.976317215079116	0.99861322753552	0.982979900854456	0.973192010932006	0.998931407151195	0.994598416786262
"SAMPLE-59"	0.0278109658447903	0.0137281980643105	0.00774510682980965	0.00719177740045378	0.00315796018061128	0.00197590066217635	0.00742561264935459	0.0039991449491357	0.00381319756688635	0.00627626824890877
"SAMPLE-60"	0.0157714109570279	0.0214533874358277	0.00832305542747998	0.00233842326713967	0.0134264936357742	0.0147943684687078	0.0030619197228559	0.00259383036976206	0.0116083448017593	0.00830370291826531
"SAMPLE-61"	0.988608220032497	0.9945901939989	0.987681048263173	0.999007211257557	0.997257219678163	0.996291681360871	0.99757916810828	0.982442554162707	0.994540649751773	0.98848451787888
"SRR5865065"	0.998564425227335	0.999171794133876	0.992396844628966	0.996100635519417	0.99892088695107	0.995845614090935	0.997643338302667	0.998766065670242	0.994492589660804	0.998624190425807
"SRR5865066"	0.723841961326935	0.847197977336653	0.961274352360608	0.974516573015224	0.931196692901164	0.703737905145457	0.631629382316513	0.878058024418885	0.977292805956818	0.97144651149025
"SRR5865067"	0.390437508013228	0.310908505338084	0.162678057626893	0.378407677623895	0.114700370417376	0.236382296622394	0.306165538759329	0.397316282935594	0.311478560765284	0.290173668849334
"SRR5865068"	0.930376265979702	0.975128049438054	0.950617647486039	0.923055704918828	0.796398573599153	0.98088292111714	0.930018855955599	0.94674338796613	0.959762808826535	0.962531713158925
"SRR5865069"	0.21357406570812	0.255514452066618	0.275393333628416	0.383374286643616	0.307061145031665	0.211374712318874	0.596575941104938	0.486923681817424	0.215302039310477	0.262808387148711
"SRR5865070"	0.031111202583233	0.0104626435950865	0.00580313089830003	0.0669446198450533	0.118486198922418	0.0193972442517196	0.00964840504319718	0.0140346213404969	0.0155555883018759	0.0516130634609996
"SRR5865071"	0.650127909349844	0.788392934738977	0.953896055397534	0.440956517578501	0.911917655555064	0.71330446196161	0.721317013953674	0.493035994965833	0.516838109805095	0.700480904807161
"SRR5865072"	0.142244024285329	0.139585462993918	0.16611857910764	0.0924247844864648	0.155279765581253	0.0293359405661733	0.0487722383984761	0.0474258655011804	0.0212346598454936	0.0620977808648514
"SRR5865073"	0.935018245144947	0.903625940610491	0.80411797156771	0.754907821562788	0.72963246727005	0.7153823990513	0.799737815182663	0.678234559715791	0.679358543122124	0.860980971510729
"SRR5865074"	0.907665960769413	0.933182614985009	0.97408734846993	0.928264264826098	0.86065075942856	0.93582723516595	0.944101715374879	0.941202531025673	0.946736531876658	0.92347228165562
"SRR5865075"	0.989126565358844	0.920895681549235	0.986351438125758	0.977183058641114	0.942505204628786	0.93655284907703	0.995117611809441	0.960434237561153	0.996940218779726	0.988696774140147
"SRR5865077"	0.522821932293119	0.628485753860108	0.605678789021752	0.569490962610786	0.661681406357981	0.551665944140259	0.484171665572828	0.819079636724987	0.485870919575272	0.765200237397673
"SRR5865085"	0.741664054654889	0.905999752142986	0.892929973328241	0.858207974677183	0.82996256579261	0.957001672642374	0.870866915121547	0.800352489102508	0.903943644959824	0.850129523283388
"SRR5865086"	0.973471963039019	0.970593333429915	0.980874803747661	0.959042971228531	0.942256049041697	0.960046779843371	0.989439029403136	0.954769091677435	0.98693527955382	0.983114657809112
"SRR5865087"	0.660557375178759	0.640777221479196	0.782665079946657	0.341869089409083	0.761714661724911	0.244555146744462	0.591381456485258	0.559451726428671	0.4468208763284	0.784041723019227
"SRR5865096"	0.983619370955784	0.961685398283884	0.951947200779042	0.9691162215842	0.977235657473472	0.946199064960805	0.92912465176999	0.971081369742407	0.937812079300408	0.972467622203961
"SRR5865097"	0.282798500589334	0.489953433224553	0.584331779784398	0.505470182833492	0.203251582036714	0.552261046684043	0.423788014973833	0.753433881287844	0.408608431938399	0.329137403919262
"SRR5865098"	0.937968463520292	0.952422556353694	0.939564163416218	0.941693969984083	0.976692463433072	0.947706618808812	0.954327684031977	0.912164598036212	0.91672739806014	0.884056125813173
"SRR5865110"	0.354063814390707	0.382480518293981	0.426013666998103	0.401489362206225	0.280788775114845	0.343838785072475	0.45718547463552	0.453321437245347	0.160937063190693	0.312881704955912
"SRR5865111"	0.161482842105723	0.0725780433091507	0.0510438345043653	0.162061530118872	0.0957985355390309	0.0685207122843367	0.0853713020187509	0.164304297517515	0.0911102347387605	0.0607352254671617
"SRR5865112"	0.649799843893647	0.899763048322891	0.710745134725	0.888056258012752	0.206528156582877	0.805127482345549	0.875697796707764	0.881375612206314	0.987667130259464	0.413780669059563
"SRR5865114"	0.0338711044445488	0.134705786873991	0.148834998716277	0.16560015978674	0.182469621348475	0.369774127489792	0.164864999474471	0.222133546070715	0.259676298160753	0.0429378586068672
"SRR5865115"	0.841906690812018	0.9409860244594	0.883350398305819	0.759610648396218	0.967221048185503	0.908489595540683	0.963372923437013	0.939585636645481	0.843790191036339	0.923790597715567
"SRR5865116"	0.951054372381532	0.818795416093519	0.767059889532183	0.889394310232495	0.644504112219328	0.890157665656239	0.948216468341681	0.96041448139628	0.93289788781977	0.982490697647161
"SRR5865120"	0.496783411098567	0.407253779582533	0.389545138206164	0.372987321002027	0.55478950012021	0.626292889315685	0.490126630035796	0.562571864898836	0.717465615073724	0.425678491324051
"SRR5865121"	0.149017581690902	0.242992723873032	0.0612159411068357	0.123984198746978	0.148959846342329	0.0490532893010757	0.122003751908107	0.22284872904769	0.163251307725559	0.113384936592751
"SRR5865122"	0.955936112975202	0.984407448227812	0.980614448687514	0.993972750588172	0.989315443609405	0.960271851055218	0.981989823844829	0.988382851270821	0.98602972652892	0.981929299528893
"SRR5865123"	0.801476267953723	0.757243185371697	0.828873667978396	0.617400157940458	0.493478159925162	0.823684436035938	0.855470321416883	0.611664172737964	0.727098745406307	0.809766743820726
"SRR5865124"	0.263166376126126	0.0958178140758222	0.113458809451612	0.140564975161574	0.376957623550843	0.142215396130678	0.334750182419444	0.369273927309388	0.182718264056116	0.472898676149907
"SRR5865125"	0.764941288855848	0.923761495441628	0.916267715185551	0.886553702983726	0.928158576213401	0.973702548046866	0.928973826379712	0.859632088503737	0.844447407143434	0.712165666472689
"SRR5865126"	0.867831562620032	0.882644746800476	0.805644652385697	0.771714677289985	0.846448486094106	0.894449210499628	0.828255823488418	0.902838467586224	0.842685094150182	0.83212783677706
"SRR5865127"	0.105407263828351	0.303500896912965	0.320552677618312	0.0646100081776093	0.233076400205399	0.189654017933919	0.0635238839051476	0.0664658433606199	0.256051317595559	0.156091756107423
"SRR5865128"	0.455867057462467	0.284986868953363	0.111662290550375	0.13381443994642	0.317679445844518	0.331230651130769	0.517907463024969	0.231569532128667	0.750375943220575	0.550134246026291
"SRR5865129"	0.202564303627628	0.190692885896059	0.1294293528044	0.233853733905682	0.461655149630705	0.219526699062503	0.0964891504281119	0.291368073401125	0.35822708531971	0.298202169839635
"SRR5865130"	0.418857825651769	0.62345297944758	0.288618509395729	0.158767246834933	0.161885391679847	0.535127588331032	0.38729812057555	0.49704216859195	0.523828358225777	0.433967055892388
"SRR5865078"	0.564709301135588	0.836652919415054	0.705356436067709	0.56280479478094	0.24178221292799	0.320538073361579	0.244886033562283	0.312544364530067	0.216373035581216	0.12694916668143
"SRR5865079"	0.99676486173136	0.996539191072131	0.9951958240498	0.987180434178862	0.993791589273163	0.995284018377331	0.982938111442522	0.995424351389698	0.98826884501075	0.99408815590858
"SRR5865080"	0.694113312565396	0.956101818587005	0.97519015214151	0.958939957400004	0.788212812111935	0.825291574181529	0.665649879343321	0.946179322836521	0.944894377397193	0.80885884424591
"SRR5865081"	0.0082395164834766	0.000473421454276185	0.0787109147843842	0.00274862338109824	0.0105916397171798	0.0769886038467047	0.0242510638714108	0.0115710524726467	0.0124565878561248	0.0947893884095369
"SRR5865082"	0.998845146526538	0.987416096365214	0.978531024356703	0.965641018170914	0.982925841669581	0.975799953177482	0.890710715135165	0.974487651844063	0.998472655987851	0.968920220943706
"SRR5865083"	0.559436565534326	0.709347746825623	0.623359349676129	0.859629418604133	0.941886921358013	0.688787489020919	0.668550919119749	0.75199811460502	0.690295727768782	0.905597249935466
"SRR5865084"	0.55494234269992	0.289040278845309	0.16071436711319	0.155637519722098	0.540173978056662	0.261933719773028	0.141522678502867	0.428319983303729	0.548949775330936	0.43003583551457
"SRR5865088"	0.122235148542049	0.517499553387424	0.345499384774968	0.26534046435606	0.652241051293826	0.260135900421843	0.230046506293189	0.686532110145927	0.0918629599361648	0.129324293059876
"SRR5865090"	0.956036131133145	0.920034721381501	0.972870401478031	0.897984769632802	0.829509577858728	0.966122569161783	0.954222842345551	0.956847331424751	0.952206927707462	0.949415707799052
"SRR5865091"	0.962321898534905	0.95555694989954	0.984977866640449	0.987332418650349	0.920696302539754	0.967396410912593	0.951158718031898	0.995107228866644	0.965211202320047	0.957841597443034
"SRR5865092"	0.999219556732956	0.987793732687086	0.997712904817657	0.983373750726526	0.998491629220361	0.995048019666418	0.987908412410811	0.995100124666253	0.989766535290594	0.997707142939658
"SRR5865093"	0.987916337526519	0.991715380896093	0.994857118962503	0.981593471819017	0.992707879911875	0.996487017145957	0.987180883232525	0.978053598809694	0.982282516147009	0.989976844412891
"SRR5865094"	0.504986448994251	0.369383484417069	0.447611574154901	0.429406436880551	0.445989476055396	0.449704168884601	0.596547809090141	0.401396487827952	0.418021510842181	0.434576635506455
"SRR5865095"	0.976694470172821	0.980016776787735	0.975660829201167	0.953767153132756	0.979635151477529	0.947822392052478	0.971872952847491	0.918744499079588	0.994754225714148	0.967345979180226
"SRR5865099"	0.963062442639121	0.970364144794021	0.991650154924433	0.911145046854799	0.986883577170301	0.979148898934508	0.945851415353227	0.95960847826393	0.97968118638109	0.967079582561546
"SRR5865100"	0.128418897559824	0.20615192377471	0.110146283990275	0.112405459960142	0.178039776603217	0.0782532636727268	0.0628894919859417	0.0214301220170969	0.0446641265570025	0.0536465424018935
"SRR5865101"	0.823624428058821	0.646177381727542	0.821138641063655	0.745547539943122	0.910010260720613	0.860249933445943	0.651440293584949	0.669809284744406	0.867375167623747	0.804919881027114
"SRR5865102"	0.381439879006806	0.564461197704858	0.365335553550663	0.41407999606005	0.535199039567006	0.37808969859384	0.603356732250765	0.267923129601538	0.362019098905874	0.487011729939466
"SRR5865103"	0.709151745724984	0.943235776760162	0.943769750124526	0.966160109882843	0.939518265674442	0.951769422048735	0.944772706806212	0.975030850614853	0.967020952072498	0.963292020270145
"SRR5865104"	0.934701695359169	0.833440920221521	0.803735570851627	0.795746014538911	0.794785117437106	0.933899724315924	0.860329723043284	0.895190012008448	0.891395317394473	0.887334239253868
"SRR5865105"	0.0460083663954488	0.287747314637218	0.296171785606341	0.150255034481667	0.122238556110246	0.148255527489001	0.137704736602858	0.0946720744657578	0.130503932507087	0.0774182846273617
"SRR5865107"	0.982124026157181	0.989162957433058	0.988494951868068	0.945198915312202	0.988109671888141	0.989785044073416	0.989471699937409	0.991633650875636	0.984801494897423	0.990704155503685
"SRR5865108"	0.957838715451901	0.917474069572175	0.984832060273771	0.967151456121648	0.963580642578829	0.994744818181282	0.994663246957733	0.958765748116309	0.986570799321806	0.985055270650542
"SRR5865109"	0.631607119070601	0.40201129464174	0.661610853983803	0.557697739436066	0.527062292391968	0.306857913987757	0.314838570518218	0.367736395341401	0.224843659656985	0.547659122015342
"SRR5865117"	0.0817410893401651	0.164578624885087	0.129394277538639	0.118365801058054	0.128622999354953	0.13175526269506	0.178423396898775	0.0854046446928165	0.0649214468177366	0.0333756082681701
"SRR5865118"	0.996491805383421	0.998234229472199	0.997993687499328	0.999386291306422	0.989894898735644	0.998657483876427	0.997557716432136	0.991293943527658	0.995115219332435	0.999424337496477
"SRR5865119"	0.373604945598499	0.389526419396743	0.290668056980566	0.237404045178878	0.45767291342467	0.250796019803064	0.0997763762831717	0.238960856155952	0.41600229458736	0.307388840502443
"SRR5865131"	0.710992018401064	0.55493670000372	0.526152438040992	0.574166489803442	0.69201679829652	0.496023233541038	0.75638290735684	0.80740256077974	0.454296380652387	0.803910522113221
"SRR5865132"	0.792548210171604	0.568144935890398	0.756991646040656	0.704055206056841	0.914902752047236	0.392096269771974	0.836972086087336	0.68856853963573	0.544601379903791	0.740723314388803
"SRR5865133"	0.330949797340527	0.0773380131242738	0.115946251287277	0.485881120813908	0.191173811666185	0.267009845408374	0.0250592951282909	0.101181541154775	0.26053632032079	0.308200566534103
"SRR5865134"	0.552752050743965	0.247159260810937	0.583825231386739	0.402704342824066	0.506551195081133	0.578448417723667	0.828205761109839	0.497049575757932	0.528646678478597	0.487358605761488
"SRR5865135"	0.0354953642957838	0.0493972279603386	0.132845533751752	0.0188926958932384	0.0347451331878989	0.1039976830479	0.0195529218956588	0.0661324707992532	0.159298317363587	0.138737843790919
"SRR11292125"	0.634174875202058	0.86537306176663	0.628623525430414	0.879838426459079	0.776654244634747	0.232457620268857	0.764830353240544	0.184756541500363	0.318787369539499	0.894998067240951
"SRR11292126"	0.761249605472793	0.544841020634852	0.778151400533589	0.236271128810388	0.677936804602545	0.826886157414224	0.587779313114933	0.574688038686132	0.389085872152625	0.441186165458532
"SRR11292127"	0.269980253802319	0.345250448929418	0.7219973621809	0.481714356727287	0.339752278951022	0.295037516416245	0.552272417147437	0.252526577550147	0.317503785194414	0.192373719953334
"SRR11292131"	0.99778309503492	0.998104354251554	0.999035893999438	0.995230140578021	0.999707438509002	0.998020719945287	0.996849814677918	0.991255720697318	0.998909610973082	0.996671886033635
"SRR11292132"	0.237901677474977	0.303248816445361	0.191205906232788	0.0880464485583664	0.632890690790207	0.206230830290131	0.196637436780749	0.0639686230923782	0.157139787413305	0.182075132380765
"SRR11292136"	0.162996137113541	0.129646160111787	0.115207785226285	0.246073629573824	0.238364881647315	0.338779997831135	0.403438709260782	0.128909245232209	0.2291081026486	0.258320076606002
"SRR11292137"	0.53272320655301	0.614459325553982	0.748531523091928	0.956272673337971	0.776477246612357	0.831382433917805	0.68181662962986	0.498317241914991	0.764249488605323	0.644506514539649
"SRR11292138"	0.194538613311538	0.87331900731373	0.884003709282041	0.882247889377923	0.64594281302201	0.807003794538756	0.674315860286901	0.701888843469937	0.883212169176281	0.845890864022574
"SRR11292140"	0.271289909906895	0.148104058194149	0.654256332212941	0.55363397876178	0.545440107487825	0.898787560353195	0.618363466410533	0.494575983458197	0.712924359487858	0.436505523031295
"SRR11292141"	0.810449042098048	0.882482351107221	0.740248006435926	0.840106026079377	0.912156048496418	0.974257581996856	0.875384413821274	0.683903217708011	0.652879726155961	0.843723019198809
"SRR11292142"	0.063903635217492	0.126735479237279	0.232364871463798	0.218516308548007	0.12849214692063	0.355019950719769	0.144616894574089	0.521439144505705	0.15347468846051	0.080266076282419
"SRR11292143"	0.674000737283966	0.601219060796885	0.762214517531173	0.581811180848253	0.752024591965451	0.640306829585011	0.605142410076441	0.765591372770154	0.416473645822874	0.562337013049045
"SRR11292144"	0.373173124233601	0.214758461188417	0.508726196852406	0.718986784597935	0.438117496881502	0.390195387863256	0.374126141545477	0.495045291623375	0.136499327252297	0.0981410353023792
"SRR11292145"	0.560876721246157	0.669169322401936	0.542345461815291	0.727322744285362	0.61660152149274	0.757022282454789	0.705647668084881	0.887865622720063	0.638261849305769	0.62554292818023
"SRR11292146"	0.956518030030047	0.957340699221262	0.97807047968176	0.961600535090543	0.967448910551683	0.981948705391627	0.97372722454434	0.955517836836378	0.91619966716688	0.956471638351664
"SRR11292147"	0.509120310488392	0.720740812239638	0.401561093542365	0.792297541966816	0.651269535055038	0.39522044957573	0.811678745253612	0.668892261520197	0.750692714104563	0.640903070930571
"SRR11292148"	0.513955920780426	0.853668196774752	0.700143385945957	0.45496107156542	0.666318530744544	0.619566018614016	0.478989570891174	0.602092909850528	0.814925344121277	0.658711753916359
"SRR11292129"	0.423906014950915	0.495661104985257	0.42304616590969	0.672474619967366	0.634034171430863	0.713724253509238	0.701332689425324	0.643070789895866	0.690788663830828	0.793305314277184
"SRR11292130"	0.966687142594034	0.968940341133479	0.957044760994306	0.972318323276771	0.892393155823694	0.964967270076972	0.976707144448248	0.869598239542564	0.930894005473956	0.924170647154965
"SRR11292133"	0.928307041995618	0.982687476336424	0.977416206046229	0.979941795653007	0.987560943729283	0.961632580576869	0.98114436101544	0.840407643575072	0.887640186157556	0.972580741278056
"SRR11292134"	0.0345788808918486	0.232971398938536	0.192602193763541	0.434166106446792	0.240590974553763	0.195817651232965	0.371014513517893	0.135913791367662	0.0335143183475417	0.0683640195173771
"SRR11292135"	0.215500073867051	0.129357600633899	0.452471384945097	0.291295979629903	0.458824733920683	0.247547966993641	0.158477788897181	0.197108219960334	0.0618091062599845	0.148993979646326
"ERR1624539"	0.113295481740375	0.33183632939619	0.278460704422115	0.121303193213826	0.0988765274217916	0.118785528550875	0.206387933513412	0.0783171283185782	0.208459348821035	0.187445752464593
"ERR1624542"	0.118642190326424	0.0296578033609537	0.0834497216809446	0.309118662563289	0.112001131733245	0.153138032350461	0.260401896778999	0.119941537361432	0.195919202912284	0.0945534401745351
"ERR1624545"	0.264923207506097	0.617623105926505	0.81674678242877	0.623073444829408	0.977892281501482	0.926371047246928	0.895369994775787	0.694513386842571	0.991591028112181	0.937865798858563
"ERR1624547"	0.0634487064595989	0.0951957221496194	0.127361842681346	0.125559219440018	0.104727193545871	0.0769999039986869	0.173949595549298	0.546200689866716	0.208203299673219	0.274550764170383
"ERR1624549"	0.513209059574309	0.729745657672994	0.817770892703842	0.694585585071554	0.74995376278725	0.726470464138976	0.601646946122797	0.807620993063749	0.382538755303516	0.352012130669536
"ERR1624550"	0.302957972206102	0.588197456430008	0.269855332967108	0.130748001311139	0.423203765663731	0.0877531191224202	0.497934777144328	0.552983802153447	0.166429572123551	0.556961656985204
"ERR1624552"	0.159857765027004	0.139546139602024	0.159644973711539	0.0571299985463666	0.103357811582778	0.0398555861447298	0.0995782838977408	0.0522326051136107	0.0343413765679554	0.164957876624932
"ERR1624553"	0.137772271053512	0.191231846888034	0.0896802890215565	0.176793646219953	0.0558756355242408	0.336080955043167	0.341497610296398	0.515915250954605	0.301736293463143	0.253435932858276
"ERR1624554"	0.747497241078773	0.926830522816999	0.494862449529274	0.484126339613757	0.685148355419843	0.430802991937763	0.431823458476916	0.745194445997301	0.277344732486284	0.58245986562031
"ERR1624555"	0.327890079802316	0.32382689022253	0.306481556389747	0.163182827972083	0.389978005478067	0.190597507484607	0.123390465549327	0.245852475035421	0.153893256333042	0.186710121682996
"ERR1624556"	0.979173405561724	0.917537250810718	0.838392257771401	0.993195685231762	0.671343293560863	0.932508270907341	0.898911084415103	0.947742058985388	0.978143566603978	0.843690887892946
"ERR1624559"	0.994282833676057	0.998511869864352	0.998347644688688	0.993044466380281	0.994599890932808	0.996651651833831	0.999686727256698	0.999248855020978	0.998992925523878	0.999424282492552
"ERR1624560"	0.982888150575653	0.944614341144344	0.955944406799275	0.975644956459933	0.98662740012176	0.892595761737164	0.910646735603619	0.817826948688403	0.964484957320142	0.991291862756617
"ERR1624562"	0.816028330929405	0.971558294105501	0.940106767136342	0.911919301000374	0.912600046643969	0.902087126846474	0.920612627201754	0.907913029004223	0.939218329438141	0.88905239663622
"ERR1624564"	0.975613416208261	0.942971253595775	0.981907293365406	0.976921378346857	0.972653164869815	0.931317218432863	0.970118053834721	0.899267581381884	0.961562778774936	0.962235107897036
"ERR1624565"	0.0884077658092207	0.615598280147211	0.384474316522968	0.0859660388178445	0.203771610456644	0.0766878564839028	0.164154039867171	0.181925815621679	0.227792701301707	0.178716839973819
"ERR1624567"	0.072605982920313	0.135138655378528	0.271659821335325	0.032201213042324	0.0986901685639495	0.117942190593282	0.0623245066254194	0.0241260324470209	0.157339450342173	0.2025917272145
"ERR1624570"	0.258844235316301	0.276416257290544	0.210395081234937	0.231915293648661	0.190359911991653	0.131572274196305	0.16887466894064	0.332002002748642	0.205482147954472	0.432041269415701
"ERR1624536"	0.285225943235787	0.393602719642494	0.104637108023199	0.203905302299521	0.130834620504367	0.348980538158765	0.195690313461618	0.341171528814464	0.167215815147329	0.0977353513607698
"ERR1624537"	0.0110849318782675	0.0110971524393173	0.00357609111277833	0.0381519659339285	0.0313399059771312	0.0422491637591358	0.0704709739201021	0.0117155139449953	0.0094941995696829	0.0240760179114943
"ERR1624538"	0.0335707362773607	0.151376000585075	0.0618700917942501	0.0231261172824854	0.0850365252333052	0.340138344533414	0.334714939009156	0.170431586320995	0.273807275079109	0.0389527208633242
"ERR1624540"	0.0519258919870946	0.00118345813079374	0.00295016909358205	0.00742021153442611	0.00613778802464007	0.00240678343383878	0.00149596849003992	0.00662290022658888	0.000657512163566464	0.00574488510385778
"ERR1624541"	0.0760311884101836	0.0930594534366955	0.0705382495763402	0.183146840560221	0.141436315577729	0.0392953219063455	0.0397818150663296	0.195966837716197	0.0798967435154106	0.104240296033412
"ERR1624543"	0.361355481706466	0.525853379881413	0.179513419466975	0.186919486272155	0.325450120957379	0.359925927977176	0.0848630419215748	0.196377319344389	0.497763817369994	0.148340916795954
"ERR1624544"	0.416285462456263	0.650142841250388	0.233051193966793	0.680901306146546	0.290092283985392	0.611354237540545	0.275610390750939	0.569959406026181	0.714919938117962	0.550580245183948
"ERR1624546"	0.540386097988408	0.733606811031578	0.409549665764848	0.595477134780007	0.509172875482901	0.506918035436848	0.371183864774341	0.204333571118547	0.337608149435524	0.681870959730925
"ERR1624548"	0.106671159319724	0.17362280868042	0.105921146045117	0.0891608308038515	0.285381331789187	0.106231472836437	0.345025829074247	0.219442873022468	0.0657680254393729	0.173770014514234
"ERR1624551"	0.148297137088865	0.0622073196207659	0.0973921005320863	0.234163246926685	0.0490748876436165	0.164277275929671	0.307975321233358	0.20414037710938	0.0781554302804438	0.136189141026853
"ERR1624557"	0.327467097085349	0.214297260459934	0.207930833068684	0.139185537303192	0.428345822486234	0.297937536961661	0.526663915026627	0.144391687826839	0.418333379066781	0.184312496886701
"ERR1624558"	0.967657244179298	0.973631936119752	0.987454191128193	0.969453871680253	0.986666394963636	0.957201663903105	0.961446265804265	0.964572381645817	0.986469910362367	0.857563976082246
"ERR1624561"	0.378269705715984	0.399365480364095	0.542139730001014	0.472209870408356	0.349815128087396	0.641022734745578	0.273529296636414	0.378115886185073	0.623803818722704	0.429323804154962
"ERR1624563"	0.671311173349055	0.504918061814093	0.607019817554018	0.453306056084629	0.491800260345837	0.695308760035549	0.362192292379708	0.197888575302952	0.354370096766026	0.705709134095132
"ERR1624566"	0.261815598136829	0.292613712844635	0.182798630409139	0.347713119003429	0.350588348216145	0.15549580090287	0.11473985426423	0.111405180179051	0.162190178600956	0.295978711484819
"ERR1624568"	0.465456327212623	0.167731710422321	0.379624772280171	0.19720226587969	0.233633647343	0.255722514334473	0.312919655887029	0.433736465105214	0.246956520994248	0.538924668187409
"ERR1624569"	0.978993192123682	0.989524730553885	0.989221140936637	0.984490872829089	0.944842069111926	0.992993587549536	0.986511050435156	0.990027960716189	0.919878278226806	0.98378079551932
"ERR1624571"	0.648205774347918	0.530169303580123	0.439735693085007	0.119464872318695	0.322956223881406	0.373804512315429	0.67049746305905	0.341534354949035	0.254188317483481	0.224005807283987
"ERR1624572"	0.897579265256514	0.802078270422737	0.910038382930105	0.642596521924074	0.654832420920433	0.947278502662484	0.938256783794912	0.74366904007032	0.747357904838919	0.943989559259898
"ERR1624573"	0.928633255241692	0.992895826077628	0.98572357703063	0.97124631203799	0.857482846169479	0.88734006489018	0.94282166821326	0.873948925383039	0.964799341804358	0.98988352872085
"SRR31418698"	0.699101732643064	0.614063680225897	0.698610903969487	0.583072657181043	0.452242813672503	0.348266917468443	0.42877816496193	0.4325333454287	0.601262570093709	0.611007002660023
"SRR31418709"	0.222305799807431	0.291591375465984	0.191645729968173	0.0484333172881221	0.207411779741139	0.375474189122564	0.265948329594358	0.210157766914283	0.325394137690637	0.182250631162435
"SRR31418710"	0.298567632625615	0.339588516625357	0.0714547859123841	0.455333955986231	0.211751730761267	0.364724345147743	0.204572129210709	0.120375617050289	0.157346992684907	0.162671927127114
"SRR31418685"	0.0694600825500886	0.0542104809246851	0.123735234300976	0.115409562001062	0.0294518217468775	0.00754993142090786	0.019218846861558	0.0742836601990029	0.0580955735645218	0.140367316173106
"SRR31418686"	0.350549054440144	0.58971283884269	0.6784301194561	0.674397867165489	0.763383746667314	0.50394381360682	0.44268592113193	0.579743864168346	0.54735658866428	0.661553227301157
"SRR31418687"	0.341375522503623	0.628743815621952	0.499669474467052	0.38190111379508	0.19462394759065	0.809279861188237	0.527372294565786	0.399566022178733	0.473303816302256	0.427036745782006
"SRR31418682"	0.168931320733093	0.653981911785822	0.628297808281465	0.169002409557067	0.181803064949637	0.473139713998472	0.483761485604902	0.824444289545509	0.524695413459416	0.328321450257023
"SRR31418683"	0.455084227782224	0.771659323996997	0.703758426049894	0.512178504280549	0.692000015969242	0.531345944008465	0.722299696728494	0.4379251986144	0.624196080659065	0.6680655200476
"SRR31418684"	0.851705093457852	0.80390832848271	0.754716715822155	0.571921345235982	0.827959447704727	0.406084266725128	0.868780873111866	0.730352536186129	0.784138496245727	0.873677724820335
"SRR31418707"	0.133644934114007	0.181226186188125	0.182068484202367	0.0583601812561435	0.0913291529718272	0.0950460967545277	0.0795949660864377	0.125624956295889	0.05914547680733	0.0934474984569401
"SRR31418708"	0.782380429511705	0.550733458186549	0.644280980662638	0.622275409110918	0.8342688111477	0.700467893237815	0.713633568959386	0.827343905710459	0.76524002755153	0.761206690780178
"SRR31418681"	0.206100624614174	0.448475195223934	0.44684176834396	0.485241157694852	0.363928203463707	0.558370473183157	0.350404325097254	0.259810421508355	0.382097982782687	0.297459765527791
"SRR31418704"	0.333374716063728	0.652878491378061	0.683259190462584	0.835073932035225	0.576347279997282	0.323557079626846	0.489106804771638	0.454168955678078	0.482632800991453	0.648240678637512
"SRR31418705"	0.615434725709302	0.768495716310247	0.746942680953757	0.939201450597344	0.672097776001636	0.747836831600725	0.828860934274108	0.524510641492083	0.856715060746699	0.640718466098584
"SRR31418706"	0.528886568179506	0.475363326085766	0.471417494035056	0.39031870777233	0.41455041503811	0.451068319926822	0.419793874472054	0.304318269355643	0.434670068943676	0.296199533619829
"SRR31418701"	0.644156221550461	0.732628539985723	0.785148417881275	0.585789318382196	0.702854015973607	0.315087523915879	0.720481227894285	0.57864510302538	0.822054616360546	0.724619889026134
"SRR31418702"	0.901465579952843	0.876435509576516	0.989880109463788	0.929835302967065	0.718146770592981	0.583644255915528	0.87631755372676	0.886808538720249	0.925970607412253	0.92197409594008
"SRR31418703"	0.344690032247226	0.411024496826248	0.880155840554269	0.251600088261721	0.742277965361129	0.56080269800698	0.331992993427127	0.797374634576872	0.179549690324478	0.575060364138573
"SRR31418697"	0.957265250353177	0.82428069914554	0.930798737397502	0.86142119083721	0.853670014143057	0.960637711577599	0.888677630249199	0.974408199279201	0.803815875490398	0.940999344712961
"SRR31418699"	0.89479333389899	0.679299008855781	0.157700415148587	0.854751626943874	0.786830048252454	0.611555427749018	0.639420867819382	0.633085329739723	0.868311111098268	0.772973188195714
"SRR31418700"	0.99762586034938	0.992358383674415	0.987879597667812	0.975413349225591	0.878537335485195	0.967613629077775	0.994994694596425	0.996578227713274	0.99571883157656	0.99012523938901
"SRR31418694"	0.511216272303959	0.781699160129849	0.6448057019879	0.880570523945639	0.902227441828188	0.6151661352546	0.452511737513969	0.792737869289454	0.699326401248348	0.638105985249662
"SRR31418695"	0.915820050519276	0.965747625618724	0.962533809855337	0.943247863946694	0.987094586415595	0.981340645892558	0.973649528642987	0.877114202488663	0.95751052485967	0.889487765293381
"SRR31418696"	0.889117921880144	0.909398192883193	0.946988345502005	0.430845428612284	0.980269984281314	0.970455735451246	0.763779055792883	0.858928079091504	0.602427763689568	0.921728488588004
"SRR31418691"	0.334286346647525	0.629664471487952	0.421741986022975	0.571821812538227	0.328233877852961	0.519349724167769	0.471102663346697	0.375807812177503	0.603026210995866	0.179666846257084
"SRR31418692"	0.998132273492591	0.99894319341976	0.999206753715786	0.99723864465183	0.997678322489565	0.996436289160755	0.998235076883542	0.969402445598545	0.998474445665228	0.998852012785757
"SRR31418693"	0.842800942380223	0.311008342138832	0.0680279847918112	0.201477949031446	0.137169177063693	0.323454935550402	0.289698757210698	0.324157173466547	0.351529067982462	0.640186534310021
"SRR31418688"	0.231735755167789	0.471330431711479	0.522887423906954	0.77452340134299	0.391501529004733	0.349691246435604	0.387917884374401	0.193745474155679	0.193919918349262	0.307735391590539
"SRR31418689"	0.734387116675757	0.296541938873601	0.447771615218902	0.645549173696562	0.153503959035897	0.297772241300533	0.523073586217313	0.192567851790125	0.446217857752267	0.504255608711376
"SRR31418690"	0.0803607323633624	0.0707247430870207	0.000237510126313668	0.0115220558178942	0.0437228529014648	0.0414904044700344	0.0907117727205557	0.0267026729854942	0.0692327042987367	0.13770331640522
"SRR39238554"	0.0806279528357429	0.0164834111274889	0.0608783771847217	0.0122535848514818	0.00854309698390937	0.0383430633240299	0.0140558077149083	0.0736612127190011	0.0553838799298565	0.0293781799935476
"SRR39238457"	0.989313228072027	0.979099457881715	0.979789160695877	0.0761838759081073	0.988205382895422	0.998668332481171	0.997917655553815	0.996100041940041	0.994261790597768	0.919020809007155
"SRR39238553"	0.0416270951885083	0.0256970428217888	0.28883308868821	0.174888421896694	0.0730644737968706	0.0686886101683482	0.0607732694730028	0.107534101827062	0.0994772228706218	0.00647754863873406
"SRR39238456"	0.0241247826368053	0.250186016424498	0.0519597303417342	0.0452181354622809	0.0505662192775598	0.252270177425059	0.202510256514042	0.0387124909875223	0.225467276133945	0.0257821464604062
"SRR39238532"	0.0235015089501809	0.0666199278666068	0.0673141176011384	0.0439600277147703	0.0217678023749201	0.0796172304419863	0.0759338601881191	0.0343674546960815	0.0343670644960258	0.00122104069165537
"SRR39238521"	0.0237049273025513	0.0163781402809143	0.018483199822195	0.0195102288513541	0.027781393424897	0.00786957026738819	0.0238669281891517	0.0180639348616863	0.0406914377983127	0.0277919222396428
"SRR39238498"	0.00162754652045684	1.46929940770276e-05	0.00171996465842009	0.000345462489642104	0.000815328381609869	0.000367199267568407	0.000341200142100125	0.0101372416786986	0.00279211971059147	0.000241014705613865
"SRR39238471"	0.00153133501853095	0.000629088967569868	0.000782875780524806	0.000593179672917353	0.000574747009559727	0.000660239929337398	0.000913957202803762	0.000940176474709729	0.00334250617668565	0.000393976174709086
"SRR39238492"	0.0153246122952446	0.00353587997052909	0.0286981236505012	0.0204530344884229	0.0244635270539657	0.0524165039886586	0.0252782987757589	0.0124002502288406	0.030824716729062	0.0166770684340103
"SRR39238481"	0.0714754039231816	0.0238502713951901	0.116060796567149	0.0376275126808583	0.130272942221747	0.0144335593885577	0.0445001228463323	0.153387897279552	0.0580837793411417	0.238431687614871
"SRR39238454"	0.120582207639065	0.236325269296476	0.165725169225708	0.0686246939269942	0.0466544406446959	0.121903308178962	0.0512892139411891	0.202736359866438	0.0705493353435481	0.083122942674655
"SRR39238455"	0.324047798058073	0.655094122403624	0.556859445250071	0.520317370416399	0.534625251329757	0.557200779754681	0.407857874146269	0.303601149158722	0.474633408401917	0.224074297029398
"SRR39238519"	0.320309710363549	0.526635984405561	0.389394539453434	0.442305812180959	0.39826590372325	0.156399046300096	0.0673994913543028	0.422182448127195	0.114651554077341	0.256438535854476
"SRR39238552"	0.0584578543086166	0.0264631753192417	0.0123044193096162	0.0414346916783825	0.0172543977604701	0.0299476233445683	0.035049525873663	0.00584383471674595	0.0381007586937982	0.0110003532547517
"SRR39238541"	0.805364047991911	0.369629127024881	0.416206241269986	0.111220635082789	0.11486829544697	0.388205509576281	0.421691819755526	0.581912035642962	0.211551147950086	0.27726148183143
"SRR39238540"	0.152158258415012	0.189207651807516	0.19524220365149	0.0857320831560161	0.136204449995928	0.0710393511088593	0.116585485258234	0.169723840622375	0.0314477177483074	0.0311734830430038
"SRR39238539"	0.000494549900453335	0.00233522068931395	0.000800416122013599	0.00314906909842261	0.00512672881559517	0.00201212017618172	0.00123087093815692	0.00398888564542066	0.000979324428543801	0.00207188866285895
"SRR39238538"	0.00310957793056621	0.00613191448401305	0.0227721711534934	0.0125976090399009	0.00969170541398499	0.00335099698167881	0.00504877442846454	0.0200914757193444	0.00574262828596831	0.00637766699700191
"SRR39238537"	0.0607274379243097	0.00806625754313564	0.00223438933816859	0.00424729650792821	0.00402957267418004	0.000800234692425351	0.0108279703426899	0.00224682017110346	0.00326799133623614	0.00345353588725258
"SRR39238453"	0.398531257253391	0.486316541543702	0.364870240564396	0.217072690032339	0.322048640862049	0.411045621457194	0.439504858869899	0.388361258734855	0.676098368224073	0.875632061337285
"SRR39238536"	0.0058394576382982	0.00138309369712278	0.00286946709865002	0.00298144582435679	0.0031133349887722	0.00691946710103359	0.000948039660683189	0.00180226173131971	0.0127561696663229	0.00419262622708185
"SRR39238535"	0.000372243155349153	0.00379623779007667	0.005835565020382	0.00635558951167683	0.00511068834945345	0.00579267820951385	0.0141779454528747	0.00195903644020846	0.0360041647580862	0.000661751421649227
"SRR39238534"	0.00844184444091246	0.00936580471310527	0.00781378501078218	0.010447374949761	0.00959097791527272	0.00723924922468769	0.023566300325495	0.0120534509216909	0.00703594916777219	0.0214681494034368
"SRR39238533"	0.00278962525150608	0.00159579005835698	0.00588132130848487	0.00680299806931912	0.0044274072528651	0.00166131432425375	0.00131690569514784	0.00143772989521214	0.0162219670661627	0.0112157091137186
"SRR39238531"	0.0938899683049347	0.0203673669301941	0.0868949210944608	0.0488652470721303	0.13882820510819	0.0640528755629092	0.080953810043375	0.0784841504170446	0.0587636338700603	0.0895505457511923
"SRR39238530"	0.532884756018406	0.293450621960663	0.529617718614147	0.0723816873384844	0.33304439486086	0.346915557978216	0.3731792919704	0.0339850779008141	0.509687174760073	0.305040432392989
"SRR39238529"	0.0575754746204609	0.0128027957545257	0.0918010423437656	0.127355963897872	0.207234631469814	0.0213169349514988	0.00848607857245437	0.0325037532474833	0.766311532857653	0.307742637383863
"SRR39238528"	0.555384810640436	0.314049048119731	0.312845161876103	0.367352973049009	0.472158629788631	0.251146974732766	0.65548860942677	0.74113390505581	0.415341026737804	0.684231978969133
"SRR39238527"	0.0074909301875348	0.15490824314431	0.31706969276232	0.163206201321734	0.222608936708431	0.419151641659493	0.260957778620466	0.159663492261975	0.119827035316821	0.170722058555173
"SRR39238526"	0.356900732838477	0.0942546193372599	0.143529799854982	0.150630821317949	0.067756278173178	0.27880001699236	0.100566134755685	0.0934201486292881	0.103131206329262	0.107161164704685
"SRR39238452"	0.966483269653899	0.977029797782581	0.999251755028188	0.959872055945806	0.977420743632126	0.980091570035178	0.828403255500919	0.811909091937726	0.983861562779816	0.98323140000186
"SRR39238525"	0.0111620865146616	0.0203050294855466	3.02008869289374e-05	0.00822762464678004	0.396408756614576	0.0456232202811894	0.00974980440607736	0.00137731159122189	0.00180080435711988	0.0170668146832129
"SRR39238451"	0.683237653823011	0.851746295790599	0.996911610345792	0.998113807605377	0.708993062917788	0.999776536178719	0.992309906700544	0.98875071973424	0.96987149581869	0.747617753262006
"SRR39238450"	0.960872490222464	0.999633991722246	0.708396324930691	0.962038463550086	0.963630062043625	0.999871102107041	0.978800161573499	0.498030357700546	0.996624525836702	0.16469021998619
"SRR39238524"	0.450328159288632	0.559959353313217	0.32179577982418	0.718282314966632	0.847935505803133	0.623586009124988	0.305735546308313	0.166133652440403	0.645344233705229	0.691791941708067
"SRR39238449"	0.999627398633148	0.999218091131658	0.999650690566755	0.99680237210149	0.857103724939467	0.999424977559305	0.999651673851104	0.996589349151882	0.991843818387282	0.998327061045188
"SRR39238523"	0.220493964926285	0.229563219499532	0.12142916795121	0.0368547861165984	0.848316945859909	0.0937465500736744	0.373359820557536	0.0329062258043767	0.381796178387624	0.0341074192062672
"SRR39238448"	0.888057962359917	0.994115036088408	0.983148602234196	0.72404535118992	0.925954765486788	0.976764591177653	0.877584844846375	0.862753676332613	0.767900253447849	0.960790577212829
"SRR39238522"	0.0183950230016096	0.953635664978198	0.014363718580444	0.922868335806617	0.0323495329172647	0.113315190076467	0.144623166418974	0.0138973205758362	0.274029551555495	0.0103139107356919
"SRR39238447"	0.99990049364285	0.999983579551261	0.999995279441688	0.998740972471593	0.999853295094783	0.998398117487287	0.999988128335796	0.999908153028407	0.998804355928497	0.999665284689175
"SRR39238508"	0.170685647191318	0.00376362878585573	0.0663084681945342	0.649427833373587	0.132213057414836	0.0124923616129405	0.391685103486035	0.382914757400802	0.710732396122546	0.77882699300629
"SRR39238446"	0.0234447184903953	0.000712864207514145	0.00794457598186657	0.000340448993660395	0.151352339808197	0.00767776380326752	0.00322445778214105	0.00482894156212787	0.0118366313604132	0.000695422508538743
"SRR39238507"	0.00203106723293564	0.014758720365354	0.00194402343435567	0.00493956936766448	0.00242953561119688	0.00245389062973827	0.0179697404863281	0.00101037897462502	0.00284337879991456	0.00155281822343305
"SRR39238445"	0.996405966755426	0.739872496381791	0.976235181205716	0.955338557995774	0.998074606143825	0.55239457034145	0.765340745758287	0.952249716121618	0.985533517734338	0.924733719253214
"SRR39238506"	0.0372775395627887	0.131624283792314	0.0579575173296309	0.109321182683943	0.23379414652713	0.0111957031665444	0.332989229686667	0.151940316659295	0.015556202732318	0.406212967861284
"SRR39238520"	0.493705920075218	0.551998650221155	0.760557055843782	0.28139744362891	0.606012130195016	0.465513488702606	0.634056787202278	0.330625288881227	0.754356712402307	0.733328995857103
"SRR39238505"	0.00287120130733646	0.00041419835434404	0.00132987642432152	0.0158467546483667	0.00248505980024275	0.00245635668312041	0.00414627749862286	0.00515960161315415	0.00868772811443983	0.00070544198553074
"SRR39238518"	0.152908741298874	0.163630824924334	0.0477912760891816	0.0723405987026435	0.121826209881063	0.186878013073731	0.317438416837174	0.0384825488125312	0.227672456472852	0.412786878081908
"SRR39238504"	0.00169005944969258	0.00641546719399336	0.0127896661716242	0.0481223717248924	0.00981986722542232	0.0101310733314556	0.00968299026983525	0.00347230270455985	0.0177069655152523	0.0469188633766075
"SRR39238517"	0.99541648873539	0.986518304284647	0.953993154379736	0.96597073930694	0.974867628655285	0.978711988576438	0.965457183765181	0.947676804480017	0.964229869910495	0.992933622201801
"SRR39238503"	0.0419255250086549	0.00175122513498214	0.000981895367225833	0.00263498586838811	0.00203701553337106	0.0241849249093402	0.00407818736068848	0.00152105882064886	0.000609926630518336	0.0389412454642165
"SRR39238516"	0.931989223438603	0.894686319283196	0.992748793039099	0.960644042190187	0.996407309750744	0.972154907855727	0.839585523461335	0.963985954945626	0.977343576546132	0.995343982408825
"SRR39238502"	0.388040755379592	0.0459078967916432	0.0327954343839001	0.0294035062681793	0.013352372333965	0.0263442002883857	0.0329237136463739	0.0246434114527316	0.0796222046812824	0.0394127460297354
"SRR39238515"	0.489124137030919	0.859664528292932	0.82069294438619	0.763038194207212	0.526426690790651	0.834949721938726	0.586501721484436	0.51335788510238	0.807796141776781	0.473126013020231
"SRR39238501"	0.653453290435211	0.995462937478433	0.990980596396618	0.889363998182361	0.954227765482165	0.919020088718342	0.977385360953547	0.797186033465952	0.895203085748224	0.984067910286929
"SRR39238514"	0.972513897444383	0.944199107801536	0.949150304676982	0.978887913762434	0.731439468233809	0.94625080876716	0.943136187115295	0.919004059427583	0.965039416437634	0.914174775657757
"SRR39238500"	0.00295823918847063	0.00254532533621574	0.00240607617634985	0.00101302815119744	0.000363517207956848	0.00281217092145922	0.00175424392737601	0.00332919052344567	0.00307520600543499	0.00391167698809304
"SRR39238513"	0.937159242959905	0.932927451334935	0.950314026684716	0.94229696231426	0.919777685887343	0.960289550047461	0.911259278670682	0.884222825908507	0.887886903929696	0.95189767224133
"SRR39238499"	0.0565679701122796	0.00289083996156882	0.00100290892101619	0.0260425978039263	0.0137784523340538	0.0136188628111093	0.0410310858863861	0.0492361429263685	0.0102177873524354	0.0776226657723029
"SRR39238512"	0.600873975037363	0.425340701597797	0.363052030734051	0.552166395035994	0.744130299330401	0.839633166184732	0.61406108759556	0.161422140467721	0.478100925415809	0.719704727575979
"SRR39238497"	0.530011071945201	0.263171106517992	0.319791979543205	0.473204278265425	0.435533855170603	0.544352857544381	0.194592431394981	0.496500278155348	0.181369430065105	0.270108661353592
"SRR39238511"	0.978610693138799	0.998051366659736	0.990983797427415	0.94592320315118	0.7916640803174	0.902343536533444	0.968562692342352	0.99355939978246	0.931968568837536	0.959033022539341
"SRR39238496"	0.140892519334092	0.0706312682154217	0.0238297201205656	0.0440434839897653	0.061425843270914	0.0306960444471719	0.0220566639769671	0.117384486695539	0.0258242621886442	0.0695324986860736
"SRR39238495"	0.00128894812856866	0.00338200188840274	0.00183870355950596	0.00562930598225033	0.00304718533711944	0.000953786296083335	0.00591153623747245	0.00163592769664305	0.00199751381918313	0.00125919020975744
"SRR39238510"	0.961270823395321	0.975058820561192	0.930778452528551	0.939944093860829	0.960432583960249	0.980344000024499	0.900562689403831	0.952156395496412	0.976463968104337	0.69203284809151
"SRR39238494"	0.976767083824573	0.938406384554728	0.81741083159173	0.189272908299911	0.999745870231309	0.830273278630906	0.955185990130277	0.394883948689301	0.992394404602001	0.998796915555608
"SRR39238509"	0.237603487114477	0.276658636060351	0.146774225669273	0.12291219479671	0.0656172059304277	0.322865162352543	0.123745129074324	0.334110791100793	0.0684150892937096	0.171631412960684
"SRR39238493"	0.0434697504032001	0.102524727125949	0.469816764739911	0.0278220236419761	0.136684175589078	0.0719052568620105	0.185214089552358	0.114540454783289	0.164181226328633	0.040111482790321
"SRR39238551"	0.95387205988405	0.761772441897767	0.709379444555087	0.0924966056525885	0.847802546956341	0.862682176043266	0.856425291347827	0.940975136680777	0.954459394976182	0.715591389995418
"SRR39238476"	0.0615457517972312	0.0813814437184399	0.0949463387620332	0.0439960087737137	0.025669333444351	0.0288961859146151	0.0449721273677677	0.0563216056819422	0.0816368417781645	0.0207525229524182
"SRR39238475"	0.344538255408762	0.139350347473344	0.707578151880805	0.512178240926632	0.272093362912719	0.499143486856656	0.398388042840852	0.360208759369671	0.471128470128247	0.0335210718583903
"SRR39238550"	0.408553142196315	0.614625279736034	0.384376963780314	0.511517069645871	0.178607144939712	0.526520521482196	0.45828305195781	0.382915101146252	0.404586422162155	0.0914537575496696
"SRR39238474"	0.0112048326136958	0.0142077596588037	0.0147088714437861	0.0354731697702451	0.0100157319863374	0.0245826775470431	0.0490611946365779	0.080258993263267	0.0717244165952106	0.0313438744467792
"SRR39238473"	0.000727374017360736	0.00665541847352824	0.002644016621497	0.000969774170906918	0.00300569005284985	0.0130783372323796	0.000820143198936169	0.0168980421048612	0.00224245767325787	0.00561849771449199
"SRR39238472"	0.0063599880617799	0.00579833118271485	0.0101967144936074	0.00992448012309034	0.00155287486131857	0.0501663572418171	0.00682689375764958	0.00306491783593531	0.00308444813704556	0.00915368930635704
"SRR39238470"	0.000651664144546328	0.00458644200680375	0.0017157772533081	0.00240997239627956	0.00306787562516294	0.0152668755333456	0.0011592090822771	0.00206591850825218	0.0189489621389291	0.013560676234357
"SRR39238469"	0.0538064809373773	0.00361471458671672	0.000475738681906435	0.0516132347699783	0.0557679330676731	0.00358076123362792	0.0280111560651122	0.0491082647505376	0.0588286050787	0.0310051824020868
"SRR39238468"	0.397822827309936	0.664205690016234	0.363886070955877	0.0551268262441786	0.689682858148428	0.283727662731281	0.751420304304274	0.563184452871704	0.143980394504024	0.194066042721445
"SRR39238467"	0.0124973377597642	0.00965783460001801	0.031778778647384	0.0523663985604216	0.0291559540616722	0.0183763128184461	0.0267987911861084	0.0283843919032997	0.00713990198372805	0.0535636270020556
"SRR39238466"	0.00015477443400059	0.000459167385867436	0.000476676498363598	0.000269244319115491	0.00197589372943973	0.000232486269242575	7.56313462216356e-05	0.000363243293214878	0.000123664591297353	9.78104430145491e-05
"SRR39238465"	0.034318704645697	0.0122816280889998	0.122321144494563	0.0540777095952898	0.0794204178863157	0.0123284148203304	0.0877358066209003	0.0758686692334744	0.028460599375534	0.0619592151157626
"SRR39238464"	0.00532391940613696	0.00416168129614105	0.0619187627353739	0.00504360028638574	0.0331132412751211	0.00066652892643601	0.00264180089874856	0.0161565000530533	0.0821502893034516	0.00103676151395087
"SRR39238463"	0.880908333637681	0.790898827872379	0.863853845783736	0.933619841703074	0.875134803458141	0.90857274493236	0.730923478734092	0.804187396911802	0.824800629735692	0.720632489029386
"SRR39238549"	0.543452560818796	0.471691736303379	0.807115635213123	0.869063829650288	0.718873306153144	0.36007430550501	0.253931295510873	0.32465113289314	0.547794052647402	0.159081322938787
"SRR39238462"	0.474462262055513	0.59636026816114	0.789625135647065	0.60279113445621	0.37527133239615	0.748803512339622	0.274670444560658	0.434591854423985	0.643345910100472	0.660373011570112
"SRR39238461"	0.246645607943808	0.187443436275659	0.189040153249844	0.378883994737509	0.316619479962645	0.325827981512513	0.201991413774053	0.17205789806262	0.149724144238313	0.0690853301057463
"SRR39238491"	0.132105357500016	0.0388982714616753	0.134304659349619	0.128986356023986	0.189802813683204	0.0872790272688328	0.163425599205262	0.0830447460270107	0.156133899461493	0.117815689209955
"SRR39238490"	0.0287246075463595	0.0429379697792996	0.049827611024754	0.033556871492676	0.0197730251800721	0.0164722309013951	0.102212600986848	0.119946473175152	0.0561103271780207	0.0585997283140297
"SRR39238489"	0.0649276165665402	0.911961719743724	0.188297065400822	0.539290327381399	0.355980645293124	0.556982035585484	0.663730151277933	0.657327806009589	0.542511742351008	0.511592966157303
"SRR39238488"	0.153341276428157	0.634909566205974	0.159430921088824	0.30318128381815	0.194097310364406	0.264765002224388	0.158102773783497	0.100561304046321	0.47869059297208	0.164034952953475
"SRR39238487"	0.383609429176464	0.0846801573317193	0.129327836338606	0.443802858353397	0.313825914006829	0.0403766339336857	0.219081922392879	0.535433137830223	0.249299699146498	0.167748310016322
"SRR39238486"	0.445082970606267	0.0710562799665336	0.290008300292955	0.478610469213622	0.926569405646697	0.16708691168169	0.0624637147978982	0.715287546488691	0.0806998439363057	0.0625464174804468
"SRR39238548"	0.328574321815202	0.166686604052559	0.645732397199182	0.697371305135867	0.386277650624141	0.634995973770479	0.424868715184965	0.10490843532802	0.311817007815813	0.47970072059053
"SRR39238485"	0.202913342425704	0.289818296347626	0.477776880726358	0.169009467032418	0.00178702264312954	0.0205201845181139	0.596552411130264	0.677318961784846	0.228048000322293	0.521401001640486
"SRR39238547"	0.723436850898162	0.369763263449141	0.244654332882352	0.310535152537999	0.219909043465403	0.094918844239452	0.0544414621974842	0.0678369144875436	0.271871261612824	0.245047059631971
"SRR39238484"	0.637790256951451	0.970801492665267	0.859246941204172	0.946957599786324	0.554712032670396	0.595372186513477	0.551962906109434	0.748292313514022	0.356820772690104	0.699553881920699
"SRR39238546"	0.223889657225807	0.706547269729223	0.52062182727338	0.439862003495412	0.502291601369351	0.40286347037872	0.498677361880116	0.472853725782702	0.524176534343945	0.29079545863732
"SRR39238483"	0.143195544579223	0.156238441816082	0.0415633082106531	0.0403246779178775	0.114550131986576	0.0414782037136465	0.0391108285793617	0.0274512156929958	0.162097667566267	0.0656511677785531
"SRR39238482"	0.0241657013212054	0.032531751633713	0.00876901382983847	0.0189871667325619	0.0348728799828039	0.0510828519622938	0.0155602558058617	0.0060951091121252	0.0152961874084779	0.0341497663393688
"SRR39238545"	0.925455558617517	0.922126827311247	0.992790437232023	0.90153415177262	0.982910784485227	0.959619878238882	0.883642788235141	0.90820585678209	0.9357935423244	0.819183060522777
"SRR39238480"	0.0414664914994453	0.00560298738894323	0.0183177951637242	0.0430392298577501	0.155013604600392	0.0091843642780295	0.0627342804140316	0.0452480885603395	0.0162432238871462	0.00514289856698299
"SRR39238479"	0.0739871457286662	0.072821584416566	0.0360150847532539	0.374222316538864	0.0421929784794534	0.183700202103234	0.0147890605800346	0.108189758871073	0.0191143014928992	0.315880006324142
"SRR39238478"	0.0943787936515074	0.853333863470298	0.650295935477479	0.0660183225365563	0.864492650816339	0.0860356603008573	0.393062948267456	0.269990700529549	0.664690575834711	0.509787831005602
"SRR39238544"	0.0116279263491982	0.0644041016721889	0.0482108421258764	0.035505077812381	0.00501619752765607	0.0524735902396385	0.106658822928948	0.0532913506013637	0.0971152771197556	0.0118907300493193
"SRR39238477"	0.0117187090539773	0.018891126425058	0.01103686537571	0.0225263826710204	0.00711568568307179	0.0113330246752393	0.0142053515785843	0.0325111847064483	0.0441340642792955	0.0132642937466274
"SRR39238460"	0.639946433373758	0.332295298926036	0.4029874670643	0.103071736100042	0.437515922881745	0.181141545032925	0.434021313782362	0.326702582993504	0.476817692914807	0.103368874844686
"SRR39238459"	0.00486892909230021	0.00410583654996571	0.00278392879512197	0.00555481388309579	0.00104948044460431	0.0104591320947955	2.4250210772833e-05	0.00154558610509619	0.00786748051001004	0.00711898437852142
"SRR39238543"	0.946094119975072	0.67810878139965	0.937541157575582	0.765876080627089	0.899861456802551	0.738706485719175	0.840237410082268	0.900330532389856	0.403735584031142	0.667032805208556
"SRR39238458"	0.00052711571334349	0.00140272958092965	0.00204617794321064	0.000822824182577519	0.00718428214384162	0.00221119360998392	9.19750444298362e-06	0.00689282669131666	0.000389983596255697	0.000417234811788947
"SRR39238542"	0.75217678015031	0.828978405443517	0.692943645115966	0.792050820410938	0.876926383848871	0.733889429592102	0.790298086257824	0.828736513268415	0.623278596127496	0.884281571379982
