"CV_rep1"	"CV_rep2"	"CV_rep3"	"CV_rep4"	"CV_rep5"	"CV_rep6"	"CV_rep7"	"CV_rep8"	"CV_rep9"	"CV_rep10"
"SAMPLE-1"	0.995039521806974	0.999874753463343	0.993371421549371	0.994064462027195	0.99994055436918	0.99996747652546	0.999828378122372	0.999999381332959	0.999987697896118	0.999910259265512
"SAMPLE-2"	0.999934464561558	0.997763643300799	0.991737360148024	0.999975204744864	0.999607623364588	0.999920605903402	0.999954311065236	0.999717617324625	0.990750098657162	0.999690981217073
"SAMPLE-3"	0.073942291588455	0.03790327786232	0.739691825509249	0.0840197024626552	0.0229789759416605	0.380891665905004	0.725007374665592	0.116265879387057	0.843463753202717	0.0879421095358064
"SAMPLE-4"	0.399866946227438	0.263935630095421	0.0411989242808738	0.561709715236685	0.102327835060666	0.140164874133824	0.310609050020752	0.0384212603536529	0.644087821941684	0.0053422398721989
"SAMPLE-5"	0.960412354903827	0.954007043600081	0.110670055703589	0.210869093983813	0.266897943277407	0.766478479604354	0.404921657049601	0.998048718969709	0.0385030625985953	0.0120933072218237
"SAMPLE-6"	0.00125133155555045	0.000194495084986922	0.0215594783002429	0.0289516957635363	0.322772031192753	0.000325357732194317	0.00156930230766392	0.0135475347777532	9.44843702401553e-07	0.00183088597268249
"SAMPLE-7"	0.999738242619952	0.99992191639292	0.999987591466979	0.999995000243415	0.999575182623703	0.999949604120544	0.993364179910323	0.994166746343629	0.999828986393513	0.998749911318108
"SAMPLE-8"	0.00660715333531774	0.282748574692105	3.32704946449123e-05	0.891886576238769	0.143163750038927	0.492523455595892	0.0114760519988896	0.355501488110042	0.965583497733057	0.256550559703468
"SAMPLE-9"	0.999999996683315	0.999999729502057	0.999726033616376	0.999992617419201	0.99999073499751	0.999976161845669	0.999999980188977	0.99999979174307	0.999997508649047	0.999848735303866
"SAMPLE-10"	0.907054075749319	0.701363352647064	0.566613453629819	0.545523181665277	0.430366464974305	0.706430135156512	0.777021180535465	0.135665008213325	0.891993532832127	0.0182534734123168
"SAMPLE-11"	0.173516430175764	0.615585743870605	0.0378644250739692	0.447355494490901	0.991127063618676	0.548183138821996	0.221257779203582	0.191836472049471	0.858713065896231	0.150577111753657
"SAMPLE-12"	0.0056297020067763	0.130462278694163	0.232203768858411	0.07427631178226	0.0120926218666656	0.272136653659124	0.010672816013696	0.264684762090254	0.275649898706307	0.839838565825134
"SAMPLE-13"	0.0298582003292136	0.155693940062255	0.663989853345531	0.994317331588094	0.961821891289966	0.984691931470156	0.974044535401825	0.00912971368393116	0.997565134276346	0.981002432745607
"SAMPLE-14"	3.47261910022323e-06	0.000475396639358485	0.00139480368417711	0.01602569634637	0.0169845649739292	0.00206818623353994	0.000116240451965482	0.106718640533737	0.00768239032225023	0.00100396607417414
"SAMPLE-15"	0.015014360595743	0.000361697349698719	0.00201501580186627	0.000919677577743379	0.00411492450750709	2.29004279071453e-05	0.000263920989733672	8.6514035100136e-07	0.00793012745710964	0.00150639376965976
"SAMPLE-16"	0.999999889614222	0.999999949283054	0.999608285744398	0.999999874660163	0.999985292930863	0.999886792441319	0.999922293247943	0.999999908967822	0.999999974895153	0.999671896233087
"SAMPLE-17"	0.999999572865534	0.994918690073241	0.999999876828367	0.999753699801808	0.999935492544723	0.999999923551946	0.999998312171007	0.99995283312309	0.999998011942103	0.99988731935879
"SAMPLE-18"	0.553812577032274	0.128131912257252	0.899068338574142	0.00168662549967697	0.00653806999638043	0.303651167783188	0.100639472619117	0.101362845919053	0.0441889712478171	0.00526096551201903
"SAMPLE-19"	0.999169268313647	0.983977173855372	0.996849127250228	0.00312552975061349	0.977345829034777	0.936158792589747	0.734047021891494	0.884052676236189	0.920537829093927	0.670614177140329
"SAMPLE-20"	0.96302135431306	0.958693750847917	0.977621389495422	0.00409658501918796	0.306114116322022	0.983164458337964	0.453714958140758	0.227322642512258	0.727125801670555	0.987530766225688
"SAMPLE-21"	0.998749054850151	0.986007456251205	0.999612632105336	0.99999873461656	0.998495605981587	0.996753528930617	0.996965275196458	0.997311971560879	0.998914406479726	0.993156953862168
"SAMPLE-22"	0.999993985347574	0.99999643591334	0.999993406410695	0.999998937299142	0.999997277155784	0.999999498540043	0.999998903792958	0.999986223712606	0.999646781201935	0.999996948469161
"SAMPLE-23"	0.788020264162992	0.0258671878707222	0.0310091319470717	0.00382791820935153	0.035878691866327	0.295238515864626	0.0121401375052729	0.00991740028585874	0.130049659159166	0.00117663251466943
"SAMPLE-24"	0.0214382463746503	0.368349628185713	0.192078018158383	0.994918333048256	0.0154165084241337	0.0100491111368289	0.115897585806952	0.0148145121936213	0.81221871637624	0.721112995860073
"SAMPLE-25"	0.000415778906304597	0.0540451247132687	0.00506461714714459	0.000967160007140477	0.00223989217817623	4.46020956777714e-05	0.000721080689787214	0.000271197411411066	0.057324703961868	0.0003067441467596
"SAMPLE-26"	0.964058256995842	0.126571477015559	0.750106116165747	0.882626806927246	0.850053528974858	0.993573846491571	0.99139402057251	0.970859872896457	0.873635741571277	0.77456840798558
"SAMPLE-27"	0.109974993673644	0.0019434347312064	0.198974235907602	0.112265384732791	0.28087255709671	0.83228986357569	0.00359311461009353	0.0567190857491396	0.0640560063714706	0.00063934917544421
"SAMPLE-28"	0.00445210379365297	0.0138634148746215	0.815761212859439	1.12614715885897e-05	0.040470112371154	0.00010356610215926	0.0409608700198312	0.00034667206366409	0.191856462875854	0.000267490678517345
"SAMPLE-29"	0.781907730244192	0.999879269734685	0.0280532227966903	0.998723755475941	0.987116648946377	0.854751331993496	0.999999999652123	0.00169161297793878	0.995516389226264	0.917680747953851
"SAMPLE-30"	0.999999991954165	0.992911755666825	0.750999614167405	0.999949746268278	0.999914411014397	0.999990383640345	0.999999999900273	0.99655765577189	0.769798913480213	0.99999999981251
"SAMPLE-31"	0.986821815145929	0.910650729764145	0.996111612019723	0.998500874605978	0.975456220648889	0.919406727800871	0.555480223786012	0.99526245928254	0.98110073452059	0.984018559321803
"SAMPLE-32"	0.999963339772725	0.442885130960755	0.0404691691979062	0.999716824865446	0.999991045559143	0.999572514012944	0.999767177463717	0.999971630836023	0.875982940155073	0.849686604356743
"SAMPLE-33"	0.000897932093910655	0.00209672834249306	0.020808214425008	0.000156705216319067	0.000642967558420077	0.00115314841078927	3.67419720259354e-06	0.00532898792895003	7.59278950348575e-06	1.12451123617279e-06
"SAMPLE-34"	0.393016602686559	0.00133649307137815	0.987663284531005	0.198584340577064	0.298785297277596	0.361327195618447	0.931528650119734	0.308717209904503	0.000669344164954557	0.997325433249013
"SAMPLE-35"	0.0129420708555083	0.0083020253129977	0.963125853639782	0.0752885677064058	0.934808692966485	0.0720348324138738	0.0170714704787368	0.0486117930257856	0.00534275892049731	0.919209316141796
"SAMPLE-36"	0.218994018148151	0.0471406686205003	0.0137163814934013	0.0560133495337228	0.0220528046903551	0.361006219269725	0.0224737058057228	0.82319998578636	0.137513365382079	0.978368210467378
"SAMPLE-37"	0.0411088901595648	0.0708142086026373	0.00153293997420274	0.718962017850596	0.003453164912513	0.0199816335751877	0.0147170710073955	0.477058763536088	0.993439203061738	0.0125805228354983
"SAMPLE-38"	0.288632048856852	0.0172476832798495	0.000149448964683075	0.000242869469989621	0.0220179200455805	0.535502287415419	0.0286784216291303	0.987291793700091	0.00406010945359369	0.0273482492848408
"SAMPLE-39"	0.718138126258968	0.996582667543112	0.986566694995226	0.544682091645357	0.0523798715026056	0.99832785949929	0.155581981447509	0.0431192093827105	0.994702225949828	0.62269065485121
"SAMPLE-40"	0.148868689525916	0.359673226980296	0.058016424007406	0.0173781151550444	0.119538985064934	0.00323491816172025	0.00645667093136443	0.0541725982041765	0.0428182055896659	0.139730874302639
"SAMPLE-41"	0.000395439418368904	0.79676346663797	0.541319146682003	0.00249026297354729	0.920448986371305	0.641428107917191	0.0266677150152761	0.804515557869464	0.151551387984302	0.014392445608476
"SAMPLE-42"	0.130697214654183	0.659062158061204	0.952348620927382	0.994688241170495	0.198880490896247	0.829629043998327	0.190218722540336	0.99959147661648	0.971212214215214	0.549690362337683
"SAMPLE-43"	0.299601987034757	0.881255719421207	0.120420833559384	0.269649903790151	0.395670139056031	0.441879733683525	0.335231052046044	0.759403154677402	0.436780175530913	0.115116738950416
"SAMPLE-44"	0.998049738425917	0.998854033858523	0.999914943183186	0.999781684212563	0.999855962308414	0.998498181916698	0.996348370868509	0.981062541613368	0.999814971437437	0.995530922172451
"SAMPLE-45"	0.91114054364423	0.994390192102183	0.211880569676323	0.522335507846899	0.690593250779735	0.782280579331607	0.992774989007059	0.191823535006402	0.856035682177607	0.546965656789024
"SAMPLE-46"	0.914856986088358	0.989644146078932	0.618064992065841	0.00906240296123246	0.279606603734132	0.926092941714651	0.521718272082423	0.411368267077945	0.960155496709064	0.494848483603589
"SAMPLE-47"	0.0766486262629229	0.0418102889954564	0.0105702105275846	0.0198088071953027	0.0062471099198836	0.0180932498909794	0.0067124742637854	0.00381789911397145	0.000374828479789793	0.144810364649202
"SAMPLE-48"	0.101662524371206	0.916473511381905	0.0304583593190139	0.793429523587186	0.206492734712583	0.788705271517943	0.904055818898742	0.63573243277348	0.516969975409374	0.476306209911607
"SAMPLE-49"	0.643926009245927	0.939526149017946	0.491823580114808	0.911448163030508	0.143466366647176	0.155749268528007	0.897496716058266	0.234112321900707	0.322458268523582	0.896643596892573
"SAMPLE-50"	0.999537833029497	0.999989030591063	0.999465150262758	0.138984894826488	0.967798922656548	0.799581057626573	0.996691136703784	0.855487041726184	0.995666295391557	0.783517858300846
"SAMPLE-51"	0.99996088689574	0.99984135986225	0.999863598717418	0.999986835291139	0.995487306068037	0.99856306117225	0.941499227952625	0.992206954493103	0.576210659935104	0.998914261507246
"SAMPLE-52"	0.53541888330278	0.285604971952774	0.16098505939079	0.624955598485622	0.810003042102666	0.052459194757649	0.632869092649452	0.628411478118875	0.530844113576583	0.177205828395469
"SAMPLE-53"	1.88180011139832e-06	1.78618569467686e-05	2.20830576614886e-07	3.92294143017519e-08	0.000185226273103411	0.000188111599275495	2.1618293825547e-06	6.33841475463889e-05	1.49775394984626e-05	7.94988477470636e-06
"SAMPLE-54"	0.000119392012772626	0.526813180177806	0.381200092216421	0.7646388591678	0.622314335633782	0.0263797796627381	0.879138087702293	0.541865793557763	0.99053271322887	0.604268908213222
"SAMPLE-55"	2.59937693391127e-06	2.90860520033785e-06	8.33739959336546e-06	5.45180359262496e-07	2.62265093940644e-06	3.79220578527908e-07	1.64777080630746e-06	5.1484886514558e-08	1.93154562065032e-05	5.05852085983562e-05
"SAMPLE-56"	0.999999999643068	0.999999999950409	0.999999952078169	0.999999983725856	0.999999987393421	0.999999997005008	0.999999989208834	0.999999997973929	0.999999999998524	0.999999998746391
"SAMPLE-57"	0.992365886830691	0.998393436718092	0.963040357465461	0.999999938947659	0.269725649105004	0.0127640322177805	0.630807800570302	0.918662665396643	0.997249839087386	0.879175279913244
"SAMPLE-58"	0.999999779030615	0.999994137791838	0.998250983868328	0.998750322663601	0.999994557021104	0.999985310122414	0.999920289914165	0.99114179533759	0.99988525213486	0.999990900793587
"SAMPLE-59"	0.452566583334147	0.943168239723721	0.0122214532948737	0.00424138058086809	0.0043636570784207	0.320212704614968	0.0164651621639487	0.0172844202244246	0.294284793767509	0.0526829438511156
"SAMPLE-60"	0.0375878705194643	0.587159993874384	0.813341804695043	0.0144300853604652	0.098063418610607	0.695639810189286	0.553379440165431	0.102433737411301	0.257058294507299	0.0713170812531968
"SAMPLE-61"	0.999152159261562	0.999999017895253	0.98696180745732	0.999999407535488	0.999863926213341	0.964276079437899	0.953389712818136	0.999999927631927	0.998742280300111	0.999696566724891
"SRR5865065"	0.998083532788335	0.998601001126456	0.999288168666332	0.999942078700656	0.999513073215874	0.997676992051621	0.972249665084772	0.9999997189037	0.994070605264067	0.999979160059099
"SRR5865066"	0.999317887894125	0.991177260153069	0.997331638820531	0.993947797039136	0.954994517851215	0.999678211632939	0.194802480541791	0.99873345710507	0.993558624991756	0.99988323243069
"SRR5865067"	0.223877564143406	0.0980798042615414	0.127325029933842	0.292380298492598	0.346938623037607	0.275127797995099	0.189396885146329	0.124163363471825	0.628701484252411	0.785717030713632
"SRR5865068"	0.886794732319675	0.998084456220632	0.6411269910868	0.991977881412638	0.984212853089689	4.68037330516928e-05	0.538892077060434	0.985330551393674	0.919446976579832	0.857063750257447
"SRR5865069"	0.000295903846852609	0.0258879445566282	0.00175067718954582	0.00117013718297728	0.00198960343000666	0.00067591088866971	0.00752887485981092	0.000432247626795407	0.00907630413336027	0.00108789896817497
"SRR5865070"	5.60227813621242e-05	3.19457709382627e-06	6.10694016170786e-05	0.000642207360705583	3.94965675417784e-07	2.47922315039304e-05	0.00083942552065791	0.00112801361042497	3.22073598968918e-05	0.000127366780623813
"SRR5865071"	0.990830882905347	0.994343157570282	0.99754752293402	0.980526666324101	0.989081135557009	0.981080255484601	0.977801455491567	0.911866333961579	0.985006842928422	0.991976062415648
"SRR5865072"	0.00120360059500415	0.237777456131032	0.0203572756334182	0.044439979273429	0.000124855113055291	0.0107842670552059	3.66912726874079e-05	0.00256242101505729	0.046184183402731	0.235154542102777
"SRR5865073"	0.779081336291999	0.959309721292054	0.86813677438296	0.925216103595407	0.983521949313754	0.602552003810101	0.614754431277133	0.877708021274795	0.683708599078386	0.948401922596594
"SRR5865074"	0.999604618032148	0.999726220741295	0.742557875417574	0.836948035741695	0.999909100916784	0.998523903689812	0.99997762106675	0.999538983109814	0.999676174830191	0.997178229717011
"SRR5865075"	0.99987755545626	0.999999970959035	0.99999997627325	0.999998963804722	0.999999490514297	0.999994923577374	0.999999925728033	0.999455553014863	0.999999973370265	0.999983151775687
"SRR5865077"	0.0600618322628692	0.978268353757655	0.999973281538839	0.385492061609161	0.91124088504482	0.531013689953082	0.999687370325423	0.999842545366146	0.998617571497737	0.998852796875139
"SRR5865085"	0.16413002998569	0.997893535756605	0.602991012058435	0.404402521543468	0.00453852717922614	0.862499591830558	0.848601919451868	0.0318970501078453	0.955906969810036	0.524291567554395
"SRR5865086"	0.887965253942083	0.999736659803117	0.998395396166267	0.998439039958349	0.999917325200497	0.989732207953695	0.988900127714245	0.994851659155807	0.821606360868075	0.995959970591238
"SRR5865087"	0.972457280608282	0.985116994321897	0.997124466245019	0.903826988370844	0.998462036662466	0.979124877854762	0.986105625402372	0.999007324796422	0.947800568000888	0.668304502950267
"SRR5865096"	0.283179728764078	0.566913418956188	0.824079381794221	0.664303313319571	0.998295367181388	0.599709813354741	0.944051948476381	0.996205865358973	0.958102226358377	0.925475865823541
"SRR5865097"	0.394503507500979	0.363927016914635	0.00353090901110243	0.38909595445298	0.000560143694195168	0.207893970076657	0.0243387067277197	0.648097209608844	0.361621871017177	0.0253652857028724
"SRR5865098"	0.661563544878597	0.53057126918295	0.918029119387829	0.990964082438108	0.957149367270978	0.706811216949376	0.91046851358579	0.438606298979303	0.643547005532253	0.934456306987237
"SRR5865110"	0.00317520253851455	0.00679560715994797	0.000890369074160275	0.00227669621683344	0.00284725753638171	0.304065332561514	0.000632493279061422	0.000498312760494235	0.0712482065736656	0.00708975379844658
"SRR5865111"	0.0139074368288427	0.0161874649084968	0.38436759109168	0.153931095356874	0.507931578871331	0.750244832905222	0.634951999963739	0.0129438037146638	0.00517533947269769	0.0211400151775912
"SRR5865112"	0.885694683700889	0.999812505876317	0.999982783852407	0.999475962847393	0.985990279814578	0.999826118996147	0.913265901376948	0.963010894731376	0.992683563403067	0.143161254907438
"SRR5865114"	0.000102644880262993	0.00408904325119134	0.00889518190282592	1.69610986826463e-06	0.0741289401365208	0.000290684942580542	0.00978244594583108	0.010704987424088	0.0206450433277917	9.87411871378004e-05
"SRR5865115"	0.993322828603321	0.473434436520542	0.00326112175882641	0.946417372375262	0.794703331311499	0.236127806872604	0.948205899584709	0.889459316317389	0.352862780527778	0.260295313024836
"SRR5865116"	0.104552939377471	0.301144476870788	0.985963272559846	0.504561607505496	0.473683836638221	0.421741555253463	0.896178666539821	0.960538835674535	0.478100623235748	0.0932380496899783
"SRR5865120"	0.0110465101889156	0.263366166429474	0.0235530769982047	0.00143966119141215	0.899912797066385	0.0476402398871104	0.324462184649804	0.0288050709196979	0.00030410374329559	0.0780253101976449
"SRR5865121"	0.0652191444983542	0.986905104753999	0.00952047804073339	0.0667236316851522	0.995448825099406	0.152606578467983	0.532511046813675	0.00146693836342036	0.110069467370516	0.0432758631649781
"SRR5865122"	0.999849737254327	0.999991659098536	0.999999998728061	0.99999992019827	0.999910205877441	0.934252771557971	0.99999848557761	0.999999303062923	0.999998806993408	0.999989733318623
"SRR5865123"	0.830650514259318	0.0806403498066051	0.746460829784449	0.537505084663632	0.118115317020408	0.541552356900145	0.612653755895729	0.0145253748946776	0.0663557997308755	0.474281771527319
"SRR5865124"	0.982564679468088	0.996058172689999	0.899706955016952	0.996777922047905	0.758327843261627	0.97901995245442	0.98784501859318	0.994340905395262	0.995533149208853	0.983290465711847
"SRR5865125"	0.124363476690673	0.725918533585573	0.763164230268321	0.677937907247602	0.996019031520482	0.626351256584976	0.379375966585738	0.584329372464274	0.395853851376264	0.507303530664156
"SRR5865126"	0.999918402382424	0.999807951384368	0.999761060351394	0.999393458404406	0.999892482158359	0.999932132477583	0.999999220277597	0.999889322028245	0.999989071076272	0.999935687570065
"SRR5865127"	0.0242019069685326	0.000989199670630143	0.00515386399029221	0.0071607952648827	0.00154568142779753	0.000173868746019279	0.00141668693034393	0.152528286788248	0.00778462568423706	0.00536396842933139
"SRR5865128"	0.805873246414598	0.811692117257726	0.904756024651813	0.0254096338502865	0.0297413113637541	0.00879186368122602	0.22020593664453	0.700074076217225	0.0968358497331449	0.00139715747110562
"SRR5865129"	0.0213150414919465	0.900024998708349	0.0027386068266211	0.0296277405579354	0.018491761734033	0.0054283809238756	0.00252651225170035	0.494083812638485	0.000297737938064998	0.012692452419188
"SRR5865130"	0.281135001960239	0.756352742095317	0.99226861646294	0.119401082451265	0.0953929013129419	0.805885888314237	0.0985552101685004	0.951506215039953	0.994989694021249	0.605408541934001
"SRR5865078"	0.0937708767896231	0.0778396050599328	0.00463416980595837	0.174378684073044	0.0805133317131185	0.780592186806686	0.117887291352055	0.972870371629993	0.978582029188026	0.214410612018186
"SRR5865079"	0.99999168922047	0.999727175298391	0.999617221783426	0.999999474555441	0.999999811029851	0.999907353354699	0.999999617401108	0.999700205551187	0.999999089355409	0.999999717936266
"SRR5865080"	0.998208715381559	0.999951938380481	0.999886608475857	0.943568045959657	0.998967683597282	0.999424798052622	0.999897194417735	0.999982403499606	0.999948225595532	0.998041226504099
"SRR5865081"	0.000429774925712636	0.000401586239408384	3.17229271930189e-05	0.360894645477911	5.32499426615589e-06	0.00102734697743734	4.06652338637861e-08	0.0332507920645951	0.000302206937240691	0.0655398502018536
"SRR5865082"	0.989217606946033	0.976670133533667	0.997905282352612	0.999501678415804	0.990789719259766	0.874241535837466	0.999189742847646	0.996325387080765	0.999470262912339	0.999426769991605
"SRR5865083"	0.913907718757113	0.33379444590582	0.00829333838850913	0.0715262775456527	0.0771374120351624	0.213476232094194	0.718442260029087	0.00972356147870933	0.188523175429943	0.0109367828908707
"SRR5865084"	0.563755778328259	0.105693339850098	0.578106694647065	0.332999260746514	0.934545015520378	0.99093707088782	0.306637353252582	0.489859949051779	0.914809134010078	0.913259094031324
"SRR5865088"	0.0018929066977465	0.00109401775314318	1.09064319389784e-05	0.0150291042502437	0.00185748262435551	0.000553295680777345	0.920564718755029	0.000149442074508805	6.36761015154386e-05	0.0281947171070675
"SRR5865090"	0.980084787943853	0.969922948580513	0.89982743204688	0.952687932624809	0.441389583507129	0.932386474176549	0.996276445072913	0.905483140422944	0.232203043017704	0.495478907955721
"SRR5865091"	0.86227577451	0.997449766577745	0.996953549864551	0.945844768984252	0.997467720910453	0.962460478666244	0.883210304250966	0.913877969149918	0.93436379919882	0.996680713149713
"SRR5865092"	0.999981019473446	0.999991016351	0.999991325789289	0.999996394633978	0.999906311444407	0.999997789498355	0.999999690489818	0.999999732393303	0.999997829976348	0.999976694749835
"SRR5865093"	0.999896622877018	0.999999278712965	0.999985625171639	0.99991474132983	0.999773707738931	0.999998519953622	0.999883742330779	0.999889349215617	0.999997162920137	0.999998804100674
"SRR5865094"	0.335984052629789	0.6475367367802	0.43988882789219	0.804724306957198	0.889308367417196	0.662619160624447	0.0496637019273268	0.529924090734977	0.512286293254596	0.467135556652315
"SRR5865095"	0.999914125560255	0.98339858251148	0.969552232917675	0.999855548173863	0.996427114855925	0.991301839283426	0.970609660796748	0.983881325456685	0.995301091099811	0.921852531750292
"SRR5865099"	0.999991372960765	0.990348940606797	0.999999994358441	0.999997684479027	0.999978003531084	0.932296338320346	0.999999972944508	0.999999890705074	0.999999721800161	0.999999916426792
"SRR5865100"	0.653270737008488	0.609800255638627	0.804418360519491	0.418046244078453	0.0502201509250788	0.954649427688484	0.239838721762081	0.677139713899057	0.900081727529325	0.0841928189710484
"SRR5865101"	0.999993058408379	0.948982133864455	0.950389619035215	0.982750649511169	0.366887154170835	0.988811974142076	0.586842027997028	0.999034305928923	0.999955000295542	0.998558203138949
"SRR5865102"	0.998778864107985	0.997906465378994	0.999987532063271	0.999395529024736	0.999991492982304	0.952075623114253	0.999947352897372	0.99879314733657	0.999901826652375	0.997624771312654
"SRR5865103"	0.999999999026017	0.999999642635524	0.999920071658672	0.999998457595115	0.99999866198837	0.999959554483012	0.999995806143409	0.999998738753372	0.999988890144122	0.998871207264042
"SRR5865104"	0.955621573696271	0.999276543021054	0.76937945351369	0.937605128381167	0.928278782221194	0.99763818579645	0.991454483582361	0.995536385425517	0.752139745994489	0.995481881755911
"SRR5865105"	0.100310534207928	0.257874670436545	0.953888514054939	0.0310064864427151	0.1097725699954	0.75678480219537	0.665988413264174	0.93751551622107	0.488404926155333	0.043850016612462
"SRR5865107"	0.99994285078748	0.997794461396433	0.999954174818358	0.999981749636502	0.995760905667623	0.999994285850516	0.999990390912601	0.999862273418675	0.999975185779751	0.999997045252966
"SRR5865108"	0.997528765966112	0.918997003743528	0.995516797096337	0.999601258277611	0.999416446828005	0.999645376512152	0.999981643699069	0.162411558779293	0.874874306448083	0.999770941828375
"SRR5865109"	0.00353565134880481	0.685661485278056	0.362607044287152	0.92991201613449	0.453129274124658	0.735485979955343	0.361118142342341	0.0332980263959031	0.34559744827737	0.0512709146383217
"SRR5865117"	0.00682764579116187	0.00224683788796996	9.24731454647657e-05	0.00527550610708442	0.00122383162571827	0.00469986383253164	0.00331374421227209	0.0403554365226597	0.0133406433160299	0.00835139818238618
"SRR5865118"	0.999999208437352	0.99999701770407	0.998594917237695	0.999431242795272	0.99970599320697	0.993331840233931	0.999226854392898	0.993058467041077	0.999794169896203	0.999999223895628
"SRR5865119"	0.706475188825061	0.973703874269126	0.996645026349068	0.83911226429628	0.677539244848853	0.908267924717092	0.919226242576726	0.977229516312286	0.459664973545378	0.546921238049247
"SRR5865131"	0.00278907977199012	0.0135150190268492	0.00133515412043571	0.169712143837304	0.654899979502027	0.947420338916509	0.00316339672890106	0.74909963537496	0.0445365263670551	0.0993420646677768
"SRR5865132"	0.985386182214365	0.999433641316808	0.999393787598568	0.995731617663487	0.999977145332263	0.999672139642679	0.999836897743328	0.999993465646551	0.988608570115719	0.998280281746935
"SRR5865133"	0.00139095589934206	0.000105962606719401	0.000842839843457261	1.14367465834398e-05	0.000261482067133754	0.000227166417495761	0.000230658038228647	0.0436182494144669	0.00596301479208199	0.00170252153678983
"SRR5865134"	0.0189677363378544	0.00551284817223157	0.0543173223849376	2.21023095373867e-05	2.58994112167008e-06	4.17520358489835e-06	0.123233861534478	0.00142501326366014	0.000166156384836862	0.000965388697376584
"SRR5865135"	0.0562917509305929	0.0422707328292832	0.00678080835116413	0.0825054396505666	0.0224910495254588	0.0257265555274608	0.0232937043143953	0.427581744414027	0.0126272152060968	0.0883305915452759
"ERR1624539"	0.00506366024004179	0.0158727319044633	0.00208349177907785	0.0109226274337182	0.00754310696680104	0.0907783031440908	0.00258882474435375	0.00113555741529291	0.00836238258451445	0.00120964170946387
"ERR1624542"	0.00445791861420416	0.0386258044141888	0.00556294736679575	0.874456025824229	0.330054945436248	0.540396361475862	0.0050858057034234	0.512576641033749	0.0313040895618198	0.0700147329502246
"ERR1624545"	0.000329114224031013	4.4880402087417e-06	2.36385380431121e-07	2.31296288938852e-06	0.0261243728645526	6.72263817338147e-05	0.00271343644688345	1.89439035003402e-05	0.000255096347296362	4.09832340999551e-05
"ERR1624547"	0.914022533879877	0.743830831443597	0.0423191853506276	0.847323057447493	0.85481312108806	0.782948922127406	0.957049158240911	0.94594249603119	0.0703863708969999	0.276418576543762
"ERR1624549"	0.838189502095823	0.250352685132992	0.998693548874454	0.999206647770239	0.540064022327386	0.991799041207442	0.977388757594065	0.82724443726984	0.137005345015525	0.895221580154641
"ERR1624550"	0.999482335546647	0.682970885121787	0.588515301504481	0.459960821018722	0.140612135361593	0.799284074007496	0.574040717349746	0.756370143530722	0.446791790464337	0.886922855136757
"ERR1624552"	0.00156249417925772	0.000371328888697709	0.0155232065496429	0.000370001651263582	0.0776231104846827	8.00955883121414e-07	0.0117894267198775	1.52446666284609e-06	0.000532789889530194	6.66613655435402e-05
"ERR1624553"	0.0195385951341485	0.112698098146812	0.00843207246973019	0.00918395687111273	0.0023409895445091	0.00370447533443827	0.000733109107644169	0.111452586157628	0.0597595172280108	0.00148003627953633
"ERR1624554"	0.0532227973601102	0.998131033814323	0.981063645963258	0.973267591415866	0.141321482557608	0.979360653939025	0.998798659485469	0.984859379349809	0.999983033314284	0.774199389211727
"ERR1624555"	0.890085759580033	0.186457625036036	0.456600309537974	0.935052063634089	0.684540092362681	0.454016259316156	0.626946620132136	0.240425619182286	0.953250798282367	0.0689071775049688
"ERR1624556"	0.995752769417738	0.999880556210172	0.989851513599181	0.999872789412576	0.999478029839446	0.999897189682729	0.999961805086009	0.999995811356874	0.999974101662692	0.956329146954399
"ERR1624559"	0.996143596411126	0.999705101544479	0.999999611459104	0.999386653416249	0.999561392809282	0.999607900335593	0.999691713410163	0.994735503808271	0.999998390370443	0.999999847821562
"ERR1624560"	0.982144662358031	0.746184111533687	0.868615317881019	0.239801239018571	0.89611397656576	0.130081707970618	0.219347996302475	0.985704630078391	0.370547155454808	0.781810181263576
"ERR1624562"	0.997653373263585	0.902184925977058	0.990639586907386	0.999674085508572	0.969514120257396	0.999863332108456	0.999840480138258	0.996813692977302	0.999125127509132	0.9997531651474
"ERR1624564"	0.999999802524725	0.878718116785964	0.996809999058985	0.70562855824541	0.981962008390413	0.99859049525478	0.999264211939582	0.979706983148243	0.999500207250084	0.995645145601307
"ERR1624565"	0.6575414913266	0.0922987793839917	0.00068921336838225	0.00581391745456094	0.0327757132367027	0.0509837067352965	0.121089261747032	0.000229919602589617	0.978783282858638	0.625992435023082
"ERR1624567"	0.787795515011851	0.843284001634328	0.255810262330576	0.989743023695728	0.441967129705293	0.951094734948442	0.717820432377224	0.990814167111377	0.413459085921726	0.891450375194545
"ERR1624570"	0.0503626387426454	0.156319335690219	0.0594306032672279	0.0273893635068106	0.0961079284522384	0.317774441971021	0.0137119099681484	0.283748533635989	0.35599216430276	0.0697802678360548
"ERR1624536"	0.84738624296856	0.776532413578788	0.658160612234824	0.507021653194819	0.960943835837329	0.247567187092993	0.639953285874981	0.793297349354578	0.0142440798308325	0.138262032249775
"ERR1624537"	0.000456490441288063	0.000341711628341452	0.00328340525170968	0.000456262001446434	7.172633798047e-05	9.19340336467561e-06	0.000126135619699592	0.000152279279897808	0.000133366873936271	5.56042132819329e-05
"ERR1624538"	0.999911757926838	0.978571769307944	0.99845336002073	0.482916132054549	0.986494200224168	0.999858138282454	0.987869303160671	0.0213203594301472	0.923160260360177	0.956659583238138
"ERR1624540"	0.034034397911342	0.895800304274744	0.111220819543734	2.56987676498753e-10	0.0222104222379221	0.00884794920628545	0.296136966769602	0.00563209449067572	7.89352608397643e-05	0.00639325322629399
"ERR1624541"	0.201634457658356	0.308071672006403	0.269942269560856	0.00472867355336688	0.438860974563163	0.568293861696712	0.051418638778988	0.25015450386112	0.00508180881067023	0.940218157200092
"ERR1624543"	0.862333100355802	0.106669542516104	0.313018342067089	0.0401506015730799	0.519370281939695	0.619910916636141	0.0211292374419924	0.142798727122178	0.0605722529369899	0.0643567806029028
"ERR1624544"	0.232847154564672	0.97491797043473	0.999754278119517	0.995830968282612	0.594953124076069	0.981369997140085	0.952362379018978	0.999989414809004	0.999799855059297	0.981637491768451
"ERR1624546"	0.91447031052532	0.996742748100877	0.0341825644158653	0.0384579966426779	0.811066936338771	0.964226995670072	0.47554649107381	0.936943667694074	0.925862313459796	0.967387207823483
"ERR1624548"	0.00618230141997208	0.446631975105822	0.805149259024428	0.338339283852637	0.0330560519287372	0.0945439190346855	0.00448238713197649	0.00605407961068517	0.030631553504922	0.018512384796716
"ERR1624551"	0.0502861214927998	0.0986498915702751	0.0856925938221059	0.939519697171368	0.115091334833215	0.330947400428173	0.214590593892132	0.491555706817315	0.394521307338589	0.232072149918273
"ERR1624557"	0.00861255090834988	0.00168404896579251	0.0174056955390408	0.210758704879916	0.0129610859239899	0.0364363962662236	4.84410109390143e-06	0.00186963500453454	0.0344863695453115	0.000508857358941181
"ERR1624558"	0.944707640597902	0.969245366299919	0.984594593788343	0.993542471670816	0.967906738513737	0.992534525695684	0.886167038673019	0.995722861011704	0.994198850785321	0.994771211434039
"ERR1624561"	0.0762170005443773	0.0548868215507023	0.0237341050170212	0.505329370950089	0.138799112116369	0.0203361510713598	0.147038260380681	0.027752246012073	0.312580810497857	0.0118590793680257
"ERR1624563"	0.00322171205260822	0.00342344670194079	0.0880371428972733	0.00313700704340117	0.0426076856186767	0.00416914340363503	0.00339527877267107	0.0177345462419821	0.00415115567312098	0.0101075462623385
"ERR1624566"	0.282552740264449	0.000902305641427613	0.0579375154124596	0.0944617175356393	0.00102623655939935	0.000165629351010689	0.0111835709402248	0.0050937667207221	0.00164576730850799	0.00325652427929791
"ERR1624568"	0.0371020343520026	0.172524894680044	0.00964614536176047	0.444919714314592	0.406982195253753	0.68118770036458	0.00584353720033138	0.012078646556321	0.00520118272616993	0.00651871944859249
"ERR1624569"	0.983678611964467	0.967265744834966	0.831860388318309	0.529862382796843	0.99540555051148	0.87605501946854	0.903561959713439	0.996281821641284	0.7228365854366	0.981491629271284
"ERR1624571"	0.200401172835758	0.121857858294086	0.294856449160611	0.981598512228153	0.521598233312981	0.250002545978789	0.498190942377917	0.325617129473442	0.43283763503169	0.247292863403477
"ERR1624572"	0.996043979385218	0.984032276686594	0.999508635178657	0.948574502115606	0.997108963771264	0.988397676146134	0.882732602517767	0.984550179026132	0.996710328176537	0.55263206760688
"ERR1624573"	0.97431173004727	0.943743295618022	0.0289438203904729	0.842130979892514	0.91392355007466	0.999328625966917	0.949981739719082	0.913110101043901	0.932535227773938	0.982968606944759
"SRR31418698"	0.992522110491781	0.920478737525648	0.473794046708594	0.924378811216319	0.991803099497733	0.979698937793123	0.790743678045419	0.951514291002915	0.98948854086334	0.999954266809534
"SRR31418709"	1.35888100028496e-07	9.61766112203846e-10	1.84673732719161e-08	4.51993525760795e-11	4.37115995895011e-07	0.00906958175189446	5.63961332685225e-06	1.76920742024913e-06	4.822739666533e-08	1.63823135451258e-07
"SRR31418710"	0.37124987760037	0.98631299757957	0.716381361456393	0.332918786742688	0.995319087742756	0.723573087694173	0.952658398874175	0.910907745550042	0.847115819856394	0.95649852002827
"SRR31418685"	0.0118031184626966	0.143382696150748	8.86912920421274e-06	0.704002069828518	0.0537362540541464	0.00136264248011938	0.0073327154088569	0.000356560195673398	7.85285600264701e-06	0.00366997469082025
"SRR31418686"	0.597955104118793	0.876347786168214	0.512576538536569	0.362213598981524	0.841147120708218	0.343133018408225	0.968064867504993	0.937904329040229	0.722390908518217	0.775609890017461
"SRR31418687"	0.505977809575246	0.307534293596494	0.0876506347931594	0.153804124384913	0.748015224790692	0.770551891946172	0.776554910094581	0.13488555326642	0.139591747366783	0.162059334988331
"SRR31418682"	0.000305829009194611	0.579196033728869	0.569888108672252	0.400770198625096	0.49948411253813	0.972581760361016	0.818191381080232	0.899545973900393	0.989656247997273	0.0202105114981846
"SRR31418683"	0.010008303919827	0.218576489309775	0.185642959662212	0.0855824208574417	0.192101836135694	0.309701899424237	0.105947413904882	0.438687835138549	0.185864218997682	0.114099111997119
"SRR31418684"	0.999960637087383	0.99999956610122	0.999983769903101	0.99997188372242	0.999984526026968	0.999846375340247	0.999511299853256	0.999999573751083	0.999999439679045	0.999998777526129
"SRR31418707"	9.29199374373636e-08	0.00369704573487507	0.00177570275170761	0.0146274208365864	0.0093575949042771	0.0505381869674728	0.025592827868764	0.0842995571788653	0.0104480664216519	0.00234934833370501
"SRR31418708"	0.912930961093885	0.184969610253269	0.41463855987249	0.0399988929538041	0.917771355741321	0.368928679097479	0.646132136424555	0.13668738409575	0.573604820766416	0.147803123382004
"SRR31418681"	0.895700717945772	0.999065422263678	0.479034208177089	0.150658641633326	0.773702879195014	0.25388619730903	0.829313895948434	0.465510722422218	0.79093351293428	0.955455169425544
"SRR31418704"	0.599853848986506	0.532395573510041	0.792208112577535	0.177266931468051	0.910135861337569	0.786532373758817	0.902811250836489	0.870168533676197	0.826153080664263	0.352689834965609
"SRR31418705"	0.980486139119321	0.988470810568651	0.523084768284826	0.95030585441421	0.92216624855453	0.390727707002857	0.953990899442674	0.879075801582528	0.966823249044197	0.795405178780626
"SRR31418706"	0.919144953285417	0.923534519900617	0.773190114335327	0.922679698312623	0.489030293848681	0.97922749697038	0.722437467551264	0.994469462331654	0.921616571159728	0.988602852956946
"SRR31418701"	0.999676560201172	0.994859099422801	0.971125546167265	0.997956130531836	0.999974676846558	0.993088737326744	0.998566572099648	0.999981051155652	0.979539285695337	0.99998366873227
"SRR31418702"	0.986377531370213	0.813951697485577	0.994646917515171	0.995569723202382	0.993902205297391	0.854604313244873	0.963468921318459	0.60717465040221	0.996419510235302	0.0496620929921833
"SRR31418703"	0.124228811200249	0.977524209262355	0.652728822409365	0.938580039995508	0.158899365337592	0.0112770365814527	0.677171597354163	0.403180316035895	0.415107479654869	0.0967095051867224
"SRR31418697"	0.985720464872636	0.99974882234318	0.999531114127433	0.872871839435504	0.99805051012866	0.999946021591123	0.998843887523142	0.986796461786253	0.998482903083142	0.99940209379322
"SRR31418699"	0.00295836481850667	0.0844354279833791	0.999020099028437	0.408097427711303	0.117431262204543	0.681822123119993	0.997465543852558	0.228629631464509	0.788006053345615	0.000474588957959668
"SRR31418700"	0.999977970194099	0.999961229294024	0.999890895459055	0.999796299778178	0.999993206333477	0.997191867183971	0.999673945501601	0.999986371120771	0.999716861665027	0.999994920809406
"SRR31418694"	0.999901760194595	0.999879963677379	0.998223350067607	0.999916762357732	0.999108333797766	0.999765639257178	0.998447612515066	0.99970263979955	0.998897406577084	0.832279561945403
"SRR31418695"	0.999634176831338	0.999008943628762	0.999932816800737	0.999728555145355	0.999548003738736	0.998037200505219	0.997678410010699	0.999971706696147	0.999420581818248	0.999972372156079
"SRR31418696"	0.982324449740521	0.983305497671797	0.995399513067246	0.9987653229941	0.863808666802647	0.99976814399479	0.992809102006151	0.998092106180623	0.997835588823058	0.998434882474363
"SRR31418691"	0.941623598881045	0.199458770203682	0.278797051757176	0.978381543889183	0.795764788684971	0.996614530645763	0.991389589764838	0.898300461622155	0.575062645557989	0.498979901158348
"SRR31418692"	0.999997175519255	0.999991669481829	0.999985159119993	0.999979299917952	0.999983320571071	0.999999111512132	0.999978708698126	0.99998693234399	0.999998558398053	0.9999838396257
"SRR31418693"	0.900977867904427	0.449314253406388	0.831290225855598	0.838327244286919	0.00401669538299408	0.380352360599434	0.932782155851282	0.0573195231433874	0.00755088461369281	0.352397732132018
"SRR31418688"	0.904329796539156	0.0129416625962777	0.0873630567802223	0.125317258024162	0.00185729418629458	0.84536124577568	0.000833929340925579	0.0470703735020168	0.0847546873523434	0.0985455514150095
"SRR31418689"	0.998699723306416	0.996398764112347	0.970844814207348	0.990103754349972	0.995298165337534	0.00771821430371288	0.996251096796546	0.995578883174896	0.999634385379854	0.0731483722477013
"SRR31418690"	6.80580432142733e-08	0.002439785044512	0.00065111300737347	0.746597505184729	0.00298795712681893	0.0001003690005432	0.00102555355387086	0.617805684297004	0.000193829381622385	1.59943166922602e-07
"SRR13357893"	0.910100462402334	0.985269142748362	0.909718561279034	0.773153010592886	0.942754410870822	0.970033038331839	0.869966841144661	0.993312670872579	0.821820099470924	0.987581682349924
"SRR13358121"	0.934313491378315	0.947022888453734	0.978800861325199	0.998040946697087	0.99241161477966	0.965361574389851	0.976860113001213	0.985867954777013	0.992586263585043	0.984346379731355
"SRR13358010"	0.196640407838798	0.5434949857171	0.813883972548603	0.0534133442420723	0.00588477929818037	0.133982652432728	0.701623773499673	0.786748249448724	0.492714766272287	0.658347006256153
"SRR13357899"	0.82570317524011	0.395662727171783	0.208938981886267	0.96192731804142	0.760119079809809	0.618631135417184	0.333620542540792	0.573657593072031	0.471848803900195	0.604293092292932
"SRR13357647"	0.0337279477254378	0.989851013580018	0.203029164341114	0.0659987291035747	0.000415805951480394	0.00349331008653755	0.351138469982026	0.00074013947676974	0.00078698022147423	0.144984469959935
"SRR13358145"	0.0982358963397391	0.951181698170598	0.997627969716159	0.0348939524811025	0.626415470264298	0.855169011009847	0.0783799416971867	0.233213188836909	0.998484470073372	0.597912767578537
"SRR13357892"	0.644017015338894	0.468078262295773	0.277223428653387	0.84465908534342	0.341851791594066	0.854112929169739	0.233700311497196	0.260918331237473	0.177851821650797	0.941029414051659
"SRR13357761"	0.991549940211263	0.900215070760207	0.663332206784401	0.998649310846619	0.996345491204692	0.999950625836489	0.994397325230334	0.995605833819097	0.997404875090692	0.945748407431726
"SRR13357693"	0.572683031508636	0.891247533003438	0.181764337975987	0.770926153167689	0.947402610941717	0.883835117601272	0.578508359779443	0.453927856775638	0.933013574459482	0.957062367786426
"SRR13357682"	0.999139202146571	0.821226802686877	0.703236213873852	0.825405068689607	0.997522407743513	0.997968214052218	0.809593439856335	0.980869161614154	0.973257734723057	0.998052609408722
"SRR13357671"	0.999997618245654	0.996376101240607	0.999056781957683	0.999905562344336	0.999979018027333	0.999945719170489	0.999837256866211	0.999697810747645	0.999695458469221	0.999349474127034
"SRR13357660"	0.969628754066256	0.382282936480921	0.866072102496106	0.996197617384718	0.974340893952361	0.934068313639661	0.601554539076004	0.989881384736936	0.992870125804363	0.958534748772183
"SRR13358098"	0.899884692605198	0.540492924810437	0.923332537924952	0.910039436871575	0.728591978289632	0.883924232306867	0.97869168152929	0.926649391381788	0.974564113453064	0.927051755118198
"SRR13358087"	0.998463744232121	0.999837351638442	0.999358611691122	0.99829832810706	0.999835950942488	0.999982106530316	0.998579717899487	0.997658194900353	0.999941107607635	0.99874454534281
"SRR13358076"	0.99992194674576	0.999992755524605	0.999991565381413	0.999987987347941	0.999941836851918	0.999971319314333	0.999982029128548	0.999728570924289	0.999993247638246	0.999926926377525
"SRR13358065"	0.998389654803989	0.999842645295848	0.999319538067883	0.998319598414159	0.99687920036054	0.999781028364498	0.99931776276606	0.999766546117865	0.981324095727278	0.999763821998451
"SRR13358021"	0.00116083049347551	0.040737533613084	0.052529419440529	0.0210569216428085	0.00794711458542862	0.00338726846174927	0.0923823297343268	0.00426114131586379	0.00782455925943333	0.101759153211092
"SRR13358009"	0.438870116637558	0.918940224843588	0.668812549039487	0.401973305094769	0.950703164160403	0.314481398313644	0.658350466563929	0.678128628326666	0.795691899312209	0.960135566980878
"SRR13357998"	0.991158105494007	0.979667223704803	0.979746343366059	0.884293452672573	0.97987848414532	0.706336578331396	0.946868302433876	0.965662524599814	0.973843535554073	0.987246016889647
"SRR13357987"	0.970427275230787	0.99948813163834	0.992249217815366	0.998078137120673	0.995802028782492	0.998679230983137	0.993064545948939	0.999209561136891	0.997758605312626	0.985782326672872
"SRR13357943"	0.999399178319274	0.999718515400667	0.999004930533383	0.999792338137544	0.999772588023312	0.994179627965855	0.999952750880515	0.987849859670934	0.999980696589854	0.997932767262546
"SRR13357932"	0.904226543533052	0.992629996185907	0.965837998778486	0.999272866321146	0.995409900355496	0.989947191320275	0.83731877908914	0.959505586037909	0.944082421071496	0.994401060420364
"SRR13357921"	0.999167548829375	0.947893452797805	0.995771241323477	0.999181382793857	0.999297190355111	0.994911318028994	0.846202875515221	0.994952066197112	0.992425642873376	0.986530995499163
"SRR13357910"	0.999215871564949	0.999864519208246	0.999672644342275	0.997915054009805	0.998616757559526	0.999660711924981	0.999695303910981	0.999907157931861	0.999777603413666	0.999844189302376
"SRR13357862"	0.999850702629473	0.999925162827266	0.998861526757319	0.998328365168148	0.990501249415174	0.996636474222724	0.998329353132429	0.999636213905604	0.999372790085094	0.998666129684947
"SRR13357851"	0.993243453556955	0.990031469930611	0.9945168741377	0.952221598529962	0.997289019555061	0.982093668274253	0.993257076541677	0.997838937581061	0.947109543558963	0.997994795962151
"SRR13357840"	0.988691566519065	0.949152442230349	0.957635654910638	0.889611112302985	0.660882434728763	0.998192731227844	0.764320634222853	0.908081051956377	0.965230187619268	0.984929754621354
"SRR13357829"	0.0153739308981142	0.0457031077630941	0.0366104615553684	0.160014888488682	0.169439113414344	0.133759472649822	0.0376916885122861	0.0640938014386318	0.0307549035293869	0.121125242010451
"SRR13357784"	0.605034875880426	0.982579274867215	0.626064807553948	0.968227151455876	0.780511697773046	0.900023582619804	0.31153777313201	0.897583209596255	0.809886893568395	0.828932069612912
"SRR13357774"	0.139427206051086	0.0209908710801774	0.0819642535734316	0.0361937406298484	0.158470445342489	0.0367057911314035	0.112020016355523	0.0948225601108681	0.398717009123639	0.124904321127169
"SRR13357773"	0.695850392299819	0.0872272151721725	0.372280331860598	0.420312126470929	0.904161626072377	0.385313703078746	0.757968625357773	0.162826396358635	0.191377039813801	0.524073359364023
"SRR13357772"	0.388169090223183	0.190684216848835	0.0224858655747341	0.412478456230225	0.133420841039536	0.618010512314676	0.00318916225732196	0.375065967336544	0.0312238232716159	0.00879058865783945
"SRR13357744"	0.999564246446908	0.999698871540481	0.998779895237513	0.999840126063755	0.998954265604526	0.999722949708859	0.999567507511866	0.999380549605861	0.999618746105083	0.999477873729765
"SRR13357743"	0.624421352015632	0.932762638086919	0.959561968515558	0.540383424315422	0.907842176718396	0.821611220640965	0.86269912692773	0.719804363355495	0.824041646964183	0.923662529841517
"SRR13357742"	0.751952125238402	0.982347450521915	0.648111601201286	0.970355514094393	0.794905241466994	0.755770397475619	0.460484664133964	0.787422539221924	0.915487325465024	0.856909400417691
"SRR13357740"	0.415392797249716	0.778151886029832	0.961541850820947	0.97294183731189	0.481062965470407	0.819677657128789	0.705348576402754	0.85875875152418	0.854549607481649	0.85677404437021
"SRR13358144"	0.994265427366575	0.874847494758278	0.941173783507066	0.954267398857348	0.726740585852591	0.945324780344118	0.986863635569876	0.985362237297497	0.835111888395553	0.994341076531603
"SRR13358143"	0.996791438571453	0.927652274407509	0.99493524791313	0.991756636527998	0.920375926952595	0.997648433122526	0.973251791603785	0.968715568300668	0.702439176677991	0.993741869075944
"SRR13358142"	0.911053860342197	0.933811431480159	0.967587791271009	0.983828557823025	0.977946061767993	0.992619726708659	0.963063913050481	0.989160158102838	0.980172257645469	0.923622428633544
"SRR13358141"	0.4701735750913	0.00614223316995475	0.0759512249724306	0.0956872454867101	0.0167340420391054	0.0279295087670045	0.247197375121216	0.991549462438639	0.00970864460587043	0.229450768638951
"SRR13357755"	0.00109742548179163	0.00522574315289542	0.00217257619549382	0.00730966450231198	0.000100464037835188	0.0432617411241002	0.000632377032924298	0.453692294327855	0.000533890253954391	0.00228999511584462
"SRR13357754"	0.636974506584674	0.0591843788408957	0.565332569895776	0.672135763046784	0.00349031702725394	0.863782637973117	0.567145217643145	0.00139741217190378	0.95152271858845	0.0483159063925625
"SRR13357721"	0.941180474609845	0.274911598227698	0.336528583762873	0.384078290192635	0.366520475020269	0.548154557506299	0.718395116257784	0.583441524762726	0.903544275497479	0.636198724573415
"SRR13357720"	0.681206949038787	0.631706601280222	0.879933630114674	0.738102478544641	0.88156724334742	0.761517656639277	0.802362415586901	0.741291208350191	0.870054488226745	0.501087291224478
"SRR13357719"	0.999405086676185	0.999543220976097	0.999429408843868	0.999892261699834	0.999999152021319	0.999896174847105	0.997800957073577	0.999628549023535	0.993845774908318	0.999922431751523
"SRR13357718"	0.998198995139655	0.999319344059373	0.99233592661346	0.999010777633703	0.998255364828928	0.999982822500126	0.999656838513363	0.998244491146175	0.996723450527212	0.998477209818608
"SRR13357713"	0.727424882827043	0.501778935034715	0.403940771476864	0.352871799831523	0.708397559145425	0.842360504543599	0.975082624668548	0.420925651013257	0.68624021881751	0.284303381410124
"SRR13357712"	0.999870276558626	0.999066276502161	0.996548430030484	0.997976577694284	0.999291075459738	0.995430861844006	0.999459190454747	0.999759372014477	0.999361687075959	0.999060863195701
"SRR13357711"	0.999969229721388	0.999981070311987	0.999958160108101	0.999789672284381	0.999874887847632	0.999981365824152	0.999998649117946	0.999994802065132	0.999930636316431	0.999696873986972
"SRR13357710"	0.983279226164484	0.962101365728712	0.984920212553265	0.996740535058961	0.996054094246089	0.993568129490898	0.986743249339062	0.985690868700087	0.94127572061134	0.994815423368034
"SRR13357706"	1.15871479348206e-05	0.000604090775755814	0.000431962135729323	0.192479975516442	0.00780751216472349	0.0066337442961149	0.00933286515598656	0.0154147740558939	0.00339107097856216	9.78785614189366e-06
"SRR13357705"	0.909045198564021	0.999405363477341	0.998514121979635	0.999827300608832	0.998071321762075	0.997756845482446	0.999977936073998	0.856010474306059	0.995433502429039	0.982793165875001
"SRR13357700"	0.997439928005086	0.999766157810757	0.999760751732133	0.996841593213034	0.999990398186794	0.993217622971601	0.991306714072578	0.999803347074459	0.990435337025004	0.99996299723348
"SRR13357699"	0.266328455753897	0.803688656984083	0.700775730659241	0.223426501855508	0.733203526222416	0.587647035347538	0.596860331119825	0.474899328728632	0.658225720860482	0.399383540677609
"SRR13357698"	0.983127045066721	0.974652067658778	0.908082179577165	0.950278462738842	0.976977441478156	0.906570646223131	0.977580463918357	0.972248495245999	0.963033843930449	0.967838079003302
"SRR13357697"	0.997026570896743	0.963580242544771	0.995306836226764	0.9789340407122	0.999564788756797	0.932172100999884	0.995147891041946	0.999797789027396	0.95493002786809	0.9975062914426
"SRR13357692"	0.985103565386375	0.998597477910928	0.98802879099699	0.99871582010843	0.993344703582427	0.999924020185227	0.999860666069894	0.956936706788639	0.969219203951197	0.999845446887477
"SRR13357691"	0.875006443913807	0.79516960807359	0.955837531671861	0.96673151492349	0.764229333856784	0.932746182807163	0.847397973291055	0.916716524681961	0.923103537740785	0.959407377163541
"SRR13357690"	0.999666127533253	0.999725867567292	0.999234415436269	0.999859645779426	0.999750784371623	0.999985878704517	0.999579529108803	0.999752412608348	0.999826930442037	0.999877942426665
"SRR13357689"	0.99999931285647	0.999999827614346	0.999996186560055	0.999995492745043	0.999958668900776	0.999990486622506	0.999996681838983	0.999999410451542	0.999980570674609	0.999988129206464
"SRR13357685"	0.992106760838035	0.975510370834259	0.998325792339639	0.394469866330192	0.918024607705184	0.34032686003018	0.999828843752528	0.782879500876349	0.939149595405834	0.80770432748254
"SRR13357684"	0.319857531930732	0.423074891566557	0.503568196491223	0.182960188400757	0.607300514417124	0.987690527527354	0.400309850310801	0.0661355438326913	0.772071468241629	0.316177776250494
"SRR13357683"	0.740190761639945	0.641008021285922	0.202569977593959	0.989207657750131	0.790300108374583	0.96756027004148	0.921883120076935	0.269835373571653	0.814471012767546	0.956895839149611
"SRR13357681"	0.595540912788014	0.316185580005726	0.815502046353816	0.591294178230789	0.174576552641224	0.593675308415039	0.959557185283779	0.51141820072056	0.561201083738902	0.899255125841279
"SRR13357679"	0.999993194304298	0.99479274356766	0.999489801022663	0.994998203604976	0.998017191106981	0.990740506614985	0.992636853609306	0.997051049955711	0.708723884630822	0.999941903090333
"SRR13357678"	0.978731534816161	0.974920637404571	0.935142898293694	0.954229904757897	0.996434337173323	0.99725581209006	0.991777425816817	0.999034642592852	0.974741943279237	0.999783320353734
"SRR13357677"	0.0675106050654092	0.962909875192209	0.706148627605814	0.0195450961147823	0.0428526614365452	0.00114261097388625	0.0735217248682616	0.537319561309277	0.133426632093888	0.0286824685855996
"SRR13357676"	0.97032624477024	0.164099430554051	0.827830324295167	0.968539192217519	0.479188331575597	0.0450608518217692	0.889650375361343	0.905264253869109	0.923641728167721	0.998392940943754
"SRR13357672"	0.987620315745987	0.94526863908591	0.985463508593103	0.998280137095655	0.992488538493744	0.997382503469461	0.991221414079691	0.997444170389698	0.997847334672839	0.999013794428373
"SRR13357670"	0.399255665050504	0.139807193073228	0.0434662662961756	0.432331821180192	0.0418433212224162	0.0680583038427973	0.89499661411368	0.0577313155980102	0.0278372254197203	0.121857334529653
"SRR13357669"	0.999956564910397	0.999997403376723	0.999995293450316	0.999960526470216	0.99999694353172	0.999646890912367	0.999990009313149	0.999997939643737	0.999103936665605	0.999465770072579
"SRR13357668"	0.143987845016328	0.282942230883829	0.263778041393137	0.615919604967776	0.366131443869163	0.380220057233888	0.821722464154692	0.0822749979695146	0.107807756343678	0.0501698306075582
"SRR13357664"	0.982191531849549	0.968037751910089	0.970521451717665	0.888524040181534	0.913571162218278	0.986565751272993	0.55601819836273	0.89200429307738	0.906663798732914	0.858674517869793
"SRR13357663"	0.209755340400726	0.722078100423159	0.701411983976906	0.880671201716349	0.625669851310262	0.963760225843325	0.908458030556486	0.921887146756116	0.750249584962476	0.896250775911243
"SRR13357662"	0.683950943648937	0.946295940705461	0.579288022744038	0.929364715064229	0.405160105953321	0.973382144357882	0.944969961837916	0.990524101519232	0.994860003900639	0.991179260221062
"SRR13357661"	0.99935552724325	0.999828231669382	0.995525361609092	0.996009028731304	0.996173775842106	0.999125189138809	0.998883091881152	0.985393406559144	0.99909555085757	0.999957014114821
"SRR13357656"	0.149991783610838	0.528309296503671	0.350283754594176	0.450140057797552	0.0838038033733038	0.0543304550684496	0.11582639482546	0.444865806742531	0.0758288247353223	0.070609231233367
"SRR13357655"	0.0882992759547451	0.0796431908836592	0.0798682671132398	0.406591522952569	0.00231712749074002	0.0703783768105772	0.127609060926787	0.10521736761222	0.481012689733724	0.114188308249688
"SRR13358134"	0.999999999548666	0.999999999673463	0.999999999999022	0.99999999985459	0.999999999639335	0.999982295988079	0.999999999999969	0.999999999999998	0.999999999859308	0.999999999789533
"SRR13358133"	0.986580107707753	0.749262123771504	0.0590719215963857	0.7375299098817	0.413149767678637	0.186288444031929	0.00436928452020959	0.406806231200216	0.0866436120218664	0.388067295484498
"SRR13358131"	0.106832108112249	0.00206451252143833	0.00219088211990281	0.00219741963453707	0.000135257887897681	0.0014304111480736	0.00340452398992357	0.00195495362563834	0.0109657107428772	0.026055881190161
"SRR13358130"	0.0362525738417491	0.00728001504207377	0.00819840602466939	0.225968051180033	0.0385001775588061	0.030340955155909	0.0251141710348725	0.0043142520945677	0.00541613964477003	0.00864270900232613
"SRR13358125"	0.999389551051561	0.881692123545208	0.980180486365424	0.963186327921911	0.934701349318935	0.990846725692678	0.999972396101422	0.998573130867663	0.990297839237345	0.992177268895256
"SRR13358124"	0.853103150704237	0.951992500720726	0.989470352611683	0.993855584352931	0.879133848123017	0.988793376277889	0.994366353539501	0.859036890822285	0.988210217982871	0.98567124511463
"SRR13358123"	0.988866653371529	0.999791837927905	0.999945490922679	0.999773989766355	0.999391944574413	0.999934094470493	0.999275930177789	0.999843048466017	0.999301170082267	0.999953241520784
"SRR13358117"	0.999117957919296	0.957180226081337	0.996831353250249	0.990741931915342	0.991552371940478	0.937470960817277	0.976412580207854	0.993695410948967	0.99083488675348	0.985566121058931
"SRR13358116"	0.971687066303888	0.977851240043048	0.971912755364707	0.961910952311325	0.980573413501961	0.975934328475667	0.958906607874021	0.995922681787655	0.991967742610137	0.694528656179825
"SRR13358115"	0.278456992388751	0.0145255761378557	0.0638031020480328	0.375814617230705	0.0274666819691389	0.0522559969338853	0.0122267924452448	0.00336865622687943	0.0128699343943064	0.0321202862600907
"SRR13358114"	0.998262814064826	0.994765084569673	0.976163193104535	0.979331414928715	0.944763886026027	0.998475802921475	0.783290920135667	0.900776400987887	0.994913661960525	0.847784336411961
"SRR13358110"	0.85726454331804	0.904027471433566	0.989383314700054	0.923499603280649	0.917337260829723	0.827504492651962	0.982570686398392	0.90753049269869	0.849210722949138	0.98993983800673
"SRR13358108"	0.970616260205379	0.997353866978132	0.991584775732877	0.995566077734568	0.997931557697992	0.944833545099509	0.992349933845279	0.944822533887328	0.994584666757308	0.98350606130193
"SRR13358107"	0.946802686082662	0.915221881845907	0.838564618155134	0.914924324478377	0.0414608460499414	0.988007462031004	0.959403438848963	0.980062784157786	0.898593568953751	0.621947805677324
"SRR13358106"	0.0807802151827959	0.00413196383820535	0.623932845540277	0.145924578758942	0.00168761720400478	0.0187251379563041	0.280906075657451	0.000345803084073036	0.0136806753143552	0.0563288476954377
"SRR13358102"	0.997558383429803	0.997905242532424	0.999559056125254	0.987272103883669	0.908410494448424	0.999730913505081	0.993850414779051	0.980954127570637	0.998288071913673	0.999745712569889
"SRR13358101"	0.825159877770128	0.166496225019282	0.932885261996885	0.876914475082263	0.999046960366533	0.859257395521873	0.978324349287728	0.407662544587615	0.997054962642722	0.957466554366459
"SRR13358100"	0.359159629777279	0.934425307294496	0.599042848133584	0.0391886393668971	0.0456881933454068	0.0180258180245754	0.994642658829024	0.443407041025645	0.0818894320975825	0.0196159760961358
"SRR13358099"	0.889968455434329	0.137312825923172	0.183614131142814	0.352123902255016	0.100206816321153	0.454370400581029	0.896670360803593	0.897979038035517	0.114553768339273	0.154337115988833
"SRR13358094"	0.987868854162288	0.303211594208454	0.699941643515476	0.779434565544002	0.480139405434447	0.76326726854362	0.832314764830949	0.885067100135361	0.677320861131579	0.897322226158025
"SRR13358093"	0.536102723119998	0.490204247191526	0.302015905467578	0.197053889482112	0.514763965374188	0.380863176567398	0.437405562864753	0.322777694578339	0.815098817764683	0.38152374720161
"SRR13358092"	0.650205703136271	0.952843001193169	0.549187286975981	0.982599912866821	0.984613908953195	0.853104106394808	0.607898637869107	0.90922591059285	0.874488584048779	0.851909148271253
"SRR13358091"	0.706632096579935	0.838512129127826	0.804213374636744	0.908590330716667	0.345917877264507	0.423120131877167	0.232815521371425	0.332984795501758	0.469143635366293	0.813149406071472
"SRR13358086"	0.973051865224313	0.996095746019203	0.955551840905412	0.989751483381672	0.967616357016833	0.922630701484391	0.8730802659294	0.981549198899217	0.967173854013551	0.980947244035997
"SRR13358085"	0.9999852348305	0.999999630986723	0.999999021317548	0.999998438815147	0.999990891772019	0.999998200166458	0.99999810019395	0.999999998888132	0.999998778009741	0.999999752978196
"SRR13358084"	0.936369226427608	0.895681225174802	0.988509480077454	0.999969640486553	0.913879859907504	0.997358313955621	0.932090084145967	0.951773015664569	0.955246936884152	0.986026386248027
"SRR13358083"	0.997658705395715	0.996549797643925	0.996625734700319	0.999994910875965	0.999563577197856	0.985164663747715	0.997140145630437	0.999805039380558	0.10546343034441	0.901275402302161
"SRR13358081"	0.999965822213403	0.999980617419377	0.99946568003501	0.999673276885476	0.99995841524497	0.999304198781295	0.998124307217756	0.998029746517183	0.998364885334415	0.999054060375596
"SRR13358080"	0.999280373830107	0.9999831012934	0.999990809619386	0.999571312437729	0.999929342281081	0.999141020338064	0.999409292868646	0.999980721850263	0.999965042493282	0.999442931083426
"SRR13358079"	0.966294959464234	0.99917780794093	0.980775169819013	0.999386361404017	0.996473614698087	0.931702320185603	0.985439035708648	0.993056094865226	0.996430491667104	0.986330553407316
"SRR13358078"	0.10592767271984	0.0607283184559674	0.0597811416607412	0.114722728725694	0.0194558112438183	0.0803322961869801	0.0258090719817712	0.217056906030154	0.0732171548203899	0.00971681638494736
"SRR13358073"	0.0457109483454378	0.0580161189967354	0.00353955167892005	0.0243282617807464	0.0238670482671664	0.00898962094741899	0.467977796782794	0.0753542776199992	0.00295813952161051	0.00832205832686047
"SRR13358069"	0.999994545235956	0.99764520789343	0.994469051016058	0.998510823322369	0.997355615703546	0.999290658833967	0.999840389955167	0.99858177975617	0.999967352440126	0.992700059474781
"SRR13358068"	0.996117430837011	0.996774267832713	0.970734493848421	0.989856631798077	0.999249764937327	0.987330236189394	0.985240420958276	0.999464045710517	0.987040944152863	0.99775534894961
"SRR13358067"	0.108163530893616	0.988556877192138	0.219676237485968	0.0537575959525148	0.234051664635378	0.565995318145766	0.704136914981884	0.0256947404660315	0.086885854648101	0.974077098971999
"SRR13358066"	0.945155900050158	0.977774774493503	0.971806448534194	0.968554057183661	0.990022805058571	0.703214744785976	0.852166418454936	0.595070792821495	0.788445111663275	0.879422529516859
"SRR13358061"	0.152467929453653	0.141027969211923	0.0100584363501871	0.617075125615191	0.0453795787311088	0.17203306088755	0.00796123597623053	0.00704007969063367	0.0856264666793941	0.153438386375242
"SRR13358060"	0.97468321733066	0.99027875240465	0.998751679791689	0.983604891920669	0.993453173891405	0.970263617034024	0.98262919422162	0.954398814713373	0.881085158108422	0.985540038933588
"SRR13358059"	0.0605335537915277	0.00810038860142758	0.0554738317917616	0.310055316030966	0.129964673233232	0.3009973757016	0.193980198871798	0.243224248719551	0.790928620454668	0.0923970175985437
"SRR13358058"	0.577459728878238	0.735230019866484	0.577062347951716	0.753836217730047	0.523481511045899	0.758255281546789	0.209843038574431	0.326924186338022	0.760997964406738	0.415928354161824
"SRR13358053"	0.0196040834827899	0.0732912235246167	0.526137841339597	0.38194547561975	0.717132335118532	0.193432517042791	0.760625767401644	0.120969710876385	0.164392507759824	0.221224092796874
"SRR13358052"	0.0958403334246459	0.69430772312276	0.0320110627098246	0.109008666925087	0.328888453938902	0.462413827230473	0.0482700751231739	0.397709125562075	0.041313357675135	0.399705945172045
"SRR13358051"	0.0909833050947968	0.0274886348421153	0.220295377874519	0.509920816354716	0.354467302280162	0.0619791358177092	0.346900204598346	0.186324658397426	0.161671926980648	0.741440202139822
"SRR13358050"	0.999403654361125	0.999277714035486	0.999100417816488	0.99655580277973	0.998314058196709	0.990317047672481	0.999559569292542	0.999938358269694	0.998968787742646	0.995666381497193
"SRR13358046"	0.00072346371646589	0.000511537903940838	0.0142931201256481	0.00669180912686731	0.00746498557684839	0.0013497991979736	0.000120563071040615	0.0261946661638491	0.000369617400604037	0.0208294024454323
"SRR13358045"	0.997995140067813	0.997299053928149	0.987620468607214	0.786998721374642	0.990242250327805	0.99271421416796	0.958142357987405	0.989781563818708	0.976834410514085	0.984994276699077
"SRR13358044"	0.993661852864605	0.997539316405746	0.997601296715463	0.994512094572591	0.969049503061142	0.950839661003871	0.983123073507742	0.969406173439017	0.983738559783172	0.995089827995741
"SRR13358042"	0.996387989670588	0.99840755288573	0.999501027642623	0.996479144362745	0.999326374543786	0.942578748415051	0.992680644513753	0.99908963521535	0.998492204205882	0.993688867972086
"SRR13358039"	0.9978586835677	0.936693531620789	0.935897072102502	0.991636202571976	0.991197182803615	0.9999669892089	0.915599484021132	0.99944646275681	0.99987849819981	0.999828385261964
"SRR13358038"	0.963077029944035	0.588930759457445	0.892239137104977	0.892299920796116	0.457688679155872	0.207632313850813	0.914481830951099	0.886828077539558	0.755352674290797	0.210031773938548
"SRR13358037"	0.681603239564972	0.960734733088043	0.934292046083052	0.995484922226176	0.971423230254702	0.877200481828694	0.838053350086737	0.987339807387162	0.997645039344546	0.881999496957014
"SRR13358036"	0.731154646400245	0.589787703425475	0.0294229141971007	0.973767010643586	0.276962131930004	0.834969536735859	0.0598344037739262	0.84559868837799	0.203357471827721	0.996575308588393
"SRR13358031"	0.674875364240919	0.90157835940796	0.873133100613059	0.931717289845013	0.970524846155147	0.989863289349503	0.919940022386235	0.966431623028212	0.979120761684437	0.978731959296076
"SRR13358030"	0.918849640669234	0.640920056548651	0.705436153339511	0.763598852925002	0.798534604602316	0.173899813050567	0.951025635485851	0.846581887916238	0.882606187491798	0.655120022783645
"SRR13358029"	0.999775705757871	0.997455089496483	0.995964306831583	0.995350708041539	0.99786605285261	0.999257490065648	0.989242186211143	0.998724013391194	0.992705888916972	0.994194176367752
"SRR13358028"	0.998822678383881	0.998253614002264	0.996464761899035	0.977930635656336	0.998010761222951	0.99152147138598	0.995702619890636	0.994644336253798	0.999060475602679	0.996771421079619
"SRR13358024"	0.25618226660039	0.163075685198722	0.305875869222649	0.69658055688552	0.186842025991327	0.00681703351981817	0.297280084286494	0.14228006785479	0.0305849422702975	0.0530485053279302
"SRR13358023"	0.999996461494317	0.999998236816809	0.999997870062102	0.999989478180835	0.999993608037824	0.999990293153156	0.999997350197535	0.999993957233424	0.998806322548763	0.999998625504144
"SRR13358022"	0.984270875634521	0.224475522798491	0.990089751936952	0.872624593170949	0.95171233856203	0.986641679860749	0.980541506931211	0.952720905021409	0.874011198126196	0.992538812128931
"SRR13358020"	0.999371956739471	0.999547997730468	0.99787058688343	0.999793959580732	0.989017694200533	0.999961716628271	0.985605349086424	0.998380113701323	0.99965435072626	0.999654944081036
"SRR13358016"	0.732927094393355	0.616045874721868	0.937205914241087	0.991289899398627	0.892719957860154	0.929000728824428	0.745788165806032	0.631031770195632	0.680033414376538	0.213579558825968
"SRR13358015"	0.000145246404971955	0.101750956331009	0.013342666366908	0.00168543517696654	0.00194742345253249	0.0111008973256396	0.0180253394557498	0.00696863527332767	0.102389604156413	0.0214125218671131
"SRR13358014"	0.00774548552053896	0.90883363714107	0.971964622843595	0.0938582835011529	0.57463885384472	0.581649500351887	0.578755384950651	0.555874281783799	0.957990881800939	0.865949497234578
"SRR13358013"	0.928115190601557	0.997504496221827	0.999548342477224	0.999009840042353	0.972258830119776	0.909084865024688	0.998107243908478	0.993232294218221	0.873937252142124	0.997373931315417
"SRR13358007"	0.590935123914929	0.992055184487061	0.941185416341717	0.844785330175547	0.995621065479114	0.87112324901839	0.801765682391593	0.999850220356507	0.881586062916667	0.54114197783381
"SRR13358006"	0.820796739170768	0.54183291957337	0.804061276907148	0.785916520438438	0.94068647708592	0.197276819734283	0.124418276083225	0.786591490199221	0.166618709991401	0.625721227999602
"SRR13358005"	0.9839456449939	0.8868986051807	0.724649697277183	0.893645890562159	0.900451118006932	0.959857842702756	0.929203705675797	0.978243941997166	0.886442829862183	0.828292848297678
"SRR13358004"	0.99986046270566	0.999953090805416	0.999917957983678	0.999898627181584	0.99994840124572	0.999991825487376	0.99992927750406	0.999264904277519	0.999993314697638	0.999996277032889
"SRR13358000"	0.60775369087935	0.767068060709045	0.0117913394803712	0.749849184194054	0.268705390002424	0.925266815538192	0.242425332720979	0.650639312167506	0.015940266732308	0.210018965381237
"SRR13357999"	0.99189553928492	0.995255110241876	0.9898838754759	0.989532095036275	0.998623842688625	0.962058322019821	0.989198685089914	0.991163203613414	0.965203916637225	0.997418543262423
"SRR13357997"	0.543818417803949	0.966516133379195	0.895497116534143	0.995550495606805	0.992886512995422	0.993471228715648	0.493655278039838	0.562203820864769	0.858977645956554	0.955541396541554
"SRR13357996"	0.986008909804242	0.883623294491628	0.583765947574669	0.927695305558745	0.34446706872735	0.995573144138233	0.954061142921579	0.944518138779238	0.967222698290337	0.976185291638044
"SRR13357991"	0.60214493789278	0.0393320860064237	0.62469107256887	0.576385881135126	0.0350516698621098	0.537939764822308	0.73769172458237	0.220500820243994	0.0160597481128352	0.388965019310989
"SRR13357986"	0.994791275233212	0.600437675459562	0.984381388636096	0.154672843989311	0.965623985066379	0.980725116252318	0.851897342184987	0.799783095190771	0.936978992198257	0.869968303423762
"SRR13357984"	0.145587885992854	0.0252730715593709	0.0137466863244502	0.0157284790028951	0.0652414907362104	0.00721370923289926	0.423430565498651	0.0970884734351604	0.000430854294892335	0.0354542783728251
"SRR13357983"	0.00186712023374304	0.00940544071687884	0.00224512455788812	0.0746735833865381	0.000933192201444468	0.28968924101915	0.019734984940457	0.180579220689063	0.00152489964731804	0.0679654840176352
"SRR13357979"	0.596968784108256	0.88297321646177	0.970816373321624	0.977506934455261	0.153807629486334	0.969989053448741	0.998431178641179	0.708822900150964	0.973627713655118	0.849918145329561
"SRR13357978"	0.000884993682322705	3.4234475428865e-05	0.0497603962874629	0.0143271359636251	0.00360733263239934	0.00316105906836374	0.00021562451707418	0.000474552871742586	0.000525741522901351	0.0728770259994249
"SRR13357977"	0.402126943153801	0.476729410945047	0.662594568229357	0.716457489589153	0.585844232164281	0.183396967881003	0.88424364873865	0.936378796557698	0.769547608182416	0.950321243444869
"SRR13357975"	0.169725283124173	0.452299924869651	0.284734929259352	0.103372354507127	0.67859382657929	0.0289195445392886	0.0650746796047346	0.587023306149381	0.899426599653345	0.571594603624493
"SRR13357972"	0.678951095408065	0.0119632523112405	0.696467243038943	0.133396350885516	0.0825352639935258	0.649121029871559	0.882029553291653	0.534067437357207	0.0741281538229469	0.102505792885547
"SRR13357971"	0.65410641201971	0.636750916100869	0.699942096193282	0.958849934018352	0.636772608990522	0.938163338969077	0.90981793633728	0.864094236943933	0.9814988620885	0.968746131335858
"SRR13357970"	0.829197027873662	0.773759111586969	0.0578168010765914	0.983307586227102	0.995191556897974	0.740157970154316	0.975323459782234	0.91951389455276	0.57345473313071	0.864358261168076
"SRR13357969"	0.0320001796283799	0.330984057168095	0.555781764447109	0.982150942555429	0.160326758659496	0.0343256670008134	0.131391267867161	0.319304358704705	0.171946156345869	0.227174416117863
"SRR13357967"	0.206906788019582	0.0237300346309144	0.0818749794097239	0.163327968336237	0.116678217847827	0.0577720793012686	0.0855542586094954	0.208517402411174	0.648736087218508	0.0541179739701795
"SRR13357966"	0.999915116130634	0.999512213292398	0.999777502686189	0.999953710224756	0.999921925058603	0.999696406542817	0.999447900736354	0.999961914865865	0.999813997332584	0.999683450345723
"SRR13357962"	0.752815336746617	0.990541719502778	0.119271233576884	0.00572724656486225	0.0551477819859758	0.160828700865675	0.00376459437164518	0.987325653129295	0.226182983546148	0.162880455180338
"SRR13357961"	0.999995035238616	0.999986410329023	0.999994020581936	0.999999283501017	0.999999796470941	0.999999461890066	0.999999855823916	0.999999920466652	0.99999992439412	0.999999991037371
"SRR13357960"	0.968139091297171	0.978129694549682	0.973433825429727	0.999999705853389	0.999892158028324	0.922129535774115	0.998102312712256	0.923023221617716	0.978991620926573	0.855230535078934
"SRR13357959"	0.990746510719264	0.999665926760836	0.999563066548065	0.996062161810962	0.990640263093167	0.996120606931689	0.415343657924473	0.999744056586963	0.998463360499233	0.943127597054582
"SRR13357958"	0.0874943001787536	0.966549915025124	0.409607472920079	0.256695550275623	0.690357015334707	0.404186744050193	0.941856510162828	0.790098015541637	0.888624503263369	0.836932339882902
"SRR13357957"	0.99988199943628	0.999994243098763	0.999999134055519	0.999795742561859	0.999691097850203	0.999909765043235	0.999166877721658	0.99995045926168	0.99998915482029	0.999729043806714
"SRR13357956"	0.999003482329073	0.992666938812904	0.998375614594683	0.999312783820017	0.999546070082744	0.997330256179199	0.990104555037905	0.996081234674638	0.99863287881211	0.996954877525026
"SRR13357955"	0.980486861154717	0.997581637058385	0.999303677331836	0.99858195352576	0.99569786200352	0.994746067723192	0.995590957964251	0.996153463242153	0.995895736244954	0.995997348818413
"SRR13357950"	0.999725861861522	0.998262487791212	0.999891336113108	0.819937377432858	0.994950320324071	0.992575858595398	0.989134520887911	0.986232884573898	0.999432213622997	0.850459611271194
"SRR13357947"	0.000555350164327809	0.00742961953394486	0.0030131124058789	0.206866459645046	0.110581093478624	0.0603074591349308	0.0750322618403678	0.00595623323954006	0.00824107045155692	0.164826201743217
"SRR13357946"	0.80851705522155	0.93354664062776	0.775341690388603	0.938891327131742	0.971074043069063	0.99607909095832	0.23815424107517	0.977183154567925	0.922572369810167	0.954946189863178
"SRR13357945"	0.985931238705111	0.982174680768072	0.954435587381087	0.997398462938724	0.994345689287274	0.95823715855779	0.931529420233373	0.995109063781732	0.979588513973743	0.994919174773612
"SRR13357944"	0.841530156807742	0.539879710909599	0.999370586838	0.834681177618358	0.82399306444048	0.998834223461807	0.373407469022172	0.991782027041239	0.405380519924875	0.999757899950224
"SRR13357941"	0.846088346490905	0.937369707520701	0.986090489222246	0.987756415132014	0.89717876459445	0.988273711025765	0.974543638321023	0.904573615538179	0.978281975148119	0.937864416541824
"SRR13357940"	0.959556786527305	0.999026849171125	0.998612600762995	0.999287053655297	0.966262897710441	0.994967006991784	0.960145650318561	0.997953996927468	0.989167826345134	0.988875278084849
"SRR13357939"	0.964390263750167	0.977324978195498	0.993255867775192	0.99666136120046	0.992881122934162	0.997949107344716	0.997626018344576	0.998717955218515	0.994444224772287	0.988273060446099
"SRR13357938"	0.960960895951998	0.990912352340517	0.944669277817801	0.992068886204815	0.980458275840997	0.991352905433767	0.979561311706005	0.981761006575305	0.959391390447354	0.974133900094735
"SRR13357936"	0.00139436635375322	0.00165354676538358	0.00182913441731163	0.000312182752783968	0.0017660528674113	0.915366728462176	0.00378580636452894	1.18502078993839e-05	0.00108027320951099	0.0241916897307085
"SRR13357933"	0.958143431827704	0.998380439158316	0.957667674381655	0.980113057742078	0.998260506387736	0.999738978734775	0.8929052092849	0.981572320171921	0.97180590223974	0.999718908720159
"SRR13357931"	0.939098850011079	0.709505372770764	0.426381369997326	0.658088454677304	0.457200033883389	0.301493082581141	0.802707527393688	0.921095656426257	0.940991969414953	0.989021800469729
"SRR13357930"	0.998834324680837	0.999359326024444	0.998434484320384	0.999252029592575	0.996740686277866	0.999212763003297	0.986529871834803	0.980192235035624	0.998734104269736	0.998595974639541
"SRR13357929"	0.920841293522991	0.806559721160414	0.543398039437097	0.931469689689899	0.421447301117884	0.549078215720665	0.856475749411767	0.78208467586198	0.955674953459566	0.952091200968937
"SRR13357925"	0.69868522572869	0.782698874076967	0.849740950299275	0.33084085761217	0.686064105583874	0.977039318368879	0.691665460419589	0.80695317397423	0.451849128764863	0.18817912039376
"SRR39238554"	0.00333676383500981	0.508049767056309	0.00575459887421016	0.285650991290387	0.911002839172277	0.996993042116419	1.586444534768e-05	0.999731079549315	0.016309922675668	0.501786527359884
"SRR39238457"	0.999999996621521	0.99940844693852	0.999983009087375	0.999980206907143	0.999999979325729	0.999999628875192	0.570052610606712	0.999980296881357	0.999991352188605	0.981761253288125
"SRR39238553"	0.900880311452593	0.0333436824290868	0.71804691185385	0.253928874022087	0.459679947061738	0.0905702771757466	0.141319629551306	0.0387083158412826	0.145588942156149	0.650919502762925
"SRR39238456"	0.0220575459909266	0.0533123506170776	0.0294465599960878	0.160367383772513	0.219473187969627	0.370295959739183	0.0682293905411549	0.366482221188448	0.00499863832417177	0.420765370429726
"SRR39238532"	3.75593040305909e-06	0.000338950662723269	1.5817562973051e-05	3.36499526614875e-06	1.71151531610265e-07	0.0583160969761472	7.37974129187457e-05	0.0140879361262525	1.7997806912878e-05	7.0869909930626e-05
"SRR39238521"	5.00784595703462e-06	0.000356781787723522	1.17550367392606e-07	6.77007903028443e-05	3.27952995346711e-06	0.000161946139579214	2.38614612152546e-05	3.11357377933532e-07	2.30825608648341e-06	0.000108353399546318
"SRR39238498"	9.62551561246748e-12	1.76178523200863e-06	3.82081602094773e-09	4.75196027533681e-11	5.25331552029838e-06	1.07729767649537e-05	9.62709052234858e-10	1.1099448676193e-08	8.90849567574722e-12	6.29738372793697e-09
"SRR39238471"	0.00166066744069985	0.000123540465151952	9.34020428977809e-05	0.00417962690774182	0.104028722476484	0.0124383860397038	0.00111186662169265	5.24862376180062e-05	0.000438840257826725	1.8998078076312e-05
"SRR39238492"	0.0246099190736134	0.249981755456214	0.0225262973156323	0.0140035274711662	0.0029993100735758	0.0889988156754553	0.0368786658120554	0.00155687406211785	0.194779448443355	0.020779735083769
"SRR39238481"	0.00751284899469765	0.00444417169600766	0.219685437581347	0.0253762423050236	0.339834851388686	0.0687319384627373	0.0040397276855032	0.797877686218334	0.169750635413841	0.015232180874139
"SRR39238454"	0.00733873186742072	0.0412004745333361	0.00735703851250017	0.0336008076596991	0.00279358109630058	3.17914543297999e-05	0.000302546572587681	0.00581908827534744	0.000914709193418343	0.000578798392898753
"SRR39238455"	0.0786330817338953	0.13796629667153	0.000237725857954009	0.291279703567836	0.00385606249119965	0.0898406584263551	0.0025010093083387	0.0947409976691187	0.0221919987291323	0.0816519355214111
"SRR39238519"	0.00650970697105038	0.000390582655358203	0.860868635857245	0.00123633590669456	0.000351997007156671	0.000141547711105925	8.65340200420824e-05	0.0706010326202328	0.000656213317668382	3.54821713658781e-05
"SRR39238552"	1.81087001051293e-06	2.4490780589666e-07	1.37281773435855e-06	0.000182679184399007	2.48536554977055e-07	4.84511009578332e-09	2.74075661793247e-06	7.19310668189243e-07	1.62941504122621e-05	1.2031234410275e-05
"SRR39238541"	0.0101290339736691	0.00155561626581006	0.221247327092306	0.109821293742422	0.00930320864478537	0.188556079795477	0.0146513896750553	0.00464107096358187	0.0625531947327689	0.446748710293067
"SRR39238540"	0.0139712236917797	0.91383173268033	0.016066727259848	0.15451718314452	0.426883301951588	0.655519055422577	0.0200849879288587	0.0398606482173103	0.0158217866683379	0.0709068471319117
"SRR39238539"	1.70929048447653e-05	5.19218490200648e-05	8.21220520166957e-06	5.02197944879643e-08	1.94243876779842e-07	5.80748999978176e-07	1.76702751587742e-06	8.83841014267029e-06	3.30790724710331e-05	0.000264763268789612
"SRR39238538"	0.00015232040023918	0.00067583587038319	0.000407999830944939	0.0031734834918378	5.42148799744153e-05	4.24657381858794e-05	0.00142483234424803	0.0100934908594325	0.00219887585196251	9.63410894698667e-05
"SRR39238537"	0.00132638013553902	0.00269405784035818	0.0537330224079644	0.121936704191759	0.164325095358143	0.549687524214811	0.00892702092197827	0.000757205771825795	0.00097112883199465	0.00185081776334923
"SRR39238453"	0.982069885361714	0.974088350056674	0.921814171199825	0.770928536677566	0.957122106224898	0.970433555863197	0.931539033490726	0.976579813488356	0.990152157996131	0.937406632708187
"SRR39238536"	6.44402692215368e-05	7.2778108561505e-06	4.53846308278909e-07	8.39888038880952e-06	0.000510132619480375	4.50698663730258e-06	0.000192283766734984	0.000373625882456418	6.7422816034277e-06	0.000128629533616671
"SRR39238535"	1.09769390458533e-05	2.08641470008911e-05	5.50514077896041e-05	0.00109190231618702	7.98940901193392e-07	3.61611728388348e-07	3.21456773115982e-05	0.00204198545839024	2.51129563374088e-05	4.24572242250992e-05
"SRR39238534"	6.54620548833298e-05	0.0304233275347577	2.09794661953311e-05	1.2333299905832e-05	4.24755955475974e-06	4.2300213474367e-05	0.000190498296725968	0.00277687096937476	4.22561353185171e-05	0.000963124320706736
"SRR39238533"	0.00107496701134255	0.00466276449711306	0.00908281689453629	0.000728789854406519	0.00103080680361715	0.00176536838063534	0.005322868027288	0.0299031295317228	0.000259570928419949	0.000307040737821513
"SRR39238531"	0.000154931305538674	0.00198331753688298	3.96675824178057e-05	0.000287587429271864	1.31022779321506e-05	3.68984002508483e-05	0.000739341619333798	0.148496656383136	0.000754128887799315	7.4407891789019e-05
"SRR39238530"	0.000777828386241419	0.0352620420226051	0.198393797224088	0.0271681537455398	0.0128055696144347	0.0161270249927282	0.0291628025609655	0.107501989939541	0.183190261970659	0.0904506230512307
"SRR39238529"	0.771289054896112	0.97291356762654	0.706042082245816	0.35932598592205	0.99204122777846	0.458127932504699	0.9989150771367	0.996160302270729	0.873953537153009	0.969718029444645
"SRR39238528"	0.104220898199178	0.137909448478116	0.0257569543678271	0.0423052827909154	0.0342239035375048	0.939303378435722	0.387467072294012	0.000597187633054612	0.217260518094694	0.122062606573989
"SRR39238527"	0.999017623480377	0.865221762992162	0.999925141729916	0.999978206867493	0.999927753464132	0.996845612050382	0.999998735753738	0.99894959864433	0.999609861612771	0.981993286553333
"SRR39238526"	0.166415657527107	0.00173266612571076	0.000151625433835647	0.646177140594023	0.00963820252044137	0.000922010886281479	0.0165970595009836	0.00519176321021954	0.00479369523737317	0.0102621821213134
"SRR39238452"	0.0508275023664426	0.853611830214013	0.664141185489498	0.887429091002685	0.998217760208225	0.978284356289792	0.97741736210501	0.774854059826049	0.805142707631961	0.159612149027596
"SRR39238525"	0.00152420083634005	3.57350596713144e-07	0.626533824676316	1.57617835089187e-05	0.00516514347330031	9.80176706820658e-07	0.000249419624405507	0.000267888809732308	0.566452619049276	2.92557369474541e-08
"SRR39238451"	0.702886348583472	0.0549068571549019	0.434465296843246	0.997794593090234	0.00031652268265487	0.00421979503191126	0.0860783683973696	0.0114534420897231	0.334712142088588	0.0264179935842753
"SRR39238450"	0.122318101656015	0.940268961671801	0.979419631553298	0.991942313609037	0.999966892048563	0.999480099215243	0.0197385856731769	0.241720237488196	0.923732154605091	0.984169269014263
"SRR39238524"	0.561766428287866	0.512365922994048	0.959549418652076	0.852454093544799	0.956705123232765	0.946525332757735	0.0269594136053929	0.32396941609648	0.807456091781836	0.999328042089973
"SRR39238449"	0.999997591915655	0.999993048061873	0.999999964130903	0.999434252571726	0.959185814323	0.999969967690307	0.99942816457382	0.999977587764079	0.999988091942362	0.99999999965959
"SRR39238523"	0.653695736266654	0.00520892465471516	0.882626178774701	0.999986634373545	0.91108661356081	0.991923509046662	0.467697381412752	0.997401470090859	0.998158505276825	0.999996496022447
"SRR39238448"	0.496181783396803	0.248329241821185	0.109442702240289	0.0353499266996492	0.000226251105025365	0.949874860476108	0.526999451558317	0.896195156085613	0.144693725805937	0.384625155948908
"SRR39238522"	7.45969863115565e-05	0.0129049207282662	0.0594887145053449	0.0298718368564158	0.00303530843597567	3.7445927106393e-06	0.0006503393796236	0.509323938958294	0.988838431412008	0.0316181557357857
"SRR39238447"	0.975030710423196	0.999999994477869	0.999925338747947	0.998453828843615	0.999188942230184	0.999999800734993	0.999938378664246	0.999984364902682	0.996016483833883	0.999974227620262
"SRR39238508"	0.705220206893993	0.000270262897250606	0.000121082535689257	4.00856716653975e-05	0.000216700262954981	5.75562237158271e-06	2.13530379791025e-06	2.63191281465681e-05	0.463604086467787	6.18113121631187e-07
"SRR39238446"	0.000194927333471285	0.000296018398856305	0.0155039931134942	0.000122747423196302	3.04204777539669e-05	0.0334620151285204	0.0038839116724062	0.00211437057402656	0.00359208888314895	0.90707563797123
"SRR39238507"	3.1334622163144e-11	2.51306344289039e-08	4.22667630991589e-09	5.68280839553548e-10	5.12472077970756e-09	1.53477872145365e-05	5.28459657937261e-09	1.31611697658531e-08	8.21875512706064e-09	3.88850650825506e-09
"SRR39238445"	0.000170201857052184	0.999151886765922	0.998750722770962	0.0419857504417044	0.721187844023101	0.0269288396666397	0.0323536657014686	0.136117342325323	0.997743186425209	0.0182032798478811
"SRR39238506"	5.6019759641639e-08	1.00111207478292e-07	1.05467641968341e-07	1.21272289368706e-09	7.25410179002725e-05	5.16571153297786e-07	9.68982149884303e-10	1.62350495334654e-08	8.80585676064434e-05	3.97014696827346e-07
"SRR39238520"	0.148136071109604	0.837958682776866	0.875778461071779	0.914950904497972	0.648876930551409	0.557256168450075	0.904993656900196	0.728280062778452	0.960448459582954	0.318833029414799
"SRR39238505"	4.93979192622991e-11	9.71315567455201e-08	1.22460323318532e-07	1.22261933516201e-06	6.65455537845649e-06	7.04604322203711e-07	1.2098465599669e-08	0.000313778014327994	3.30191673292999e-05	2.89963409528547e-07
"SRR39238518"	0.974083077887761	0.977800670331321	0.99740247446817	0.817195137492943	0.981922335480832	0.94821780115049	0.662673326367673	0.653693500313934	0.995333395393621	0.955581272211164
"SRR39238504"	0.00160171825230089	0.0302781022310077	0.0114179413484149	0.00021545757454223	0.000234519800050959	0.000235871686981794	0.0173690322822503	0.00166150098288986	0.00421945635955462	4.85427684061552e-05
"SRR39238517"	0.925983218147225	0.949117891666266	0.977162819363199	0.970344416906939	0.975120209349192	0.981201982681188	0.526897770148538	0.981465922734267	0.923148875495965	0.96168338507098
"SRR39238503"	0.00704000039963951	1.17497386045383e-05	5.2151230872283e-06	7.48033496938816e-08	1.32384937060357e-09	7.13672748110179e-07	3.58442003875054e-05	1.95190984829833e-05	1.91483891733884e-06	1.4810410118867e-06
"SRR39238516"	0.649448004120345	0.996883047229677	0.995135358969322	0.177170689166808	0.997336761027676	0.999661965478456	0.986139001135073	0.986337934598881	0.99751935948829	0.999960162832822
"SRR39238502"	0.000238047654701364	0.000361109182316759	3.12461738718853e-07	0.000254084985019845	2.97241437180675e-06	0.00204229829095947	2.20455272927793e-06	0.00413604811040681	5.52810982183359e-05	3.64585890126858e-05
"SRR39238515"	0.909061029661285	0.493497805558108	0.716212687789505	0.691048898255685	0.793083133995542	0.335163338244619	0.419270001779939	0.115966852186228	0.69124933479248	0.624984407218346
"SRR39238501"	0.99999991880226	0.999999993006609	0.999893603348727	0.99999488718683	0.999995348977159	0.999999221276313	0.999998265915011	0.994502828560181	0.9999999995503	0.999999924031846
"SRR39238514"	0.992490626910531	0.993505876086322	0.998724462427906	0.87574973611339	0.981166745304163	0.998435997746649	0.998526736633911	0.997063076985066	0.998635239297192	0.993144924867935
"SRR39238500"	0.000514041554649817	0.00155440545488434	0.000974647291807658	0.000166837239810187	0.000128883832514017	0.000192931178129388	0.00767844959286604	0.000257949201001537	1.77997069074105e-05	3.30161210503474e-05
"SRR39238513"	0.994968006066388	0.997783219175407	0.999391453971565	0.997504913419338	0.28984275220262	0.997945787022388	0.995998135118121	0.999492030748639	0.888394266932827	0.965679653668585
"SRR39238499"	0.226083259242638	0.05743577165183	0.0307289416157703	0.606685942442572	0.549180713377755	0.00208140840612113	0.674018870892337	0.0183552875859793	0.0175769589908387	0.276543573192269
"SRR39238512"	0.826230849757813	0.514540425942009	0.54648422206557	0.306750945807668	0.0233080860253512	0.0683012950263339	0.0318328076244827	0.127872946241448	0.0695754019412528	0.042818143628204
"SRR39238497"	0.00769302838193059	0.549689596673087	0.950519464666639	0.00203655015648558	0.421359132208863	0.263317081749756	0.000415987169750685	0.94331334322369	0.0530107067897055	0.00138600392949412
"SRR39238511"	0.999903009063369	0.896096389049449	0.999141605130249	0.999237865978973	0.994986778108036	0.999771154780226	0.991799306434244	0.998409376392889	0.99785857682363	0.999982781907262
"SRR39238496"	0.0135377721648605	0.00580442395725885	0.000154398990474948	0.001334108765917	0.0814212390508971	0.00126058274732388	0.00655389946897352	5.96490246062676e-05	0.00288096439263367	0.00336933351357605
"SRR39238495"	0.574443517075997	0.00738256242150094	0.0033503742664807	0.00028702564666878	1.99876573836748e-05	0.256016814135951	0.00169969160845355	0.0579430633001012	0.000341344239313449	0.0135065862771121
"SRR39238510"	0.99658954257963	0.994236260803323	0.998272632494885	0.999984270274679	0.999953763887076	0.999848304151553	0.999948680139197	0.999969160037065	0.999991225611332	0.999351222488034
"SRR39238494"	6.77690759270416e-07	2.18153055905989e-09	0.0475332740727809	1.37217957584807e-08	4.31162109860498e-06	1.17926531910828e-05	1.30091117554012e-05	7.91581378413134e-06	0.000252329542632565	1.05547357621089e-05
"SRR39238509"	0.883747671017449	0.998601152946912	0.996015409183154	0.981965650836585	0.999588269737247	0.981244679486709	0.902753569689428	0.98888407220283	0.992044209362941	0.999922621018669
"SRR39238493"	0.0302190873872145	0.0205478489669223	0.999000760641292	0.00111042271848947	6.64627292997957e-06	0.770493482735311	0.000601334078860688	0.999933184490148	0.064712636280588	0.0158444001236101
"SRR39238551"	0.996023556250396	0.955213877755615	0.975490557618909	0.702524706072584	0.569021529873801	0.892748109068929	0.999687926767192	0.999069245303016	0.0108057567436409	0.0187070198220831
"SRR39238476"	0.0178949474282404	0.000626636964503153	4.59289194644175e-06	0.000210318341608413	0.00103886129867992	0.000200030862603007	1.76170333942386e-06	0.118942691231444	0.000109282780091413	0.000177416727717545
"SRR39238475"	0.218598346327096	0.14689038413029	0.0329089334363874	0.0754575873632313	0.953600350146804	0.0415724425991042	0.225623445390503	0.139439334410285	0.0201359378558532	0.695825341543998
"SRR39238550"	0.986250403639109	0.995114067934469	0.398685571846169	0.775518090724191	0.966758122674431	0.906241502287632	0.205827590181917	0.470332595245877	0.233282874648278	0.904984588008442
"SRR39238474"	0.015526497355722	7.53948822515972e-06	0.00756653030870499	0.00155647504239549	0.0107154694582505	0.000637837507640871	0.0933206289638926	0.000111837102341506	0.00341506167250914	0.00270770684333377
"SRR39238473"	1.75854800149986e-07	6.45076005451835e-05	7.93133136539579e-11	3.99859156633012e-07	1.70327960794719e-07	2.01989895622405e-05	2.58035839221742e-08	8.40180362169794e-10	3.73497287668161e-10	4.98074023646824e-08
"SRR39238472"	0.00110717125109152	0.000836041234278765	1.51095447996759e-06	7.66243045800872e-05	2.21163521622799e-06	3.71126480022397e-05	1.42557228355428e-06	1.03659932814342e-05	1.71306559663538e-07	2.12292309057747e-05
"SRR39238470"	1.75268400594503e-06	5.87094299302498e-06	0.000151057549329527	6.82964148845204e-06	7.40321338886832e-05	0.00267214186655669	2.93593380676092e-05	1.08872062108575e-08	1.47213145872659e-06	1.23264876841556e-06
"SRR39238469"	0.0234427081897037	0.743906237912026	0.675822040787657	0.00819641017797379	0.52337317554345	0.198689172768946	0.00261791035641822	0.0610187712577243	0.00447854559921543	0.0961720844628043
"SRR39238468"	0.00309984488033928	0.305799314796623	0.550033302955512	0.000539100610813968	0.116283798864875	9.38188155305029e-06	0.21340942315356	0.00154636116746911	0.285038066477122	0.605761629742849
"SRR39238467"	5.5098863441584e-06	9.65296272534404e-07	2.36615928424743e-07	5.41795106279481e-06	1.12061332061027e-05	4.63140215344105e-05	6.05334813443748e-05	1.02394915570447e-05	7.31194771735349e-05	1.44464614218761e-07
"SRR39238466"	1.62706440845832e-06	1.47766640057099e-06	2.81849469951847e-06	0.000101059989698329	1.09017888688073e-06	0.00450753135929385	0.000205931637128582	0.000281318527750614	3.17058086040999e-05	9.32960406641141e-07
"SRR39238465"	0.0064326045294811	0.821960714048279	0.00884523651260975	0.192871576891901	0.00710643131966406	4.57236045024101e-06	0.019654513175675	0.0340033762813107	0.432227624396229	0.514117852689934
"SRR39238464"	2.22984127964784e-05	6.76076443641837e-05	0.00214017097591507	0.00774958220701455	0.0029002945049994	6.61573237429673e-05	0.0583577693561248	0.0004224359811099	0.00206749274487095	0.0679413284375998
"SRR39238463"	0.972127871919572	0.993168733143089	0.670825100497625	0.705525986118648	0.927336881897877	0.967292181225308	0.0220640347590042	0.319295830310749	0.0637158294704469	0.790162899814161
"SRR39238549"	0.858169238018154	0.999970820315331	0.633365487149393	0.609941943575757	0.999048086168151	0.770433885968329	0.999224995000708	0.999896950225828	0.0101660724240628	0.999996639452786
"SRR39238462"	0.0222992188144	0.0496007455833607	0.00106379069619948	0.0386301316451342	0.00489933119360199	0.00650872441650549	0.0107123282812815	0.0107149448745337	0.0510506369464355	0.100271506486262
"SRR39238461"	0.0931256333681073	0.00822712822603465	0.610005399843834	0.0358193538417659	0.113230801130554	0.537716311608976	0.086669320753552	0.456570255056776	0.582394152847593	0.0296199945373823
"SRR39238491"	0.0151540952594985	0.014297675310962	0.00617795833055855	0.460639632840561	0.000797290068666107	0.000469392453885983	0.00959362055302104	0.00560975179171496	0.00289410446280057	0.00551529898628772
"SRR39238490"	5.9773507289637e-05	1.74601393715106e-05	0.000339050630481387	9.59333026654657e-06	8.01745221061275e-05	0.0184587547267811	0.0013132569958028	0.397411872854904	0.000459019023032291	5.41125119600907e-05
"SRR39238489"	0.701815693166604	5.57367249316185e-12	4.03291736772517e-08	0.178316326537168	0.702776172196986	0.00339574268769505	0.826153106891154	0.0661201613158566	0.607339061432514	0.877292378967997
"SRR39238488"	0.0188464874495574	0.282039587251128	0.0180367263162681	0.0582568123625149	0.882257938350528	0.959670828556936	0.871907392499763	0.495362649882305	0.00991714420339247	0.0348845344750011
"SRR39238487"	0.998948581770185	0.443089098740804	0.0121317944671005	0.520528354029748	0.480995656034325	0.0241335034253389	0.910864736197658	0.998179639445418	0.362183134421319	0.929689294865829
"SRR39238486"	0.000291687818259742	0.247401979738015	0.0016931804611215	1.1942135518005e-08	0.0113281868737386	0.15059296017237	0.907667134123135	0.00266505984287311	0.117859763895533	0.00234217069447906
"SRR39238548"	0.00112295533797726	0.00389805345418851	5.45429588490999e-05	0.000104643542866391	3.38984380180041e-07	1.2768507760629e-06	0.00399600221927368	0.00658091349770146	0.000623616360143619	2.91770589675171e-07
"SRR39238485"	0.0146790813271971	0.987157009195857	0.000192017574762026	1.15973657643297e-06	0.539524265960909	3.167484242086e-07	0.468791009867613	0.975201824350234	0.0651136897095242	0.0309334122424589
"SRR39238547"	0.988677796320324	0.99681517144487	0.988285675523832	0.999984849286277	0.940410104212581	0.997950577534908	0.998089908119031	0.999999538103374	0.999894162402155	0.273681552219043
"SRR39238484"	0.561911810495859	0.0157741756914421	0.675475418376232	0.112241569759395	0.0772544573528278	0.145732757949709	0.636139130575328	0.201746197638932	0.285916663190653	0.264016293520303
"SRR39238546"	0.998874759447029	0.973574643626349	0.999997665493514	0.9994232423255	0.999311735884089	0.877785399524632	0.999681423260654	0.997280948413337	0.999832356644439	0.999769708340275
"SRR39238483"	0.989225059839923	0.000726269211141023	0.999994783124512	0.133681220633522	0.0340243383823833	0.0397771777208444	0.662069360210703	0.00142447655804775	0.500385398192379	0.393604135189796
"SRR39238482"	1.56599869751339e-08	1.81063066861665e-05	3.98274230691305e-05	0.000670922651646769	2.90904784769088e-06	5.17527305443423e-08	3.39621128951797e-06	2.98753488670485e-06	2.34618088658712e-06	0.00013650772181027
"SRR39238545"	0.999999995633111	0.970041987201038	0.999999496197593	0.0310470670547718	0.991553251961516	0.932883373689449	0.999228494762678	0.993146904118009	0.99933451021036	0.999246748735658
"SRR39238480"	0.00168613097047657	0.116379160818189	0.870242548869569	0.574048548015624	0.00493430281188667	0.65227536530261	0.0150778543094816	0.67664903169837	0.100699706100004	0.553159816748836
"SRR39238479"	6.05137636235139e-09	6.2541218699732e-05	1.75442328518301e-07	0.0021094069674479	5.74615773410815e-06	0.000142256755941941	2.525879061508e-08	3.14977575626418e-05	3.44727113325904e-08	1.62155928342032e-05
"SRR39238478"	0.974116057592975	0.999470585912535	0.973771977548505	0.00907121142865855	0.873447572501735	0.992884902633555	0.654972339448951	0.999186638039767	0.920711659292259	0.988986119957679
"SRR39238544"	0.000405472474707755	0.00142300446861211	0.000297671933788024	1.01516075961201e-06	0.00386102269684816	1.66648314925008e-05	3.12689673503663e-05	0.00156539939733074	0.00600335823424846	2.53484913384926e-05
"SRR39238477"	0.00591587349022267	0.0111846652744376	0.00786058402770936	0.0110859922556343	0.000661416627195926	0.000645744289257116	0.00214290141318927	0.00220928431783808	0.0235060691959377	0.00108935577633586
"SRR39238460"	1.90549830853347e-05	0.0046936623321386	5.34018172565646e-05	0.000206701654096081	0.000115765560263822	3.33697183703369e-07	1.40456508865442e-05	0.00789569444772766	4.68258347078434e-05	0.000755401683588125
"SRR39238459"	1.32152818544866e-09	6.67706839540333e-10	1.05265908099356e-09	1.31635486386468e-11	2.34634044236909e-09	2.10299756537072e-10	8.03068099114257e-13	7.37126816300892e-09	1.7099921421676e-10	9.89835453507385e-08
"SRR39238543"	0.990885081463977	0.987323604605832	0.954939410094773	0.294835675789353	0.845419750693481	0.977616460045643	0.977793930192617	0.993565100080031	0.896362889294899	0.999171876982495
"SRR39238458"	3.61368872579222e-06	2.61726619217029e-06	0.00332756585934731	0.00753906939104391	7.53680412398994e-13	4.19124806137282e-06	0.000919743728462336	0.00121159522642511	0.0254143115787625	0.013619124619127
"SRR39238542"	0.128695678492219	0.544184534625919	0.749586140849895	0.189620045540055	0.529037639287292	0.610375626203648	0.95432588538388	0.610679858867845	0.709103948848721	0.242023943758326
