"Model_1"	"Model_2"	"Model_3"	"Model_4"	"Model_5"	"Model_6"	"Model_7"	"Model_8"	"Model_9"	"Model_10"	"Model_11"	"Model_12"	"Model_13"	"Model_14"	"Model_15"	"Model_16"	"Model_17"	"Model_18"	"Model_19"	"Model_20"	"Model_21"	"Model_22"	"Model_23"	"Model_24"	"Model_25"	"Model_26"	"Model_27"	"Model_28"	"Model_29"	"Model_30"	"Model_31"	"Model_32"	"Model_33"	"Model_34"	"Model_35"	"Model_36"	"Model_37"	"Model_38"	"Model_39"	"Model_40"	"Model_41"	"Model_42"	"Model_43"	"Model_44"	"Model_45"	"Model_46"	"Model_47"	"Model_48"	"Model_49"	"Model_50"	"Model_51"	"Model_52"	"Model_53"	"Model_54"	"Model_55"	"Model_56"	"Model_57"	"Model_58"	"Model_59"	"Model_60"	"Model_61"	"Model_62"	"Model_63"	"Model_64"	"Model_65"	"Model_66"	"Model_67"	"Model_68"	"Model_69"	"Model_70"	"Model_71"	"Model_72"	"Model_73"	"Model_74"	"Model_75"	"Model_76"	"Model_77"	"Model_78"	"Model_79"	"Model_80"
"SAMPLE-1"	0.838593287741084	0.842312254308815	0.913779436733078	0.79462265366288	0.888444589273655	0.908702875038356	0.893036270592584	0.850445491493647	0.854035588507037	0.776488717300465	0.798357648299907	0.932789128228432	0.791929017245564	0.884928923731858	0.951352368037515	0.833145670939443	0.579101944517336	0.864418772053584	0.871351360804768	0.851578815977572	0.912071684958235	0.768582707542996	0.842792351841379	0.884304521623544	0.915590908691281	0.876323626628873	0.959880158551967	0.599637716213499	0.886420146526282	0.753134177523768	0.754621702025611	0.870650300062038	0.808118946242399	0.881525680448793	0.783740240181782	0.872820905673213	0.801833584440448	0.765283149365541	0.795799706236063	0.861579380916787	0.946952270595189	0.786203827987102	0.956347088183284	0.940854630518339	0.949127755760099	0.960255562205001	0.864619591703571	0.883184311198209	0.925223653633964	0.891197117537766	0.588731792298881	0.906091372973417	0.846769684516924	0.85427705321889	0.858768098113689	0.828973373717456	0.898228941479001	0.780108956594561	0.818555260682003	0.767537015601928	0.917680822960706	0.841203751421938	0.799874614160669	0.889078827043306	0.745387197910697	0.913707721869647	0.867699998463506	0.87848527202399	0.840690064870229	0.934225458503063	0.776589760037511	0.943026731018499	0.841347216646428	0.779379525699002	0.797958535337654	0.75349835868286	0.88268991691532	0.791174212820517	0.864690771642862	0.938233472997466
"SAMPLE-2"	0.848825160750045	0.858941572480558	0.963196697568767	0.79462265366288	0.914082328752137	0.910365229593729	0.962899395980236	0.960117945260698	0.88678327019229	0.776553750057568	0.774361165898034	0.827620250353799	0.865802959755699	0.941615932679119	0.905429982488866	0.833364770894587	0.806396276989528	0.872427266394938	0.922487940227561	0.894900703507118	0.945799446373756	0.874409945672095	0.906128882278654	0.932551829103111	0.95281354868421	0.910386723274607	0.906761260912176	0.866324039381595	0.91907663030528	0.757045442419415	0.833240015236436	0.904304919483454	0.855070102096172	0.883153995763533	0.878418222413056	0.948154362432951	0.802492816124702	0.765609439551812	0.915186305214117	0.769878308957767	0.910874103619811	0.786536600734383	0.885829497572333	0.985333075939518	0.986371807031712	0.908681951314096	0.898121649017254	0.943204030099732	0.957284758761625	0.825196052244404	0.814149340587959	0.965059724650562	0.889970535793557	0.874176139921115	0.919363019676738	0.86367107533299	0.951987607571789	0.874204177124836	0.818911621091477	0.895231269685022	0.95677856373154	0.620133587345138	0.800305403377614	0.918502746603822	0.88664992490238	0.9541834564771	0.913044953375224	0.917837159548331	0.841740920821561	0.953940265522362	0.91312954383328	0.973375678054133	0.922693462799172	0.873030616684364	0.79820156889457	0.901079558310549	0.92653690789233	0.791671646976101	0.919123552458151	0.973553922488115
"SAMPLE-3"	0.766591718116505	0.810665327456815	0.878528822240719	0.79462265366288	0.819687165943483	0.903903687931684	0.850639331924578	0.798262378941467	0.817075068631185	0.775377678866188	0.777699605698442	0.817651509735302	0.753630550169557	0.823624957011445	0.887789216835082	0.829373967242882	0.523392013976407	0.828971672540179	0.918800266424583	0.797023476853388	0.862167794211678	0.733892770344952	0.80689351363324	0.824884817948208	0.862963827574497	0.595940879944584	0.876208303166009	0.35277700294954	0.81619198040829	0.740895346926511	0.716871281233443	0.828646385122144	0.768667713889377	0.824040052905704	0.768626684815833	0.78435231533191	0.794580546840732	0.75967074404505	0.768277895257966	0.743301363494203	0.823845113263421	0.785190860972786	0.866512888388333	0.895332336607104	0.899705065418452	0.889050777734672	0.823953728163672	0.836469626139853	0.780623509979771	0.780315424120385	0.508869640081191	0.87141230518451	0.810196535948412	0.817340903276966	0.787160918561609	0.798847280071199	0.842595781410772	0.777649553069816	0.776438697438557	0.750746313766051	0.894045204158879	0.778178766480732	0.798562009215158	0.849456335094623	0.637795197825166	0.866237447239913	0.826315907846585	0.766687792202447	0.832898592640237	0.795022549039906	0.722661453037909	0.761274155222607	0.806087833188536	0.779028436612545	0.797219086837246	0.742076870069751	0.766814939962116	0.783255436795064	0.792348528553563	0.895113082540096
"SAMPLE-4"	0.741178512550625	0.758745998323136	0.794223570333613	0.79462265366288	0.881045375365194	0.91038842665799	0.346272293366919	0.244296976848026	0.756213972035433	0.773767533635922	0.749473074658205	0.845950560465687	0.748929057959362	0.842362524595634	0.829839838379172	0.823812440085168	0.675220382579087	0.766323516299834	0.919273991522248	0.710885173141139	0.759123669030572	0.69257007640431	0.768241841500042	0.786611500956295	0.789858920488489	0.520021569007855	0.851115608160474	0.605301808356425	0.788091004964452	0.722867423947092	0.763332306687149	0.739548192172607	0.756252946221202	0.794707984859415	0.694901736104448	0.649983557314678	0.790700392429322	0.751411624728746	0.742029192223018	0.500128315705112	0.737008249972246	0.791173761815154	0.870653841743225	0.212732738263557	0.188439112423175	0.842225232495715	0.754416854719158	0.878782478326529	0.57677438001533	0.7456134103325	0.684721305972963	0.83551047332919	0.752456821118071	0.754465861268932	0.71375100127489	0.753005092117001	0.855377305185977	0.810487693800383	0.803222399968529	0.741825231065276	0.896886365829825	0.411643297874524	0.806286526388388	0.790297983637762	0.730427508554974	0.776827265904743	0.757184711046176	0.74274296633795	0.855920748523269	0.700371467820791	0.445691877939538	0.739945402989489	0.758674896967184	0.816014307852578	0.801594287592821	0.704663192215359	0.750980504766094	0.772609124738725	0.710063790532585	0.811636478637665
"SAMPLE-5"	0.760343342644726	0.784629396631151	0.782947688346404	0.79462265366288	0.905340412915017	0.873898975116663	0.303863922686257	0.220392559563118	0.806867570811713	0.773975388602286	0.739658444942869	0.827466495977022	0.837375618436888	0.912480379385866	0.7984280158263	0.82453671938963	0.559900848097478	0.783657654420224	0.939265784163843	0.785070422171778	0.843180587330379	0.817759013675201	0.848023190905055	0.870477267461311	0.874628098361749	0.880330900332174	0.79417465359732	0.46057200141	0.857871399172943	0.728364763063827	0.832913981102077	0.811860165049956	0.816634092496392	0.802699843702395	0.824479754629479	0.835911055846173	0.788495615052149	0.752486033976369	0.879963902858163	0.434834089025042	0.805627017133233	0.787487633632464	0.761881258361535	0.154978659854088	0.122190099677259	0.784065259257774	0.810460221040804	0.922524593066056	0.837470336306568	0.790278933730215	0.569456279162272	0.904471348810136	0.815786461703358	0.787680497707933	0.821926301127809	0.799240664431728	0.865834227218683	0.848448189762674	0.804422538282532	0.872260933863631	0.916396564485335	0.313345416200556	0.801535409958824	0.8372768554096	0.746162508927158	0.871940860817395	0.832360544645653	0.818007426765785	0.844719624405591	0.757527886590385	0.520519460357125	0.935617598722983	0.870561485541125	0.850890643176967	0.798896452517976	0.849107317828686	0.834754740089333	0.773546329454181	0.812659868094547	0.908210460308661
"SAMPLE-6"	0.779969716486187	0.793680204523323	0.829018376741033	0.79462265366288	0.888261435600032	0.875884464467759	0.300356159024358	0.182305880238575	0.80198589720936	0.77469038492796	0.75698060531094	0.925236421769832	0.783384822902544	0.884546935293656	0.911384494432412	0.827013817357986	0.459769167862189	0.805761464638471	0.932771285894881	0.778674405773108	0.838000849514615	0.74672612905126	0.808353612963928	0.823342144006146	0.857519967960941	0.856210092641557	0.924523668343706	0.376900121464068	0.846823284559219	0.733995520755425	0.776720090334921	0.824675435291726	0.790243860040177	0.828425633554741	0.760993533953384	0.776092624524826	0.791730949113688	0.756163309117295	0.794110406988848	0.494223852268998	0.903596199066426	0.786451329897688	0.883766864031747	0.174454518909618	0.15264974052523	0.922746441015226	0.806476262956911	0.906094560644605	0.804679422453011	0.881857551735628	0.468462222031129	0.889024589177066	0.799474536993847	0.797400460821106	0.790776740310781	0.789162825955494	0.848926841387749	0.82206510549592	0.808514398545343	0.782640454634596	0.909315283620249	0.437782110259395	0.80019503625164	0.83361508843411	0.661937338911552	0.851446234420453	0.813678600765868	0.809778147812845	0.841472069907118	0.788456679480685	0.398656538918448	0.908728156459214	0.813486534941482	0.824692363056186	0.798139287683281	0.734912714714756	0.818510373382948	0.778549394359273	0.789886243661288	0.882635997573016
"SAMPLE-7"	0.804491120059357	0.821544415569465	0.933665553733571	0.79462265366288	0.910068257311541	0.92564963649302	0.940846900803645	0.945902841856267	0.847624596390546	0.775152516791249	0.775287106098768	0.897795006219075	0.85446259942291	0.914994084909839	0.924961877539971	0.828603033233256	0.553676042102543	0.828721326050148	0.9011908489894	0.843036754898807	0.901886295275756	0.845710608898637	0.880652882022627	0.92236872366465	0.918837174959388	0.616916219926968	0.948444946823107	0.48102103944891	0.886510617427583	0.741689008311597	0.83306256285922	0.903141334707196	0.829203762511703	0.843618919847152	0.850967595400309	0.904763094235989	0.797737262489563	0.758524658678317	0.897356235174312	0.80905398874337	0.866755015733206	0.790126576749713	0.95272131264458	0.968196430170691	0.967982552197573	0.948902379251362	0.856016416736699	0.94514310769944	0.897968515466694	0.884106987385628	0.563200692528473	0.939956826733455	0.853517631249414	0.831570628041135	0.874503270182294	0.831062966028288	0.960346247343466	0.864850982364478	0.811129001699542	0.883215785780323	0.943990121615078	0.670850859644905	0.804939450321236	0.883499018716564	0.775579187359944	0.918900749398354	0.874748981202473	0.871873465901706	0.852794303880061	0.903903581925358	0.901144682703911	0.884246627298281	0.897266862581368	0.865989218988978	0.800827123750534	0.893376256158171	0.884576528839016	0.782402891742343	0.870581904306776	0.948838365390946
"SAMPLE-8"	0.790837260714921	0.802988072647397	0.841334380324097	0.79462265366288	0.889783512965413	0.898329698709335	0.562097257124613	0.441590742377947	0.812913722038034	0.774983031550253	0.801334784758313	0.883884217480591	0.788543371096483	0.856791862313659	0.916823293042537	0.828021274026585	0.680515143905152	0.816759785195493	0.858290429555338	0.793906971735828	0.855102995440729	0.755569358030738	0.819917263186932	0.880651879961124	0.871387861249574	0.86065417426682	0.933820466069857	0.711859864526685	0.844807321059786	0.737294988583659	0.776479907433416	0.840501618265429	0.795296108856081	0.838175623443981	0.781311669033737	0.817850358935182	0.794863468318567	0.757660056427428	0.800635447400576	0.801201363588707	0.918002300881168	0.788028350958302	0.920839064283856	0.499568480100684	0.471875638101058	0.938380155696866	0.818801659099083	0.891050954388762	0.915291855286	0.895651304513843	0.689982884305917	0.880727220404434	0.810005854924318	0.80856548224353	0.806909161682139	0.797650353248687	0.927731922979637	0.802118090508704	0.810172856998172	0.786393553892421	0.907823774544742	0.757770109896772	0.802233977736078	0.847616681075423	0.77055495619524	0.866516731788229	0.825986708500111	0.824965767758362	0.846396964015864	0.845428861016231	0.530529078036292	0.91618955090649	0.822755814110147	0.804403846138167	0.799291744910124	0.756962530357319	0.833177776932633	0.780880055446814	0.807139739956934	0.898431611203891
"SAMPLE-9"	0.805509136473508	0.812082709505014	0.893928905316748	0.79462265366288	0.880738596815546	0.898942339474966	0.567712449020385	0.41500926614125	0.816115772056605	0.775504029609879	0.768727247586631	0.927388947686927	0.759640771341233	0.878183267277005	0.937752923077113	0.8298056122157	0.586740481761121	0.832329094462877	0.930199574199079	0.799536031399553	0.861159365116536	0.718613750835761	0.802844677277485	0.818755316579795	0.869885784444056	0.549530466027142	0.950189453844857	0.547331172455514	0.845452798944102	0.741858530720869	0.742607628177563	0.839890911576299	0.776976900321598	0.85444071212801	0.734811279963142	0.776197972050637	0.797370746721293	0.760312600337521	0.746763997762092	0.652901635383426	0.889661364475105	0.787487205056456	0.957200402072485	0.53172899835189	0.525967275227069	0.952148725086532	0.823146139025394	0.900688834463648	0.735081243679737	0.85715983449261	0.596391139883581	0.898954254746745	0.807129198509816	0.818826302750637	0.799051520286086	0.796948707851155	0.874711245619954	0.815651914436306	0.813101876610526	0.728299870409895	0.91964895372234	0.697492915335548	0.801534856049804	0.851851177455672	0.714253883458351	0.863862209452437	0.822809440984156	0.828667359234537	0.844718290268541	0.836958449799166	0.486890124777853	0.789760442579115	0.793372617087971	0.817864754365861	0.798896139267526	0.685088201488906	0.832565451297631	0.784490384820583	0.80449479243569	0.892495528449801
"SAMPLE-10"	0.791981469155073	0.803978910323765	0.917062300035911	0.79462265366288	0.890049376822244	0.919029388652872	0.868747234681031	0.848770608178194	0.81409106875939	0.77501418579625	0.802104548958923	0.861054503892147	0.78918324328833	0.857943454800932	0.854627106204018	0.828128305060261	0.63072963443729	0.817910239885432	0.868081080056193	0.796261711612883	0.856892678497137	0.756631398852869	0.821633464986273	0.876660118157901	0.872860228311972	0.509544699108397	0.828008515931054	0.537071642621126	0.858741245142494	0.737648176160384	0.776537453646806	0.786984962936101	0.788274285255039	0.839187314621027	0.78276118249932	0.820043700638923	0.795472260955937	0.757819108018662	0.801479672909227	0.791044312795134	0.743283874988179	0.788501562888792	0.828327712270199	0.908166527796246	0.908579166686389	0.817067250333738	0.820122037372822	0.882790486243381	0.865019698672465	0.659058794886683	0.640398532394359	0.902386755831761	0.811157540662126	0.809749988832563	0.80866298805665	0.798579825080712	0.959525110402984	0.829400751818406	0.810348851730239	0.786946983027415	0.92172509087573	0.729643278681408	0.802844877569767	0.849480764984643	0.750358236790062	0.868116551127679	0.827322808947465	0.826584114296171	0.847855239739802	0.86996906537152	0.768056911261453	0.791916585074288	0.823835658743903	0.831837854684268	0.799637813687742	0.786908746392035	0.834749992644832	0.78117360205113	0.808996500209965	0.900339365014991
"SAMPLE-11"	0.72692265264432	0.784709587760806	0.777134315511861	0.79462265366288	0.827868925409451	0.861678663257117	0.242876791077731	0.144905902316974	0.794298055472954	0.774336562689909	0.796415027359479	0.747233260608809	0.790357642415157	0.76307141055013	0.784144236670426	0.825790781770034	0.337251502879361	0.79301700725162	0.838906022992404	0.763984649721098	0.824971288056706	0.754434289560632	0.806391509195937	0.852521084946026	0.837821004054269	0.579239158025378	0.705213698017081	0.123232440753948	0.799512636576414	0.730436188110772	0.752795563813606	0.789689256493239	0.77129015024283	0.784140029918226	0.780989325674653	0.782413991675634	0.788344305373759	0.754347184340833	0.80800878634878	0.6198457197312	0.697465226984508	0.785018066383858	0.633439640586581	0.118258843218831	0.101370790334862	0.73875773180251	0.797455818308589	0.83753359404908	0.852867647632821	0.684281671398272	0.322285720929169	0.882109328454107	0.79435275979656	0.786780817862576	0.764536942331852	0.784461829110141	0.919337058322753	0.821789915560034	0.768884900179149	0.799275414932989	0.899101249696441	0.691963196271932	0.798337910935661	0.822408130639334	0.538623919666902	0.841631638695724	0.807574233296967	0.726137913605014	0.83223164215904	0.568349330198264	0.414782130642898	0.714698435491763	0.818321275675441	0.824480453024048	0.797093002145639	0.753364556011127	0.73202985563416	0.775784393937389	0.762077699614076	0.87442544552886
"SAMPLE-12"	0.780441936284649	0.792228112390521	0.922660062932288	0.79462265366288	0.885354521770762	0.941603220706453	0.831625257178232	0.800260898743172	0.796343972679042	0.774755758187625	0.783719465584001	0.836102429825611	0.765818037049542	0.851736466519049	0.883919735418237	0.827239192867096	0.635569401139324	0.806711810847186	0.895090552678796	0.770597411933713	0.829549065913332	0.722590620087307	0.806515482896183	0.85370606319536	0.847051906927042	0.862834332665253	0.895347951291002	0.627733477195791	0.821748216183998	0.734110689558129	0.760760884686611	0.797836705616826	0.781155805159886	0.83064250432845	0.736908292763517	0.753623187588824	0.799563479837128	0.756498084802711	0.763669908643129	0.714483050810047	0.893698110138752	0.794622306104597	0.933863150420525	0.868742500864745	0.863099881383645	0.903592614773566	0.800480070215204	0.89435715270849	0.856838004638097	0.852104883291215	0.64522937644797	0.884328111856772	0.790931051380674	0.795352711425686	0.775623829243804	0.783171638867492	0.94899552375166	0.827769355665338	0.808885699384414	0.752461168170327	0.929671495383008	0.67702319632455	0.8107074519821	0.839572698185825	0.739989199846178	0.839468346970847	0.803674376741485	0.801438227293009	0.865904594632229	0.878705143900066	0.681116275215671	0.910012813604762	0.792460984263933	0.832095842515238	0.804124950693311	0.748867670147301	0.808159773212594	0.780272235462463	0.776699883119857	0.878010767930139
"SAMPLE-13"	0.831308264521024	0.844106846292615	0.950264383893761	0.79462265366288	0.91292036143114	0.927062961981941	0.954814442576735	0.955880631903235	0.871538186568066	0.775966227667072	0.80532718989222	0.923131639867301	0.865416510456979	0.931552951104906	0.954497803623401	0.831378659512408	0.806396276989528	0.855366972122377	0.914112701668321	0.87526613696258	0.930230603341853	0.862961894495014	0.898273957031344	0.943247471092432	0.940608324373355	0.483684470526059	0.971399713239241	0.855748576589566	0.906755925428857	0.750674674362437	0.833165533628351	0.930993585733892	0.83936836944212	0.867732823514988	0.888287639545524	0.937993010180887	0.802675225461011	0.762652704849715	0.908070808975193	0.843692656094734	0.893112271065688	0.790489375897051	0.969220244786	0.979669175743829	0.980836051205626	0.972550045019078	0.881961716931008	0.955667386009299	0.946402599849798	0.904486639996529	0.814149340587959	0.956571339874457	0.875745586457735	0.857537366971128	0.902649904943195	0.850677997979262	0.979858965341285	0.873479023699889	0.815675062379063	0.890325636911384	0.955593015014939	0.827026028693011	0.805406388120965	0.907232599169828	0.880961993983023	0.941621570502119	0.898457006320208	0.900716441731489	0.853882467701342	0.923253582138769	0.914499358070804	0.867763073078619	0.912807395276293	0.873620778475968	0.801092841690739	0.89790768808511	0.910968966293946	0.788178811774796	0.90117467298775	0.9658323127133
"SAMPLE-14"	0.781324813743565	0.791066461975428	0.912391889876731	0.79462265366288	0.87731570320434	0.901922737100308	0.80407205523767	0.760127498604455	0.790818925454471	0.774833698225367	0.796006302433489	0.89902991875655	0.746896948506998	0.849713441470873	0.909898099106275	0.82750764944295	0.806396276989528	0.808089398674376	0.910975923654226	0.762669081738828	0.821165579788004	0.696625243619858	0.7754523532619	0.816760671157728	0.836187507069413	0.859780006147336	0.912164397539977	0.857810055760903	0.832102026969514	0.734348512756916	0.743489582647194	0.775976342807568	0.771683732028821	0.833256241044074	0.746194733383504	0.740874109295343	0.791035221567224	0.75689689723352	0.729447429909834	0.785071185076233	0.890763211553256	0.784769054065837	0.920232587918006	0.84497395885972	0.840390469686734	0.900279992173854	0.794626164261684	0.875461746283787	0.863268771888502	0.832860846523573	0.814149340587959	0.87368912033035	0.782252647474639	0.79364069086358	0.759854279621169	0.77718693299215	0.929665351262928	0.802307310149002	0.809327756573599	0.718679369526082	0.895952311210584	0.849065334263827	0.798014868098939	0.820453298279805	0.800505072293612	0.826949824008506	0.793427803758296	0.79315247135953	0.836108315531539	0.874846330016973	0.631141648661998	0.909622616398733	0.76939234624171	0.805205443590214	0.796911329635958	0.708743362852294	0.797611612785874	0.779321469150388	0.763190580277257	0.852664775785746
"SAMPLE-15"	0.789072066021867	0.801095199486118	0.920423968582055	0.79462265366288	0.88819785956502	0.910934531004718	0.85498174429962	0.827472909318626	0.809909036307374	0.774945905357914	0.776047735176257	0.839410829794943	0.770939326924021	0.832070506161784	0.887258309687716	0.827893671040607	0.545041710659063	0.815075083051226	0.918444642537031	0.790248776456995	0.850614161076568	0.749173898890753	0.813458346456767	0.834680286271344	0.867053946505734	0.767650182648358	0.909925848841839	0.493820214846352	0.838648099105127	0.736747016859481	0.773221534928221	0.810654158018224	0.792560232144473	0.836963432768384	0.774188029636075	0.798653347166731	0.793407560769684	0.757470443956198	0.79346837596981	0.702316878258259	0.895623538086808	0.786660707242354	0.897291506773634	0.900085944251531	0.907139977981895	0.908783474479198	0.815501571577799	0.879290410002014	0.865285603210038	0.851344340678125	0.554518381155548	0.896820871967934	0.806485488785675	0.806242252333316	0.801193642696158	0.794971258236226	0.920603409954492	0.823692529616197	0.809962985230037	0.779676884139125	0.914694281633964	0.653688564517999	0.800466011610089	0.842745883403096	0.705815042203004	0.861704903652764	0.82190704370724	0.820749230633555	0.832244968126708	0.861286266876351	0.808973868851073	0.870622364304366	0.817017833516303	0.826003724477628	0.798292222130773	0.779000432653241	0.82866609287927	0.78040848083337	0.80162735866084	0.892361578918273
"SAMPLE-16"	0.724007886319864	0.811082986620328	0.794802798892059	0.79462265366288	0.71901955341403	0.60868972906959	0.380248541648471	0.232435773058601	0.819489301702162	0.775333207820085	0.702591857421733	0.672234101775916	0.780323554707406	0.734451985303162	0.844907634168048	0.829221877665888	0.59109245343698	0.828167749907145	0.909799640339741	0.798363818023369	0.865442681804868	0.74620572326402	0.772273336725326	0.598679803825414	0.856760909452011	0.532060189831952	0.737937247167712	0.375315263039348	0.771992521170504	0.740724826617716	0.68410270236514	0.848009115025851	0.75997563937736	0.790808174243462	0.720227552777498	0.773579853153312	0.769510252895563	0.759444614802915	0.784314262649819	0.269160310632369	0.800094374284289	0.757583365264031	0.53547372066569	0.272192642436654	0.260551379776825	0.827821333578914	0.826459061198673	0.763129901430782	0.507309092909559	0.773586075039041	0.553181565835767	0.892696171592456	0.814089565269484	0.817981150470768	0.775113048269296	0.801584569112927	0.302622048853739	0.77254143799929	0.733767985192343	0.76701683128072	0.796098248622599	0.478395724961353	0.762107642962363	0.815564996414476	0.584385407964122	0.86984970011782	0.83078045722217	0.690150698655867	0.721001746457599	0.527966602198954	0.448259729926532	0.538426065567212	0.816546892328871	0.768158298666277	0.777247866562558	0.715416468981739	0.683555954606226	0.778974673223025	0.780710828943261	0.875603162618133
"SAMPLE-17"	0.788532802732471	0.83843230488273	0.915883409397269	0.79462265366288	0.808224508048486	0.681240347831641	0.918141794197712	0.900637735759647	0.855875743573377	0.776118381603007	0.713179379593326	0.645762978807562	0.820232676771576	0.858643565468889	0.818592596211706	0.831894460752495	0.568709773229839	0.855888970322467	0.931113167552301	0.851899146516541	0.913486958328459	0.804664338869597	0.825153149531002	0.708170567527859	0.912514458201896	0.46427989675365	0.669862557981255	0.36456289818407	0.850056576023691	0.750331957872298	0.741973225096601	0.84856939308139	0.798825777530248	0.841031634054762	0.792402573862772	0.876056705079961	0.774413712694258	0.763420353917628	0.844234765184763	0.455019036908943	0.743265152679242	0.757583365264031	0.510691255429326	0.956639609016514	0.960660266340067	0.75009413703247	0.866011087165296	0.824207828786012	0.649006387681274	0.609327417681572	0.54803172965292	0.932070450786709	0.853518235120405	0.8503041111405	0.853810625262572	0.833310299867847	0.492660999638921	0.799501418917474	0.770096146081317	0.821043891829363	0.842954522166008	0.515137574653255	0.762107642962363	0.860214893739864	0.663445671145057	0.919127071509743	0.874953908227534	0.816476558598135	0.72599748787639	0.828764620604922	0.834671887695589	0.660352867992222	0.868774331587539	0.793579699579333	0.777247866562558	0.819228608489665	0.819719813115972	0.784563692432521	0.85748286220525	0.930310765950827
"SAMPLE-18"	0.725922023145124	0.804273555811155	0.93012150454938	0.79462265366288	0.787265423373256	0.949543497691223	0.88611486864826	0.876377787771451	0.817889916088113	0.774919777683036	0.816191430458923	0.681535412930346	0.804012424009453	0.783046702488909	0.788182325231406	0.82780383404517	0.806396276989528	0.815847795308198	0.909237481652929	0.796810134958881	0.862061548088943	0.776590101132072	0.844265093493041	0.909045808989429	0.863604924958622	0.733919511556226	0.713850445125204	0.740683198774459	0.792323602030233	0.737172418600716	0.732013239750472	0.83156329462545	0.776787277990573	0.786609386083281	0.837039767536357	0.822238534045608	0.802904690377385	0.75733695644646	0.826074444720809	0.809980083949476	0.743419315147067	0.797274627592658	0.73649974236302	0.923019587255785	0.920135762928518	0.7636297699954	0.824037353514028	0.861713157604332	0.926715878186754	0.714635404557165	0.788906533924582	0.911888461901883	0.817507993375022	0.810367138211753	0.791123543138297	0.80301976575596	0.980099740001905	0.849735805572571	0.746910906344994	0.812134307161381	0.94530036002238	0.849369363279707	0.814091472378618	0.863676220868773	0.785856667440856	0.873971629062416	0.834583630733267	0.719085116339315	0.867032028412721	0.718574122112485	0.783846920825263	0.815170494540027	0.840384251470828	0.853352941634941	0.806075899745843	0.816275044551457	0.7209821330628	0.781852428472278	0.791532918314949	0.915869161955623
"SAMPLE-19"	0.720900371208675	0.807261941591249	0.922545966579441	0.79462265366288	0.804829704109179	0.913268894392728	0.930935440838269	0.941694511951439	0.832078092521339	0.774677501151753	0.799946829244731	0.820124745312333	0.847746267559297	0.840922427523775	0.890875862789498	0.826969378360699	0.670508762593112	0.811478551325673	0.932474714834811	0.816818068726334	0.880977038574827	0.834864947212012	0.865801554023024	0.911838032381983	0.889119528695857	0.689086000609085	0.859294009818675	0.519916372274542	0.824066710772556	0.736357874211092	0.78150309776471	0.8989559338179	0.802305775165501	0.775482997990742	0.88590329313852	0.881388438553957	0.792317878865378	0.756097302811394	0.890615830203379	0.778329802114518	0.800437826692994	0.787176636723776	0.747617808081279	0.960809541264927	0.960478648339377	0.884685407036164	0.838815704453051	0.911330778970942	0.930370972587039	0.857353976399492	0.643751854854573	0.930632712699419	0.839108044345165	0.814775122671032	0.830394425408021	0.818718139800982	0.968108739783966	0.855766888931876	0.743732038309356	0.878891828145784	0.929219058107143	0.790416652327997	0.801133373638602	0.864180460258892	0.736528538967335	0.90032653080059	0.858852444676576	0.745622058847612	0.836183326645804	0.728863564218765	0.906935780233763	0.810745467376897	0.887120837215403	0.857115913702999	0.798669167044086	0.890655422895687	0.755723993392116	0.77856731752743	0.825576776501678	0.933899100120663
"SAMPLE-20"	0.816249632224927	0.831419067556561	0.948411334843799	0.79462265366288	0.91213199906731	0.940524208379035	0.947211649916011	0.952156077391207	0.858192678108695	0.77549815076057	0.811433465119487	0.932368227554576	0.859199684921029	0.942563622360304	0.955134777669757	0.82978554407586	0.564929299427179	0.840478844497998	0.95543994936629	0.857474884969936	0.91499458993065	0.853240397294372	0.892274464288992	0.945829039000796	0.928849393063431	0.642355906896998	0.966779196043352	0.513826930923697	0.90113590958835	0.745528589709841	0.833106274796347	0.91724334266993	0.834291771835118	0.854264850209102	0.902864971034571	0.924380258806226	0.803441725040856	0.760282756404331	0.902032969905765	0.854344748080959	0.889322763431578	0.79428659923986	0.96386586098186	0.97476222363341	0.976188251048754	0.96382042366172	0.867564896872264	0.960675980557982	0.954322249386658	0.901899254108693	0.574507236187477	0.950957212534397	0.863329851690659	0.843026192351476	0.887216367041736	0.839628543824708	0.985251001216079	0.873794072378695	0.813068994341354	0.886281173846833	0.956384227428251	0.855279364242325	0.810278122591605	0.897937486538218	0.792059277734715	0.929392796458059	0.885343272493383	0.884901763645399	0.86495369569583	0.914773164543338	0.919676451129264	0.90849550076378	0.904142386244467	0.875081198228553	0.803878304617012	0.895320864154124	0.896523161501451	0.785475769122745	0.88444810331116	0.958451539030064
"SAMPLE-21"	0.777889815936259	0.79927974869472	0.865045413916987	0.79462265366288	0.906650889872433	0.908393168239889	0.925027535856316	0.935216410216847	0.82326348334998	0.774423359186771	0.742695673252752	0.908450731078556	0.84405390605909	0.897199632014565	0.902561348648548	0.826091309976466	0.442343377097921	0.801731215624654	0.876363542319541	0.80784409828204	0.868291742213729	0.82882244674049	0.858465957176981	0.87524272912828	0.893456806059803	0.88108978000183	0.926786882496102	0.346657949372021	0.873292968443149	0.733480103200091	0.832970473365241	0.871244250478404	0.823813969619993	0.819136389030979	0.809489316660076	0.863762396361784	0.789876995753144	0.754793355678416	0.886856739555851	0.57025955819652	0.895618812933036	0.786131604330747	0.886555330035133	0.952815477553247	0.95133779285795	0.923805334152031	0.828961913641178	0.918681307910102	0.858992824008151	0.904033578109745	0.450812069140345	0.892540593708675	0.83094860911836	0.80528199740702	0.84370214041659	0.81183825114048	0.86146236936946	0.815876329448983	0.806992853370507	0.876524951842341	0.902862132839964	0.312318945266079	0.799781090001778	0.853464267668806	0.706256447293065	0.892046545843061	0.849685512009501	0.840312038176418	0.840461403719299	0.897728279277441	0.900332205572016	0.940609027418336	0.881347624611595	0.817156257278888	0.797905795863748	0.88917656263264	0.855467229449737	0.77658079095335	0.836738494251688	0.924701754232638
"SAMPLE-22"	0.811476789715945	0.817862133405574	0.877829005800365	0.79462265366288	0.881418227701879	0.879971249770992	0.852551315893255	0.790887219846496	0.824187749225245	0.775660964269368	0.763658224614788	0.932608129435331	0.749320173739441	0.851992870922186	0.940863462632591	0.830340769735336	0.532762482059929	0.838100516204313	0.850770390091961	0.809951122645595	0.872795740775085	0.732593309809886	0.803377447994776	0.795365634896911	0.880811801416003	0.840049934648093	0.943815612913634	0.510544772886188	0.866008369703124	0.743804318782408	0.74812496773732	0.835151627542978	0.789876820138783	0.859071676489153	0.710157401228257	0.801821823879394	0.792219507906205	0.761108542084655	0.762259038284205	0.639189973497285	0.931318295535121	0.780720826982978	0.921119075055763	0.900290949730589	0.905628691442528	0.944797105004948	0.832020255137527	0.855852346028251	0.812728689908239	0.88402588712021	0.542160515796896	0.868395898484216	0.816072811513221	0.825752553501718	0.813297167784698	0.803907157994633	0.748675928032509	0.757388942288608	0.813978241080881	0.741928810604907	0.87729231392193	0.577966861776732	0.792747191377323	0.851930510250461	0.690258007044581	0.875935990093491	0.83314082215735	0.839733334136265	0.822737259145976	0.908439417811876	0.703893081120891	0.900804737279099	0.806560477319764	0.757160406206855	0.793962202179144	0.729417712594469	0.844102250247468	0.784597026475802	0.818492820021097	0.898722154422018
"SAMPLE-23"	0.757699681562815	0.763219422381304	0.819624167900831	0.79462265366288	0.855668013804114	0.921426761914588	0.234756301308171	0.117823027696569	0.739775106411634	0.774422150883811	0.77009085539635	0.820835696863807	0.65594202444586	0.733440367343312	0.86546109254107	0.826087128541083	0.578034477820259	0.785866787320344	0.844090385519529	0.68726545496567	0.732606254459454	0.567666199810358	0.700387458675967	0.706295474236174	0.743095187056259	0.379631693152907	0.890439404981698	0.462513238411204	0.744902225122572	0.727353691147974	0.676633522378326	0.677045860289758	0.710206115638329	0.819093496001127	0.539805232034008	0.51162083167991	0.79631378833892	0.754787147403569	0.563107429098262	0.524603671363784	0.762916490104257	0.793149954741493	0.929662814938227	0.13138239147184	0.123807757298535	0.882050589872695	0.737671685123512	0.807811908491533	0.460219041933497	0.701725839662039	0.587661014457368	0.794921826716905	0.718619435100037	0.758379055733783	0.646020789596736	0.73177799246809	0.846265846642564	0.775805172552568	0.806985950365154	0.5666738196834	0.892900515786434	0.59713938664532	0.808822820479001	0.779724511127081	0.630891688491178	0.72139579894035	0.71575486877751	0.715577557460653	0.861700511980234	0.68796822131266	0.235299734838385	0.628363344743783	0.640880909223846	0.782994407084288	0.803043676370006	0.489880383255663	0.709882395153427	0.777654942598132	0.656355703385025	0.742146935995043
"SAMPLE-24"	0.768914500498058	0.787403680326272	0.795082293018966	0.79462265366288	0.894488355133489	0.873918552052181	0.663994741962389	0.606022717431038	0.801120149211592	0.774314707411184	0.765178929801922	0.848905814527989	0.806161143935453	0.89475672020981	0.884298743819117	0.82571505741367	0.806396276989528	0.793664746043398	0.927797882310795	0.776195783226514	0.835492935441904	0.776348388600901	0.817966895648198	0.841340775090988	0.861233573374125	0.884708009910385	0.931952176847556	0.858610741970608	0.833045858179862	0.730775541279522	0.801787019670734	0.834471363016223	0.800323970605863	0.815248337626621	0.805446875512278	0.80785623932534	0.786310400410788	0.754234771746833	0.833122678152714	0.637028276132284	0.893178748463233	0.78294531921066	0.929433346226891	0.623161924969684	0.60136166772485	0.924722074634583	0.804838970061649	0.901007920278826	0.850533021519321	0.891583075302817	0.814149340587959	0.861630554674987	0.803668957987753	0.790326887745221	0.800094356722126	0.791189612813486	0.843386494731899	0.79159781206709	0.806371482346332	0.823899547743572	0.876437388454274	0.714033135209542	0.795645461059745	0.826413035450016	0.827577873703192	0.856363073458725	0.818458657411217	0.809169598987762	0.830165471560516	0.83551664910275	0.701328262240471	0.939623044287806	0.837216252925552	0.793356421977523	0.795581735864603	0.81327112164399	0.821565841260675	0.775311134346919	0.795108932945405	0.886567253382186
"SAMPLE-25"	0.783112902053419	0.798339035667853	0.890617356081918	0.79462265366288	0.895764890504712	0.940164297192838	0.881830909132944	0.874744859754521	0.811520197926719	0.774717011807368	0.811278410543726	0.873329727859689	0.802830282271399	0.865059177378824	0.865078478724397	0.827105636466237	0.647505905289091	0.808448915469037	0.861405120972078	0.791651738867128	0.852305450676902	0.773877115888483	0.836684622096436	0.906569879630742	0.87254951077605	0.726857246062269	0.859564005428091	0.594694262133781	0.857882416778459	0.734968342463577	0.792968629000258	0.805932040855073	0.79731206267949	0.829331286921247	0.808567880440322	0.830412924010058	0.798948614247977	0.75629969436383	0.825474015001262	0.82285536980718	0.810720152233398	0.7941896642513	0.872802102973051	0.917312417848971	0.912707370053023	0.852136917747364	0.816830252137811	0.891135357634102	0.918997785848271	0.766434750270936	0.657134277937875	0.883936958231827	0.811799110629376	0.803312060794116	0.811387982473905	0.798257513703221	0.968683170663067	0.817891304103963	0.808665688555557	0.813189241871418	0.924553121248768	0.755475334740895	0.81015411228401	0.853265797269514	0.770455837643443	0.868303482498225	0.827979950726005	0.823417527918327	0.864678282954142	0.877015327637784	0.781742858410222	0.879728887979117	0.837089394461675	0.821365602004198	0.803807097709592	0.818690904164419	0.833904034706164	0.779928536384605	0.808995033123023	0.906782885552081
"SAMPLE-26"	0.800360537745879	0.807840446507727	0.880662916220954	0.79462265366288	0.880682473477782	0.891295302056079	0.494898416472116	0.339369368590823	0.811566427060783	0.775349114282313	0.773859593120408	0.938289111364687	0.759471739550289	0.837220619354169	0.942612605682957	0.829276287171043	0.616649030119542	0.82714721364997	0.858651498692603	0.792949749841847	0.854204927294975	0.717417053511619	0.798848524650277	0.814873116265127	0.864452523842074	0.617677426327327	0.952915440230887	0.598561202002735	0.853293548432868	0.740219372170851	0.745179960727829	0.836774332711356	0.776956844236431	0.849748553809284	0.701526095617008	0.772404686793542	0.795772372652526	0.759525510051048	0.747730443484844	0.612349522822334	0.896698378321599	0.786698701730433	0.955929095685637	0.426022505804303	0.418306891835543	0.951133953340102	0.818001127621842	0.887607642625649	0.766727982022074	0.868458660353545	0.626331349927749	0.894215267506238	0.803060418439126	0.813820598852795	0.792990601630813	0.793573503064519	0.879501820212351	0.813622068209508	0.812234102595512	0.730882967414728	0.91481308438931	0.683271841584797	0.800515175103431	0.84587037066073	0.724686583116453	0.857998071707667	0.818047518077891	0.822454978940594	0.842251204117408	0.825076272234891	0.467474727119309	0.812711964659032	0.791384918394291	0.815902738806383	0.79831997668965	0.683692394576431	0.826752971389604	0.783278455128849	0.797740288644922	0.886271647388207
"SAMPLE-27"	0.771106210083996	0.783873550906122	0.904505741640034	0.79462265366288	0.883316186412422	0.939191690060325	0.815187923656665	0.783232220282781	0.785613310848463	0.774520906010339	0.810781604944858	0.897246247322625	0.758086008565052	0.818236513259888	0.887689041172247	0.826428669570966	0.806396276989528	0.797297997838263	0.846306572976055	0.754810673559158	0.811774616521877	0.710300861173384	0.794687559054543	0.869377919953036	0.831777406280752	0.491592639656737	0.897662044650985	0.822535592713677	0.828288750252159	0.731340761834624	0.758221052020397	0.782656212277616	0.766753924093265	0.822573582553926	0.742908752805462	0.745763288026146	0.79754799586777	0.755294279917134	0.751999986007105	0.822255834130996	0.786076773746591	0.79387926143283	0.929615771811815	0.847887384756563	0.841954772221011	0.888441336748186	0.788340072432624	0.880817416668881	0.84215849310304	0.767178221304582	0.814149340587959	0.871594958514273	0.779966217130985	0.785181284571745	0.757872632810549	0.774656210441627	0.969802415572772	0.822202017483215	0.807549602679592	0.743593810951332	0.921591737261221	0.825521175706536	0.809756883418191	0.827267052660646	0.81233396779244	0.822643590564854	0.790608006781264	0.785989777125202	0.863793824388887	0.835024999281948	0.681311984513969	0.754818901525717	0.779920764263961	0.826905733585099	0.803579116419935	0.740377604253536	0.792654866549632	0.778477380903708	0.75830916083105	0.860826541100473
"SAMPLE-28"	0.73152972254747	0.744590229492343	0.719676649834884	0.79462265366288	0.864226944369225	0.893279615316753	0.0974879207229683	0.0433223214916329	0.725584951301008	0.773687855681412	0.750762870452577	0.814916039805732	0.687253794181877	0.771561819734696	0.807400013863909	0.823534301669221	0.568341200183709	0.757795359805191	0.885401293218904	0.665427381676677	0.703098502387115	0.605288604765518	0.707018022496356	0.69754862464448	0.728848066636892	0.606766122545023	0.807799577814623	0.44572939125496	0.748104772881523	0.720165145307699	0.715846176399999	0.652376121050861	0.725006219690909	0.791582865118344	0.586911847554714	0.517134798393704	0.789300206340037	0.750999125905229	0.629775815090465	0.361817770740211	0.750780065600254	0.790170978135267	0.817317286423073	0.0304803633230129	0.0245911074478883	0.799716099647304	0.72017305312207	0.820399498086588	0.487670648292405	0.705340423185076	0.577933196182293	0.781142573748984	0.712404563946491	0.735928264435284	0.640502269412866	0.725143098151512	0.777333146543144	0.780409443114227	0.802761081583224	0.638180367270878	0.873303987977812	0.347600462433198	0.804996610454813	0.755959620031392	0.632377973927681	0.707441534382656	0.70772909213405	0.694770283420359	0.852927764234625	0.609571766569026	0.168614743708533	0.723972260173251	0.673104989596456	0.787441845961127	0.800859639975711	0.551916242450149	0.695210812194102	0.771870384703514	0.64232318036064	0.726773255053154
"SAMPLE-29"	0.761885552075379	0.769784027754807	0.822574432576376	0.79462265366288	0.854208783406137	0.681240347831641	0.695274624378766	0.604288707257841	0.754758553735193	0.774450978547068	0.699781493259317	0.813505989123555	0.690276831598459	0.744987402860413	0.85794721427547	0.826186871812408	0.570068888332115	0.789422103607887	0.81193749464692	0.709449397873428	0.75944659953803	0.615028831291121	0.662511422124015	0.459537196901335	0.773806834636171	0.41986864220192	0.863303749438423	0.467329524773373	0.767330110936091	0.728586575517944	0.703846278100846	0.703552474604408	0.731726197555041	0.820114721004276	0.515827675620502	0.579894386061936	0.76392704564228	0.754935241764362	0.627778907319463	0.400655778033189	0.796569638246204	0.757583365264031	0.821426817835327	0.706186429362721	0.711367417715778	0.867153886361538	0.754308126163808	0.751551661979846	0.266765497508791	0.73250765133718	0.579667627729249	0.79592172452988	0.738903850266773	0.766955663105434	0.683647377297287	0.745736065473962	0.303939833241398	0.718844371309773	0.807150598028193	0.626856862824146	0.709478807771456	0.421647326743169	0.762107642962363	0.734033965548895	0.601362037740077	0.756556725226371	0.740840147694121	0.739022083106657	0.734410560998481	0.809015989037521	0.553845456036047	0.58732650799556	0.688817026896516	0.717210854544719	0.777247866562558	0.60402807964018	0.737776020137492	0.772588826737531	0.690501341560708	0.723942588822652
"SAMPLE-30"	0.748910981448049	0.760373634034122	0.885879397528964	0.79462265366288	0.86812932017742	0.927554562293335	0.709620226955313	0.642909577466689	0.747130952288326	0.77408205371507	0.783931766992263	0.836655460400564	0.703417234096092	0.749136759569337	0.88177009689077	0.824907669959892	0.54871194059863	0.775629101408785	0.812188417135409	0.697784212100226	0.744332290735992	0.630653839480787	0.731433948023077	0.769649553975477	0.765608298275515	0.833555720290491	0.908940477536938	0.498047263829504	0.757386682296707	0.724942474856323	0.721383027314701	0.740440907024056	0.742651704177045	0.806710944018125	0.620149440208071	0.598970271081084	0.792015678304452	0.753036448929464	0.65617007549371	0.674171135079299	0.89461018275892	0.790616978430735	0.901048540538322	0.714696177492626	0.699932085103039	0.915628686469624	0.745050674543998	0.843257104114698	0.75625670448025	0.872886052204421	0.558209751437778	0.813463996840238	0.734807773006906	0.755652646649213	0.678945338759183	0.74175157826639	0.918156973818631	0.790175208613818	0.805036561856049	0.657966543349723	0.889573846252121	0.547423302423069	0.805570557345411	0.781360602286763	0.640323698178916	0.748243861091567	0.735661545162529	0.727911595614172	0.854263932584674	0.82657064492874	0.536021481398376	0.856015404366281	0.701393873990975	0.796274020122284	0.801186316076747	0.644090721699298	0.729354185815372	0.774806574103913	0.681955250494572	0.774047990041579
"SAMPLE-31"	0.799278418277141	0.806572499460409	0.93047580625031	0.79462265366288	0.881180228968954	0.934840367168386	0.82722104974499	0.774211552050731	0.809353113020311	0.775328229805185	0.75769395060368	0.895724917117531	0.755424761511145	0.833034919000479	0.932791848314144	0.829204847645428	0.606019346172276	0.826147940431924	0.856506146274925	0.789778539384582	0.850923998838696	0.711667397372528	0.804199409349825	0.813219164436384	0.86105496332543	0.740779272987604	0.946914561564173	0.59790936141263	0.835208130862509	0.7398725230458	0.74205073337037	0.832485189455146	0.776877657571268	0.849106736165485	0.666329318697702	0.749720867607945	0.800969469706323	0.759419295206047	0.740647731921892	0.546556968431078	0.912980231105695	0.792600989518244	0.925868120289046	0.872259100954654	0.872652826480116	0.950924848527211	0.815587160703709	0.892125021346103	0.734172920662801	0.88160556022357	0.615699649842164	0.894177299944694	0.800320433207867	0.812257323471119	0.788391646295588	0.791532860701763	0.896415313659158	0.821824787404694	0.812116912011827	0.724193504689719	0.930239581347147	0.315943898865252	0.808119035674346	0.851278262574201	0.724089342694705	0.854184864521794	0.814851695562548	0.819323635514074	0.860110722020682	0.884652237950031	0.643546355977161	0.862319277212958	0.786126264503736	0.825286447067765	0.802640834961899	0.711118192982768	0.823276828933211	0.784022299343514	0.793442657633223	0.888075213599477
"SAMPLE-32"	0.739582598645615	0.786124353701313	0.894547925139935	0.79462265366288	0.802630510034934	0.894584883814919	0.766671170101363	0.698188018257788	0.780544836585293	0.774796387440223	0.758986306095418	0.704722661107643	0.724752942180523	0.692677415758232	0.820729101572887	0.827379169217316	0.806396276989528	0.805069661899071	0.811444266374879	0.744344613282324	0.804537231278892	0.665434317954834	0.751803747657329	0.72439432041631	0.804723862510286	0.533506739142542	0.7551414747929	0.777392606853232	0.756995967020652	0.733286346785359	0.685584373070581	0.751839255659497	0.738315171877035	0.803318279028618	0.626531938386544	0.659375791838657	0.789509096323523	0.756706024298478	0.689172731842834	0.585510798717759	0.763683041580482	0.783332032415831	0.813431523432049	0.799004432721767	0.802613051734831	0.803380931629094	0.78335480276903	0.779317836502821	0.608752662541963	0.696303275372539	0.799465684762409	0.853279583602804	0.768748318519422	0.787336815646674	0.714302828807229	0.767530351095165	0.819342583253835	0.789121168034471	0.773255175240786	0.680625877534292	0.882290157244312	0.624250233426974	0.7961483906201	0.807526911228269	0.745561406101508	0.804362427603667	0.777268614804274	0.702949031208356	0.826804308191802	0.737053502437056	0.618154395799485	0.630807467728541	0.74010841398813	0.792254760855802	0.795863529944586	0.664215192310541	0.697665232685396	0.77883816416746	0.721370619206468	0.826784730182809
"SAMPLE-33"	0.764524843689951	0.780883989916136	0.907743084210285	0.79462265366288	0.890033179638839	0.943738393603969	0.843577875734219	0.823374254114821	0.78765653725103	0.774280429797942	0.800313737572808	0.779141189326454	0.766609678685368	0.865770563821587	0.831519876806512	0.825596250219278	0.532466153245272	0.789882652875949	0.913803944379897	0.757560819982825	0.814220704368205	0.739375527836739	0.811820062609395	0.880834029531115	0.839119878988718	0.755431052162534	0.85729334638088	0.419915849462089	0.812431559834169	0.729464538230218	0.78023411433981	0.780495045452967	0.78143019521594	0.814008672446052	0.787861737994949	0.7661904915393	0.797485119712295	0.754058410601894	0.791120564500334	0.790374208894559	0.809579850885373	0.795302873544987	0.911225905949545	0.87462216659399	0.87407018713807	0.855926065316092	0.790098047233523	0.899959275947161	0.875551961070227	0.782033445665403	0.541862140304161	0.878755883722963	0.786357447279577	0.781972562069194	0.770668325795692	0.778534785735589	0.968266843692684	0.833510254109383	0.806175180269693	0.7834641649521	0.927265152325795	0.783584092856228	0.811577123963795	0.830392651751483	0.699295553431332	0.831512007186853	0.798124848171389	0.789479597829125	0.867818448085527	0.852210895022855	0.788237257609249	0.88110555268897	0.804697266454634	0.838218144906032	0.804625164830293	0.787903369981267	0.799353975047144	0.776973179390181	0.767643952884327	0.873308180739751
"SAMPLE-34"	0.762051500271026	0.777809756798643	0.887861484811034	0.79462265366288	0.883677915393945	0.884075128872479	0.828002205878098	0.810893366707961	0.781944898410567	0.774244421670061	0.767740641922541	0.823657572154462	0.769897620772498	0.865303138902577	0.846744126034156	0.825471389999021	0.586593024956814	0.787590276883699	0.923708197128616	0.749197107340889	0.804821538988443	0.72518492373366	0.780333165984491	0.794488680698376	0.829607912477651	0.842485981270122	0.861850698871937	0.533602271400059	0.807298765773396	0.728740042392149	0.77256995760575	0.776875294852904	0.779367837772288	0.812699666044129	0.755886606006657	0.740808412613534	0.784479992289087	0.753873074441977	0.774625222332343	0.694718982916451	0.864785572760703	0.781409535606369	0.902318087726577	0.857490521462467	0.850219857481867	0.869761988758728	0.783775704683631	0.881071814622315	0.804297990232625	0.832944185336062	0.596243329488468	0.86307304756875	0.779279878637506	0.778072239640128	0.758492465957887	0.773364658938804	0.884439576990114	0.805114291009991	0.805968827835643	0.767976162404346	0.877368284736724	0.744615805225048	0.793645456916928	0.803711078550917	0.697769617397006	0.820817335432407	0.78970174929847	0.781025517907689	0.825058055559679	0.860913913617696	0.727463860137742	0.888554945796471	0.791748969628333	0.807724094882658	0.794463355294495	0.77052564106067	0.789958107899979	0.77456937962092	0.756120717371339	0.845590699837177
"SAMPLE-35"	0.729963428355153	0.810121908111873	0.872473713309445	0.79462265366288	0.742296959012811	0.891234088553436	0.852832347770738	0.814947570741417	0.816939630557141	0.775344518052302	0.770646915235655	0.733513211858243	0.773248983697452	0.734376819804652	0.803814846391637	0.829260566480247	0.598896318673488	0.828009814330001	0.893636602893905	0.794239517075583	0.861884821143662	0.736488043625448	0.804149044293414	0.794971773279016	0.853669876263786	0.479946218601461	0.629839789064744	0.357055697447741	0.785669561681076	0.740610981402857	0.682926245453454	0.806595152861279	0.755618405097222	0.796088953915875	0.758020068875597	0.773675715318342	0.792166404280901	0.759502136567477	0.772045945411547	0.593307133014348	0.703135343053589	0.782721297178678	0.520857157087998	0.896992964520627	0.897056221589879	0.722115328734389	0.823751556118316	0.761002835333801	0.741371751138038	0.629612810947267	0.564798502431081	0.871126438772841	0.810468824107582	0.81673354631488	0.771050601270677	0.798957848996738	0.806804315342856	0.774813186008658	0.740300501435804	0.754789302472877	0.885057331862857	0.598551162393877	0.795353990448552	0.846068217211152	0.625701700367477	0.865253256676059	0.826620534096237	0.697424408076853	0.820375145847104	0.677099816649145	0.693863318141258	0.564323529011316	0.808168185207827	0.775655064278532	0.795418527218074	0.74708855405353	0.690883524263014	0.7826539672418	0.777256764796663	0.893365109962244
"SAMPLE-36"	0.796655568623318	0.814976971550424	0.92829988622725	0.79462265366288	0.90883817856168	0.916765191619538	0.93639375670567	0.942838068224364	0.840512994791405	0.774930666815629	0.767286879235827	0.899769888756296	0.851355680567392	0.929208157848524	0.882710893258692	0.827841278684736	0.67587480740925	0.820825768006507	0.943267714844136	0.833165328783141	0.892557887317293	0.840717515703755	0.873226051400449	0.90548687080178	0.911756297385724	0.760078719155479	0.888005797802535	0.650522205303516	0.889029310865438	0.739206945858137	0.833034526058812	0.868475451095942	0.82840156082466	0.836463814936137	0.862319178168278	0.894552950962718	0.794509585039294	0.757392594264039	0.894253968095272	0.680870327402347	0.834659416185812	0.787971603672005	0.859627665483651	0.964113904325363	0.961948508305944	0.882560783089047	0.848177846636074	0.938108684673034	0.897516440915962	0.817979282028664	0.685371785567789	0.933867540722527	0.846922802441221	0.823879364758093	0.865718983238006	0.825380518689401	0.94845445121722	0.859592466216617	0.809876798542103	0.881212451481869	0.935904117477844	0.518328927802693	0.802160690390978	0.873931645323915	0.813814247531107	0.911442661744419	0.867521695887911	0.862871490876456	0.846221483053989	0.904766749055774	0.88379390262061	0.914846488153454	0.892630894403716	0.860707112500898	0.799250252486148	0.892112517559005	0.876298044206784	0.780498273250003	0.860962071590849	0.941891527718288
"SAMPLE-37"	0.776894808891493	0.786225174067617	0.842679649132313	0.79462265366288	0.875726182626419	0.907836406594769	0.291447942433166	0.151419150737907	0.78273707203548	0.774744738917487	0.770184935259671	0.868745876230678	0.710315213013635	0.799277175486556	0.879076857869888	0.82720121676754	0.261524259591439	0.803853412429868	0.83806813736228	0.75083014870765	0.807918339254825	0.678309046440354	0.773384679083348	0.794490982207956	0.822930356448097	0.719061456408889	0.875535167428335	0.12257912174921	0.81641049867117	0.733011370103535	0.734470162495864	0.753113131908973	0.76075249903767	0.83027040275432	0.649475801195175	0.688855888308071	0.796382473750897	0.756441672271786	0.707128296483427	0.509590826965699	0.845128092937922	0.791205016782655	0.875980206921235	0.176565861286681	0.175137980931416	0.874728514417471	0.785644870857968	0.855382787672555	0.725251189528301	0.777471204862856	0.266655530438053	0.862319350054553	0.772575537603448	0.787611444359062	0.743160442872983	0.770072130535368	0.86704160857886	0.807699451794862	0.808823146379507	0.698312042147643	0.912185230455152	0.459292796332633	0.806326699336077	0.821387826300587	0.515021182483224	0.812037026242356	0.781847343055271	0.781260620024945	0.856013383514378	0.766887707939995	0.415471879777664	0.831222614767928	0.751846351719478	0.812195425903886	0.80161719403266	0.635666155689452	0.784562423059793	0.779665123067294	0.747257837151803	0.844314692360113
"SAMPLE-38"	0.780265067591083	0.790103901245244	0.854474063171137	0.79462265366288	0.878750557317858	0.910295158774453	0.401166957191616	0.261000705577048	0.789553170820343	0.774806824873165	0.753914705837715	0.854811451315594	0.745892077948597	0.812480608501468	0.844143182346065	0.827415116774068	0.806396276989528	0.807028251851463	0.844594597523879	0.760807373087184	0.819071298311916	0.695045939764629	0.78417222634396	0.788098531265963	0.834341236908393	0.533829541495843	0.81001482665445	0.812643110229826	0.830760243920097	0.734029998653549	0.743117907397735	0.732182886612321	0.763601446834887	0.832358628352646	0.646873825909384	0.705122714877414	0.796419942034525	0.756759427657699	0.727861454108033	0.461793156816876	0.744691608346907	0.790855532047337	0.84150690442517	0.295775369061305	0.290412598744001	0.798499061274755	0.793196922560792	0.850710413459673	0.62530318361317	0.638983064732885	0.814149340587959	0.871674636284075	0.780934962366317	0.792468851734407	0.757692166907794	0.776172288046715	0.849950320202497	0.812559562809456	0.809175413462744	0.7174484435407	0.914598868288735	0.382919730257422	0.805877387808244	0.827870199111888	0.805622859253448	0.824907599837346	0.791852370206214	0.791323982028053	0.85497532375854	0.773902236756056	0.465767152642685	0.763513335427199	0.767768846303983	0.816640314556291	0.801361090648561	0.6677661032244	0.795752357161752	0.780054823788102	0.760976916314547	0.857824921125851
"SAMPLE-39"	0.725102446468449	0.7970181358248	0.861381453355683	0.79462265366288	0.799040539236724	0.856088899020484	0.705803863219243	0.613981791329958	0.810163490049045	0.774670577785731	0.787642196877818	0.753875036654542	0.775925521068536	0.807950698091572	0.860921500769017	0.826945495153844	0.533413629575666	0.806748512776462	0.924282592758047	0.786110889439535	0.850177909867922	0.773629949290855	0.815556615717147	0.84008284288195	0.856178505083674	0.532638347283556	0.859956378229528	0.326844640966345	0.784017434331352	0.734472127994925	0.743937556838115	0.863640696768199	0.774739376393436	0.784099839598369	0.826946374055204	0.813243553397994	0.785463281432758	0.756061829051752	0.825765153892217	0.707063750839709	0.792455444978882	0.779707926916591	0.832164431327565	0.693508917373234	0.671873204972753	0.891117433763551	0.815283786012377	0.867888714500335	0.838951934251831	0.831890583394814	0.508693282914007	0.897347432331429	0.810638910508127	0.801741712997788	0.78428018855391	0.797277514468123	0.896342100404465	0.820621940197959	0.754674152283152	0.813853170587648	0.89107825735006	0.855799974335239	0.791424551164674	0.832711181536446	0.629902701930766	0.864603904812211	0.82663038485245	0.722657731881648	0.812150201904111	0.650014494455598	0.668281411941891	0.687345746311402	0.83664918150846	0.82164027487358	0.793225560765874	0.801895206506563	0.726741061415686	0.777392492036293	0.783135122729476	0.892752179368239
"SAMPLE-40"	0.780869856317901	0.792094623736359	0.867580683524492	0.79462265366288	0.882027096462809	0.894548136562031	0.483667024171608	0.351061409136486	0.795114013056401	0.774781359644238	0.800089298295167	0.845032099015491	0.7610660438727	0.826864959335154	0.874145712019695	0.827327403663247	0.504677741469448	0.807272141199842	0.851499399543836	0.768842432843488	0.827722677468757	0.71610555008982	0.791263764434368	0.843766206890327	0.844546660742275	0.868466156173632	0.897808156522198	0.426875818807078	0.820152856443211	0.734231923702142	0.756318003871618	0.785023994309073	0.778800952116927	0.831504562895182	0.739111934238393	0.763481616469053	0.793001178838463	0.756629123357359	0.755150397359629	0.74086642100198	0.885726496006963	0.78726397233032	0.9189197983445	0.395859244465015	0.370469960558173	0.894822113182455	0.799193267967462	0.871629134003608	0.887490354907731	0.831767648078876	0.513851387157813	0.878383433448	0.788885617073234	0.795111144867144	0.771887776672213	0.781775509479086	0.934491360807485	0.813163333907825	0.80903097899705	0.743971372121052	0.907426248290553	0.825792609858337	0.801246293811648	0.828188605595716	0.667443386683851	0.836570986341549	0.801269294811021	0.799586882263784	0.844022372785274	0.823492214347381	0.457803085354603	0.91947885586538	0.786784003705641	0.816298854631266	0.798732989312127	0.70541695858778	0.805727465422852	0.779324431922204	0.773556240917453	0.866747080142961
"SAMPLE-41"	0.795357552570938	0.813889877838393	0.932940873468097	0.79462265366288	0.90812863981986	0.904220663943804	0.935639542379615	0.94515327364208	0.83932965722621	0.774894521349525	0.79677457945421	0.79573088002407	0.85084453134105	0.928116485586431	0.866235548718375	0.82771696479595	0.686214145162558	0.819513288006321	0.942093166412137	0.831511458566077	0.890966725540329	0.839892045218712	0.869399202070783	0.917889001918925	0.910551542835757	0.901996320360705	0.854315898002024	0.676914364610704	0.875100652368314	0.738801255675948	0.833029959594195	0.851027496410555	0.831135498240225	0.835273904741256	0.884230462615955	0.902830057791098	0.791816042582475	0.757207883664999	0.893740967941968	0.82818091269767	0.851033093187442	0.785237255030256	0.877906719937936	0.965451950407559	0.963775577177788	0.845849263657801	0.846868577141092	0.936134060291096	0.953974491952842	0.803187525723265	0.69564292739279	0.936271511748511	0.845826018327142	0.822600937761775	0.864240134475861	0.824440931549747	0.967976112615599	0.855398857351951	0.809672262694452	0.880883384340075	0.928925614342256	0.849174341508594	0.798622168493122	0.869654698012697	0.814395398651583	0.910170888264009	0.866311735141381	0.861356035423043	0.837612527025346	0.913850956241379	0.890599036986108	0.960770781369335	0.89185867070861	0.856133075270817	0.797252942226187	0.891905460974978	0.874902482741031	0.779826910045475	0.859339774985608	0.93938815953284
"SAMPLE-42"	0.785133129700533	0.800213927240781	0.882780628537915	0.79462265366288	0.895520033003737	0.915593280946938	0.689936819537791	0.619861686581696	0.814005945673493	0.774766580406842	0.781036916393574	0.831477253792858	0.80512460598408	0.868000657580746	0.880538791157479	0.827276484718104	0.538621110325549	0.810459156145981	0.872632417601855	0.795936180060415	0.856065501513354	0.777310008067943	0.834652203298848	0.877782205272208	0.875805825860139	0.565202626693397	0.911550123557986	0.425518356592303	0.843296241993189	0.735581789663667	0.79420729420642	0.836545571415627	0.795764463705179	0.831007331960868	0.780793479965466	0.824434726381537	0.796043134712447	0.756553481822601	0.828768839085842	0.68174409744176	0.807686385816568	0.790695508452641	0.931052148189725	0.672127063429656	0.663342837024996	0.907977912320272	0.819596088128564	0.910124288703122	0.82941313345914	0.802233144327727	0.548058172555832	0.905995219902062	0.814416789342008	0.805581493119295	0.815445865337253	0.800324012169966	0.941293505288462	0.839663492690718	0.808947120687853	0.816050002690169	0.927911279753329	0.682952357822453	0.805671575785196	0.851343612988509	0.722862723254858	0.871863589605504	0.831002399822108	0.826859586679828	0.854498370232764	0.824777333695231	0.708134063624179	0.840110902581263	0.840248538217377	0.842426404630934	0.801243847112322	0.802042852869237	0.837365470823124	0.779742869098637	0.813136039324052	0.907138878426928
"SAMPLE-43"	0.740955183001099	0.761293499002591	0.883824729644931	0.79462265366288	0.887806477373147	0.92839928984017	0.82269884844986	0.820092403343958	0.765197625814739	0.773691863233773	0.805890521144256	0.803591888289376	0.773405661970472	0.855142469744298	0.766088862106734	0.823548297743244	0.62526315531242	0.765373508499463	0.915297099738008	0.724068690826351	0.774499419412119	0.726780887528702	0.789016200219278	0.866141047213717	0.808301327691594	0.877731211908249	0.785552641157055	0.55266441746263	0.801873325844384	0.722841838912125	0.784168745980479	0.724210882406914	0.776958559988296	0.791740863816227	0.794351653354037	0.733839986845605	0.789945494777011	0.751019881776348	0.784639935789953	0.806556517177166	0.789687870482633	0.79083798166944	0.803426715062203	0.842943412486511	0.828219718877176	0.761432692865874	0.764195996419638	0.880091679301572	0.899403951854414	0.747177035304838	0.634939466613592	0.851192539820423	0.765658982578881	0.758056577296215	0.738076159644623	0.76205727324455	0.967656333756722	0.820982585869484	0.802784301181487	0.782622077505574	0.902214311608356	0.781653129595829	0.805854818074141	0.798685367140687	0.723040278955489	0.797987335081499	0.773175960665568	0.756736838601453	0.854923064871061	0.83893166986229	0.742983760472609	0.920789366707791	0.789896364897066	0.825931053964128	0.801348231437658	0.790908753785851	0.768215636356974	0.772004544272688	0.731634610857728	0.835771980854954
"SAMPLE-44"	0.773513431545271	0.803429059996126	0.866355905980922	0.79462265366288	0.836234527390455	0.681240347831641	0.832600105061974	0.787932403331387	0.807202837358263	0.775179817085786	0.722160879975916	0.90190173993044	0.761027494733474	0.787876539969687	0.920336477057191	0.828696624628706	0.806396276989528	0.821473056589553	0.845093571714921	0.784800987949712	0.847322865817984	0.718527258862189	0.75036279798052	0.61261557120116	0.853073064959193	0.258584623807572	0.920499451047034	0.805474390778047	0.827549056886037	0.738476118423476	0.727058391287461	0.834511621991094	0.762870659596759	0.828665662262434	0.667973078757283	0.76025202955775	0.768545086612165	0.758663773218329	0.751877368792743	0.536712149796858	0.808760717201492	0.757583365264031	0.889781450403554	0.875547260073435	0.877756193941017	0.92495220019402	0.813007185882458	0.816081296751887	0.447509713876235	0.801093214224599	0.805433423034764	0.876197946946919	0.799504175885608	0.808622309803942	0.776802069045403	0.790534588190473	0.466001097615414	0.760881270674379	0.790469410515031	0.736699866239052	0.778583992967429	0.691921271733369	0.762107642962363	0.800469911689826	0.76209008079184	0.851773253175495	0.813856169549077	0.778572102713602	0.730562974691923	0.801223525286151	0.688031891272103	0.507755826804204	0.791359991681466	0.756978039853416	0.777247866562558	0.727102185118751	0.780445731186206	0.77787240617435	0.781454253570338	0.850520166113962
"SAMPLE-45"	0.862015359146068	0.864269415569737	0.949241464808724	0.79462265366288	0.891454731830684	0.774709095679123	0.929226505419099	0.898612829534324	0.881074398560495	0.777271500089563	0.702825621591377	0.952376680123138	0.82024527813751	0.915473406201822	0.966384103789686	0.83577063596218	0.663264265661737	0.886459225732691	0.906809080612866	0.888122505629136	0.941425839182667	0.810203811540568	0.853084846277473	0.763019558767639	0.942869211676615	0.345041999485667	0.965017203119567	0.669955784110993	0.919793470598311	0.762062019722617	0.768876955251856	0.906689500248635	0.820188668541091	0.899886893587391	0.743620415888776	0.906884479260921	0.789372687555179	0.769194142855708	0.837537429713198	0.497720465939266	0.902285185728512	0.766693427370106	0.951003916022865	0.968799042850343	0.972278594434416	0.965097360312549	0.893190856154724	0.908060360975463	0.602844102986587	0.825712649798551	0.672829595726512	0.95285040178575	0.875661619611019	0.879181495921973	0.89827565553855	0.853359851001923	0.546254339297965	0.818862926425659	0.822813338809041	0.804475832969414	0.905518791299499	0.478972649851155	0.774273944281822	0.899071874054367	0.788821726521655	0.94294016680131	0.898600746246267	0.910690100162774	0.771486384216686	0.937657927332686	0.774779084607778	0.764910765298959	0.877732097954855	0.813552050504105	0.783802260222009	0.792282739280832	0.915017895789957	0.793828738825539	0.90353616866661	0.956010839923253
"SAMPLE-46"	0.834314016576923	0.8382170303274	0.918791038616149	0.79462265366288	0.879572434354156	0.681240347831641	0.884295181173938	0.838456382903349	0.848668726191316	0.776358923887004	0.723287941046641	0.937120318297882	0.785752569938751	0.87809804612589	0.949033745760237	0.832707835125189	0.537757399388637	0.860361008352392	0.883012178626836	0.845260506137462	0.905575309286696	0.759502850504819	0.796724517907713	0.677571593602235	0.909473456928002	0.517185749379959	0.946921814930549	0.48481926337089	0.889604416956446	0.751595337885062	0.751110370966313	0.862034499503676	0.798365539770877	0.878218142473175	0.712255121851389	0.852433853421838	0.775903454004887	0.764631195803021	0.786126983594718	0.531676179836981	0.901807564153946	0.757583365264031	0.890519925728005	0.933335428719391	0.937168002367355	0.94689418458358	0.858865284348022	0.864257398521082	0.630826589037059	0.829120833072378	0.54718888017083	0.921235326546058	0.840897235531657	0.84952744020457	0.850178229538521	0.824191010750179	0.494964862457811	0.780176710658525	0.81784262113175	0.758889341733427	0.833132243011806	0.570410852068517	0.762107642962363	0.852926385177047	0.686638465455938	0.907058642619839	0.861222369630285	0.87171857256724	0.734410560998481	0.916922700795619	0.697338664641316	0.775718540133407	0.833205483901864	0.77419493296556	0.777247866562558	0.744131848898262	0.875758147028344	0.786258012020409	0.856293930095759	0.91358049380203
"SAMPLE-47"	0.746590047396316	0.796250278293398	0.876246114473229	0.79462265366288	0.795466718260235	0.9174903709647	0.398736773743795	0.244515294049114	0.792885204391935	0.775110904312876	0.808101562496169	0.839575875693966	0.730439733931603	0.741878933624111	0.871541340764626	0.828460314050063	0.713428922151863	0.816847659900563	0.888783283958881	0.762256251793177	0.825342388799901	0.675490805725851	0.778240354598915	0.830356506825589	0.821383629417355	0.73919118488217	0.841670611305537	0.644449953857453	0.784685577095437	0.736814021288747	0.678053651644276	0.783191468729839	0.744817908575703	0.810466347153049	0.729564526292611	0.708407362455196	0.799385046359134	0.758312531267	0.696836340956749	0.708696658688323	0.834185513503705	0.792209549447191	0.847491791571254	0.303784893219945	0.299856326640232	0.856590598377736	0.797404955994894	0.81953366900577	0.850821488752518	0.768653099517002	0.700315832860228	0.873076785773228	0.780853181507608	0.799586272023107	0.731702096486869	0.776991200879584	0.93914907066269	0.809262741056216	0.769402630888512	0.684295929840178	0.920520948031699	0.847985557035899	0.807616838376988	0.834210206265439	0.702073721789503	0.823615464455345	0.791851679721598	0.712512907684372	0.854338231962035	0.664301273025516	0.403907475519315	0.791723929490145	0.75169513382263	0.81350232199792	0.802353690818462	0.625746520769003	0.706074039101823	0.782425414348782	0.740204932929259	0.858233344288573
"SAMPLE-48"	0.75731894822826	0.798116420568482	0.87175037355722	0.79462265366288	0.80381297713222	0.91808960072953	0.376552164928791	0.217298652965808	0.792232961032222	0.775250401638185	0.80828212636171	0.866015571311001	0.717517654703636	0.717307869868926	0.903429336372322	0.828938453387238	0.581298057289201	0.820843242928679	0.845753405847787	0.761970234109243	0.82479060741422	0.658478650146154	0.770018699610736	0.820523787279326	0.81995295742584	0.435899649866125	0.8934635383123	0.42528145694671	0.789900455743653	0.737924926767509	0.67057022649112	0.793836952302022	0.735452358297188	0.820402318065583	0.690364914399979	0.694598220827117	0.800277490736634	0.759023254192286	0.671359300156732	0.708024865718986	0.803593828165482	0.792321793497698	0.894913957405016	0.283175665771722	0.286259380428946	0.899803635995293	0.796966030757822	0.818787951319688	0.779055622036141	0.759094531672588	0.568324791003093	0.870120205106068	0.777798903544512	0.80162012131667	0.728511979557533	0.775234199834631	0.93522740150919	0.804358725662456	0.776740806615392	0.65827100927073	0.919795866667271	0.834492516838919	0.807760872504783	0.834260382716727	0.634248820734875	0.819702807675388	0.788258163223532	0.724374372532628	0.85535900969854	0.652801513784401	0.384578015904812	0.634396140110564	0.73672657669517	0.808703268495757	0.802436019706429	0.592342323713513	0.717151827051735	0.783430060935529	0.738911316093833	0.852777197391103
"SAMPLE-49"	0.793900180358793	0.808018762213103	0.932001914566904	0.79462265366288	0.8976454172691	0.932903777132171	0.896772845951736	0.889905808080938	0.82366132908703	0.77499547561081	0.771440760038671	0.867533750769394	0.812141810310104	0.892913715680262	0.917798968040299	0.828064030916115	0.552591075691842	0.819235790714496	0.912280792170894	0.809775622006356	0.870347560808769	0.788145879444078	0.845676611316029	0.881105943193612	0.88772757052012	0.87613205268178	0.940451531503325	0.530148249065189	0.852351100386905	0.738278023910527	0.796923286429359	0.867505257588254	0.808669643022103	0.838580329892596	0.795805806142493	0.838693203988429	0.798589286717771	0.757723593663262	0.838279271520598	0.672778579265635	0.922834379523678	0.792055704218484	0.938211267860237	0.932932288546609	0.930961675984815	0.946592633833698	0.830348205822394	0.927500890604718	0.886966381819526	0.911279239388607	0.562110032960785	0.915970790071843	0.824162597335609	0.814936792229036	0.830130984454097	0.808177574927039	0.945311364853614	0.845890423565989	0.810243168173142	0.823728232990983	0.936808300394966	0.538496027863293	0.807419380445118	0.862955768322748	0.739081528178598	0.884799938004358	0.84217533264318	0.840004292695485	0.858519585101604	0.902783522875821	0.805638211964648	0.933423922218842	0.850434279412679	0.848434275148827	0.802240859562507	0.828905081747551	0.850260776617667	0.781582552144554	0.82844531944451	0.919726961114057
"SAMPLE-50"	0.768681672456787	0.809763628497169	0.926460632213308	0.79462265366288	0.880013086563178	0.925972643092287	0.932732370526508	0.94035327174457	0.834822522810677	0.77475875025104	0.77395520855609	0.796614725364823	0.848912100500164	0.875453754347303	0.858522672804178	0.827249503608335	0.726847736919663	0.814517712140087	0.885029528750822	0.823643283768652	0.884805763754839	0.836761285744596	0.871390522049909	0.909790851049949	0.901329056385059	0.810345770203543	0.886939029839325	0.69777549927719	0.852130120341645	0.737274159860089	0.816129250735439	0.878930633942292	0.819204313557558	0.813720309848644	0.841672477230748	0.883303350729495	0.795554502465207	0.756513401310536	0.891794917195781	0.740649027122942	0.83742263537404	0.790208969616588	0.887643466415556	0.960610006969047	0.957925735135493	0.891700699156187	0.84186928322958	0.922020557560042	0.906998372946331	0.846921931151644	0.724677370433132	0.930028178431168	0.841649911288106	0.817735174913465	0.850421479782069	0.820877042354877	0.956849077293903	0.860865007089834	0.787749045810925	0.8796406177611	0.938183056545881	0.647300102738308	0.805045515770438	0.870540984569093	0.811162764126323	0.904615422570225	0.861684406305351	0.823728634620136	0.850546472842739	0.859374076062569	0.882824735053465	0.92107469905447	0.888915087341165	0.862560456585587	0.800887462915519	0.891124796498893	0.8371950404248	0.779612261372864	0.845270301696041	0.93814994601439
"SAMPLE-51"	0.733080226480522	0.81348948840486	0.80826867719754	0.79462265366288	0.711905841602447	0.680942182279933	0.836681243529131	0.781692736797553	0.817457443683465	0.77556096132888	0.727219627335189	0.805698689087165	0.758901646784898	0.650759652503545	0.881891305659043	0.829999877309848	0.514006600037966	0.834146463762619	0.797225478250479	0.794583254388819	0.863210358222386	0.71794398213172	0.755332533844872	0.615392609123122	0.850434117040761	0.537743492186225	0.819877094694479	0.287869041427929	0.779817258372903	0.742434484434522	0.659592789320901	0.839300648983406	0.749759472718996	0.801377652904151	0.670344793476239	0.758138225486603	0.770938976268346	0.760601510841789	0.744969690199042	0.607038342197179	0.825820375829278	0.757583365264031	0.703830476140096	0.884450958051596	0.89193566424789	0.867597884710032	0.824678356610011	0.672905661220245	0.552243460963444	0.78741020259258	0.475798822980488	0.842574135604175	0.808182845018299	0.82046950648381	0.763346244969464	0.797868849869691	0.301401418844197	0.699430047033067	0.737674542691707	0.725934479572576	0.740110746559665	0.737661215280566	0.762107642962363	0.814125025034885	0.530363587551129	0.862522097726567	0.824043354143276	0.689748242834327	0.721355785305121	0.682248173723164	0.694728758753547	0.565410424988462	0.793118475101393	0.693259725985986	0.777247866562558	0.711242504207513	0.679242087115003	0.78060505347752	0.772414658858044	0.864756710361386
"SAMPLE-52"	0.786670822531678	0.795706709412188	0.924018066936247	0.79462265366288	0.880078695373331	0.935006304075915	0.811537159192843	0.761636200765857	0.796456282502348	0.774976918178506	0.80880713757339	0.85573759500123	0.74972792494806	0.820071155231014	0.885489420613054	0.82800026645375	0.627594409416015	0.813484691505197	0.848895511118992	0.770958458640966	0.830444869228981	0.701502690332126	0.793437630171484	0.862019892595459	0.843977987372505	0.873977598261515	0.90587199109009	0.616335947999271	0.820772342846548	0.735965645136146	0.743363541740014	0.78167592937599	0.774327242864992	0.837976510115155	0.728495065198095	0.752849940579512	0.799021762692169	0.7576288393638	0.733338247901	0.835935851769632	0.894210571183157	0.792648360652176	0.929031588268149	0.85117795580768	0.849188076180915	0.902898456252291	0.80102101692225	0.872590759780745	0.899070513995013	0.831415776615702	0.637267903279511	0.880490087249982	0.787792245401569	0.799243238348804	0.768714307594338	0.781547326093721	0.962977081329722	0.818056859977725	0.810138309055453	0.720877975980473	0.924205815262872	0.83082008063366	0.808179789909338	0.837774619860131	0.725538719730225	0.835502182794911	0.800037782298532	0.801210098095899	0.860248385601869	0.88095836982981	0.641344163327988	0.923140824971102	0.774763944509527	0.82212892852436	0.802675590215862	0.71013344919054	0.805556946880994	0.781541656359982	0.772554233274542	0.870350586041639
"SAMPLE-53"	0.813424389754598	0.82179565750015	0.782943059099555	0.79462265366288	0.882885012991331	0.590170542354215	0.297285977812705	0.157378046344615	0.833422418038875	0.775648126839629	0.706967297695004	0.918812323489106	0.793444767824635	0.872717204423441	0.924725467014204	0.830297033606777	0.566867588931086	0.839479248551174	0.877953017905606	0.823898647329997	0.885071273287633	0.766028048043355	0.79170469673995	0.662353255844365	0.894912620798037	0.345048772399663	0.925382062073104	0.477414261569572	0.876763215074373	0.744478910874802	0.770068064752088	0.845165260704448	0.794229772532772	0.858697446739046	0.707861709486409	0.833311997261914	0.771484397042109	0.76104348647921	0.804196666360744	0.319084464748138	0.82903772960482	0.757583365264031	0.837482984169216	0.183987853802292	0.167145206843299	0.921200397896838	0.841792061256392	0.863584815873962	0.505220225788042	0.775305933525697	0.576453633346407	0.908519417978881	0.828841894201969	0.830726449251323	0.83437260670347	0.813348447418975	0.355751979818168	0.781534970065816	0.813906656376624	0.783937014791545	0.813487734618817	0.410394232260943	0.762107642962363	0.83299681573652	0.696947391698676	0.891802046824551	0.847621525956807	0.852414839506249	0.734410560998481	0.788396404079272	0.359457103487072	0.686228858592923	0.835081115659203	0.776530593026849	0.777247866562558	0.723699917391302	0.858947519663447	0.781227047648677	0.837231316042548	0.898056405914476
"SAMPLE-54"	0.815645071238022	0.830910732389815	0.798773476826259	0.79462265366288	0.904494409111181	0.575824723697697	0.392711281045183	0.264098380457831	0.857652423036817	0.775479980928182	0.692367621231784	0.902360879994499	0.858953775344424	0.92205009794316	0.918264657718618	0.829723509698188	0.631542272053729	0.839877085326112	0.906583156297688	0.856743917987898	0.914346637755101	0.852852055135206	0.854263965854127	0.778884443935411	0.928352477651013	0.845439003333812	0.926244484041387	0.637310362519982	0.901463366473034	0.745327579513561	0.833103975916311	0.896238383372342	0.839907104798797	0.853720218164068	0.813467770577524	0.912286589701416	0.770431573421554	0.760190504818272	0.901791795123831	0.377784086159582	0.912557478061881	0.757583365264031	0.860493706035704	0.262701302388685	0.231852648880388	0.928185689987183	0.866977565488743	0.916996912971461	0.775104091904023	0.887815495752545	0.641209827181967	0.939021771853766	0.862827850145273	0.842439808032152	0.886576694292828	0.839186915786199	0.417098102112753	0.821864207033656	0.812967340410743	0.886121707086916	0.847843526729589	0.407146687939439	0.762107642962363	0.860127747598037	0.780040463051914	0.92887367980149	0.884806047970271	0.884246243471555	0.734410560998481	0.84669742938455	0.567530812566202	0.92958051764861	0.903791243520573	0.81648408189886	0.777247866562558	0.858581476133728	0.895923051074446	0.780026210812018	0.883752164160676	0.941997106759733
"SAMPLE-55"	0.755778000524454	0.770179364016424	0.825971890232711	0.79462265366288	0.881220647666608	0.929990642194884	0.254192398896924	0.150478387807405	0.767851840040101	0.774148792669815	0.772309326678363	0.842486798348235	0.74561403883247	0.813125387427489	0.879776664866149	0.825139517449244	0.806396276989528	0.781715622081033	0.86687979845274	0.728438311196854	0.780880560286699	0.690370881156392	0.78215680745456	0.826130679613577	0.805248816883528	0.859720164267417	0.906717167708454	0.857629343056149	0.789141101571417	0.726922662294192	0.754259582078622	0.777544526755791	0.765430959608004	0.80918960557515	0.680135750481316	0.672812775362306	0.798203911002434	0.753380511126763	0.73296427385574	0.533391584921967	0.890712063067959	0.796893035474239	0.942014707079685	0.13239431968951	0.117894399504475	0.912116552757311	0.768094716898087	0.885761845720628	0.786138689962162	0.875638266511284	0.814149340587959	0.85178414530515	0.761849722398585	0.7683695442115	0.728005316406192	0.76074781920741	0.915799279548777	0.820510357195436	0.805420108857125	0.729338094054152	0.9223190640967	0.557105835211295	0.813605488977132	0.812940319732254	0.804958858658666	0.793349570574763	0.768726755545254	0.759867040244187	0.872217914072461	0.745191496376437	0.37355511447901	0.896010573961311	0.759134384842523	0.826515066670987	0.805794964049105	0.675464135842962	0.766354050110234	0.776276311154348	0.727269219352922	0.835444849421223
"SAMPLE-56"	0.801543656353981	0.815868327503353	0.858829925172274	0.79462265366288	0.897763244950896	0.831294955796652	0.915436271273526	0.912721258502142	0.835228074813359	0.775168556354093	0.760802804873755	0.921199297949105	0.827366306149285	0.921428158047898	0.924682312787103	0.828658024307177	0.685325020828817	0.826578969824359	0.942063951014947	0.825271298057993	0.886297539820555	0.809692260385828	0.838009473306998	0.846066517184482	0.90242446164309	0.458461801964267	0.952393423453372	0.665772262363967	0.873939819477938	0.740699489926027	0.807998888559311	0.878473039380048	0.810663555803981	0.844126401824793	0.839515704495569	0.874696735698876	0.782765032204359	0.758606396900414	0.860126184382417	0.77433444088006	0.842310479103107	0.773442699993737	0.9393851697775	0.949399066207957	0.950012286017092	0.946625599964127	0.842946531613631	0.911649178362942	0.790307874011207	0.852462256975847	0.694760103728394	0.898350666489075	0.837230694614905	0.824425931607923	0.849955839688945	0.818491406979258	0.802859836342835	0.789615284913401	0.811219323093537	0.844574194039029	0.864505078703355	0.797010273362187	0.783203626387006	0.852750931552692	0.787535281631253	0.900860274234883	0.856883614676085	0.855517690186168	0.797076623637003	0.887242032289036	0.855410258655733	0.814297782725704	0.868865517216202	0.787568449874662	0.788679788593058	0.851259768033601	0.866332907956026	0.78004308697846	0.847932264288745	0.922186078947001
"SAMPLE-57"	0.78752684419414	0.82400594726394	0.902546741318679	0.79462265366288	0.849944583686943	0.870183376417421	0.693770348486375	0.590467716656236	0.839451101246951	0.775609321137279	0.792368718703492	0.814281214079777	0.810714709197709	0.838087048844553	0.908034007367871	0.830164781865863	0.671445996264922	0.839602027846988	0.872078476830137	0.830230259027586	0.892718444875613	0.789339315352206	0.84082504353253	0.870677363122646	0.897763979919593	0.790116602503506	0.921094175456905	0.633435833589235	0.844334540503115	0.744688974253646	0.759469916872422	0.876774594731422	0.799698418022251	0.837862697954882	0.808003524309484	0.864123137373531	0.793563258216631	0.760846774956473	0.832400036590444	0.681496860501073	0.892237018358925	0.782559944814098	0.820710704726628	0.694730373860717	0.700355473240636	0.929988816060224	0.84809569392227	0.888157694173079	0.907649558818581	0.86435971063903	0.664528424899964	0.925227191440968	0.837448531791934	0.833581071593614	0.83686016616283	0.819744275952446	0.923139164723837	0.83266399424898	0.786138390809864	0.812888296041397	0.920843340129993	0.673456526906663	0.795144001533452	0.868987223032349	0.750902960560877	0.90102320928432	0.857229834457753	0.818971448149316	0.825186026589628	0.809895674638923	0.696634548086905	0.891201691158256	0.854222722936225	0.832860755420391	0.79530099122939	0.789818467155519	0.824700130390288	0.784502384479464	0.838900661645729	0.927483032753937
"SAMPLE-58"	0.82847559854944	0.832078038448061	0.929934118888657	0.79462265366288	0.879182382882302	0.825530961990283	0.864176688654871	0.807580235060957	0.839477848197043	0.776204469156479	0.775841489619118	0.92660714870289	0.771074423294706	0.863650960539831	0.952594655564111	0.832185849333492	0.355780281379856	0.854931836933262	0.874905877725535	0.832648369417569	0.894067864963289	0.738608710909131	0.802470340976793	0.78676207136496	0.897908516075529	0.626095642738713	0.966471198938716	0.249789063233673	0.872130661488425	0.749527553431846	0.74038166108325	0.862364434158011	0.789765059000757	0.874180675790061	0.736464923041053	0.837137656242059	0.788268112413638	0.763854088388799	0.76154691054504	0.714671299785148	0.917715352488704	0.772672140010405	0.930671704519618	0.915941270414832	0.926908930458186	0.963432222741889	0.849035198082468	0.879995412009227	0.802806765139708	0.866824978306825	0.362855839346488	0.916192924193228	0.830077911842631	0.842279267271598	0.833577538244752	0.815673956556835	0.830663982437464	0.798274841340599	0.816992129974465	0.735591541745926	0.8879956779028	0.745837812182102	0.78218791053805	0.859741313882852	0.600309206543826	0.894321188169235	0.849147980420399	0.85979540635878	0.794240489452679	0.90990038655584	0.736425892513054	0.851031696985652	0.814780018680685	0.796272776079794	0.78812193341711	0.717434517156124	0.863006295624683	0.787259619125915	0.840618377253469	0.91016204120263
"SAMPLE-59"	0.778186666937053	0.791727449531414	0.917700013757554	0.79462265366288	0.888223607564075	0.930912710871292	0.848322798296608	0.828208943638231	0.798783363012515	0.774655478934411	0.776162656242449	0.87619709800007	0.778541667300212	0.841162063752251	0.869430177393708	0.826893402127955	0.700661044125814	0.804057734574239	0.858202501517885	0.774029784486464	0.832991660465104	0.739765414908266	0.811074650957414	0.849285496488463	0.85265486526847	0.862568482566356	0.861400746660746	0.706028790451028	0.843254329847212	0.733457003851014	0.773169107772137	0.785110086562623	0.787307737208521	0.827232734161993	0.731375397836858	0.770949833900685	0.796148040316185	0.75598445651758	0.78623968411817	0.661615764961403	0.865801233462739	0.791509044363342	0.84274022699824	0.884378903747826	0.88092546930269	0.858326828220498	0.802938562749073	0.884675818049961	0.851243137258061	0.808205147888488	0.709975770668952	0.887488932494711	0.795687242285176	0.794978178582482	0.784488943568964	0.786320201138388	0.937542348574159	0.828026308671914	0.808315948789541	0.775302093507174	0.922620763957756	0.463414534493654	0.806717375665981	0.837275500448283	0.772890410484327	0.846021516606302	0.809235760832208	0.805182242650257	0.856912422446183	0.87976325216518	0.738246649051	0.912255410150777	0.80716616360881	0.831675476240248	0.801840040549808	0.776000093796075	0.813551974505558	0.779073628761821	0.78383073091956	0.882184749005559
"SAMPLE-60"	0.786683335261385	0.800587398393534	0.880799824812265	0.79462265366288	0.892769508754969	0.921420204604284	0.876572713670933	0.864605107271122	0.812497510927354	0.774836068348693	0.759390471112433	0.789789431549435	0.797321233770987	0.888373373255799	0.826005631467719	0.827515808949256	0.595834147455852	0.812271758903241	0.915650227535679	0.792953595524102	0.85407623423565	0.766902930508701	0.826752896057227	0.847125612004938	0.872586536709717	0.865891524811155	0.805444077066246	0.537881893237429	0.842091266468491	0.736039295999525	0.786389091041609	0.786404871975874	0.799100944196595	0.833335225799473	0.772840014897963	0.805579599533976	0.794983111563192	0.756909019533386	0.815949201586169	0.622587652077571	0.848423859620436	0.789092961606754	0.852482330242145	0.913606641528498	0.913001447267405	0.819567237832066	0.818094344948198	0.880422467448404	0.833604248792142	0.767026287357827	0.605502912793357	0.874589165480863	0.811468278006861	0.805878220060342	0.810176843130685	0.798332081496775	0.870721501060904	0.798279643751934	0.809341188789555	0.802791279965285	0.906302262762533	0.515028539234175	0.803607751587388	0.848068947416459	0.740070516655509	0.868130418666136	0.827631688733242	0.824612310137811	0.849665048382727	0.892673399421431	0.792902466386537	0.921255419685515	0.831732429334196	0.800730629225241	0.800070481481265	0.806201387718902	0.834152912851238	0.779993895388501	0.808882789665933	0.901729894356441
"SAMPLE-61"	0.73822145073178	0.748551594238259	0.846498462816731	0.79462265366288	0.858089545986477	0.903183480672372	0.641960121950879	0.553553002463689	0.726419214935328	0.77389044184055	0.779567805278199	0.915479260089937	0.671459075815327	0.754414218561003	0.876463364140216	0.824240945515279	0.806396276989528	0.765221642279075	0.873335910385373	0.666892288096796	0.705624072998075	0.58492894997159	0.686055922118443	0.704666010693006	0.726110846747816	0.369378835564714	0.893317394353956	0.815499885956998	0.757602776081872	0.721959065343383	0.699519995746944	0.68635494353233	0.714118341956838	0.799461759451287	0.605760354289602	0.526550561505095	0.785711143653907	0.752047233721847	0.597977559739383	0.741920302501027	0.760314004757309	0.785024793603754	0.923549653448137	0.62331859817176	0.631381159242239	0.880981218976666	0.721585850524021	0.813602354649766	0.527598468286421	0.749194850642467	0.814149340587959	0.773873674772631	0.709834413416539	0.740559311013061	0.634021895620322	0.724064966419158	0.869482795272463	0.76380337637625	0.8039326386286	0.606091248042254	0.849102069996641	0.773651555150956	0.798346636541383	0.748321107189348	0.749020118412244	0.703653495588213	0.704603644917002	0.695620862321182	0.836931031131687	0.756378117837136	0.564905059788287	0.574299074388951	0.654126864694761	0.769896505689567	0.797097910576625	0.585118596486559	0.693326719215601	0.772547575857884	0.638971421321435	0.70966405556713
