"Model_1"	"Model_2"	"Model_3"	"Model_4"	"Model_5"	"Model_6"	"Model_7"	"Model_8"	"Model_9"	"Model_10"	"Model_11"	"Model_12"	"Model_13"	"Model_14"	"Model_15"	"Model_16"	"Model_17"	"Model_18"	"Model_19"	"Model_20"	"Model_21"	"Model_22"	"Model_23"	"Model_24"	"Model_25"	"Model_26"	"Model_27"	"Model_28"	"Model_29"	"Model_30"	"Model_31"	"Model_32"	"Model_33"	"Model_34"	"Model_35"	"Model_36"	"Model_37"	"Model_38"	"Model_39"	"Model_40"	"Model_41"	"Model_42"	"Model_43"	"Model_44"	"Model_45"	"Model_46"	"Model_47"	"Model_48"	"Model_49"	"Model_50"	"Model_51"	"Model_52"	"Model_53"	"Model_54"	"Model_55"	"Model_56"	"Model_57"	"Model_58"	"Model_59"	"Model_60"	"Model_61"	"Model_62"	"Model_63"	"Model_64"	"Model_65"	"Model_66"	"Model_67"	"Model_68"	"Model_69"	"Model_70"	"Model_71"	"Model_72"	"Model_73"	"Model_74"	"Model_75"	"Model_76"	"Model_77"	"Model_78"	"Model_79"	"Model_80"
"SRR39238494"	0.962181651881629	0.0287248319295828	0.367681268228693	0.962471507173293	0.906681393794317	0.801788126482641	0.660012357934373	0.931265939897343	0.235389467597818	0.509177258802543	0.360887462368245	0.853195473513225	0.925456968967388	0.23326279743469	0.0640256867778927	0.836991423890032	0.68955012420882	0.00123212933847432	0.930970518338065	0.808028942508739	0.0580320815311002	0.123635588174226	0.911217427862506	0.815129926151956	0.353260409518595	0.00272062125667162	0.831939894120287	0.0200437846698436	0.0574449414639734	0.954049864344122	0.032842321833657	0.224345267092246	0.00558740901792265	0.125066101423853	0.0139634009586678	0.474781124983438	0.235208425208093	0.325921395101166	0.0112447337004846	0.00597108791171975	0.0613676992330793	0.187812232032958	0.650826526918092	0.00936445445438226	0.90890905593542	0.112533303248726	0.0704400177301579	0.967856293108797	0.445623616310602	0.929002466258205	0.724717961802674	0.0142938020915094	0.956156238009131	0.069424035619788	0.0380130040609781	0.182638453444273	0.0616970216378929	0.542666581528144	0.1040111937919	0.109623444513939	0.923889179230586	0.890926460523746	0.00252668374175187	0.800611533920941	0.873961296581672	0.912686466936586	0.94223521891687	0.107127354986364	0.00230542359076021	0.779366802384232	0.0334725694178186	0.961664104744449	0.685113235832718	0.143359685877847	0.0982232434860637	0.0293890442444393	0.895929057134738	0.680926039994928	0.487028670223852	0.00761925094533435
"SRR39238509"	0.962304771299805	0.0252879816798557	0.66122558025736	0.986007018539912	0.977717867619919	0.91066559439762	0.887612220543306	0.503847658291516	0.628918187261248	0.786309299856694	0.68250964268004	0.938996465714911	0.971002248024372	0.25920528038919	0.248912004173563	0.850183711907602	0.756487719880775	0.00478106663315051	0.858235032012341	0.92481320093975	0.268184793443506	0.40099879327954	0.172422761677438	0.437567455990417	0.64432583357637	0.0298879042250465	0.885529916884403	0.137844126861441	0.27093645270749	0.98818666051682	0.1312633497108	0.643584095093406	0.0252363434218931	0.389782982156185	0.0617797183441756	0.831484491853746	0.514485340100872	0.68144394481613	0.0649407319920844	0.0282975172052228	0.287375271057139	0.455038449708381	0.85879667306568	0.0368579597181467	0.968221658714015	0.280758038624518	0.243512296252365	0.987631773893474	0.662541725526507	0.979719572397996	0.860736967607411	0.0679440006529452	0.986755760839535	0.226729516682802	0.164564714995921	0.455001234544811	0.282219996970021	0.72484604313846	0.339349362314477	0.363137861302923	0.864251656954957	0.549430072165896	0.0139155457134581	0.915623339862283	0.371450352045922	0.972762492436065	0.980634800648351	0.328819531138266	0.0121974468494856	0.833161931024133	0.132883601356941	0.987647159519805	0.868903570153534	0.504556989085605	0.264193416026956	0.113935088893099	0.259979681060748	0.841598282771569	0.751335322968774	0.044790291335149
"SRR39238493"	0.992565993727734	0.205047954357531	0.805731334386063	0.972640811443664	0.954924231526764	0.949892444868402	0.813538505229108	0.137649456823343	0.521481279949075	0.937143791012982	0.832745011873655	0.987414647852254	0.960681424785975	0.264317079650085	0.269777585811479	0.974565282635622	0.952926541737206	0.0248418468283809	0.844208513517065	0.975567811557524	0.204542640742197	0.479070309048186	0.086449953387154	0.469685410476744	0.733827177670135	0.0126063685403526	0.962390492133966	0.113286737686062	0.225624086278667	0.984641792815912	0.161040504433868	0.445265035978278	0.0580004564430156	0.215793651921969	0.121671765289221	0.727201537650043	0.563128665765248	0.810173472192121	0.145386348912058	0.0779501663868696	0.318242317068505	0.809527246346095	0.828348918949879	0.0978124397487338	0.971725637846003	0.597982826515608	0.35929698181632	0.989125184986818	0.754517907815406	0.962935249406621	0.895639982076557	0.0955734606092327	0.989908333617857	0.318413127814404	0.199779547733918	0.624481287693439	0.354712372679747	0.826317253565262	0.452123009655481	0.286044623538528	0.922892514459069	0.366592789301301	0.0316921585510729	0.98247992805211	0.304248669837442	0.966854465681632	0.976976763389847	0.490769048324723	0.0371644442843021	0.962636791206501	0.127142470138467	0.962873278660299	0.947739778079657	0.387197435709948	0.420280416542478	0.242918053625194	0.114294228060896	0.930962210186357	0.910320633522712	0.0401991819629432
"SRR39238551"	0.125621610840402	0.00508557883627725	0.0288959427566004	0.090374884555573	0.121728013227411	0.0726249877158409	0.0292452558488143	0.0969890342563255	0.0136147808616554	0.0515307497191724	0.0213357818651653	0.105890147527256	0.102650621056288	0.00377132546842883	0.00713535569804098	0.0563769320624041	0.0482498927294017	0.00298027445413863	0.0946117992482823	0.0917436007325101	0.0110104685056384	0.0106260925774375	0.0758677172384752	0.068992138209124	0.0302831315939366	0.0012446424721905	0.103844265919525	0.00291215921791564	0.0101106859076244	0.0685648255257244	0.00858556012310412	0.0185487001199966	0.00129109530357502	0.0141524861825413	0.00428849079172676	0.0355042083260467	0.0218420718883993	0.0369732444359146	0.00460685392515248	0.00506996295689698	0.0193455547140972	0.0315821581549898	0.0538679393512293	0.00469627572483407	0.0618308420128176	0.0146968986018366	0.0125488730325206	0.0917316748139263	0.0299108063980475	0.0804950954973229	0.0414752629414851	0.00504375285515314	0.0477283890235779	0.00774423009370625	0.00568162231441074	0.0206488950988898	0.011171934758491	0.0447209281912063	0.0155801911874449	0.0133463731465906	0.074183779912518	0.0688432661217623	0.00264748314094296	0.0909496449323124	0.0720495190316273	0.0516067133986324	0.0556821579595452	0.0161424207587263	0.00252167455306033	0.107538339761158	0.00453998283831457	0.0524851711309193	0.0701904030076532	0.0146536122564021	0.0135689619857803	0.00859937246566756	0.0657968542594393	0.0329542075594911	0.0349356500157238	0.00282857512764217
"SRR39238476"	0.970376955362025	0.317531747289366	0.757686551552922	0.983304759740506	0.936610219054349	0.935972782542554	0.766683197505561	0.977359988885061	0.437345444669332	0.813739727411657	0.807986434446962	0.982065205425062	0.964097449091864	0.451164444553105	0.395651628402758	0.964800332437336	0.953105278907215	0.0265258559339366	0.972981748070407	0.974570414079345	0.352451007393376	0.526509810194353	0.97164711343666	0.964354786562951	0.628255097660219	0.0256868773839906	0.954681590439148	0.136169835202392	0.302868549616377	0.983926413587145	0.223329069837615	0.460617401657914	0.0688600500895622	0.281793374836352	0.145789020058089	0.716884389445321	0.575949436864439	0.802128964756269	0.120312786806948	0.0858574237649598	0.298774238474437	0.71514602568877	0.877573968177164	0.132397447577634	0.968623071214006	0.72504962295933	0.383633559066283	0.972810859843012	0.856306153303879	0.97001444269699	0.92863198340996	0.157224842808036	0.978087778403385	0.365842287700535	0.283050430426618	0.539487026320335	0.349023945947724	0.893952380684228	0.554097214632455	0.296103733837958	0.977797396869045	0.969098263599384	0.0378575420537789	0.978332823663217	0.966454668386288	0.967896594634326	0.972654546348074	0.49448367165775	0.0445631326744283	0.938537997163675	0.188840582370738	0.96800723989602	0.962421797776011	0.391368943513557	0.553146769588935	0.397929921275929	0.977221861270941	0.930731991243841	0.920242686576662	0.104168292204274
"SRR39238475"	0.74686171272542	0.192378181757692	0.374618695783703	0.767572774006606	0.597100239341346	0.524901113591923	0.444189887120839	0.66223073326587	0.196414454327695	0.418494469546544	0.308798623195725	0.664152660520576	0.619839940236128	0.1928469137404	0.140684819241338	0.675485393105837	0.516595728908244	0.0481905514178792	0.65950879906636	0.529377638918007	0.130984339705195	0.156116052608802	0.683433277489602	0.640467900201755	0.308723838262867	0.0233514139069619	0.524117141260103	0.0494064580942248	0.13136689911168	0.703911039716759	0.124164516557382	0.174443632015525	0.0470874280994353	0.149140576661128	0.081368606080023	0.312428760459296	0.242778244859726	0.348612143314209	0.0735496499012279	0.0729132806329953	0.163702801860404	0.336395981726029	0.456596553287765	0.0721339288049601	0.649771732085361	0.235577486189216	0.18546556763138	0.75962444068434	0.297568239848086	0.667750050601848	0.516513139607949	0.0734053598332196	0.708471534252657	0.148215861529901	0.096237640039174	0.291881658278404	0.149420585404189	0.363795433085734	0.223344962599446	0.138570440538323	0.630892171484216	0.621664498475286	0.0542739991232527	0.621025764302145	0.631548376054934	0.612146986183995	0.676046510707539	0.246400007782104	0.0560699332702592	0.599684440328873	0.094538168235196	0.665067958089401	0.442836094463683	0.152152930790683	0.199995006279693	0.113463191703448	0.623464066397583	0.500220486908298	0.406966019961069	0.0482746142879072
"SRR39238550"	0.644724684973607	0.0175265368498452	0.163315024773252	0.815797711062811	0.517308421071974	0.46178706302261	0.0871053184641869	0.643945855607213	0.0196168180062544	0.116092163696073	0.149409412968956	0.691776522694244	0.568500143077291	0.00980946423910554	0.0186876024348192	0.487806214541337	0.471745404040665	0.00307110229531007	0.65780285457546	0.485888092798853	0.0511127827222027	0.0295842101052031	0.521984171193931	0.488976062377958	0.102160802286327	0.00107261731255347	0.465495262579538	0.00340002557554935	0.0185416134740879	0.636377042718552	0.0199560478609383	0.0368900662423661	0.00297153461084178	0.027888936787936	0.0118244768451529	0.120255599920072	0.0806663074237085	0.202742322946937	0.00895330892213591	0.00868277931962065	0.0354985160160991	0.15311303928066	0.302158636134723	0.0115968083836588	0.48619866197983	0.138803927927962	0.037539357666597	0.660087172387553	0.211987190108985	0.60276987767373	0.382663296523324	0.0146188221000084	0.481336468072102	0.017688112919661	0.0120297807692814	0.0799888730379911	0.0320529229259461	0.19733330518598	0.10135292380039	0.0557960571750618	0.553157091902393	0.548336591797496	0.00382501157751783	0.610604210742191	0.523149184299138	0.478227145446077	0.578675782601944	0.0787479623649461	0.00373339231697243	0.437177752678207	0.00735705110735623	0.579023299176821	0.394964441934034	0.0545997334939398	0.0764463507554585	0.0345141792551554	0.581577410975156	0.268587650624639	0.318613777708949	0.00497818675417644
"SRR39238474"	0.956899066162605	0.18154632090998	0.664152303025703	0.92852809835583	0.869946840852206	0.797156024070672	0.325638586280054	0.82689781587646	0.231446103390113	0.704576440259102	0.541118710736259	0.896872604821797	0.887284258027574	0.205643384710376	0.167583511188	0.727011820987677	0.843432411867196	0.0241189603465081	0.885730725985205	0.894393864442159	0.142615523986785	0.220758756142071	0.864920297743123	0.778700287492197	0.421607174421913	0.00885098785684558	0.831116208439152	0.054635612604618	0.153630368145992	0.87718705039995	0.093160782872979	0.344272209697532	0.0135167415391324	0.170240308706518	0.088738465971259	0.579310356943324	0.474683129606712	0.600433022458951	0.100050942405774	0.047268152641787	0.123843704390028	0.584324027457539	0.580436193566652	0.0936334044360456	0.81223917853583	0.465440749931556	0.196159293875297	0.887830939917765	0.522090487170439	0.781623557162242	0.735777889989621	0.096068240067565	0.831212183770114	0.121812498946081	0.0908111182918801	0.403377748288356	0.174491349953636	0.656618474477662	0.351833602464937	0.211722930128836	0.92990605932998	0.843109945352106	0.028593774654448	0.898706810434859	0.84470468530025	0.75584479066997	0.771249415122826	0.385044882717846	0.0224188017131835	0.849306948368355	0.0513997348811908	0.795555146731249	0.766092643560142	0.196036140251282	0.155366827507633	0.191569495195288	0.863567961869469	0.593833103166565	0.478592114289424	0.0318566409633795
"SRR39238473"	0.259453795475162	0.00945282775969684	0.0324369850314122	0.326299828072089	0.150219657221134	0.188667308986858	0.0694915504869817	0.330073221852301	0.0104991019463311	0.061105894622148	0.0448723838083095	0.270425966285009	0.283262307619226	0.0147263728733856	0.00840863286179125	0.161352043908496	0.224705665842247	0.00135120135157244	0.371039973384296	0.283602636041952	0.0103713182335408	0.0164654071873073	0.283846396025663	0.25955999189081	0.0363157003154129	0.000562998220593255	0.228222913771034	0.00193069743095142	0.0094741507678194	0.288064725357571	0.010209940980479	0.0168145560568212	0.00213228736223619	0.0113472484298068	0.00311707219599496	0.035758054794121	0.0152946861714439	0.0422115470417719	0.00192249949531286	0.00313195642387155	0.0125640735567785	0.0287377918013291	0.123918132497644	0.00410801745498922	0.244090427615212	0.0330325191575133	0.0137303301565879	0.275438589328483	0.200258199831519	0.330993329226931	0.211266979167583	0.00411194145079955	0.207972985777152	0.00885012689207027	0.00881908410590936	0.0180978128368554	0.0091737036329789	0.129634337450196	0.0164882667924737	0.0114117554617465	0.304457934547043	0.246163416327358	0.00136189799495737	0.265120096512032	0.266267484217155	0.240149003560691	0.245537870309453	0.0170188308894111	0.00131347772879178	0.156356409082381	0.00508213081922126	0.276548260407407	0.25352129014002	0.0131574777610809	0.0268723831497012	0.0116309654574115	0.240318516976029	0.170186010966261	0.178252167944784	0.00247070854567655
"SRR39238472"	0.276715155825577	0.0157036191858204	0.0499935205409382	0.335376232690423	0.197054365256614	0.162018860576622	0.0522486323346443	0.312244816955932	0.0246327575350639	0.0938195045774436	0.0626494349429937	0.244541222012312	0.29155609900594	0.0269566879959577	0.0189945312683875	0.118490481079547	0.168661297597906	0.00425729790103372	0.344301074633909	0.22543146580318	0.0286570063932584	0.0227160875029049	0.234598633234781	0.166415900061973	0.0585774863848413	0.00269736383086455	0.167796749775791	0.00568896719373404	0.0206858921936429	0.262474239774146	0.0181620375913006	0.0372595321358954	0.00267310785273215	0.0309013283300313	0.00872478099312526	0.0649015875103778	0.0395264277563832	0.0721740830648616	0.00667544796104062	0.00771170594937978	0.0299813291777823	0.0537087993308133	0.146676641980239	0.00890915310697451	0.207106883332024	0.0495632158675611	0.0260291972937002	0.271661816315735	0.122645315311227	0.3215898101779	0.162436958432994	0.011298244370472	0.184018935065498	0.0170476783641117	0.0118301719491874	0.0355552596330422	0.0228123703914918	0.143453320728984	0.0413265295934561	0.0311640024092169	0.234172583034439	0.212235287389623	0.00467560410501548	0.217883473123745	0.221548071576684	0.229876454721627	0.237378216380548	0.0278863355516812	0.00455704429268003	0.15373861023325	0.0105280616365744	0.267559326071594	0.182283604650628	0.033813933616449	0.0365822086044254	0.021355413680969	0.215007043435712	0.123596350346599	0.131907753842432	0.00680251544778657
"SRR39238470"	0.467650160953842	0.00516003223750716	0.0205510223101865	0.125890459258898	0.0659777301866339	0.088818922935084	0.0128776157239359	0.0806908974280512	0.00431560337607446	0.0386167298405664	0.0133401005109754	0.14519356304349	0.181067905654196	0.00578387630665943	0.00383324520195756	0.0688386053245631	0.174574832233699	0.000527592250817057	0.154247557932563	0.217680879169631	0.00233506282918388	0.00564576387567423	0.158326453736369	0.102827280886121	0.0141617792756223	6.40805718917681e-05	0.128259145180499	0.000514444795335991	0.00323919653734245	0.0785916841586743	0.00347588645204223	0.00553965423499844	0.000326853175627414	0.00299147893612134	0.000993497944056841	0.0158220157351206	0.00869027863232776	0.0184666832797232	0.000698931098669781	0.000859611876841195	0.00208477810482267	0.0188182627770546	0.0284672595170951	0.00194679057896089	0.112375921467844	0.0101084093952344	0.00526594787681623	0.192123454733271	0.118454282879386	0.0752411719238812	0.132313827043129	0.00140903850639586	0.0728633530934951	0.00246555351620288	0.00296028722179906	0.0108696974560318	0.00219633553226852	0.0414898753855961	0.00731345211707901	0.00733204906978455	0.203539961763715	0.0953646049119289	0.000407129564168755	0.173784766408355	0.134027072577553	0.0742986676267354	0.104776745473998	0.00760192692517736	0.000309653580974339	0.165628361357118	0.00110142058739403	0.0862536840682889	0.114462172411707	0.00359467961656233	0.00327702327659571	0.00344625227350413	0.105660392797485	0.0733159317047548	0.0381879286506957	0.000516587367749484
"SRR39238469"	0.98154267991211	0.878493500374343	0.963929201785252	0.889435641721545	0.95158874054781	0.827405224326888	0.930208183050639	0.789300753992327	0.959763012041752	0.951653148858109	0.853784596153785	0.851108236443464	0.928812701613624	0.961437346700633	0.91562154658815	0.773269396515703	0.742068971485426	0.832814483142544	0.783271895872183	0.848191599541282	0.834134836743262	0.862412762195841	0.877952211161244	0.839173243380774	0.898835549774989	0.86493385674152	0.783313314515998	0.910898173595077	0.911184234718422	0.874128994011651	0.79818953798853	0.938797841712727	0.790457007480512	0.896514420451754	0.868317434912085	0.947767390005043	0.966693156036373	0.915623250946136	0.940706941199482	0.83689600545285	0.84957180995881	0.93667585991845	0.765496746422019	0.843396260561518	0.87550045769759	0.777576138362508	0.873572155548551	0.952802575091423	0.55328213428478	0.82180050181413	0.76842615469509	0.839926807568417	0.924339410961932	0.861101873699953	0.844910262115768	0.948690296167446	0.883251338454083	0.751596668112305	0.91144154684377	0.915912213220935	0.8836375082014	0.837620958730229	0.89109187741483	0.841927392584362	0.838115658106371	0.867882165283934	0.892222176377234	0.936359684640235	0.847636148961555	0.927114754432456	0.832217570479902	0.84260648244597	0.686652863747394	0.880591569585884	0.587972944687652	0.778071842026506	0.832528266287964	0.722536991917971	0.455199585266728	0.778952670401216
"SRR39238468"	0.995216215588025	0.819412692651659	0.957587486894204	0.981334175256712	0.984116141115407	0.941378090449997	0.87651470845345	0.975613872646781	0.829309159077831	0.948976677430097	0.947988963493473	0.986233944945371	0.986614663929297	0.905683690338074	0.781475012834107	0.967749961014671	0.930613049408201	0.335953533667268	0.976330962730296	0.972087560500591	0.777504673266906	0.747658213749442	0.976179323639015	0.969396130341002	0.886569841045256	0.360416067189678	0.96639166855529	0.614311454042657	0.763496741107221	0.985113799215867	0.592137104562393	0.880443322837734	0.203225604891797	0.757990848106191	0.632367594298831	0.937185578417649	0.943532887087665	0.95035600452188	0.793906686518579	0.57541176191841	0.834939019316226	0.939667938419	0.917243880035237	0.476482994170093	0.967578924909382	0.904204305752573	0.765067460504061	0.988447731349399	0.635395884841626	0.96855498139527	0.86568903128251	0.561208601909061	0.987447517706071	0.711421716182417	0.502697546642651	0.912823537774186	0.828876916187443	0.905463205536849	0.87954515963036	0.779670973813592	0.987132828573533	0.97706991162724	0.487535196816331	0.975263204636068	0.973133765121785	0.965139185080142	0.976885147249	0.880869774569887	0.442620396047553	0.976361347709362	0.489729843996126	0.957528528753395	0.928400472490601	0.856732121786081	0.831819199238245	0.725529695477392	0.973838343831044	0.896395488678223	0.904202586835125	0.376153533690427
"SRR39238467"	0.960295698577717	0.74045813070355	0.785815646155616	0.461087004785117	0.673615836375836	0.504329533299141	0.767731949112286	0.296478478288947	0.8460708911318	0.832061315545065	0.426979425918118	0.447148067346398	0.631273842591685	0.865311019371158	0.716063898930625	0.423308021410953	0.415195180925498	0.528337227459858	0.462476093059098	0.440632296746825	0.365900242420787	0.511804884891258	0.589313434570103	0.399618694913877	0.685869532022021	0.439058513652465	0.392196140873844	0.605591915455829	0.581096171517982	0.396516738429905	0.376273303207329	0.656575274142265	0.513451715310432	0.647370203818986	0.536212259195845	0.676734031538621	0.823767195696995	0.560441008779616	0.692406677474349	0.412961567363959	0.410799720005288	0.706211812024363	0.384086748106372	0.501753072792025	0.498718591006588	0.288675157199254	0.530729238800822	0.782459478266287	0.186158907485871	0.351317979637817	0.34666949585577	0.439984488470788	0.627475549582913	0.607247682947825	0.48940606445518	0.760650821104464	0.501216627395432	0.41258114792805	0.62406074888519	0.65055412530266	0.597193143973814	0.369833982246615	0.551501508847441	0.408337251287313	0.474132697147571	0.469331071104935	0.548254375277994	0.670351926129558	0.471334603640064	0.817913860392432	0.570161808280928	0.444107502490402	0.232641891545931	0.493691848362083	0.147921414326935	0.319913740900408	0.422585420468467	0.326575887740293	0.0921959618159728	0.345140526778905
"SRR39238466"	0.977889058463332	0.774515512378641	0.94311039078075	0.871914062913964	0.970600008492978	0.811253331715481	0.953907745921399	0.875945317187187	0.974365610910572	0.968062055357673	0.880704855998028	0.838536596180886	0.960747379258237	0.946389268041782	0.912673469219798	0.69140896560298	0.544355382730419	0.686020009725536	0.837339428598102	0.838021976120496	0.880548979398812	0.859332765126173	0.870573391874294	0.829147967163102	0.911126304748871	0.930719533727907	0.788764077736923	0.938008147827422	0.926574368254059	0.911123335962014	0.76510287072206	0.966823626481278	0.696770704695827	0.929183374963487	0.831989331237691	0.962512417900589	0.97146225673174	0.921718094089034	0.937530904836907	0.792686220481504	0.905135318270135	0.916128150596341	0.838594516106356	0.720454149165846	0.871284786313924	0.736442540154908	0.853763176802743	0.953055515477864	0.384262701166728	0.880948935436968	0.609996873466804	0.796887665948447	0.938407912098557	0.867001178166563	0.806669837992935	0.934673956223378	0.915970379915913	0.819801713526782	0.901040565341886	0.920423165063315	0.915027826539283	0.858496050294875	0.85453299173344	0.787695904426892	0.831857594820924	0.88826748529609	0.909282429772363	0.900471729739471	0.821301471976756	0.886014829819466	0.847798354380766	0.875902789714086	0.684300178548643	0.934716320702149	0.683311764253622	0.73906933065684	0.82664641313509	0.63674058791881	0.50283276029496	0.781315272478704
"SRR39238465"	0.985349875223413	0.903402379481041	0.973579283377573	0.885892217825169	0.965208026422429	0.861562056368723	0.945886634010067	0.864238583036504	0.978600646893188	0.987405272383286	0.912301453468972	0.925368247144242	0.933403201511711	0.959382340624399	0.941055692175077	0.888801077248454	0.749133444554985	0.925494276793978	0.828760207697013	0.894248718821923	0.890564523514775	0.894346859051925	0.920959454333675	0.913637172780736	0.939867011067424	0.922547163722225	0.848881316518635	0.944009636412693	0.936385207912583	0.915779080635548	0.846938301790593	0.951975220715375	0.804110169856963	0.903521228339919	0.91419341609598	0.960915300408234	0.980042129935598	0.957056901346691	0.96976590498388	0.902518420921931	0.926293714585528	0.974655890444071	0.849378899878471	0.861893740618203	0.903151911959895	0.831994776571101	0.923218691089903	0.967038686431212	0.483770634184266	0.873123140291584	0.728082186761517	0.870781401509654	0.957259683990976	0.917284816906824	0.854101513556725	0.969787405932035	0.946245082034795	0.805841445818972	0.944681784501824	0.929594762894225	0.890966792994172	0.892961391398705	0.939442378636044	0.910642638423249	0.884438625838661	0.90300663276393	0.924032807566022	0.95022733106065	0.938230094370509	0.957346316421579	0.881833333729358	0.843379898765426	0.783885020084096	0.92999473471989	0.752191901430248	0.835072502821549	0.882948984667453	0.780593425922009	0.638676096144325	0.828728847030963
"SRR39238464"	0.954205480391433	0.0661151126998247	0.398820139441408	0.73015150328374	0.697482767493037	0.588391816511582	0.333736725653932	0.604703131210175	0.131361103741015	0.381334896652185	0.228088812506442	0.743311036260121	0.839188697697121	0.293937985509094	0.0689124432598674	0.677108458542394	0.718845242995642	0.00569684154516361	0.653440287528774	0.847412334692817	0.0243335370155998	0.13838908498134	0.813758879974727	0.727899227209732	0.195811234940399	0.00159836498181162	0.79918509076945	0.0220714250240886	0.0775667066486624	0.738009496136945	0.0564512159060543	0.15715599515625	0.00482427547694386	0.0490883659819691	0.0170142332868043	0.354454549497063	0.149816364947229	0.248449818029068	0.018069850698163	0.0152186544262021	0.0382089960208475	0.210158744206677	0.2759861410632	0.0265564641661756	0.796462681724725	0.102532916054618	0.0813880654224632	0.903632618824216	0.617535170495484	0.675738386157303	0.733523745947786	0.0188107887765573	0.833775373527457	0.0591357312665312	0.0666765816396104	0.215423703585524	0.035406690887696	0.314608291066252	0.0664047456630381	0.0907364583390059	0.89670947484076	0.73469051485568	0.00632379469780285	0.789832386049982	0.764826083372108	0.776018773406588	0.783045070857819	0.133697364427457	0.00401988190201568	0.773190563889808	0.0249089838665018	0.681098681612852	0.665683327380065	0.0555918290760029	0.0411694709323876	0.0407184054647686	0.712279343509534	0.636814461602056	0.327193084529484	0.00828593046924466
"SRR39238463"	0.997337213606353	0.991797175221855	0.998150675770193	0.99930251842426	0.998131871111637	0.991525951180886	0.995022250572912	0.993937778914934	0.998929632879982	0.998878819466437	0.992332837441598	0.98895602314242	0.992539649923229	0.996217567759274	0.99570456157602	0.987615408935335	0.987721624591366	0.9928996085894	0.992029368247593	0.978421335080476	0.99464332981991	0.991257864454679	0.994548743262764	0.986147727543164	0.995513156036645	0.99597254273456	0.957386650330013	0.996217215093794	0.993453564654581	0.997968397498225	0.980766316963774	0.996809242779371	0.991144878712018	0.997256536313817	0.995710615374297	0.997585561504181	0.99926985662932	0.996189136913733	0.997138236077733	0.985859223720141	0.989166028474037	0.997706469836655	0.990047055405219	0.992182258266481	0.995507328498039	0.989697645452315	0.993845099546542	0.998017956856907	0.961521685643897	0.994599505775435	0.992501864220827	0.994910041400163	0.997660853444667	0.992640609299153	0.988845020272515	0.997168155132134	0.99586984836079	0.989845033047422	0.998133450196207	0.996509356736438	0.990346258654754	0.992715208532417	0.994715802857482	0.991023230241001	0.989754361359936	0.99427823706479	0.996494863439918	0.997164226765012	0.994269061284608	0.992720885158273	0.992638766999407	0.998640636406695	0.968694165286806	0.994550598101225	0.959285881627596	0.987881917765624	0.99508091008194	0.981333833087588	0.927531760398731	0.991592291582675
"SRR39238549"	0.992002944925152	0.268506015720957	0.951502424293361	0.993977554232545	0.988540108154483	0.977006587640836	0.904722301857641	0.989921511607416	0.756035664038651	0.926622730449125	0.932577624901433	0.993214916699783	0.98814317862426	0.810377971795063	0.641648524811262	0.985019050696854	0.984777748602881	0.0980171395201584	0.984067073949154	0.993958817845132	0.5285816056845	0.820224542650108	0.991685668843394	0.98943852220212	0.856848968542957	0.0704682680170297	0.988153650159297	0.467691764086082	0.668683293722967	0.995869552931172	0.523018799311722	0.838552876312484	0.107672345480374	0.540883121129295	0.395898344435873	0.943782351376294	0.797334692966353	0.93148678897542	0.44571036479026	0.312268991107883	0.623550865296737	0.896339208606501	0.940805932815351	0.391332708786773	0.992930504412015	0.833620441074919	0.679043193897998	0.995966104305692	0.967140256448063	0.989669908711219	0.985399598398423	0.398293360517953	0.996164597693363	0.650872673657476	0.589999682403074	0.864700220389917	0.617020679307239	0.910663081229268	0.718832015008818	0.683155176815987	0.995962179335414	0.992752906170179	0.133164545875869	0.993907240182513	0.98988425739182	0.991516260299831	0.992362705185428	0.810316213741712	0.115613314252359	0.980812536192033	0.393625881420148	0.99089792751031	0.986567255889698	0.697041878108298	0.660061824143406	0.612536691458895	0.992477976619465	0.979733223182039	0.962488351021958	0.21255576721987
"SRR39238462"	0.855987611366698	0.328487181038951	0.604404180428939	0.314631963388947	0.547379392315135	0.301213332570407	0.275848648724593	0.16207984852479	0.532200230025311	0.587786609003429	0.232150116929338	0.306742716257264	0.487828720620251	0.431785264384386	0.340005142335122	0.210695623546047	0.25841019698905	0.261562906351466	0.226716139217841	0.333469889358925	0.238672348824725	0.258842514235443	0.316874147878202	0.181343011630524	0.411787371435703	0.15824344083564	0.320374460577433	0.292449209209633	0.34876359773677	0.202516769722978	0.205014476358923	0.465049163911562	0.0898369556897683	0.369056178409689	0.300261312987382	0.525759914083867	0.633823652989096	0.422060273250658	0.42386373425857	0.239280331250204	0.229575472500889	0.541729774865638	0.209838267741289	0.315863583050774	0.273737341900496	0.19481399672715	0.305921131178353	0.520203292691793	0.159430629058174	0.174312666202573	0.241572750160595	0.28619033787673	0.263082392598403	0.283217319541341	0.217826769251907	0.555479497280583	0.274138906913417	0.239880234504561	0.459277785258682	0.51620183848845	0.388918369351464	0.2163234899576	0.287704640906778	0.318242376851722	0.265351924344063	0.227357295952127	0.271632754807974	0.465702976280467	0.216224475317038	0.530251808517488	0.220081544669887	0.207266950380569	0.172902545486009	0.301301839438971	0.0711050627626585	0.209059431829787	0.239122416348311	0.143280787536484	0.0488673460708145	0.161797677494625
"SRR39238461"	0.939743808108195	0.633118049695209	0.83888369254939	0.687385806756843	0.869183560953534	0.457293568794149	0.481263390777134	0.475702243107697	0.544112546951101	0.664718182877444	0.544141374905167	0.630810988151027	0.852253451122811	0.67734604866424	0.524042265037338	0.294434624725152	0.247562815626772	0.354786857848893	0.506455702017853	0.502537873520462	0.615533513800293	0.282597506432274	0.454257333459543	0.458937213410844	0.519992053662397	0.335192697515368	0.382827887664848	0.306019073583704	0.534380488824391	0.490738106291087	0.331217563022948	0.652670747128148	0.111092003036139	0.576394800844056	0.427324334514742	0.741982929364455	0.881546031082025	0.757823729330684	0.692574141943684	0.426280440645758	0.581194213928132	0.770635575461198	0.453515697072079	0.31917442952447	0.399340773146858	0.5540140806122	0.474815991616797	0.712643482096108	0.059308077163407	0.435218536413995	0.182563333556113	0.391827631794663	0.469972025649092	0.292719421216277	0.208818114987089	0.750459841176454	0.57863869697583	0.399499473659727	0.784588356718253	0.66223304811254	0.627916673823141	0.475435062953332	0.521959771255088	0.493402109616127	0.450682974411793	0.379354971617952	0.502937501996595	0.754978544913655	0.436953674234423	0.753763252656187	0.197936142318505	0.324912915729438	0.23576460647381	0.640700011999667	0.291308246829753	0.399594897603944	0.429151946975216	0.143052667785087	0.14881519413398	0.228252438659302
"SRR39238491"	0.855119883600756	0.349034913593729	0.366718478728768	0.0767742841124364	0.268535393329849	0.122855298059924	0.182062977622947	0.0623633160314023	0.448475701077413	0.502270937004047	0.117626062301521	0.0343329676096739	0.278729927289106	0.502398805783648	0.229782753809394	0.00204501430146887	0.00133109637483109	0.155545237921132	0.111154661705247	0.141929515398767	0.0924244741773754	0.122750768385279	0.201483442155724	0.0991739588124807	0.297698529301109	0.0961415383936484	0.21285597676463	0.167087401777826	0.199008732200302	9.79389825651186e-05	0.117919843124078	0.245561518325803	0.0481343834910581	0.18630608106498	0.142653273189701	0.276635523621387	0.387556329313418	0.215259358755061	0.258629463796327	0.132421790774022	0.131858801287568	0.348918377679871	0.080163058876626	0.129040425868446	0.131293257263917	0.064538208912539	0.182380434068117	0.392562084048969	0.034981904113867	0.0745540974347219	0.0648298203403987	0.105678920455808	0.19194789201026	0.17900904214579	0.0960244791086672	0.389697544999724	0.157425653121377	0.0878045317869303	0.189220894748638	0.259368684082726	0.157073408199865	0.0923429778724656	0.186683509454419	0.013912924617087	0.146992279357099	0.124535908127206	0.159742520005667	0.226876716342112	0.138602018206265	0.402569906352819	0.131845558339977	0.0672153609890748	0.0103719005734732	0.158051772138255	0.0466990724762445	0.0740640168462522	0.0953369761964933	0.000465004621348732	0.000932837748295468	0.0715865059220284
"SRR39238490"	0.911038424408173	0.460411924556403	0.683460234357384	0.351168911036106	0.65533102652599	0.304082934652873	0.405231104294844	0.222108864893158	0.506927095363571	0.59231072111109	0.307246060452468	0.391681576846117	0.626265117785817	0.599867722933381	0.3782239776297	0.145676342724392	0.171106460949951	0.268174851237626	0.289951955692918	0.311781549779978	0.321158436868089	0.214053112563541	0.328348690335334	0.277240447305901	0.418621423860915	0.199584734018404	0.20721430102425	0.23921069499751	0.362728812930172	0.240895219878146	0.213911563421007	0.460279605758616	0.122926067938042	0.38579795616241	0.279563275659161	0.538938943491295	0.739518889401308	0.512280385561357	0.503781590401521	0.2622059650257	0.339143430379594	0.596865477375193	0.234695786093452	0.233066965174116	0.257228749939888	0.255430363884685	0.325446056889735	0.575935841585133	0.0490842305361859	0.222172942495729	0.121827779257656	0.237103783815355	0.327186169651719	0.237122090918285	0.173488467635725	0.598882580849491	0.358797897833817	0.221481151656414	0.507219308788818	0.481788061782338	0.365912354237648	0.254176561618518	0.35116807099207	0.29524152300949	0.289720165822932	0.240926209728868	0.324508343100953	0.541646450669752	0.267115302963613	0.65217053183662	0.172479588458632	0.178639916852196	0.133477132583303	0.395872049886996	0.100420145192719	0.20748550637878	0.242005788178452	0.10921437149168	0.0613290354258182	0.141194772417573
"SRR39238489"	0.912901232725981	0.490502373652709	0.88259064350183	0.904422788512889	0.873540259318472	0.701212871113125	0.598483300333481	0.586109515971466	0.817267460663079	0.789330718764844	0.548258952671737	0.625397679661063	0.706649118990345	0.743792076651125	0.652471617268491	0.519369820225672	0.573697559577535	0.459896590974055	0.656676058597027	0.479641959824901	0.68418137032972	0.516684003987649	0.633674848866639	0.399577191631937	0.75427016597411	0.494863097390822	0.479850956070262	0.560235625635202	0.583259261179201	0.687068685695805	0.402481948901529	0.736673891351963	0.420400147166858	0.790962109051237	0.684747962976461	0.812955188662353	0.892790943085854	0.757309244813244	0.736715255223991	0.459873117842539	0.50213226024034	0.824188997181792	0.57375275278868	0.648185585150807	0.634821134566935	0.543585013069441	0.613496529756745	0.831442963505044	0.331515898026511	0.558532750477926	0.602703363277897	0.688129938292025	0.636944504687141	0.548171146562195	0.457759829381341	0.807871428522968	0.641340999541574	0.524732711835108	0.866782680942815	0.834629489159584	0.617641607043319	0.552947972119808	0.577026409225017	0.602227474954119	0.561800451370307	0.544645196880337	0.672548208954114	0.818810721217319	0.491809247085914	0.707449937840293	0.507103710658237	0.782525339479382	0.321580103276645	0.679423459389256	0.240098198830598	0.512843654711192	0.663734100827748	0.345449902130159	0.126239990078775	0.476671303079768
"SRR39238488"	0.984114901279011	0.853699117940833	0.987212335941269	0.991240516447866	0.984454108273422	0.956913156201778	0.977847080712566	0.936935281488548	0.982743991512277	0.969794773150474	0.925034966138304	0.922584834057862	0.945004965173747	0.965777212145841	0.954853210416739	0.845679318365525	0.920100768464453	0.858199136634989	0.938694643254251	0.862093133553742	0.950960963255133	0.933816561261291	0.94290948913788	0.893514919821193	0.961669065052467	0.940404795893456	0.75989329207514	0.952279163120547	0.935921612677697	0.970096244398522	0.854923457251885	0.96724077213083	0.957755968624954	0.973938974078793	0.960210001507923	0.976700016027223	0.987761913361149	0.961939046595081	0.97067677829176	0.886141716235552	0.898108317463721	0.972040409191233	0.932270555891617	0.946344228029109	0.95213965003506	0.911677916525073	0.935504020164722	0.980558239934986	0.786450105332203	0.935050345555276	0.935962101753084	0.954399950056785	0.965414986308628	0.940783203624523	0.928367768731919	0.974633814286324	0.948046452214647	0.904606174869281	0.979719700066206	0.973898510177854	0.931568084412152	0.927503567560899	0.933004860833025	0.919909004698048	0.917820745634093	0.935841079989564	0.960480624977078	0.979456371056702	0.920128972075062	0.95932493300643	0.94065503426983	0.98127983948072	0.793030122899076	0.95107584556886	0.674162994372248	0.902038324666071	0.952260200632444	0.845138886451958	0.576283819224495	0.91356410001009
"SRR39238487"	0.99587853503677	0.802739499902302	0.991107794913409	0.999607099375008	0.997267788612488	0.990343213255335	0.980507129311383	0.996418428250054	0.971553350366849	0.974197334313692	0.977131317773867	0.992972332891724	0.993396931438701	0.953694436434249	0.959147334233137	0.984591006908342	0.989520208224769	0.589302512880089	0.994895519045461	0.988069763596104	0.948012738307823	0.938017565554849	0.9945867374667	0.988801605686953	0.970856825573183	0.730408375476207	0.964802064381468	0.881857233109401	0.928225345597771	0.998746905728331	0.855228866181235	0.969057476248162	0.705142250224368	0.958356576956928	0.903451562326539	0.989064577169619	0.990891934135614	0.983413859306692	0.911433218961991	0.737820404632358	0.884957153551475	0.977031005362026	0.985294983866634	0.852327010166302	0.99651411407433	0.961544233621321	0.936727992794663	0.998456155345025	0.959888235860985	0.996536433589164	0.993211728894119	0.903452460825633	0.998182454136981	0.913363697196069	0.873357039290775	0.976759617244365	0.938935510477616	0.962897864180726	0.979947482025514	0.96065051075252	0.993159288536803	0.995342154961342	0.751007384528683	0.992390850308693	0.992307834627225	0.995660244717628	0.997445858097455	0.978373126875679	0.692972446450636	0.992690669460846	0.865318634685836	0.998937582181188	0.975919142430228	0.955452626087638	0.859691320164022	0.901225685835794	0.996640806525818	0.982691049989264	0.951879628016313	0.806846361018171
"SRR39238486"	0.3086322752579	0.0146067093096655	0.0547919610629167	0.636851102881357	0.225966146030723	0.290746849072009	0.0551391442403117	0.0119413907618383	0.0100000258660035	0.0309096268535399	0.097572620907446	0.509598304096888	0.422474736192695	0.0084281638321149	0.0150823449791847	0.393559250705689	0.525817685648223	0.00323181488274365	0.153516226325427	0.477841227828228	0.0289918744250674	0.0327632874214406	0.00345958968848138	0.0234966689749304	0.0523108600632904	0.00108812184010938	0.446740962229476	0.0036604790531973	0.0196702670354	0.546224389135075	0.0291947554118255	0.0256973668038013	0.0030348989698659	0.0194813146166822	0.0078839747925784	0.0641289163420838	0.0263300575806509	0.0856940025029047	0.00421827683945756	0.00968681385580579	0.0300621771793933	0.0481293429171733	0.206794273126224	0.0119289435111498	0.507389371279622	0.0965121022644577	0.0299497726192375	0.544301417121227	0.534398226036196	0.649244880813911	0.568351712633704	0.0122813613346812	0.443386459759498	0.0176037545028576	0.0185247948825279	0.038347694038737	0.0158927809972375	0.157053276106829	0.0354867408116486	0.0334417859038386	0.154295957233006	0.0241401735283092	0.00333869171275166	0.50388850698001	0.0191808332234255	0.590891825816647	0.573357854325551	0.0346199120882292	0.00259959230026223	0.26782620822808	0.00932594419014007	0.56295279847473	0.472562382475308	0.0283816089556527	0.0824249266726263	0.0313413935462351	0.00618528551214753	0.440462150507583	0.461639289492989	0.00662344499046598
"SRR39238548"	0.975476499555518	0.768933070056392	0.963622779407065	0.860220701239498	0.963746937492641	0.775466328472448	0.878822285728583	0.84060640201113	0.939297520083959	0.913582736586468	0.790622832724601	0.909377140602745	0.943983157452791	0.895049894690524	0.912271729610054	0.77650931557644	0.511252265450876	0.744654434189189	0.744429509616389	0.760139826995688	0.90046473489683	0.734510147090829	0.844396320094778	0.813909956162847	0.890725162844778	0.843948271738364	0.658793459273842	0.808754656787176	0.899535777629102	0.883837951128045	0.742494050280993	0.924155417346377	0.456650158964807	0.881697593526145	0.827599450940526	0.950962222704252	0.959774332617726	0.946258784341686	0.936954773716119	0.79911996162489	0.902952506852043	0.948825893959539	0.819164501563308	0.716065664297419	0.839278799253115	0.705541701220588	0.862794742241068	0.942150890821456	0.190141471795834	0.832779572575746	0.496788817615676	0.784361219208825	0.863250435995158	0.798809284296412	0.655329661304943	0.952003090926993	0.899861538485863	0.639036024168548	0.937200785328872	0.904819868358372	0.814247608609908	0.779999721312795	0.8819093326609	0.841812521128676	0.824812135227324	0.830802734079056	0.897435871331043	0.938139382487997	0.845950390046695	0.918123956518983	0.712328005095396	0.768914447741544	0.592614703008499	0.91080995230135	0.58858171086582	0.762733623543943	0.849241718773218	0.536040479994957	0.405739321524518	0.699712222414411
"SRR39238485"	0.788992093382217	0.283074267775832	0.555535858265787	0.935412498026566	0.80575943973913	0.733800390899717	0.521024701234586	0.100650096702397	0.287014804909636	0.431436752238956	0.626516099111956	0.865133277206951	0.855195407385572	0.216372803238056	0.321958687425942	0.802202656405367	0.833167465088558	0.0944969196802277	0.544586811256184	0.852464360310743	0.331275488261643	0.38827992349686	0.0370253985931726	0.178898068037149	0.462310923955147	0.073786058074322	0.802207311362628	0.159130826719859	0.362826389149185	0.921785145358532	0.33664826615582	0.441103982259491	0.071185034101531	0.327353434511081	0.199948396357783	0.605438807048806	0.442590692314765	0.596202337580553	0.178913391943559	0.20449678906996	0.379372856636356	0.479061738422961	0.703576471740165	0.206560450441303	0.888669813724116	0.584037600746618	0.379391803121966	0.902456007080451	0.765364263255969	0.925062797617668	0.867041091172615	0.226043757526555	0.906518221400234	0.300429875170267	0.263444807573417	0.471100083274409	0.30804177178314	0.637394948789268	0.382296946391493	0.304243729666306	0.641685631934888	0.197990461612513	0.12986693907602	0.864340997907287	0.145993007389863	0.914764848167821	0.893503561890388	0.452859653396271	0.102384566232337	0.754598569766459	0.204193901601291	0.897342073212336	0.811173296254734	0.337717157086762	0.495042634655349	0.356751251920706	0.0595775100747495	0.822894746706906	0.793687154861057	0.163328115447835
"SRR39238547"	0.975459257800065	0.315102305291312	0.883554203595437	0.992119517109378	0.965086841947544	0.909247364990632	0.735435347405498	0.140957036760898	0.685056983517128	0.878385314253934	0.716447441666387	0.840420014565673	0.937329009896633	0.559976417454978	0.459616406723371	0.314607797525233	0.474180830495292	0.0973127443566136	0.742947548357836	0.868942352779838	0.508353667496819	0.458725111593549	0.0617680608458138	0.194681728005366	0.733979816016752	0.0683081445655575	0.76654808628895	0.199772201411348	0.384632508086351	0.482941443389855	0.276963891875251	0.626413760590782	0.0908661936638271	0.60167442210651	0.331560518482879	0.839684295972639	0.836357164807478	0.824283508541119	0.290592676393946	0.153029134190778	0.349563724271393	0.826723031291128	0.834882228295216	0.275824263378372	0.941731778960601	0.636284491264693	0.516120516865928	0.976568080158768	0.706269486420508	0.937090811092217	0.913015437677232	0.342615081505448	0.955064806955217	0.378403373507235	0.271952606004261	0.756727234112017	0.480268095482575	0.790713642161058	0.784946556346935	0.657360058870868	0.7177871527925	0.261410658184406	0.139593516553576	0.796323331671429	0.181456351396835	0.922980140107032	0.95434358863226	0.734987339593047	0.125476452105495	0.904227118866395	0.24643377483849	0.975811444251395	0.595702263783273	0.553192736625893	0.26732443415448	0.368372893259743	0.113567694756757	0.196705949601222	0.204144762524337	0.155519113910167
"SRR39238484"	0.997453570547967	0.97824287925858	0.995813411163927	0.996611349995428	0.997906364523578	0.989254205015754	0.995524798761431	0.993937372981085	0.998405458722923	0.995971048476307	0.977750619071331	0.982634327456304	0.997929542710413	0.997923496512012	0.988117871201442	0.94367094276199	0.971435060318963	0.922709066839844	0.991549721184579	0.954555158721856	0.994861950378871	0.985323691234684	0.9901639585086	0.95409092483171	0.993347568432509	0.993977255484792	0.932847447326021	0.992984047963408	0.99032059905228	0.997092802839247	0.934924590044618	0.998247654578616	0.974474262079501	0.998130339875159	0.986339004133846	0.997600651536538	0.998928458808557	0.993281983369078	0.991961245477497	0.946612170221715	0.987346108842188	0.990735556041596	0.989560738533483	0.976401079721968	0.990869883169586	0.969806933723131	0.981014731949856	0.993311975163582	0.912149475454532	0.992114289537932	0.971049526186636	0.989263431414921	0.983716997752019	0.984844096444659	0.982393747505499	0.990518696246673	0.990665632543532	0.995374047430385	0.996304871724616	0.995716502401289	0.995129385101516	0.975466287855553	0.974803364030579	0.97985078829069	0.986669558619687	0.987300471457559	0.993440298987793	0.992269446450258	0.961593549150091	0.975232002122691	0.98709602881563	0.997999960198822	0.960251781679742	0.99467087583865	0.889219183124196	0.982501250893135	0.993351210115307	0.926390540291605	0.744971122259407	0.984060004846092
"SRR39238546"	0.889383997489321	0.237966379827162	0.588914064534998	0.263640531299378	0.776329567095393	0.372921101322703	0.64168095036498	0.442196508698622	0.815634885870478	0.857588955565562	0.191865141436031	0.295157924289851	0.786256555009999	0.603836255174199	0.316100460742499	0.0467293483515078	0.0188930026055864	0.122102667884793	0.380831363241147	0.145201366230775	0.53817814137683	0.204519184574997	0.377998713914957	0.197995289649978	0.603708264142207	0.363732974766206	0.152639272366045	0.276499221081401	0.375827856488523	0.074469051822422	0.114432112759854	0.687789494266389	0.0845809941870169	0.631378777338421	0.226296854765789	0.681649552601343	0.762380183484878	0.603070093932859	0.406417944434248	0.132531496373514	0.496447231111364	0.620849853117318	0.45309397968474	0.118474782655071	0.264496335662063	0.100829992981338	0.308711539910179	0.515596774796282	0.0183528259776595	0.34702963111555	0.0452324252113068	0.209928285903199	0.194265178485961	0.293850601743094	0.144251124763462	0.528337143734077	0.492369463441327	0.472663186595098	0.582796550420206	0.590154846429092	0.350931712692339	0.163498401968021	0.231420082623962	0.145508008144128	0.307721467121685	0.250097154779934	0.416832545129796	0.3993285739185	0.239875144447882	0.389045695917792	0.255525509369932	0.343578027434745	0.0801490898495949	0.623584562817308	0.0773280837356102	0.17892000220835	0.337820115141771	0.0105913144357129	0.0103153913759652	0.157891628949303
"SRR39238483"	0.712532974048749	0.0032725768380038	0.0349973877730311	0.130570125655591	0.261682139145903	0.117341031898367	0.0970874857251453	0.151392921667158	0.0178582565567037	0.0552279927804782	0.0241768878777344	0.129282344097862	0.422357191570862	0.00687589045334566	0.00638620177406661	0.0121302472881454	0.00769106581461678	0.000190643693032929	0.152035465040672	0.231670462106849	0.0045853870081074	0.0102437772236476	0.15586629395833	0.148827789442608	0.0235989218288589	0.000227669907990304	0.20862258731314	0.0016752573442349	0.00587337866654465	0.0096999204508372	0.00360387677024909	0.0144357077040535	0.000447484379041199	0.00519409047516419	0.000988791868927739	0.0436080369542205	0.0107697185187233	0.0363997247550004	0.00125650833023183	0.000819185983850666	0.00517719978040237	0.0211913227767122	0.0583425772133284	0.000846948829835518	0.134335059650361	0.00711613863759062	0.0057339000315095	0.364311460887917	0.0255099152548537	0.118091664053324	0.0355495937259074	0.000965176436444311	0.205499586231558	0.00621827913791005	0.00371026347541187	0.0203032242918877	0.00444253376055907	0.0427335230299904	0.0108304468683798	0.0107212464509589	0.290349083438916	0.140361918770175	0.000298439728999758	0.0603313606733264	0.132120683359328	0.139694786539491	0.209649224139981	0.00979172694597831	0.000267834495872878	0.225783287701364	0.00250857515351966	0.0824307384551545	0.0583168770690021	0.0114592237938109	0.00497023490377931	0.00254980883980305	0.114812393230505	0.00648185414957616	0.00941507613185668	0.000658495819340011
"SRR39238482"	0.865582179984738	0.289430462457735	0.656287485607272	0.320589027230188	0.703536835529038	0.334786208962834	0.448347929698926	0.212648283540205	0.579060301870558	0.537451211233434	0.311774182668175	0.453067006792369	0.677132742708494	0.159236655848062	0.471460841446264	0.183971708009341	0.175326983150862	0.220688914862746	0.168277472956614	0.562967502285552	0.359794819752508	0.380178328472398	0.263769181545287	0.304711643383602	0.369916822955075	0.220615804960677	0.423609402288556	0.408485838516955	0.461826056883536	0.213038155931655	0.259099137600377	0.508448208573056	0.134319545689447	0.304786512175278	0.264825510141347	0.623269533515579	0.613840109018435	0.577381086807558	0.492141600906098	0.275016894208817	0.28228974991248	0.59444636780485	0.230665254108019	0.279031506353076	0.297054676176428	0.263797624585668	0.332424760718051	0.522904154151959	0.14556949154731	0.177166096619075	0.187023504422758	0.275120820057575	0.314716848456936	0.314954495433805	0.340691596401328	0.601148618169525	0.329932353314776	0.240965667791684	0.56998566203318	0.566829435533552	0.504635204764544	0.288116477965325	0.251953211862081	0.416829872492233	0.244041944460444	0.258225291382004	0.336666875010844	0.537716501350288	0.20145692481692	0.681520372165668	0.229420381525803	0.13587333190548	0.32261243614889	0.406389083569961	0.100014214905082	0.264937398114957	0.257204724980833	0.145777325327436	0.0796986772069052	0.226782330214994
"SRR39238545"	0.977659027769596	0.00827309978709326	0.207021067627149	0.851838341086534	0.628627236973574	0.85950684594678	0.241596589906427	0.867302039449869	0.0425777647707458	0.624094821028985	0.254107865439138	0.952773379545931	0.788605118490469	0.0681735380367987	0.00936380467043841	0.949117222789075	0.945300615493583	0.000271388483050959	0.933078280760755	0.94598225031785	0.0040585389568052	0.0740202001729358	0.961137249118044	0.919384037807007	0.205421779907028	4.73109776688587e-05	0.947491783513627	0.0025438677035364	0.00761521221819895	0.922624077537789	0.00765997536602704	0.0284213200296569	0.0016422068506778	0.00784756059674438	0.00269151830009782	0.12076972015099	0.0218428727328328	0.165358000823803	0.00150764214794284	0.00134788709557237	0.00831866286177803	0.172814285685575	0.321632320464199	0.00461265451855845	0.917522487700565	0.0716827618347941	0.0220659277493607	0.95908243458696	0.8149996900301	0.828687687299767	0.857689670229645	0.00274255330079587	0.954793820365177	0.0206784379075012	0.0173972582624369	0.0581275289858519	0.0101441378282426	0.497827676192726	0.0178766165094921	0.0154416422762813	0.966927961709827	0.907869395163525	0.000230364902990055	0.957926273945277	0.937626406372523	0.8853387975733	0.903837677141359	0.0278246382011922	0.000275236816695679	0.834993355375934	0.00519053198885973	0.884270398550371	0.906445808443149	0.0139920163692103	0.0301796954377714	0.0127179184035947	0.932491472451658	0.874206454842084	0.707390384434103	0.000798208623698299
"SRR39238480"	0.993666683631362	0.3183261782687	0.841191222030649	0.949338136922107	0.982911148020895	0.969195980110174	0.866393401435665	0.968463467220272	0.638791936689635	0.886671033010875	0.775451983612539	0.985086160716658	0.984188885385666	0.348972873358557	0.505439936684795	0.954749529441956	0.946553900256183	0.0345631132229552	0.953399042055892	0.974098520706608	0.295167106381612	0.683176110368292	0.981875812349327	0.986656686190904	0.750147977812917	0.0421409843544977	0.952069602359766	0.295843750689597	0.456334121471433	0.9818429750631	0.610363401177043	0.672240997055072	0.04975010148196	0.347747652944792	0.193928915494708	0.877186616984386	0.684264112712827	0.850296047281378	0.227796558680962	0.140784851535157	0.405601712245738	0.784239621391662	0.903689520894637	0.166769900453047	0.980443322291543	0.52883412203621	0.584243492848846	0.99062074237977	0.833563300286004	0.963965320568098	0.922125832487565	0.153650044337786	0.99091765626724	0.47846401482217	0.356671142020767	0.756616790432166	0.480023430038237	0.821025101999828	0.49112595464608	0.433242446161887	0.993762763524672	0.98057573857715	0.063394903335344	0.98098502179938	0.980655531396913	0.97608176286674	0.979900264893492	0.607591290061711	0.0493540065915032	0.983488568769918	0.227238040671217	0.956225189613201	0.966744228509435	0.570781098012985	0.322593192441556	0.340901723738431	0.977965891090159	0.966187236069106	0.9693957578859	0.104612978470589
"SRR39238479"	0.981880538956393	0.150068154965295	0.401653230585375	0.796168666486882	0.685473891800822	0.777922762689714	0.52417770353902	0.714203094115492	0.335359620310529	0.844678551751683	0.331844846374805	0.839130651476502	0.81345398052058	0.128074660482592	0.0873310907792787	0.885704849587273	0.899529198055581	0.0106888488365851	0.831800350959963	0.875487753183266	0.0254669235259294	0.244424361040589	0.926993063585103	0.833845665032879	0.389082240754745	0.00219191393437445	0.884959031640071	0.0430217860335527	0.0763641509653168	0.838142086617316	0.0570732530534662	0.18230538017867	0.0210364664470774	0.0755196774613423	0.0307211183873872	0.360327184190159	0.17628792246498	0.308494479089349	0.02555548587212	0.0168408769133456	0.0407648750170493	0.393947455036062	0.369174051490069	0.0479167125703162	0.877366482050854	0.137617949659794	0.125487324160437	0.941932265110094	0.782656998700409	0.745437805554979	0.844293950365364	0.0292674499520486	0.917891255980637	0.127118380615321	0.122057121280795	0.269202306517434	0.0600428337469332	0.603318873273656	0.107081896307924	0.113649379068824	0.92933934228567	0.812775179901907	0.00804439168811117	0.890623254284554	0.870581188563969	0.847153545511296	0.859759781054216	0.149422897627768	0.00745260347797645	0.88594916387302	0.0597243105279705	0.841857890913128	0.804302184212959	0.066412895313	0.0563493850178752	0.0570013060724378	0.843746097156976	0.806840445384694	0.433457078837025	0.0127346224194165
"SRR39238478"	0.85841683382474	0.0226334849983571	0.203352369468434	0.470426495844847	0.710229396230391	0.493447956840474	0.159916267099596	0.350762715070657	0.0319825311144813	0.153974244610403	0.0952431890717285	0.545394272675209	0.710490117464713	0.0136711282220115	0.0297878549319032	0.257987555584042	0.308531230462341	0.00234601552199766	0.35546578899354	0.576397266115828	0.0196223682641561	0.0501069854975627	0.434530640005831	0.601721250591914	0.0725670381390826	0.00101199445804285	0.463280818812574	0.00745397458548534	0.0294643979076253	0.368267733247923	0.059207643994771	0.0600068327975137	0.001984464643103	0.022165065036163	0.00867117668496214	0.198045313487298	0.110936761087091	0.169986384781864	0.0103799784731914	0.00788564156988799	0.0226077224378897	0.125756422853816	0.21980615084812	0.0103262152815649	0.425131974740623	0.0571448184189133	0.0461146423617286	0.682734893092491	0.16537613816593	0.333175929915615	0.278339497085578	0.00841173920228797	0.514855079021905	0.0185180526148717	0.0184521834982627	0.115309403539171	0.0266978847546376	0.125243258923391	0.0593114804313871	0.049973708084013	0.776418435324378	0.523872456667891	0.00338164954847929	0.51728248267417	0.449022179905958	0.379317020491991	0.415269986266066	0.0855334221355679	0.00234921090407586	0.683493630783281	0.00671923385436153	0.250189246120146	0.381606481447778	0.0473572191751028	0.0190289784598979	0.0194913773762828	0.380226007187407	0.283490869493631	0.349714899966036	0.00368962272319205
"SRR39238544"	0.938478833090694	0.501554278475907	0.8505688105311	0.572261356558043	0.853229291996945	0.508003731067926	0.73857240349154	0.496655873994949	0.825841322988208	0.817068437268946	0.58506077927352	0.673062873338894	0.764985466616427	0.539552715056872	0.72474083285408	0.460914825937249	0.275801203052605	0.506096459481454	0.439728766781338	0.562466958024697	0.593649852840809	0.513644152960146	0.605129616387777	0.609009347836155	0.702806034084438	0.584045293575258	0.460662215454446	0.624106375841822	0.709156704939493	0.56718602007134	0.523134760084428	0.746120390033584	0.317559527467695	0.608706902816555	0.577836845201198	0.810953364472015	0.83520636609995	0.777773967715163	0.811417792133253	0.596556833762172	0.667663196510267	0.823651220410106	0.485499911993292	0.466431668254663	0.578524056899954	0.417928259876529	0.646725920453539	0.845922144147032	0.110358653846645	0.520490787878325	0.275651545845415	0.483113432140722	0.738716461080997	0.575506935062557	0.43497220313765	0.849015760816661	0.693179631803426	0.298662890098769	0.734895195655826	0.712822700285294	0.535680493430339	0.554168229766721	0.684499639318841	0.562466181843894	0.54568164080664	0.592372625850253	0.670486117330506	0.784850809778997	0.627400289823132	0.834338587800455	0.471975925006535	0.411644662253964	0.317960379055194	0.698869654913314	0.310352248234428	0.417168863076348	0.509520232702807	0.330275495482049	0.208386491574906	0.391780762075629
"SRR39238477"	0.85867479112136	0.0300608712051386	0.187970891464466	0.43250419975479	0.435964930822312	0.23870817753023	0.0903155148598984	0.250821343996936	0.0354842641813259	0.1273061817457	0.0744904003405876	0.406739457337174	0.543086672006772	0.0705559759934347	0.0227294351709131	0.184695838970091	0.194886942371565	0.00272788119078076	0.339485860883203	0.312591645787632	0.0186527086636252	0.0224177638661094	0.350425454547828	0.27236172271546	0.0775303884327674	0.000930870994702943	0.253960475981529	0.00421418015672751	0.0204271669797904	0.274254754425817	0.0159243776952018	0.0416390923705377	0.00176778022558368	0.0246148152963399	0.00759623212334569	0.11903121277929	0.0883661202668797	0.120507758471752	0.0103399413038712	0.0063722087554002	0.0205909745096017	0.10972792742407	0.103016775014483	0.00788956603075114	0.277045727702916	0.0433689566607325	0.0283170222891681	0.591050290593318	0.0574867596730974	0.245431030321422	0.144277784112276	0.00757912064554925	0.333516992241769	0.013809525563546	0.0100321452340657	0.0916271278283302	0.0190463835811122	0.0837198376809454	0.0612794615561728	0.0427790211465479	0.48294888852044	0.27652296470759	0.0038997256144439	0.318512167017194	0.312644282882583	0.252046522944681	0.344160243276461	0.0680833252462959	0.0025998195138864	0.46720126864704	0.00580539438732837	0.218869631634806	0.141564719034681	0.0323121685781384	0.0157132909909161	0.0141493405948335	0.271758770516022	0.114224860066251	0.0639650875206492	0.00284672906323157
"SRR39238460"	0.915140361391455	0.0675689750439382	0.420096483516005	0.563895882299986	0.714984969478557	0.492032023878458	0.163996168516869	0.510172918449457	0.0595922832149042	0.308757749278763	0.280857098212533	0.767323209398551	0.797999049970713	0.0540019209665206	0.0538234126736777	0.439771667875737	0.445871237952417	0.0102926548275882	0.578570148207537	0.735809050709351	0.0744339653130876	0.0767947141597448	0.546480020670874	0.571772321248401	0.166718536943658	0.00342446595145876	0.704583462985824	0.0168202555286	0.0673001661610563	0.521631852212656	0.0413398629683821	0.145267608105218	0.00482861975004002	0.0565560937032588	0.0290802781387398	0.307515677583077	0.272273240308146	0.386824560142621	0.0532403201098651	0.0302725539814951	0.0978128596261338	0.338270798109323	0.282640222106342	0.0294779680111028	0.445878489765528	0.220401492136541	0.0740874896340095	0.685943201684171	0.150188953890584	0.421672092435815	0.254184111949128	0.0297177044492872	0.479565389936036	0.0410060672295563	0.0312109344875711	0.221078280525769	0.0743094907068226	0.286156537329145	0.182806625120523	0.119231006625595	0.825960486055031	0.564214648869803	0.0134374846532898	0.694436204234796	0.565259527171691	0.390772657216048	0.469434482346042	0.196905381292759	0.00989427424208956	0.68830708709118	0.0142599258077424	0.276845526771651	0.477886574833684	0.11717346192643	0.093742596620191	0.0748091821689967	0.527713423821498	0.214075584332065	0.260257533074157	0.00928763045512511
"SRR39238459"	0.984773880067739	0.14731549455244	0.716166423342518	0.955544077760467	0.935192944636246	0.855107484094302	0.779420556833743	0.924940040079686	0.431306008308473	0.704750322205665	0.633117387124924	0.914260197283162	0.958520215370949	0.248713464535914	0.289763002792527	0.805067403727309	0.702133114569138	0.0137657750980886	0.90521945672178	0.954045258023587	0.123340632766709	0.39792274286003	0.958782222047498	0.947196066170406	0.520607858957299	0.0108681130437945	0.935857233296772	0.101038715863899	0.287048806121997	0.813825345759032	0.211707852203713	0.44992429579435	0.0208729007916688	0.179491902645033	0.0748056484008376	0.736622023527214	0.44779440589204	0.644337659921032	0.0906325845310332	0.0660836391564167	0.184247667447292	0.547463094193765	0.715683003422678	0.073385746383147	0.961100470731089	0.339818984558976	0.297732873242135	0.985096975270945	0.770198770445062	0.941969779683777	0.905010344138741	0.0665660880625435	0.981248832602628	0.250706390045368	0.197290377878002	0.587893122316806	0.182516597553663	0.59352171125337	0.28278667835919	0.257070142318047	0.974787499679785	0.949622395166325	0.0289517281484927	0.8997838958289	0.943818291933449	0.962004310548974	0.966753164404185	0.431005216538095	0.0230968473920178	0.942693002007943	0.113525913690141	0.940091623071652	0.824858472235902	0.253238283700181	0.235742383579348	0.141534611531547	0.938507934433074	0.68387755211651	0.593251374987885	0.0361766639240036
"SRR39238543"	0.83511574174765	0.0791326033217097	0.482483897865199	0.102867508891027	0.642436426151764	0.228044259704439	0.465447058904963	0.309984584034566	0.754492027995881	0.642950878177047	0.126888557673249	0.388561151674693	0.641230227354773	0.47642787778446	0.314919295749943	0.158157720157198	0.0414021072067082	0.0652642066095809	0.204746430653123	0.115348178348845	0.4088190504512	0.165588972729958	0.302484056628136	0.133413632788419	0.550644834363183	0.325943309461893	0.127901230785481	0.272698126403245	0.370886759652894	0.273506759257232	0.122100585025671	0.599881480303028	0.0291299762316184	0.464397794409566	0.193506586100036	0.619643385837781	0.5773581394046	0.505805807512987	0.384980061993207	0.143951899363669	0.448957079385436	0.493759790701347	0.367212248306538	0.0908286925150807	0.231329438323795	0.0471040713078813	0.269639926992897	0.493080047495309	0.0129811705014388	0.249566207686826	0.0301450421593951	0.153646787925376	0.183024541320712	0.331176710362565	0.100478255473461	0.519111996508763	0.391267637581358	0.207615965149246	0.399259089497261	0.481202757600135	0.182832167650592	0.11577491984971	0.202314714775951	0.202065905753949	0.259596799367835	0.23159465859471	0.375871655623677	0.295909682814103	0.202266251200729	0.401078529605965	0.255182352274255	0.191553948613887	0.10200044611151	0.532758668272006	0.0526693929047736	0.128196932013281	0.262471638708013	0.0530666481152633	0.0232981489636145	0.132340262190551
"SRR39238458"	0.958992132750932	0.00371970716733899	0.101698645662822	0.838480157391647	0.647562164933232	0.645969907329537	0.125010058828112	0.830631505995389	0.0128767966329634	0.153058004740639	0.157450828937817	0.917887441542822	0.808676332451438	0.00408775049708698	0.00705584025365644	0.845244194331912	0.742554710534581	8.9205109674206e-05	0.861892551254176	0.87279854846002	0.00379620956498952	0.0210924324627638	0.897990827993165	0.846494223098061	0.0833592658682345	3.26056299480832e-05	0.842371241266565	0.00081396845828483	0.00571896476870153	0.881058499945058	0.00622909286629773	0.0160685580086714	0.000185323413332891	0.00449053593480952	0.00116890856831892	0.0953644019537956	0.0181215779310756	0.12099856591066	0.000891604494346855	0.000902439616826778	0.00757549763209093	0.0734176119661097	0.285247986307057	0.00116334332759027	0.852138245984945	0.0402362688897118	0.0125193257896726	0.948759568161413	0.368694020739086	0.807761822461059	0.610389944317463	0.00104046838970498	0.93250398245083	0.00879218477443313	0.0038540446998834	0.0460031986778547	0.00605089612002822	0.179886822871501	0.0123472492323548	0.00846005252014299	0.915033031983123	0.860181743722534	0.000161134615830596	0.876322852093388	0.873460524700108	0.841408938404354	0.882916810868501	0.0197260596080319	0.000156704643015748	0.78721332816474	0.00186596244985838	0.77626438220195	0.720956730558042	0.0119127498188798	0.0241754676745748	0.00550282677672686	0.85594020407964	0.698775943452357	0.59829824424189	0.000352337819173732
"SRR39238542"	0.986403367201633	0.911145078995561	0.986140913823437	0.966836212610337	0.983567044423492	0.916106485426453	0.948225129774414	0.921796027191254	0.983521860501134	0.977723489947952	0.943224534707107	0.939974725144353	0.971308995732184	0.982820295719555	0.968388202056018	0.941594754117711	0.902973727446514	0.920776080877241	0.886947530087265	0.952745069031164	0.93919701632047	0.949032979849927	0.948084887331371	0.924321938656012	0.953731645632741	0.952733948545164	0.945580619248391	0.973911636074297	0.971686008239098	0.962994037363499	0.92189472042071	0.981283918792138	0.829437556937002	0.957923245048358	0.95239096943526	0.984589492053975	0.985075167958441	0.970794065190838	0.981274900102489	0.941426623421228	0.939532864713434	0.975507699272584	0.902015521625725	0.943010763871054	0.959160342617767	0.912946705359233	0.95153048756244	0.981146661308982	0.851997912498959	0.935901729604646	0.933308775521186	0.947850762771149	0.972606481905234	0.943537698964241	0.935918655616839	0.98038514824186	0.955546958485169	0.88391994195225	0.968705724326068	0.97071749333444	0.966651634100404	0.944854860374671	0.956987823520712	0.949040486797538	0.932225359253754	0.954782952093802	0.959482036123071	0.975088422488081	0.94056720099747	0.969546328637503	0.926925209348296	0.948587281906213	0.896877308015441	0.954745490409639	0.83749962773195	0.921857402712393	0.94137325562818	0.890218855254944	0.72762495050127	0.921708336031439
