"Model_1"	"Model_2"	"Model_3"	"Model_4"	"Model_5"	"Model_6"	"Model_7"	"Model_8"	"Model_9"	"Model_10"	"Model_11"	"Model_12"	"Model_13"	"Model_14"	"Model_15"	"Model_16"	"Model_17"	"Model_18"	"Model_19"	"Model_20"	"Model_21"	"Model_22"	"Model_23"	"Model_24"	"Model_25"	"Model_26"	"Model_27"	"Model_28"	"Model_29"	"Model_30"	"Model_31"	"Model_32"	"Model_33"	"Model_34"	"Model_35"	"Model_36"	"Model_37"	"Model_38"	"Model_39"	"Model_40"	"Model_41"	"Model_42"	"Model_43"	"Model_44"	"Model_45"	"Model_46"	"Model_47"	"Model_48"	"Model_49"	"Model_50"	"Model_51"	"Model_52"	"Model_53"	"Model_54"	"Model_55"	"Model_56"	"Model_57"	"Model_58"	"Model_59"	"Model_60"	"Model_61"	"Model_62"	"Model_63"	"Model_64"	"Model_65"	"Model_66"	"Model_67"	"Model_68"	"Model_69"	"Model_70"	"Model_71"	"Model_72"	"Model_73"	"Model_74"	"Model_75"	"Model_76"	"Model_77"	"Model_78"	"Model_79"	"Model_80"
"SRR5865065"	0.230441053631002	0.263531373879487	0.162306455656063	0.204304680578161	0.259112983787623	0.487725660834288	0.175186836793574	0.469100390379465	0.272134443129173	0.335662767488058	0.68941696825955	0.131320908621037	0.3262041440577	0.203877035686444	0.304028047416077	0.122889880099941	0.318102965796377	0.230087225173695	0.479864005550232	0.221260132587182	0.293666172090205	0.339791873758505	0.364456478425408	0.28169399719437	0.372807127302574	0.37214331634383	0.312874890437012	0.409792369692757	0.153481207202267	0.284088497842097	0.171513936056884	0.261699596268514	0.367326284616302	0.218491978096793	0.210741739914353	0.124491656093636	0.34037121615187	0.263449735461612	0.254899243970267	0.330921129025137	0.211971462342845	0.409064216225072	0.278326882939307	0.267763099132903	0.201136474327289	0.349985737346371	0.383736942430995	0.294120348365711	0.441728975309979	0.188920918624276	0.269908889310779	0.291264759496257	0.173882520471954	0.30949316433353	0.30327358855603	0.236836662894312	0.18345214847649	0.258898486931702	0.334999706031516	0.19562577757655	0.433881886929743	0.20931035761509	0.226833335574921	0.336476490043401	0.226235247415493	0.283497245949852	0.317309825190622	0.173886667816419	0.204428164816986	0.299722801462297	0.295290308523453	0.396970534571822	0.322746947036937	0.347528066592626	0.293118951046119	0.310955863207114	0.228392963459419	0.241921924818609	0.404852169412473	0.22919983417225
"SRR5865066"	0.269364602419765	0.20260777519197	0.225345303865291	0.180641079077405	0.239944607382298	0.507306332954359	0.218237661277001	0.385022173363735	0.272916453700046	0.325483295942251	0.861266202391201	0.21423688431458	0.295048204348421	0.220467948045235	0.254428964175046	0.166169564721585	0.33208926018943	0.307559836736987	0.442552833120618	0.207999526844861	0.272059117975693	0.331950696585801	0.293962549704592	0.284696810929077	0.350492111425138	0.320240712512482	0.282723734934432	0.570231041458637	0.197952836860924	0.328047301925953	0.166377438071629	0.255654514818378	0.346350586794744	0.185199707386724	0.195571162222564	0.141166394388154	0.259914285983405	0.217793743895839	0.218438739148552	0.234529272059317	0.257371926307291	0.513621931696477	0.281734602868476	0.352055858524605	0.210350677881629	0.238018252045814	0.566320078006405	0.284130523113038	0.585656825129397	0.238274705332926	0.222477726086518	0.226262858352556	0.191817343155404	0.285046128007804	0.295248764364996	0.203420603162373	0.176485504804445	0.274404367633844	0.360136840360719	0.157902657062563	0.382473005964177	0.204951899274863	0.26053330154763	0.303311628639987	0.233891774212219	0.308793178739631	0.285418275707967	0.150763266673873	0.23526399430309	0.366597216008226	0.247082275931511	0.477510041533109	0.282940467706436	0.377763703714789	0.272447313362146	0.295726168504496	0.207762662212781	0.20426860609024	0.253536020941972	0.24363108308525
"SRR5865067"	0.0888694236365422	0.223839787849918	0.253124069711964	0.148513230262381	0.263396703386741	0.303057389873178	0.223471613128956	0.468750762729618	0.176901373610351	0.249678655496727	0.383191389722577	0.175841169320432	0.190691801830716	0.251993175241752	0.212421227450336	0.181038554968191	0.274114343821759	0.319870474383672	0.342689850049859	0.209239430773516	0.227141907681722	0.312871939744522	0.273409436185015	0.202250231427958	0.249525088921166	0.325499995619062	0.227979678887626	0.29575156694553	0.219731116095975	0.25719542226668	0.2236791621228	0.19055186439233	0.276227724802037	0.186212454217894	0.161592865564595	0.134846690989288	0.196119994157406	0.164553011013962	0.215955026036101	0.20235339442835	0.257390327381056	0.31716541794616	0.217305844715564	0.202473705407997	0.184202923697882	0.265336179073327	0.29690044440416	0.141511963365955	0.42392100236463	0.231787626724364	0.217837017143827	0.197627171708006	0.151701207341303	0.280139035922129	0.281187071534355	0.18505592715567	0.163911320485849	0.2440163827399	0.271195905208096	0.123858864886981	0.337904390028815	0.169360594374517	0.218489393068298	0.261056113209532	0.223835885104854	0.228653108653828	0.205210732383277	0.174826803232551	0.159945028309971	0.252528513365834	0.181820818072946	0.2898101991781	0.200589805403328	0.287919079534984	0.195649493828672	0.257607850905876	0.222836869212411	0.200045372504253	0.266088763831002	0.257121356720147
"SRR5865068"	0.301085463625331	0.323311307450282	0.187945640449087	0.201156215464178	0.196379368350177	0.478495282727524	0.17543672290642	0.286935203401985	0.188503966302026	0.26608924498343	0.686863554506705	0.156361152808324	0.277460984944694	0.169304173779672	0.204800364493411	0.132471899027965	0.242671327706473	0.225935054163973	0.378956718617128	0.173144960722018	0.169547540096916	0.279148246429426	0.259890332887672	0.252631743824594	0.306885425433023	0.254069536853313	0.254052455756596	0.436985595090374	0.182428454772255	0.196201622216052	0.152313075711093	0.219641374643145	0.259571943405896	0.162116201581742	0.133019980115048	0.108016764810651	0.305475142253196	0.226714573807605	0.181124376559645	0.261665873807696	0.223910485297834	0.400893627551369	0.226121710322469	0.184186102313473	0.185403072850003	0.28021916153543	0.452446365968785	0.404311756251722	0.483059624851319	0.222585217812753	0.198729780975637	0.259463414398681	0.107959175894469	0.236889638434957	0.27912105754523	0.163925572657444	0.166164545301844	0.148840561783754	0.268553907254814	0.183925230732131	0.331445142054152	0.171717060691061	0.23196499670496	0.348376626180301	0.217386660877742	0.259381675998495	0.256635533135573	0.15100696846157	0.172832704155563	0.254271089436423	0.257677436546474	0.320491776369774	0.274844884630215	0.283582581198428	0.277789557270472	0.209584368149324	0.171658228953389	0.167344273837688	0.328763928519149	0.200109743311287
"SRR5865069"	0.226899728732233	0.343780599961443	0.3078871007495	0.412208048446082	0.224336122865873	0.399747809859801	0.373445473449786	0.220028869463626	0.179996945806851	0.324434728411498	0.397630087105999	0.303160389773047	0.326886024677148	0.298738233217978	0.341862698813061	0.334432138467817	0.143282360690638	0.382244363589496	0.361198929161526	0.265602871540686	0.214563232357848	0.296779048810604	0.32927942097038	0.346669006704298	0.264429198294873	0.258821621951452	0.314880754305948	0.356284121972833	0.301692005242031	0.215947824012952	0.225777453092916	0.280961349603888	0.258371418012959	0.302302638915733	0.184092655429312	0.16751101243504	0.392917531225194	0.33959832564218	0.319029708393924	0.338165504261969	0.351192108089734	0.272333267332175	0.234634184691875	0.226407406292346	0.314461738537312	0.318012089772315	0.39746332426185	0.336422656635644	0.311072027619291	0.264512557768055	0.263714543077134	0.345378740805535	0.223221972589794	0.279873775205237	0.354197068956599	0.212211796060599	0.306991387051987	0.163787931119883	0.30667507738684	0.381552312028712	0.342865150607381	0.327983945325737	0.391280389591877	0.290203505844046	0.399476878541513	0.318498838414356	0.333310471481574	0.320506642855126	0.235516110699662	0.246561993929478	0.403359568713567	0.212120349974213	0.384485100143238	0.234297046417842	0.396645036321731	0.256954920317576	0.250555586513862	0.359260286432366	0.329827883236255	0.269815983531597
"SRR5865070"	0.140860749403612	0.0846676932638393	0.0937147631839805	0.138306188903033	0.126042739693133	0.170259118728806	0.104585066380547	0.15256134350242	0.0913725128647038	0.13855387312956	0.383364392723439	0.0768468885422259	0.225506310487589	0.15572201755673	0.0964998405843571	0.0909464691078173	0.130100014788962	0.140896811012856	0.137952729998979	0.138606654398168	0.140029190549999	0.14969846200925	0.105209402484044	0.108368307024758	0.166931361506298	0.196488537049471	0.118861540196169	0.187435526024388	0.150012173014804	0.156406076408687	0.127509663210366	0.172446607523199	0.155458661758247	0.097563418016921	0.118058979167106	0.068354426295571	0.180406165805299	0.126450789126155	0.0998087320539306	0.128077304969102	0.0986577031163119	0.273122312076714	0.107220027056936	0.136730604467065	0.108303898025637	0.16124152192961	0.270785404675789	0.149388421577185	0.189304967272249	0.0995672626041605	0.122174917091265	0.105227611370298	0.0623472360681669	0.146514432448828	0.114588130632543	0.0775746587954106	0.0919745224028771	0.13055476260874	0.193533194213249	0.127725219381015	0.152596940289042	0.153172517953664	0.181650731170066	0.0959065941993108	0.206892294157826	0.106951264891827	0.160458977567356	0.130139937818885	0.138283418801178	0.107364673649069	0.144294382056374	0.154327472810217	0.164239396531524	0.14517082792558	0.134502597184799	0.146971645563826	0.104685761259602	0.101517253603338	0.185900249323069	0.109076500546517
"SRR5865071"	0.736881729180899	0.468076379197405	0.469981962485146	0.561987811987307	0.475974089400958	0.719994298383164	0.425128339904785	0.561573007238848	0.591446231972278	0.535361582955134	0.486535013199092	0.527641964291288	0.652935859123135	0.493676253065686	0.538076834827357	0.477270156441645	0.614794209727102	0.436983861656423	0.61754356200199	0.261144580283231	0.565415057090901	0.503009996656112	0.526087458732285	0.610716908634885	0.596650856698135	0.502141233423392	0.552695722499235	0.642804292053623	0.53513465297941	0.504800927107597	0.396524638982425	0.656511438543078	0.533805440743876	0.460753217876617	0.505529185616527	0.476825741850319	0.673261730021188	0.587193036108172	0.490861934109479	0.610921888552617	0.488889884839768	0.53285137079559	0.511979370832232	0.538425829031338	0.458776271993166	0.66563851898616	0.58810084081698	0.710610348714552	0.677345701847547	0.556455399026968	0.499666958057043	0.631728444506109	0.51887659294091	0.482222964024012	0.49761093507485	0.394275072930416	0.416778177825972	0.521150325077228	0.57448662857119	0.49910452064242	0.581003990522038	0.449976251255889	0.411618531708899	0.526945379496558	0.462173464788318	0.589448236179592	0.645467448734443	0.305772721875528	0.386156697686683	0.402824121878108	0.6260192893323	0.583579877054049	0.65044545046223	0.616244282467949	0.716263846159475	0.485453163557482	0.428288179411003	0.506445766806744	0.66105296976859	0.586680825785101
"SRR5865072"	0.470909676442795	0.286759931066202	0.341601750421754	0.299495999801141	0.275667577466935	0.511967619530259	0.340622882630296	0.448595160843212	0.346761301194575	0.377313845838323	0.470996907712962	0.329191091976295	0.385537663486068	0.347939037083365	0.312888759924032	0.265237667000757	0.326186140387169	0.441616334214631	0.471255161255591	0.231242952562667	0.311678037819753	0.369756426089026	0.348471632178787	0.359479454585874	0.379449141215588	0.366245926926041	0.353898193863536	0.449721086995477	0.260956115125672	0.384641792744272	0.217831801637397	0.347203882375619	0.398959856029408	0.258017567121162	0.219022754485489	0.184030247334081	0.383089796748128	0.3166088339161	0.267261257622243	0.361493308842332	0.382172547217271	0.330593090179744	0.253548961299284	0.261973170003072	0.312443406797157	0.340018409059437	0.43703354214813	0.349362121463484	0.393206572493506	0.294760570389476	0.289350735782448	0.372122577272374	0.186077469807708	0.341108174848844	0.378773456029107	0.20180435242806	0.283815413280875	0.293532738612568	0.406083720513522	0.27062969886635	0.455482161989235	0.303963671630536	0.335830598998017	0.347459359388002	0.320615862562954	0.37838791156781	0.357942302957026	0.254129295467306	0.244832757486185	0.294065736083315	0.366141317319124	0.392586463038471	0.385398169269559	0.40982519217766	0.373002345785279	0.376133068237764	0.209940018356686	0.260283819729569	0.365773813315273	0.2497015527735
"SRR5865073"	0.105057698154042	0.199370675912508	0.108586466344661	0.135455681615671	0.167214183920831	0.272438992830698	0.12645474093732	0.180781343407143	0.136497735180996	0.206938014720583	0.234992661060512	0.082758497856875	0.158781765189084	0.115695141057595	0.206270748241328	0.0881979725787077	0.150933643430833	0.134203126101631	0.291378264355594	0.111256268988447	0.166519198662558	0.205772941375939	0.244490204011727	0.19862864201305	0.17787449336567	0.189174693961778	0.201615208957954	0.155764912810298	0.155829509361176	0.14037235094562	0.136509000521667	0.173719929751856	0.168661944093785	0.158153478663216	0.127214171394532	0.10048983972408	0.209958320950497	0.180430450250229	0.186985349274034	0.230287040709358	0.121931141245842	0.190926639537	0.200489756824028	0.141774300148663	0.107065924358613	0.289739871846531	0.14896914831022	0.161216685938524	0.176273040593556	0.136356755460349	0.17147041790878	0.197343892447219	0.196114413772537	0.17592523513938	0.189989490878039	0.119315785542336	0.0984408650796749	0.139446401583586	0.163966921415166	0.138831213336855	0.238302972459689	0.095466552547436	0.0907459192686213	0.212575962542451	0.19046074713942	0.160283325457472	0.225034933407116	0.0877561287082624	0.10983988174771	0.149585197710607	0.193590661980823	0.15136090667924	0.198752577791893	0.186654128869389	0.226860416610779	0.134143777606528	0.175434993501724	0.208464157664983	0.234804347189309	0.211459012889059
"SRR5865074"	0.320373387033755	0.255881944697564	0.17016722774393	0.20770360411539	0.216750717601256	0.366346293284846	0.159564454541661	0.164933391658346	0.141151679336272	0.228510107279279	0.588954840719474	0.148475486539322	0.280851451901194	0.196949636097032	0.170978513174707	0.119760586786555	0.187987859980207	0.24407278011109	0.282710176509072	0.161335182982396	0.141753994281634	0.233965066854547	0.201913789918669	0.21052611009588	0.242671997048646	0.227286388586146	0.195029399725053	0.323402086169369	0.232069434918563	0.182371635611051	0.201771091936438	0.236237220287799	0.195777815164362	0.143156894194651	0.130182681796525	0.102347627635651	0.298046409259381	0.208001082817298	0.185187260999235	0.235095054605829	0.171513166183669	0.435237560214409	0.1983021558876	0.154823973820263	0.156664534302121	0.330915807558128	0.377798559974585	0.38859187253724	0.457223573555894	0.202358676092841	0.168191303608944	0.216053133515292	0.107907009673955	0.221326448691575	0.20527398166363	0.134795098207268	0.139133230510741	0.11853822023989	0.22996479779638	0.194035804940269	0.238409960602144	0.171584498523834	0.200075504254583	0.253007778956262	0.201748240401368	0.203077581365204	0.279583071726929	0.138213455789007	0.164513305248878	0.213924827551132	0.24180578224669	0.226258336841117	0.260312380472477	0.218131024059063	0.28831687244005	0.201090017375302	0.176887276624168	0.155113041480863	0.274121904254591	0.203160096755743
"SRR5865075"	0.204551127244785	0.120316554864405	0.133765473162924	0.183085528878987	0.171245994688503	0.26596451997253	0.150951967901934	0.284223212011045	0.152967319560595	0.184914681839183	0.515044430206496	0.123214389524957	0.289518791392478	0.221090822170669	0.126062785031391	0.116981460690718	0.212732947184929	0.219222423681351	0.20250173282937	0.190656971878754	0.205129905500398	0.224170690377147	0.142275494755825	0.15130876307535	0.258575859950067	0.281951209211327	0.159786043669308	0.285519047066558	0.185682141427371	0.236593677699183	0.147464284781793	0.254099621868443	0.240463037071256	0.121846557310956	0.164740400567797	0.0920793786603955	0.240480297735384	0.162003891010115	0.120637876303626	0.178991115378849	0.142836192910886	0.326753071264774	0.155956576179796	0.167828027146041	0.137035814270056	0.216004805524851	0.370086731037475	0.202143157709039	0.301949960629027	0.132631318409169	0.154608137289385	0.161888320777006	0.0698815788334937	0.208323589506518	0.171005447623701	0.11970905311161	0.118908910270309	0.186379440593957	0.271668392083609	0.16428429621605	0.240996326724408	0.173046929436063	0.219230607078035	0.137129730867389	0.204513384653021	0.158259696249044	0.210672898968809	0.148836400903546	0.16721992843269	0.211405953689192	0.201987713543099	0.216321580977668	0.23453221856438	0.22562803013282	0.192527884474704	0.221145488737409	0.129683330035685	0.1371645306806	0.276977615236654	0.157749960376111
"SRR5865077"	0.298366090702926	0.375889754566941	0.346689565752324	0.251294355141245	0.278342018910682	0.563623906209617	0.31603577493357	0.447356685560667	0.302622064899586	0.34183369944208	0.762809758759103	0.318598539902406	0.374949532034402	0.315854804410604	0.265639556636008	0.257119199255146	0.375840936645241	0.43597046806571	0.461432149793973	0.227442168054987	0.283571064292243	0.379734459216125	0.320826920559986	0.288801238136598	0.40055104560081	0.369483705623024	0.332739582272197	0.621402145406059	0.250575567167247	0.366833496962051	0.21480642289021	0.283153327687389	0.39641541063243	0.224838136973897	0.198916436274867	0.177164035476881	0.351435462391812	0.272708439567669	0.239243618503231	0.299306355700222	0.386131116245566	0.521403503226691	0.248804257846682	0.333219832568864	0.298733217217279	0.290378855544095	0.627939866339342	0.455240449970769	0.587747595312403	0.343162682636333	0.26417945330622	0.308731450146856	0.151027206590721	0.341358558351559	0.375161768530017	0.187039561259051	0.259473511303299	0.280894272402941	0.409600455937889	0.201763668191239	0.442584571371681	0.290291838777773	0.39753097415418	0.428943236031311	0.303780448880469	0.373807378836218	0.294331839612428	0.245562956749924	0.257310718605388	0.317329837102095	0.294742054082305	0.514135153002647	0.326989260594183	0.424243780897616	0.304574933707134	0.362080745596191	0.22008214183252	0.224234055439189	0.345861979630898	0.269187055838253
"SRR5865085"	0.291337557617931	0.141779863334855	0.158951728864333	0.143465631953275	0.219926171304387	0.357968387832025	0.147433070412331	0.294891238876821	0.176247237060482	0.197760824904596	0.692426025013145	0.130178567338686	0.268981807732639	0.175383444206476	0.14071981388744	0.104330247593451	0.234230281333127	0.221263222483058	0.269513359401688	0.189967344330297	0.197254919914266	0.257731735693128	0.187246899440166	0.180425585906347	0.308293716480587	0.287047703976683	0.205205594132763	0.400373178594658	0.200903305224056	0.224913430382882	0.181149850625875	0.245553406039503	0.242829748856358	0.133761758379598	0.156500921309582	0.0977691376810521	0.252093392592705	0.1780754328087	0.129653396408671	0.205769946242396	0.162336176506464	0.495785100647454	0.220337548227726	0.166867984217936	0.127170596198259	0.295315160379935	0.431435105097061	0.196376827264963	0.539554880136997	0.17250431896497	0.178753359042112	0.19412292699159	0.0748408200106443	0.233651063926419	0.202817310851278	0.154052578496816	0.109067741174916	0.184966962027351	0.238351744684312	0.129213946266351	0.281588398564071	0.127097260612388	0.186904800874732	0.207728965690624	0.193086381360618	0.185316512739091	0.22214237230841	0.114072546747278	0.149887806148041	0.280891726959821	0.193240618931532	0.271773282625911	0.231915969448646	0.288519263825719	0.224489939216856	0.215998972833961	0.171164009789889	0.132865353895574	0.226464427392568	0.224222364758817
"SRR5865086"	0.3594317010368	0.16945262280557	0.260706233513133	0.199046465632011	0.266117600009061	0.477626574765938	0.188515325860544	0.37734316694848	0.237840232644227	0.256084880389253	0.741520068932642	0.213872888024726	0.319375139644729	0.252873669598594	0.255578121058017	0.154941075829935	0.277487143019027	0.326675992601578	0.343102286581251	0.256315825311765	0.278898822328075	0.294055802816294	0.263324728570709	0.25923804377758	0.393099598799036	0.321966031279422	0.264622392922945	0.520687749693033	0.259293530255036	0.28937497133032	0.239537213711483	0.298434890722255	0.282139005724063	0.170195942910356	0.176101898554797	0.146104255249228	0.319781868084647	0.226033000646625	0.210732134839006	0.270398162575681	0.267394907822563	0.570516144040685	0.289383678640377	0.222218939761528	0.194342942162889	0.367748034117522	0.495706948739313	0.252761695734324	0.652078486509425	0.257129378719072	0.231340525785496	0.277565623087074	0.135271305338318	0.281433516068695	0.272525807527044	0.235012773938896	0.173383200879481	0.22851492563675	0.270171315623424	0.17540748931404	0.351548022916975	0.17678940025466	0.272935726516406	0.294370753369975	0.210210303735876	0.257029462772352	0.282503761861931	0.16450311806779	0.192084424119475	0.350404827885339	0.263079913249142	0.372142017842228	0.30478630338388	0.361096961601485	0.307585324846674	0.290538114356286	0.22167701260866	0.246833072130922	0.307749781595262	0.266471066915372
"SRR5865087"	0.603395334811321	0.249585111409269	0.310361878962182	0.303602946794529	0.323959109492295	0.628977256896912	0.29365281950485	0.428732261044221	0.439839188316547	0.474932404319429	0.797714766646559	0.352964991579204	0.515832728458215	0.299041519902278	0.378153859848865	0.259582113895248	0.461727714615139	0.412625516753843	0.62429221491194	0.185961508852643	0.369685026303895	0.447067444852961	0.409298333840717	0.438353732144155	0.463366179021972	0.401442059932977	0.395331199422939	0.627104797040382	0.263268372617637	0.463306233097034	0.197289025782709	0.37095615221553	0.505929098766002	0.246246178850607	0.296021571508072	0.201888837980856	0.481716792312367	0.374586257475544	0.310985511591222	0.409306037337865	0.373742669172044	0.480782228425125	0.317391279855676	0.427470215756815	0.34303699253527	0.37751163529428	0.627161442093099	0.51714548827118	0.520908815834158	0.348274083446258	0.284703242722765	0.40559935849787	0.319593131482569	0.393158909616458	0.415160393656466	0.205291644196377	0.285893935749665	0.370838721409569	0.543081284483143	0.255340219321773	0.512944583749242	0.360985898924112	0.324203271037015	0.408607836719543	0.287173882837483	0.499415637031311	0.440189691347918	0.213827430562682	0.329439723247708	0.3638801462749	0.386755245671131	0.589503792788383	0.41681527743084	0.522965644929947	0.428366017957388	0.424994252161714	0.243358223335675	0.286385019861874	0.34778989509788	0.340700354338335
"SRR5865096"	0.284943971174702	0.213537657819455	0.144827679265954	0.164113564853017	0.194798254834964	0.431842978115863	0.150642617656006	0.297429293694924	0.208530183589418	0.217329656918572	0.564504128867011	0.116097892005047	0.25284307961507	0.180589821387382	0.190728903249199	0.0853052715052672	0.22404202398107	0.214418453918108	0.303621184798855	0.135272734596352	0.222447755386166	0.241565908237859	0.223774947132472	0.187869221878486	0.305510879197299	0.260705259665767	0.22516429131343	0.369809667647883	0.185346391891962	0.230038067745285	0.157669029513256	0.269225187212408	0.232080064754092	0.14978352769716	0.137744167916531	0.104261165127702	0.274636773622574	0.195801110124004	0.241474946817562	0.258369015094941	0.15769009781903	0.424180588245299	0.210407298595965	0.176628535964297	0.126522062809391	0.334696853124587	0.348116589665478	0.211147564494009	0.469335050604242	0.148688514838631	0.196348493327154	0.238476837822489	0.116493606407629	0.215787621179529	0.208238555300095	0.125410784373283	0.116247712109492	0.171279887760119	0.215378184195738	0.16216281896531	0.300453738987755	0.112908566603307	0.159609417097537	0.219641110679259	0.181077543142458	0.185756356747729	0.267300285269467	0.102988155365435	0.117858945190444	0.20147542308252	0.238622336226234	0.27248718507718	0.274821614014834	0.290843741402972	0.269488821175584	0.216196678947377	0.16489048567626	0.186676972430447	0.314506364571176	0.223515673583944
"SRR5865097"	0.261205943898118	0.194218913895903	0.165471787522756	0.184142754859056	0.217221370449951	0.482833523937767	0.164046135513476	0.352965170538809	0.215965051652465	0.231674391168112	0.646757400899848	0.135650573309054	0.281740628587587	0.191011012375189	0.181233951587666	0.0995711767206349	0.218753625646708	0.238415751395397	0.323075998947499	0.137860739564104	0.212097980785935	0.278692872566081	0.235950054269417	0.222854851559648	0.334113883862173	0.289408178332657	0.234578042977924	0.476353018654148	0.196060879041381	0.229893598954149	0.172941870414097	0.299151949606156	0.256156051405609	0.155217597943526	0.155191966028578	0.116429409481839	0.311105510912994	0.204450591506344	0.153308189344942	0.277593399158136	0.177472301940178	0.518271367735388	0.199631790740913	0.196868258324288	0.137361104923786	0.360240403012773	0.467465354853485	0.234208215195759	0.651509164523926	0.164355099208348	0.201219972329912	0.26744258612649	0.0899547247826711	0.242758568136915	0.239991367159549	0.132006704769068	0.129292986898904	0.174610506442134	0.240270076739013	0.187636103679658	0.333701129273731	0.120650528834663	0.200961078685035	0.236113136435492	0.177677261711388	0.207240287655298	0.280539878924243	0.116608354144425	0.114587024108575	0.215444267517451	0.268859224266183	0.289571640669182	0.311353290392139	0.2885224707862	0.302718584434538	0.230223976257942	0.189576649103274	0.16567064512351	0.314080401692211	0.205564993868008
"SRR5865098"	0.217995451941594	0.117183250980581	0.0616084864756777	0.176286286504377	0.207892915842978	0.206349902527439	0.0776196082106108	0.250658795757637	0.141521641633214	0.177166238196152	0.265055467700314	0.0497457441062623	0.328804531710107	0.180194164654409	0.136398416046624	0.0582412194795816	0.260788064730989	0.126592309404512	0.185137746074946	0.155787618160186	0.238752392193338	0.181376439868345	0.15496960773394	0.121971377002734	0.223075525294311	0.318200197997697	0.150569624813112	0.130485689955378	0.148699492658708	0.223240380460588	0.182917181879714	0.285306931418898	0.221755439213154	0.131758483594117	0.210200747332008	0.0725398557247501	0.264187347725198	0.171680181557325	0.134695309048082	0.203999035458043	0.068099609949577	0.326707743432148	0.143181482016921	0.147465484005554	0.101677228654915	0.331489606127466	0.170095878859994	0.254388473651108	0.188046457098393	0.0914275129221942	0.185172924265381	0.134121738357682	0.0807265839422182	0.211051329369178	0.106740965286989	0.117038914357707	0.0896234024162611	0.199812361115372	0.231327847507877	0.175310594390609	0.20680136769597	0.1794387637256	0.138207329815476	0.119989496326565	0.182453920124634	0.108282220414869	0.279522404727017	0.131242700139773	0.145483302174639	0.110804348329428	0.212855307563322	0.180341285464931	0.25129804119882	0.182318131233715	0.203841415936821	0.24934005259523	0.151268801402301	0.129369707222567	0.316142075627664	0.148934733164765
"SRR5865110"	0.274255372084451	0.269642667988865	0.343462139286719	0.230674567497358	0.313626591902053	0.460776998730007	0.327836324329915	0.429937119806663	0.355437002415758	0.40228483194657	0.550482441391331	0.343313236920649	0.365272965283073	0.330925810936919	0.370094053847498	0.309620658350569	0.424432738264036	0.423485288315672	0.526319230714367	0.242369172612367	0.379118456864202	0.396740324046071	0.387536668859439	0.380721319122172	0.369506840326306	0.382459690139975	0.356353606205747	0.428229600781888	0.257862714662644	0.436133868992923	0.226422533623827	0.294348564130876	0.431744368863416	0.262873642658467	0.281651174816996	0.226750103436422	0.338603156119857	0.305976093504301	0.340116598515977	0.32008991528591	0.378727971798279	0.318808537620016	0.31330811976026	0.40218633504249	0.315886912280672	0.315429220494058	0.409979483972562	0.338187233085209	0.321341211873072	0.357432407806083	0.279503275353283	0.324555846249987	0.366114123681636	0.360376139875122	0.375859347696106	0.233173226292195	0.264270262018702	0.416265456011914	0.451740679356668	0.190877395844509	0.450849231727004	0.320753060074222	0.283533254416991	0.38187699068911	0.328377328202575	0.412376573248359	0.340866443459498	0.225861626789943	0.32036492358493	0.358208952199008	0.291503793959116	0.487306522059317	0.311607884155796	0.453763260005008	0.319888746965252	0.376416537001965	0.255972668117841	0.306767549512893	0.32628855538142	0.293367416931889
"SRR5865111"	0.107702349967592	0.0953960587471959	0.146743161533172	0.143204208377123	0.15648207757577	0.184774073356182	0.138651757497507	0.108676966429104	0.0959119400069344	0.204101932306602	0.493963889300051	0.122668678110312	0.205287958729257	0.18291738609927	0.153466248917683	0.123504122715364	0.137196637419576	0.224288258618479	0.234046572957854	0.157256691367097	0.119274345807354	0.168256917722582	0.16257353773633	0.156951041508788	0.150366105658316	0.173113068819242	0.141681518690525	0.179444326505107	0.184147855268319	0.184232586613828	0.154868424709915	0.125624373810833	0.161319767292018	0.115303743114639	0.10096824812247	0.0772957936246151	0.179454983006582	0.14723660883983	0.153944798126781	0.13888875598328	0.152260618453588	0.25338158437618	0.154595116319457	0.180655428298339	0.160916963821543	0.171407755388752	0.234902032000713	0.170073979873505	0.165116173748625	0.149468239155057	0.127045163843273	0.118333427636078	0.151923832490785	0.168508505918379	0.147889175667236	0.101998766129819	0.129649537875758	0.131158010886173	0.218392819585005	0.116335651646029	0.162907190988843	0.214647484741834	0.183197957142066	0.144032668070025	0.219449764602137	0.161901733728314	0.191737399261036	0.148794710007866	0.206189457257682	0.146297872873715	0.138919526875772	0.205073981163787	0.144389187285331	0.15698549314308	0.145875887333928	0.176734202991994	0.13099215295501	0.116398486447011	0.162460800198106	0.181653680959053
"SRR5865112"	0.212093958855831	0.158258303794189	0.0546135694015013	0.224816143313757	0.160118252655635	0.285987716607084	0.088479344472871	0.276638152821004	0.160760402868646	0.215730933385914	0.483519594424034	0.0518833961961779	0.342772625678725	0.1676152986557	0.151296860302804	0.0555211556715358	0.279116093985028	0.132301938469123	0.239765585765407	0.166723727196479	0.223981629265767	0.196901823603382	0.164487887111348	0.143951889910814	0.241404875225058	0.28699939453636	0.143690101141478	0.154598824207192	0.12438521798521	0.247809715260659	0.11779652165451	0.305102143005828	0.255245927469878	0.122278767238635	0.184785514700345	0.0675701154556352	0.292285512854771	0.185120616325765	0.13523133709898	0.221526453279404	0.0703219174564424	0.237296062378366	0.133748216447609	0.196236292337622	0.117766988687956	0.281752954559829	0.203881217154119	0.341398504500344	0.171325665728266	0.0721456396124669	0.160713682512719	0.164987638833747	0.105047063671146	0.196164133566529	0.124432402026708	0.120581480305611	0.108572464906974	0.185797418477086	0.292159873354091	0.238952003727795	0.235274060571582	0.198480263548568	0.148276602204378	0.117087207421814	0.156991756952168	0.129403113811054	0.328156343382658	0.130291216346854	0.167814109065185	0.147360699449356	0.26757782766979	0.206024512826694	0.300401464060459	0.163327189083167	0.227336602879167	0.245384009693207	0.11933958977863	0.126795648140207	0.402748525692474	0.114251548710907
"SRR5865114"	0.150966842250853	0.204055019029457	0.247687882602677	0.150878792263483	0.18673666081783	0.287080441955953	0.235954072020506	0.403890175215499	0.21983822991756	0.231512216648702	0.240816599331257	0.191786909773306	0.189279736400866	0.29629154115432	0.21217971428167	0.184270516481498	0.248631494822164	0.340251539172953	0.308297070267205	0.224474472529395	0.233920896206652	0.256285003407087	0.271937324535019	0.216140138324076	0.238775967476071	0.286589840368885	0.236220461373227	0.237391995467929	0.16312145384246	0.267839762986413	0.164777377875933	0.180151624057692	0.264447648349164	0.182210231698706	0.148451633237528	0.116253685070748	0.188925098259539	0.168587100509573	0.207143036217063	0.237518303176779	0.277787169550042	0.189348978464352	0.189872580107296	0.163917976803014	0.195577075461635	0.198473376539805	0.2210310787908	0.13203527962589	0.205331583788957	0.202845040362311	0.205350557804417	0.225318354435048	0.121802135636985	0.240285338340675	0.268854047567535	0.165788779687409	0.177471693578397	0.24922871614599	0.238803001195113	0.134051203310372	0.332482426631327	0.178298839012083	0.22759934194442	0.264560963192948	0.248660083264264	0.212015878389547	0.179126982601509	0.197948886464317	0.158074356946404	0.219500982557916	0.191986077609353	0.24675131599727	0.203467597701489	0.280626722009242	0.175547090502493	0.260047795532692	0.168923502059547	0.182024978626549	0.25428981597411	0.162282870189074
"SRR5865115"	0.212501072820222	0.196594203009443	0.115506117389433	0.178982841670339	0.190542339170951	0.448854885409954	0.141497779259617	0.359901648192745	0.19331051956218	0.314036310050845	0.843892101137466	0.107340013057108	0.290725990300535	0.154298563641885	0.22959142001618	0.0888808666654477	0.240562488548838	0.206648639357988	0.443801679181768	0.133800788471172	0.188354156657209	0.296245772759215	0.275168106708093	0.231757021901204	0.288656732640891	0.267899159697491	0.210351280188742	0.428468562920903	0.135888761786253	0.241469661413462	0.113613668662261	0.199288673433437	0.300159468052657	0.151532046681251	0.14889790659811	0.0897594866693093	0.2953671702795	0.199363445109271	0.189086771366108	0.253943432495391	0.150339992286308	0.411923734934638	0.192204961444017	0.288281672032479	0.1641256158653	0.261470138719899	0.465289727577248	0.270006523289847	0.506921021554032	0.127431113581482	0.179081453191216	0.220042514782687	0.178813389770004	0.240628412752072	0.242248770398255	0.147572520669753	0.144371103386212	0.17355130480044	0.337622456499875	0.17061800002657	0.332624493998323	0.180236519293005	0.195124231203039	0.228426147477802	0.15886457970733	0.243803981590314	0.288064793663111	0.122754158495201	0.17073783720578	0.240078213141029	0.238057540805476	0.372216091200956	0.260120631041927	0.245279111980202	0.237007638163394	0.24926282736275	0.173634337122887	0.172467530562511	0.299239834877828	0.204793403199464
"SRR5865116"	0.212029025887822	0.125228615102416	0.0854210221311963	0.154341584805182	0.10877537422074	0.38575759903075	0.0806003725935915	0.12037093024582	0.151906341121088	0.265264895341558	0.504049693465511	0.091127821590484	0.230112927029802	0.0817680399310797	0.23463726281265	0.0713951759521699	0.15422350520717	0.118814188352201	0.360071973270348	0.0643684963619573	0.151857992786937	0.174283357395182	0.259844968584836	0.242024852251425	0.211925825245167	0.131525494659956	0.193696977106233	0.274148621984876	0.118395064278759	0.140750955422718	0.0743310628568045	0.156531333769109	0.167837687085692	0.121708731352488	0.124744949724246	0.07838451438696	0.294735936209302	0.200901960079424	0.195941063441559	0.264537658529752	0.11683556739084	0.2319023371853	0.19349331243057	0.186804819462554	0.118536030740348	0.242880239065893	0.262456735785037	0.271676470548278	0.204401081709555	0.124404401679306	0.136778509450141	0.223713040089403	0.271318425135837	0.142903887851789	0.184468025932599	0.0989593797538553	0.103785599586242	0.121491258454174	0.189190381237165	0.15732804359274	0.226031667634965	0.112625951966319	0.096201548808785	0.228672234750942	0.134170326562216	0.202155664378752	0.25166820738409	0.0733539359211763	0.115752276416649	0.125083311613116	0.226437068602422	0.224842569703961	0.224900401666501	0.203546126684728	0.260150065523712	0.139572374280121	0.147961400358723	0.19318464275972	0.201493964604205	0.189051142520514
"SRR5865120"	0.234696983654912	0.4271388012809	0.393012720732703	0.394799346615316	0.403240122206399	0.510844129780844	0.467018641301927	0.423868011716404	0.326873102232846	0.370677111063882	0.477759291619807	0.358781841089929	0.362309495676055	0.386727337511077	0.394899901771564	0.362691870391945	0.355618641301872	0.480573630631231	0.476095609032184	0.395518089132495	0.396804138849134	0.468007771069486	0.404456788172688	0.40221789464893	0.382366144240729	0.461444386897527	0.389692344002633	0.413380199035405	0.384543147083932	0.39758900413693	0.344554088709713	0.457760770283141	0.432172447426209	0.332738776373481	0.30141372759691	0.251916252173217	0.405028900341965	0.368563478857148	0.360745745006658	0.38633580214965	0.39847650722195	0.351293691388313	0.332483339404704	0.318379110335412	0.323301962192518	0.475580503284217	0.40518973575112	0.346267763239929	0.45036121428944	0.342109841062672	0.315136552369415	0.422643031114645	0.278470218092046	0.42622003545976	0.44021302134557	0.273863434499508	0.315615565181358	0.353677000570757	0.41720392502201	0.366983672904128	0.513116123184726	0.304253310160736	0.358504077993428	0.367838589330379	0.387850016850411	0.386171208628332	0.437163449725022	0.298400433663219	0.267799611019039	0.4519213934413	0.443621489539999	0.296373301068913	0.464970377309618	0.386167811356245	0.468872747805495	0.354362744349874	0.336111558662919	0.425927377215059	0.430750305319752	0.372174181746083
"SRR5865121"	0.209705243453165	0.113511346352312	0.159344520938358	0.167431141524951	0.23527627572236	0.244614991252619	0.154138553851328	0.254681654883389	0.147371242762139	0.18392203321117	0.509281613916841	0.12396388285419	0.281476639377485	0.226882773634369	0.12711045947417	0.127210658540897	0.236682698247957	0.227833697565634	0.204634472744783	0.211658994810681	0.208709322321765	0.243160194156189	0.143955418870855	0.150483770332193	0.240363854011378	0.310512902516361	0.158747148677297	0.266621488198208	0.232872949244615	0.253401237337509	0.22033842554111	0.267993574577522	0.242288742799545	0.121393042492374	0.169468912759448	0.109136119004077	0.221448364560475	0.157868214030296	0.127236858164461	0.161976791325171	0.147302059114281	0.399654164824483	0.15701441762762	0.191945748041202	0.14379525696778	0.263828926831238	0.345687422546889	0.190963011517074	0.351216031407768	0.159784000117331	0.159138441296944	0.146667478339481	0.0821390494668822	0.234900686452498	0.166745026055912	0.115647671069209	0.121855291950239	0.208725002743605	0.275771290437669	0.148312831468306	0.233521947851325	0.186955982472984	0.219950605214807	0.136851424424834	0.218601599810926	0.159307659360678	0.233258992859215	0.154177737315544	0.18415884209132	0.202430842337485	0.183948594601821	0.22611802129252	0.220901772891868	0.227703510791253	0.194893945840973	0.219692943106441	0.154802744279373	0.132957589806084	0.233556481720368	0.175754615696376
"SRR5865122"	0.0970434284960377	0.152540227588508	0.129834147434386	0.129678281094742	0.175035275270624	0.365561389178151	0.124295571066271	0.318528362965315	0.155152406920496	0.17493592079217	0.602699843583573	0.096436110454225	0.193099043746402	0.146525404866586	0.138952959368378	0.0716890300682977	0.179864226257951	0.193846922260553	0.25944150400417	0.16948310311887	0.169898066539336	0.221462687194054	0.193699639125477	0.165672443660354	0.278782886216842	0.245127806478354	0.187746114221995	0.32931277583223	0.159679459901393	0.186886580297781	0.146019886767984	0.218393601749383	0.201209128160435	0.122890697102788	0.116895879099519	0.090624971127574	0.219392808324423	0.15300871390369	0.122214015299793	0.204094732208613	0.139556753276508	0.402058941634533	0.203323191304373	0.1434306302767	0.103506475410354	0.286721766002282	0.316701741455906	0.148288440087072	0.496124038929089	0.127906645380945	0.167191517375875	0.19674038377348	0.0658845187165916	0.195775817856393	0.189463757600338	0.149497238602666	0.0961627375329816	0.147853422360247	0.177190850055958	0.128473237554174	0.273152845069701	0.0887208177676074	0.146246261323401	0.203526500131028	0.150640984828938	0.14926242831534	0.205804037851765	0.0949461191362759	0.11194634616155	0.242004476006518	0.191442039296897	0.219448896338649	0.223864354083527	0.2377163866733	0.210562036683076	0.186566392794202	0.153100672084118	0.121160667562011	0.266628529471633	0.190524996885063
"SRR5865123"	0.364630009806189	0.236170321818934	0.241469846970878	0.203477119132594	0.30238648831056	0.520962880942021	0.240801216893742	0.411335163980247	0.262037036627948	0.310262471519163	0.867709226594338	0.208216273336932	0.341957310747655	0.252191527010697	0.253998463130527	0.159795454258054	0.31305524227844	0.312821066167984	0.434721728180279	0.244954808237757	0.26410401290502	0.363960038980212	0.284258158504662	0.281078523858398	0.406515589809248	0.360253311049036	0.289748346822231	0.563045205455124	0.253530718153525	0.317724304971062	0.228106841897909	0.30849199940772	0.346015193190938	0.197554090248087	0.185131868106876	0.131598530752657	0.333121305387547	0.256929039305905	0.207579670339831	0.277459329535441	0.253108767016033	0.587909287661208	0.303079602499876	0.283418115011305	0.207112372476847	0.374773350725941	0.567631371775965	0.288682928391213	0.701625375106247	0.241225734098578	0.245991099861486	0.284321900701332	0.163156280573494	0.316031300912226	0.30357189860828	0.224063339782926	0.180048170597414	0.241091955448587	0.357646284506778	0.183231454417058	0.393159817570731	0.198389549530776	0.267146727799663	0.297526907725723	0.244749396258589	0.302722667014491	0.329843193350273	0.155347924989412	0.215400630151448	0.406220668184885	0.272956328728998	0.438804026562664	0.316893146945173	0.366035604902207	0.31920984610305	0.294509359049365	0.225729818403132	0.222845206688825	0.363774781105476	0.288103603945277
"SRR5865124"	0.0794713914499927	0.270934631241542	0.140846670768979	0.139278980801867	0.186855357318512	0.293418116320173	0.20297214384984	0.270722042118655	0.145211771004485	0.207477983091385	0.231792662657122	0.113576552237651	0.131277818671284	0.136163722344218	0.197617783252656	0.100303993858388	0.156837769280154	0.21000920960563	0.286994501143307	0.149198685884267	0.184520037143552	0.229354736970701	0.220126306570379	0.193334322142474	0.1736907736748	0.234895034305704	0.24191667749771	0.175794318145325	0.15759808119433	0.17816185933139	0.15576516535157	0.21407109636613	0.197440495035156	0.196893495230729	0.126732344456593	0.100469860130337	0.147782024807869	0.168096943301086	0.164762643786379	0.168227565883917	0.153119084945834	0.212790856080552	0.213997664558086	0.0973206546502899	0.115527964106474	0.217745264656086	0.173344249129753	0.165761430598485	0.256443473433702	0.146824097535088	0.214376963784937	0.14995615533035	0.112802151093156	0.20634903902605	0.211149858680402	0.152254111040368	0.107506294543428	0.137854702230901	0.178334357412155	0.149417569521509	0.275433122306086	0.0999679857219191	0.110810125879806	0.222636651933242	0.247524609373393	0.169800622266912	0.22486107521213	0.102650168468553	0.115498365567798	0.218888107543387	0.212970710086148	0.15188473123909	0.225908586368423	0.225394641556748	0.243347377329138	0.184849238620693	0.153301750601805	0.203146392501634	0.186425132267041	0.170534759797595
"SRR5865125"	0.274766305092915	0.290090120733094	0.254569226534689	0.289327637975178	0.294419967706548	0.424803644681847	0.280548480057628	0.397086172834752	0.227377843668878	0.282119372050698	0.388266550657026	0.198402010775958	0.277042503662631	0.245483799898731	0.255208008848814	0.180354690556587	0.270288395752483	0.30807178465956	0.367555588315454	0.330776095591908	0.271024055483003	0.3550405033117	0.283396702570527	0.241760031321319	0.327125051710302	0.371338657024634	0.296196834912089	0.287877431353536	0.283771065824373	0.265060501972254	0.256223707807596	0.370856984597754	0.322014543259196	0.216352803929234	0.176093934064398	0.159680120321876	0.320826537095895	0.27124939659776	0.21842830287216	0.299213660002754	0.268503669363875	0.285028876228731	0.268747100209782	0.141654894840385	0.214121854655814	0.407560988980484	0.288179988629795	0.244839261261033	0.408618238798412	0.214241328189744	0.252481721510738	0.326222742747271	0.118353058946549	0.317054916207008	0.331858718530698	0.229133855544671	0.21373636856924	0.201983113795765	0.293158224760663	0.282059701394072	0.416407092983667	0.191196336805579	0.24607898679518	0.281242816788308	0.275019225432263	0.263800467708425	0.340349893098742	0.208319997472299	0.187885317146839	0.361997167112103	0.353781766245811	0.200522251879282	0.376108404143943	0.30482483808465	0.369619109268063	0.254692799165038	0.206913579569793	0.279419759841572	0.393747066502538	0.269089518875663
"SRR5865126"	0.172555741234668	0.340238801480517	0.266197288768418	0.273823388581138	0.291823463400663	0.455732043017704	0.293152094099849	0.415297968977573	0.253500668791853	0.282249682158201	0.425761792170538	0.245763996327643	0.291266830778326	0.285037328976683	0.33917188773092	0.267031706397885	0.367973120828173	0.355738632087704	0.371297683898961	0.278374391759655	0.402968170448053	0.350317266740016	0.373760416781199	0.304471013922779	0.342380342567905	0.365011783884307	0.298443692212954	0.388116554492455	0.266091629907667	0.329542514739117	0.252932830772612	0.374965379839655	0.321154535845905	0.273459456114653	0.318044861925994	0.2312287524705	0.338429755009974	0.272317250637319	0.361110944911185	0.324196855802109	0.276070531013222	0.344933498782121	0.282789939473859	0.395662439323746	0.213743175449313	0.41526202575733	0.341145693358517	0.263475554221854	0.459813215615642	0.27560075994884	0.259807535999758	0.340061624768138	0.339223492430475	0.318850189747466	0.326404380725542	0.254351454527122	0.210047631851267	0.385213908601715	0.298966071693813	0.277673283878919	0.412439904133055	0.191690269032398	0.256766106099216	0.317546934985435	0.267773002470025	0.269712379498629	0.345672362409024	0.200678494545615	0.181442228575132	0.334162226590728	0.354900302087461	0.290848287461677	0.382233657000155	0.314606664489214	0.377825775986249	0.288612733847383	0.351692019013381	0.372085032814153	0.389545661984452	0.239135339028963
"SRR5865127"	0.0702347147111114	0.0651549754293561	0.0471383792367831	0.1049812960793	0.097630924367987	0.0910922114193572	0.0572492336447373	0.0642927607956185	0.0413280667536735	0.102032401879341	0.0863013566531967	0.0353369240435995	0.12257754364248	0.0801279189321982	0.0630396889966932	0.0362177575950723	0.0491890980484421	0.0904401283887313	0.114381650122333	0.0689155393969648	0.0576604272826383	0.0999480915008253	0.0791333698872966	0.0725596123010175	0.0764214194280706	0.112062583430458	0.0735596498084683	0.0454283140158055	0.125969281863102	0.0746686487444145	0.103249259199152	0.118972887310014	0.0775296929453615	0.0641801009881192	0.0624277944951391	0.0362629388397391	0.135481821821383	0.0911677692189443	0.0651574720556938	0.103908313505059	0.0460484087143885	0.115126046581854	0.0800795325457702	0.0370220223737426	0.0556850013255769	0.185290622766503	0.0745291954445938	0.110294076931581	0.0760882284050855	0.0535864476866678	0.0775357602346245	0.0773217027989117	0.0452067659175358	0.0987654030243878	0.0737591438580554	0.0477043970129072	0.049691919075267	0.0452459628788687	0.100844749153552	0.11133936640163	0.0914962748253276	0.0903816339476916	0.0575346493893377	0.0625346130816767	0.11413022983916	0.0718245479480923	0.150012153818164	0.064999272167989	0.0719347714511081	0.0607786099697293	0.116062020939746	0.0452503627779696	0.118028312741602	0.0711488083197633	0.137470394032002	0.0858958765799212	0.0737764413131272	0.0641537358029703	0.135498946242619	0.104948084400843
"SRR5865128"	0.102269898747278	0.144960040960715	0.151030634374861	0.0967751923022035	0.209316248581906	0.304116959702229	0.132201123292062	0.294009235642845	0.199476639588843	0.23444027095721	0.492712509161003	0.109402795918028	0.187875158985693	0.151328144980902	0.179127930576484	0.0891729964163478	0.333029476545605	0.203643357511243	0.347999082507623	0.163507431188379	0.200465351156159	0.243634277346455	0.232145293376533	0.190765975925314	0.235091623374243	0.251201147067797	0.201239439538724	0.217800889500305	0.146014730001346	0.25435949544596	0.156927520704666	0.184865170937929	0.245183645132364	0.129417517218398	0.133374876587751	0.0873501877926094	0.184338979113055	0.159222811239569	0.160945069999865	0.197547664324542	0.155387907737107	0.268681673876708	0.201943652990703	0.17256349590706	0.130969836490897	0.259628339317369	0.20233166907233	0.155853259500047	0.301340638640098	0.161696657651351	0.169785426260767	0.181622009145975	0.158149415893133	0.216136545827669	0.194566599326313	0.144715667698998	0.10869996695009	0.224027293967451	0.234680260367477	0.0944036087925037	0.279007688614833	0.126069948473853	0.113740109844297	0.224997202579391	0.175552171970912	0.189598202706327	0.226175575004012	0.0952960445221468	0.153294784345561	0.228854285628399	0.154601177486642	0.276717822026931	0.176680501032254	0.269647020121856	0.179431425422348	0.206891363565229	0.149523391247253	0.124705231170907	0.184127636054173	0.160203710406615
"SRR5865129"	0.212246062732925	0.385958232571782	0.269298480533568	0.171358147837734	0.259658657277783	0.382604251098107	0.226739960524568	0.201279847250133	0.13176713469098	0.250591634227981	0.571019177487607	0.204286010424582	0.214760084680328	0.227784446667696	0.208431030681978	0.171550671368988	0.209015177727406	0.328754855094428	0.344857695728823	0.168839500332255	0.128311399738566	0.279237129795366	0.261282086757897	0.235655249650583	0.229528820071669	0.245823466607513	0.241860216359519	0.393615260723572	0.244121433435925	0.170680763071389	0.246042632531037	0.158411037906676	0.203956527845046	0.176747681627643	0.109811227913935	0.127600511986321	0.247892879171737	0.19693924836553	0.190560975081119	0.223083185483801	0.269766906213769	0.49055420089132	0.227997152150648	0.159042435172576	0.190758613358705	0.30085729517738	0.426648858918493	0.372653433188379	0.562538156171571	0.308532994782264	0.195015333515828	0.210984290215569	0.111263510639976	0.260025126644482	0.281584820015456	0.14647096748627	0.167203323434071	0.115714620973409	0.21790095394308	0.139096630392175	0.281058008392539	0.174367406056726	0.246764296721129	0.409070258397027	0.245366783440358	0.248345090928262	0.215123742241107	0.170877281184849	0.170106445488633	0.233078365903949	0.194816360205754	0.271949467679291	0.204516572068697	0.249659267374147	0.243838982546607	0.211392826353525	0.222181014078564	0.188309319876974	0.264604428005636	0.266282561863777
"SRR5865130"	0.147511000979238	0.180622781888032	0.233320554592315	0.160137338222359	0.264015131603135	0.315378414101324	0.197334017679209	0.354769347912418	0.209356980503492	0.233436353587487	0.174449835551477	0.185930077937533	0.225296847010624	0.234338086945525	0.201354211952372	0.156066094663094	0.276269335041304	0.294625339468744	0.336095153724467	0.151264677745351	0.24330146418704	0.298951323105875	0.259044486564695	0.232996039244438	0.257165784887389	0.329303238665507	0.250809462277107	0.246822883047075	0.235763673002312	0.262502842302247	0.220135208406223	0.244201440414176	0.280628840952355	0.167400520233163	0.182171801996834	0.13575399611361	0.236481399942917	0.188934752766913	0.18964557463648	0.234916207842019	0.238507291127166	0.276469372496109	0.225743682784238	0.138322322902056	0.167184346383765	0.316859514352971	0.239787970226988	0.183841290994672	0.304153611798932	0.240875085789195	0.207991443162209	0.225665915296307	0.118637390786918	0.278711358188258	0.268125300003883	0.129774766594498	0.14551171048903	0.24179117170177	0.250428944943874	0.134806137216545	0.34406206486942	0.150335792076392	0.166324438810453	0.285064934426078	0.217017452483084	0.233773794168795	0.232541121263123	0.146199275461443	0.138235081945375	0.19653483829531	0.210428509257582	0.231919150157256	0.2329156870225	0.341525207016387	0.245216393419246	0.251048344777486	0.198778627990023	0.187858613061758	0.269284519529721	0.293348174317183
"SRR5865078"	0.198179546530434	0.404249826196767	0.221969984419426	0.324951811252502	0.232427714215588	0.536188674353373	0.31068963771399	0.418395806269757	0.313285934504605	0.387709382740412	0.607764722831273	0.21414470386896	0.345116803614299	0.248468225287144	0.322094303638667	0.192280536597684	0.336167343853049	0.302899737083233	0.486204943132968	0.275112781124025	0.293679162263437	0.342416654127967	0.343713966593777	0.349849393854392	0.365688131962934	0.327517766176143	0.334340997863054	0.344272967282463	0.210758683866291	0.348631224142031	0.170218844535194	0.382257624134906	0.378728264459673	0.263366517508005	0.193421133571665	0.171479676709529	0.381044624573788	0.342622867293423	0.377037184759772	0.351117260029036	0.273707105462696	0.228390436031297	0.256959052958403	0.311471441950649	0.276405388905088	0.355866870547537	0.31999111447664	0.358570251075029	0.315295772372906	0.19480425700961	0.282088472035177	0.378409422471829	0.243815819237571	0.292113555442142	0.335278893715281	0.233775021372425	0.267397221866797	0.267320118855334	0.395800408615015	0.341563647034591	0.437826091356096	0.274816097261852	0.263440900759904	0.288513569243632	0.316675101784772	0.330152801015485	0.432458110010852	0.212752879016744	0.256993050682766	0.326569575351069	0.416123546717771	0.35106645186293	0.42851807681856	0.328634893501292	0.398409561730443	0.300632171680276	0.181563355437883	0.240978628404042	0.48278513514395	0.180567259130016
"SRR5865079"	0.0822419804912717	0.288101224060111	0.171367384244546	0.193368197276542	0.168613786384523	0.428607423156259	0.19910784078158	0.468845598938757	0.183681921705962	0.214532149362063	0.590642426230428	0.12921655974511	0.217814494870047	0.210887489581197	0.216866284560518	0.137995585742961	0.200165350686589	0.227741751395977	0.283442950407697	0.210214603449643	0.238975675903542	0.255206444489793	0.258856651324017	0.217231425512965	0.308803709015945	0.278616164895109	0.229566044654825	0.419434249296061	0.152342072247624	0.210123992153474	0.147147899167379	0.250206632732254	0.241578430915237	0.195510796227877	0.154102563019808	0.127165539611017	0.255934434368154	0.189951357331342	0.242401408189921	0.251266889157464	0.201589469326481	0.361530122243268	0.183722203573581	0.257124098063023	0.157660338628009	0.264488435337095	0.393391420886813	0.164902636515198	0.523343550752563	0.146807932582355	0.223607211308621	0.253878946389096	0.116494818768204	0.21743620002216	0.254025977899598	0.188751883156656	0.15962134370675	0.205419896601814	0.225457628855991	0.209427474461862	0.335723956183539	0.136284040773389	0.262536101387348	0.227721407074135	0.221609733691751	0.182465640537757	0.227413948747296	0.167879285686788	0.124204208594332	0.224014352641149	0.266848074442423	0.275605511247909	0.294402503863586	0.234579018114995	0.242877971046254	0.213084329761109	0.198512576958369	0.213951778564507	0.39624887803441	0.125688902714789
"SRR5865080"	0.166008892609885	0.335026897795341	0.139846930731322	0.264481498921767	0.239215418465363	0.398294182946757	0.173096106480313	0.441667845219644	0.182553443900217	0.35364604489811	0.341644269496161	0.113489155915522	0.266313885896992	0.178199780362357	0.31482379839189	0.103573420670053	0.148772562361708	0.260893578103535	0.520768604981306	0.179637027526968	0.175132507249736	0.336853113144891	0.411376107032334	0.282331393726455	0.262650898644455	0.315633478378758	0.290610237243721	0.213828822599395	0.137140797202391	0.185461983498498	0.151109101013613	0.197259370607393	0.311480997992525	0.239264075752778	0.161316902196639	0.0899838565307765	0.360653138398334	0.264665759134467	0.262715486831045	0.377313131493169	0.199588191034463	0.217704374666751	0.24134010771711	0.116903642228761	0.196928837096661	0.36916960974972	0.225436939788084	0.30646882591348	0.259035704468258	0.149442656745925	0.258860527772257	0.306511237421734	0.13930058362058	0.310528238323021	0.339865077846974	0.24946447072303	0.19426517591404	0.12344040158144	0.294490949824	0.260590866991238	0.425048937559296	0.209153125441983	0.176828953092841	0.337380620159845	0.178351859583265	0.283802346108031	0.319168622667372	0.193110032310335	0.166172931306069	0.262030138626086	0.343150660314297	0.215426215816268	0.325767634807446	0.248097583890605	0.329191722781765	0.315945691551625	0.221549353831334	0.261687381070954	0.379287971844346	0.256411744281515
"SRR5865081"	0.576218755136706	0.192395610534218	0.332423797435652	0.224379833111863	0.26557979433619	0.478646903265146	0.266152455084941	0.198720537528067	0.220409536086638	0.369601432277681	0.797138157126332	0.350251522310187	0.37551290913325	0.258948412108721	0.294228000156956	0.273168894158745	0.187110773133601	0.406872487138111	0.518741421094812	0.132975363543037	0.168640261412828	0.357365664127061	0.356185821418751	0.352039086535849	0.315603155589616	0.256853200649815	0.320037756962196	0.63515638733494	0.255677295775501	0.234900299368129	0.19521853568086	0.172388197349997	0.304076595165583	0.209774860556257	0.178144968566843	0.135609935033049	0.392044022161687	0.288591890404628	0.270425549254201	0.323529959700024	0.375904597696854	0.565337411561807	0.286684800947337	0.264464291596645	0.288962966695481	0.285226001929553	0.687330017174303	0.375206939234924	0.609762849717778	0.364746562310457	0.21123437363251	0.301920869894279	0.226448995894998	0.314221950321807	0.386522415501866	0.164022837403837	0.232138116922797	0.163355706015902	0.369289842599142	0.172795840521865	0.361163262838924	0.285261748114238	0.327313501379754	0.392746596555344	0.2694898444087	0.433452916903733	0.270048760571775	0.199685643451545	0.249807277025531	0.300539243767768	0.259608620433493	0.426963532370354	0.261819738982744	0.381058944287449	0.327989616836954	0.289086579537915	0.260538474769223	0.251008224672003	0.19642456921263	0.345131542666558
"SRR5865082"	0.109181121839345	0.254503869216543	0.115150069320266	0.168492085385165	0.165675846770453	0.482076176369969	0.128001283488307	0.327035700077044	0.249370074827823	0.326805972530359	0.709245940886488	0.0919220468079852	0.233033067312254	0.129357402068066	0.233587759040272	0.0786761520374845	0.287191145674117	0.153781275088239	0.416312226210774	0.151998701760601	0.225557630977636	0.237814997628039	0.283895156887984	0.241158558652816	0.276591679244585	0.251098254181732	0.25786291466203	0.343404478516954	0.11782831532852	0.253796516741739	0.112807369564345	0.241334706890049	0.28553272572572	0.16698802187139	0.138436639530208	0.0916675706850668	0.225878231100783	0.205069645193333	0.347420494164065	0.232498293290935	0.153577138059007	0.31579203313981	0.20936895038746	0.249590860483512	0.168443827383782	0.220333797108593	0.300955383363043	0.270043988334268	0.296198221472405	0.126604530433678	0.222885675499944	0.196581087756923	0.176677297141019	0.207265149819571	0.217015851671093	0.154822045182268	0.153390369156542	0.209297989711497	0.281470994542421	0.181173501961833	0.33441150544364	0.174058600301066	0.169349624642586	0.246241485845145	0.205627101091415	0.225596381922057	0.316926889618889	0.121662368617331	0.167103807274246	0.188353112978757	0.265241214715775	0.383499211184663	0.290359266417586	0.301473521599537	0.257611247666847	0.230012547650123	0.14131429522579	0.149552577916988	0.272840848308211	0.138554253363918
"SRR5865083"	0.21454089660564	0.235976622552817	0.140995121386647	0.181480462896783	0.165066899800245	0.381328122032795	0.154015990919211	0.332875113626117	0.216668960963789	0.251733955058434	0.361051869798901	0.124164269992959	0.243450091163321	0.150806804770195	0.180947281873998	0.105638810529503	0.227418399792865	0.186194479510403	0.335938355261462	0.17960672512297	0.212360286060535	0.252693516151834	0.246251187692592	0.230558145855723	0.291940900065926	0.259690007921222	0.243012716610673	0.243339745913582	0.14858670621656	0.218793730317639	0.119922896270451	0.256286103284672	0.268132286860928	0.158912464589114	0.153324674481834	0.11536540625659	0.273104424039806	0.21655297724652	0.26710307606707	0.26500327774944	0.177270601310382	0.191346640021537	0.218040868559441	0.143997158648777	0.151132203554067	0.271028006269287	0.232761225460723	0.21996008159666	0.182146683173005	0.146426885539654	0.199717037332779	0.254679344377058	0.108681459504528	0.214210661987587	0.244500004634724	0.16279973892619	0.140927835261165	0.191238784928842	0.248490908988163	0.185661068211631	0.337903058793344	0.136847021755903	0.148206943561531	0.241182195368031	0.199249483652872	0.214829463782306	0.2557844942726	0.124981740678989	0.154059288998929	0.244407991643827	0.264132774889712	0.224816803796699	0.280363649973083	0.306200378777635	0.263979528071958	0.206704231569448	0.138148108170408	0.160351303568666	0.322404582415061	0.165213930399762
"SRR5865084"	0.684011014426171	0.364724951462087	0.224549057311862	0.265267310886556	0.282877972094364	0.537993643368075	0.288457885178068	0.45613904536694	0.449856467872608	0.413023602999176	0.362183840580385	0.344338229260713	0.504538887949573	0.228608930918554	0.377320488759946	0.283508235499777	0.491163792686642	0.309594224395431	0.558714360651617	0.107177348054809	0.473950103392739	0.407412059898967	0.408919739905571	0.452663062328645	0.459806346097145	0.363314371341947	0.448559196894923	0.476780867448604	0.268845069301613	0.406424173190895	0.152241195415969	0.393548253555692	0.453857821710392	0.343187751553437	0.470020373162297	0.238333492617347	0.506982601690006	0.430232620476049	0.348584826487888	0.450260392772842	0.284127800800315	0.312271218246249	0.428346590365559	0.345005414568684	0.22501342307623	0.418221648042364	0.464132820561361	0.547810858473233	0.342309842429001	0.389434211980433	0.342493791522101	0.426800183604266	0.437470660669882	0.352625485931339	0.372254442498652	0.252322851620928	0.174294358449813	0.45780810493988	0.468476368482424	0.211581405209133	0.475518342972708	0.217071182200509	0.149744241567592	0.436085013567057	0.336399554093646	0.462548394770522	0.385704605918392	0.119590291674684	0.246995258108107	0.369212669017504	0.368336276797319	0.469724794586109	0.392918200529792	0.590630351110385	0.468046367286655	0.380562511620853	0.291891708758166	0.38104315542314	0.332757799302086	0.5183518789328
"SRR5865088"	0.155130619277256	0.144823326154277	0.140079069277173	0.159529208016549	0.154800613806658	0.306844241282139	0.132135205309068	0.30244657525463	0.196419670384068	0.211338818381654	0.204675707910823	0.122875939446055	0.238051277404615	0.161777694151747	0.180799708281298	0.108408112308939	0.212382626679509	0.182490621191835	0.276389300683433	0.143841046081768	0.229144067206023	0.214151421272573	0.210289309883384	0.20097524600711	0.255858360043059	0.246299203056284	0.216981731622528	0.206341055316186	0.150051229820011	0.215789719034075	0.125513776027842	0.23605848683212	0.237157791273219	0.1404479158221	0.15882809320324	0.111024569470396	0.247482785972732	0.189493888431894	0.162694819019886	0.233109606871906	0.168421373649355	0.185008272414201	0.185959591094743	0.128536113926837	0.141480555567321	0.242798731306222	0.203971828435704	0.201202601349805	0.172413624032852	0.154539524715161	0.183498290639072	0.219609185223292	0.105624547622139	0.196490625194788	0.205689297022138	0.131881414596312	0.126128331138049	0.200709673905526	0.221646736987242	0.155568234824942	0.287028489243046	0.138262384375045	0.144435489721821	0.215310276163902	0.199548456014947	0.18708766419423	0.218753307947894	0.125595293783585	0.14068022451917	0.166495036536077	0.224111984323783	0.202934124578482	0.241647582725976	0.277376117377233	0.226636151059194	0.202062105522786	0.130262986922652	0.164062483957656	0.273650404268071	0.152130438286688
"SRR5865090"	0.187464892507684	0.194477793629385	0.156702944563115	0.223272093397396	0.223385907830977	0.448930607526593	0.175430704254522	0.319160386524345	0.20739862134681	0.223760123768965	0.744571913450614	0.138190283679884	0.312498917332522	0.210026456124215	0.182816775157231	0.113993226132066	0.250049347819489	0.236274815927798	0.296126900436459	0.219354571670849	0.235392018672861	0.272605464314427	0.217714320789645	0.221266293191163	0.353697945611842	0.300660319927401	0.223737276004789	0.429845081655072	0.229694563878559	0.252433582528444	0.1851771725221	0.340089300560826	0.261911406108	0.163313214789636	0.18231293593209	0.12004782204843	0.32645148093837	0.226574858223022	0.161955951220981	0.263960230140824	0.16504934591836	0.48621771735882	0.245318549664996	0.232707671404105	0.146011446085732	0.366502298350533	0.444870522830459	0.267702891663273	0.581270523670014	0.161749733402007	0.201849119183993	0.261058160167118	0.109905693101183	0.2442407555637	0.219988523455835	0.185765308319098	0.135230880556053	0.199078610860568	0.266703176823094	0.219321342472412	0.312518948841104	0.147510610421598	0.212575421568518	0.20197867194714	0.201607732971969	0.201979888025903	0.312495477424494	0.129276684885281	0.16440380996104	0.313941590539281	0.28820541099157	0.28264757231578	0.332638771104403	0.271282738109386	0.316747880901	0.236999915827519	0.193833131123396	0.17494852520333	0.365025804973699	0.235390008991219
"SRR5865091"	0.149833809711698	0.516816601983387	0.21379468648299	0.408005187949832	0.316369080317138	0.527335788424978	0.351834894750978	0.494558818239271	0.284554559006824	0.324708765830936	0.420906980720425	0.178645788236935	0.320997761043359	0.307753714799043	0.377185095445867	0.184851263421615	0.272059677704005	0.349710580507344	0.421044035404272	0.380454886321571	0.352677971944523	0.375098524086049	0.406813207234325	0.33243542622792	0.376569483545343	0.41989163673987	0.365914678441008	0.302380534625416	0.257915713157017	0.302880592786914	0.269787439501256	0.460659693774231	0.354677774854967	0.353282773190453	0.245160424455968	0.213060286452953	0.419740604784321	0.361667024199786	0.322388095390931	0.441551065468663	0.251958909623405	0.309283816655877	0.295855330453397	0.260960385875576	0.230403036084476	0.528800377013787	0.263723892597024	0.324708280062145	0.431696719590336	0.186578585065141	0.350061730996757	0.434820198859923	0.18237415754587	0.358112356105974	0.355627533235055	0.321307451766629	0.255040864180481	0.246057763231281	0.301617153568471	0.438193428241256	0.486472625305138	0.21939758423535	0.280132283455556	0.322532488282004	0.322418481643538	0.263329338198472	0.454232551775918	0.25489016790949	0.200040113068681	0.37487559211626	0.498652692593759	0.223560743843849	0.515429462449919	0.274208971329105	0.478336891187091	0.340147298387554	0.300186704111452	0.389097106935637	0.565885852909724	0.274535887838693
"SRR5865092"	0.15288735718558	0.255713843623617	0.154543784960105	0.236640458855708	0.313090305332454	0.436175544907646	0.142834283817939	0.471463677468218	0.266288633260626	0.343856871444899	0.345332568798167	0.101470651373844	0.290945306033345	0.193681906027865	0.31534710181298	0.106690715060794	0.316862799685761	0.188048485474113	0.47196904357148	0.213281529890713	0.294247918142812	0.341180715487178	0.378189807167861	0.280117981281471	0.317560656905967	0.396685053154421	0.300386112853767	0.243136219651942	0.196934707806701	0.2627832567899	0.231978614523341	0.307056449788271	0.35381438158885	0.208336521039624	0.206086229539755	0.14543341172307	0.328345522382486	0.257334813407139	0.265333268568639	0.345890334830443	0.190522078910239	0.312486425158988	0.260867944284861	0.208270932492911	0.198522534972465	0.444342167590932	0.211166913215189	0.284508897406376	0.334201080440831	0.185271380606653	0.27958374550732	0.299542026803135	0.178246478005881	0.323328474162136	0.291949601084267	0.21421738965491	0.191110228518842	0.252230914648808	0.307485155728493	0.227271424115029	0.43272004893531	0.208658653619485	0.183481828083799	0.323343075069015	0.206270568379498	0.260283846569899	0.375410672973997	0.181043429651494	0.180681085591512	0.207446636740194	0.323756976907928	0.298150926354146	0.346429508397913	0.318490338903012	0.332542737245879	0.286237674799474	0.241511769975636	0.245602891162762	0.429084899328686	0.291271295112196
"SRR5865093"	0.180905742763467	0.309258746255233	0.167718959342109	0.220466611198655	0.299603424388155	0.382394226477438	0.160967622937794	0.343026936866678	0.208155273474125	0.316142888893623	0.328694888690432	0.128350523193446	0.271716399590755	0.192165872455365	0.392131321008399	0.145888160216621	0.289238838363268	0.213742501249594	0.45326898441515	0.210824393603576	0.3115249160214	0.311506586938598	0.414871797115597	0.304631938466874	0.289843216219552	0.341903690733005	0.309828393008098	0.241053483520287	0.203207387975899	0.231892746705261	0.234522196773581	0.242902711786221	0.293381455141275	0.247870232135029	0.243158791684068	0.158458565228244	0.326588001084708	0.270025861292541	0.440820418062645	0.330838760319345	0.202762945303013	0.314159419794761	0.326951845340701	0.249052420730401	0.191513641434101	0.430308001171888	0.206642251095682	0.281517289332935	0.303973319844861	0.234768909789823	0.274510803412771	0.281932679128806	0.313436646960799	0.307118775938949	0.289192382369607	0.258569725364315	0.177236402171164	0.260037032971416	0.260236150228476	0.201947839992361	0.38383756483407	0.197779669222002	0.168772305831524	0.365296630044016	0.231087832710557	0.262870311726065	0.330712088852123	0.173475035339419	0.194250043315541	0.246007667646016	0.293460596529378	0.277747084069925	0.301917529298791	0.315129910885115	0.32663447275647	0.270580959567529	0.316298624167144	0.360126669372622	0.391212786457969	0.338801731991641
"SRR5865094"	0.0611390317347913	0.0926307687947031	0.0495442445411336	0.147204240909179	0.105108056332839	0.131864243910898	0.0798587681764694	0.151003057280536	0.0736377355215335	0.0902644012630095	0.164233743666538	0.0402419920664507	0.179219909654315	0.143927922311572	0.0727663429545112	0.0529468740551873	0.154079107997794	0.102483233182769	0.0773555297199348	0.140952385328125	0.166301483323572	0.106198850635624	0.0784946850484601	0.0767215049547895	0.140913823963771	0.18674225036188	0.0826852023151211	0.0793118161833258	0.148008840794678	0.156126378748748	0.122880566385694	0.253420039291774	0.113994684030687	0.0894221082679319	0.133805004012771	0.0658389016916723	0.154512836949679	0.104740595499202	0.084624884439529	0.112416447584117	0.0470172743188544	0.171380388952736	0.0919266545805747	0.132260789436188	0.0614815787660436	0.208418417015629	0.107759184326065	0.11808152354947	0.123542140863583	0.0532379377590265	0.108855624618379	0.091935843138029	0.0611661976649185	0.112084958683749	0.0657646443814568	0.0711080786488328	0.0592055453487814	0.149210758406396	0.130192750101539	0.161744411570759	0.115402851233595	0.092537425861968	0.103499787796532	0.0544260923796828	0.160280924207347	0.052263195521175	0.187999262122983	0.0898460049607414	0.0881667102389536	0.0816723418097928	0.159353082487859	0.0809993830557014	0.189301510585367	0.08996119776894	0.140703151894201	0.124273181850203	0.100314273421008	0.0841317962060598	0.279454074268418	0.0933520201624747
"SRR5865095"	0.144125064082797	0.337628148707253	0.145856056086273	0.249017023066524	0.225136555351662	0.364827124926757	0.277732029277086	0.325971888336669	0.186045802850307	0.233251645843702	0.619517814076303	0.121415066054765	0.290845805679369	0.232069263461311	0.197774695095634	0.140728781350931	0.25538275984635	0.208736214685278	0.256036108582745	0.264629813481921	0.252154707035009	0.263202360767817	0.194587216502221	0.198791754839786	0.309149120412379	0.312787677250665	0.252710563091324	0.294072693612295	0.241762218508708	0.247072362686962	0.20191919446367	0.354849857240945	0.25577976784988	0.246895221682935	0.17593580378799	0.142971013229924	0.292806917243062	0.26944647269896	0.17123387903743	0.240891757684045	0.150375143025564	0.360472647095387	0.237031644062084	0.240655761827008	0.153288260033125	0.349087433110632	0.329799072914102	0.242628644429571	0.442512080645757	0.140162861935753	0.263458413606465	0.237553601495588	0.124570851454075	0.238072610469396	0.202585039202069	0.19401102799721	0.146309604755163	0.198257344617204	0.275359510175154	0.250059926948536	0.289861684914924	0.172510331862397	0.218221492249274	0.165759289982466	0.363014641055621	0.177607365865972	0.321376893254402	0.15513273483758	0.193214467373489	0.288637771946338	0.291777271905648	0.239285188933189	0.330134136354552	0.219623742435652	0.297150478705765	0.217585224729519	0.176274661268938	0.215547978005732	0.453088372406148	0.231993160367557
"SRR5865099"	0.092704798666145	0.158442062863697	0.129518162454702	0.123730639986454	0.179446694449637	0.343838923574047	0.126865196524585	0.335217830235234	0.151179141740748	0.183059658681291	0.396457847011747	0.0960421200022196	0.184922570456464	0.145227466393537	0.139922178940514	0.0749949592571858	0.176048814570143	0.192388628243932	0.263813751927662	0.110522360781955	0.173624318018489	0.229264169218052	0.196756128407042	0.16551427382406	0.244096789594483	0.251975561453986	0.186965824789265	0.303599664881818	0.157681946713152	0.187259598837366	0.145662032411932	0.209944932445383	0.206188603832712	0.125415977236762	0.122907802080661	0.0924837921810533	0.209227014808069	0.143464551340169	0.13382075080039	0.196917171717285	0.139092444819123	0.369237322637719	0.165223430270402	0.137796585313297	0.102150501146084	0.279682922804069	0.295341924805536	0.141379324574194	0.459634855304281	0.13082581279315	0.167175588624466	0.183358913498294	0.0706747553104685	0.200078412117959	0.193265406901168	0.102180658730217	0.0947886955367664	0.156052405202278	0.181682273220828	0.121242199092126	0.276525743440381	0.087573414355945	0.137480214680525	0.205026937275974	0.151297478989263	0.150717520752235	0.198344006418864	0.0938383161502673	0.0873440757055643	0.154402519781748	0.182854254064403	0.213562487952596	0.212896605998198	0.239922690180783	0.201788264078933	0.18562673479675	0.156920975283269	0.125254135663209	0.252541676713594	0.194785530138621
"SRR5865100"	0.0920126235578498	0.146588899402777	0.147687192728779	0.248242212770413	0.205896896851035	0.291413096301797	0.180941655848387	0.253433394347373	0.134750882925929	0.155016252054384	0.53161595320558	0.108694965908108	0.193256430053399	0.236558958314749	0.101842062088606	0.112128387863286	0.159549241631085	0.238382332944901	0.156114591041965	0.254764120997086	0.174818140321319	0.223514165350843	0.129340654600173	0.118543101580434	0.178184744992809	0.302823527825323	0.148245731900956	0.289240770247851	0.239461918335648	0.214120242447504	0.2248459592581	0.346538497321705	0.209612425585622	0.128386946823042	0.136025340088526	0.0978648679593504	0.148558928376182	0.124844344282295	0.105639778455692	0.132232499514771	0.137288063322033	0.426701139433362	0.120716825696471	0.159999135253721	0.13935592019088	0.189696163220713	0.373853182296376	0.186777850920304	0.454734999569292	0.109473192828316	0.161656975209545	0.113333499706256	0.0422020527976697	0.2179553404011	0.163525570324198	0.107667484435481	0.138439073403731	0.143168968726974	0.231922363002788	0.25841662373205	0.233204075335863	0.175270284299675	0.29166865123925	0.108667355682635	0.222311037781041	0.125214080786457	0.267055587996694	0.189509043238169	0.139250194822326	0.179330124034472	0.263554595199223	0.156563722257245	0.308699352867484	0.159890253455036	0.243978838697915	0.204160844178951	0.144862731490866	0.117357371656438	0.189024285443468	0.125351860186156
"SRR5865101"	0.128740460121317	0.217586196311364	0.110013034783149	0.137156965931064	0.137930072934804	0.367376881472428	0.144843572362694	0.355130851589978	0.158311779485443	0.191016181578939	0.675148707867815	0.0896939308729326	0.209507864775918	0.148482112406367	0.136765330300256	0.0729648093440361	0.175455291756236	0.188710063174778	0.264939582947347	0.148925584242245	0.163746756862479	0.217626962613264	0.18099951504335	0.15815212183015	0.267128257642732	0.231251586677596	0.180963815272805	0.340936198167806	0.120009277386605	0.196637170538259	0.103736246789565	0.204227376383443	0.217756669394199	0.133068846873819	0.110102489198325	0.0676276768115678	0.219273291351877	0.156355210132119	0.187653141505531	0.200956441948052	0.130286441685903	0.337726057022844	0.15403895360416	0.155148423273706	0.110993293219599	0.218498059958261	0.358192905318132	0.156448963630098	0.437755655583648	0.0983804447965699	0.166991595779857	0.18844751090444	0.0684745958463939	0.181103080690559	0.186203476639787	0.12761765831992	0.103624911509492	0.142245547022667	0.214462235873004	0.144368268883004	0.271381278812637	0.106061467885364	0.167831452390317	0.169655631082872	0.172077055612821	0.150239109444025	0.201179219276245	0.104037344390055	0.108620826848536	0.210154494350438	0.197805359685656	0.245570349973048	0.226671676203889	0.22358584362583	0.187013883799853	0.192826860021388	0.122414983145627	0.117076669335411	0.272235513366084	0.124876683497199
"SRR5865102"	0.139723433212419	0.245068064687942	0.287133733895339	0.189834548657615	0.304273835576335	0.355669442931058	0.265563607284881	0.408566823139776	0.235263261427663	0.273002043775828	0.30394988685648	0.226323242971802	0.24512173010253	0.276864354600117	0.244073420408615	0.209597160901337	0.279235366686145	0.354606275961799	0.375362413022843	0.244423797505816	0.272399299600934	0.341366930789781	0.300386387081334	0.270333288983189	0.286803788681261	0.361331406108985	0.278750807564898	0.284226390131119	0.247018330970914	0.306059826757908	0.261829560938293	0.279715223332186	0.318946808235588	0.211168887814259	0.200149235007032	0.177593512816983	0.256904643579223	0.222870051328565	0.233580564786843	0.259439305812225	0.28822189385351	0.296715936214498	0.238905932043033	0.211998929193766	0.214620261386966	0.343543125041852	0.273277769080279	0.203532606054443	0.335133581284856	0.267430263169865	0.241869360000827	0.262833563183329	0.159181132286935	0.316794314976645	0.30964060113313	0.19175138237442	0.193412040447073	0.281127874197149	0.29895124832466	0.175291689242076	0.38383540393497	0.198763012401427	0.224699315238131	0.30243200402369	0.265343007905748	0.268534651274688	0.278008645537144	0.193354799807399	0.196126000448842	0.282273379564837	0.251054438972207	0.277165635473594	0.273943713932122	0.334568265160772	0.278234334370589	0.285559997435807	0.230481250428354	0.222754362543001	0.294874211196866	0.22543926226654
"SRR5865103"	0.106006059737936	0.467270152944749	0.346734495977046	0.388276990744667	0.473264004549609	0.614720270703751	0.399074606588819	0.643848069444174	0.303878838344557	0.442369637389729	0.88970563999205	0.226712886674096	0.372494561108633	0.430506998973165	0.411612537785734	0.234355339217109	0.335066071097767	0.469163170830196	0.571975098956143	0.464923526549235	0.31971094183505	0.511981861076783	0.465044105505928	0.355176027131068	0.434212736487222	0.553987611945456	0.376799309520269	0.589855666525493	0.302051605929385	0.396726034868766	0.395176259588401	0.3839759321752	0.486144402894726	0.33444786489595	0.206306812870207	0.194605736517918	0.397728756069346	0.325671830214822	0.343666554369297	0.384660224311864	0.375798237463169	0.654236345590477	0.288625121958436	0.436610163041482	0.367335642685156	0.501666803013857	0.577205363761979	0.32264755130841	0.775801299364955	0.254587004365712	0.375594245923822	0.372009431975994	0.18200464307346	0.484644959093479	0.450104545371296	0.324442427440951	0.374772565949423	0.279062234830147	0.471315862171943	0.36551267103693	0.568294266929234	0.394719074555833	0.527184087742206	0.386909923415648	0.330831179995432	0.373363446494214	0.472799374076648	0.392839864980155	0.294703932288934	0.422972362626423	0.433784954076814	0.4981723689277	0.471097617650377	0.328345018840687	0.402520170182827	0.453201734517998	0.358422257390293	0.339486325071873	0.589973867637974	0.321698674351988
"SRR5865104"	0.110717678394705	0.156425600438776	0.123473728307697	0.139320499965769	0.185982119430254	0.322994283808326	0.108528690396458	0.335277535527427	0.182238954164834	0.220796393109331	0.185280247276673	0.0892989065003445	0.191235400182407	0.130826662609925	0.19861276352392	0.0767979188685651	0.25983104850258	0.14979157167092	0.295174052994928	0.112399097279867	0.22037142819699	0.226791616676341	0.221078682195542	0.192274696692461	0.2268182799339	0.247817820874983	0.198247836036782	0.179529420059092	0.156875140231513	0.199887315181881	0.15074464626409	0.242358144294187	0.221507402017622	0.130445593965035	0.132129261636567	0.0992994378845398	0.220423782455252	0.16539823582664	0.16163622096956	0.225170593359748	0.137566672695798	0.211660458392056	0.160879422579966	0.119322403844542	0.119890863090676	0.310003753903424	0.162460635207283	0.170413478357838	0.251759632792373	0.135495521073689	0.184245256490963	0.206494351918243	0.134336574043093	0.198896218894411	0.196180912376271	0.108788621215265	0.112088294521206	0.179543566541351	0.201820353085707	0.14764710252464	0.286256111086124	0.107735149484223	0.110585861979704	0.212608372612288	0.157330950604767	0.167412983761585	0.250892570206742	0.0998715134497939	0.0981659467765445	0.124223015404782	0.215146911407157	0.194492531689582	0.236728482897988	0.241080111232104	0.235764958191769	0.178337891946458	0.142535482557763	0.188457197185278	0.26482901955482	0.157236272829185
"SRR5865105"	0.236201714568285	0.23175341421569	0.281435671245141	0.221539913197298	0.321776725942523	0.381008527126764	0.279172545840156	0.38099442558705	0.251093710032964	0.306007758519906	0.565156732109659	0.229863106415422	0.31917179927156	0.322754738752111	0.257789584973729	0.218090492242343	0.348341358306231	0.352427922257359	0.37897717782797	0.255433192291782	0.289665665251027	0.336757195060812	0.270209602951881	0.267548608967124	0.312891190211664	0.3706918016808	0.268728699158492	0.352475829313267	0.289389660785293	0.363878039118396	0.282651800693149	0.311261193571056	0.340034552613306	0.216042546384574	0.202748517180982	0.17917513077333	0.281315588919814	0.245048072316619	0.235879762156246	0.245110868589682	0.273275660807627	0.403334529159005	0.24000558415768	0.322347246643414	0.248140300393965	0.344260258191901	0.367619104901758	0.261420685367727	0.426677921094793	0.264321127476004	0.253689244409537	0.243554665840138	0.209346865868042	0.31898557426592	0.27503495780741	0.184808396879851	0.214035884218409	0.303755552786844	0.372466286456763	0.192013547659636	0.352305643422507	0.275540513499075	0.280600669770634	0.256112999148642	0.309254142230869	0.28208275373131	0.334653316995174	0.21157743399826	0.261117560467896	0.274976551906914	0.256996214152042	0.383624822897599	0.290149276974575	0.324782284604535	0.282878450121704	0.313879045319233	0.220012081273041	0.219722613789029	0.343930314101352	0.257630540333629
"SRR5865107"	0.161609594796455	0.269062186800358	0.136272798354681	0.214525786064903	0.269025337229587	0.470913839138948	0.160788018985247	0.399317047551013	0.245031224557704	0.338747712482873	0.540408059537498	0.115460671193062	0.30283982572744	0.179694507709114	0.304484676987654	0.115031177920825	0.277126148710404	0.218692837804231	0.481684727028284	0.163884971816803	0.268284609069199	0.319357943093422	0.392214495303208	0.290668496369087	0.318081813901804	0.333811617305559	0.304654209091236	0.344990917914298	0.13020578169872	0.258125210232354	0.146245649801347	0.240728468502642	0.341974213239372	0.220606597375346	0.2119098722551	0.118585072368491	0.344453548302214	0.256811421275561	0.268493284346231	0.343471454031969	0.191706522641591	0.32322102340278	0.232942211947928	0.277156703332397	0.193445930115316	0.34111892891843	0.315960434916757	0.299722942508336	0.285308779092846	0.165473120448842	0.251361878258774	0.282136034749078	0.21117273112783	0.289188622429049	0.297016759498714	0.183689933874307	0.181783614679193	0.24157765476508	0.314422722106952	0.218290229899293	0.420496215743512	0.205778300957504	0.200499682101472	0.325411561272693	0.201925180282686	0.271885312222723	0.324092605354053	0.169293668158524	0.172776691150377	0.21563440482733	0.312347809220598	0.344405393358481	0.326478830414636	0.298710110805101	0.300036904970517	0.296994100640905	0.235600686801978	0.246208439463549	0.391054407216033	0.197327077906815
"SRR5865108"	0.116634461319056	0.182748861371818	0.0790697096142025	0.226128027490808	0.215026716268494	0.201666435122743	0.127361070933976	0.22701667573287	0.148855363448801	0.178180354867572	0.24061110244703	0.0599039769629687	0.28557864955422	0.207718101807323	0.171708984111035	0.0951536246352581	0.255155596039218	0.132813417942175	0.171395636091755	0.288676768637297	0.284107887641835	0.198985947549984	0.177076010931733	0.143047688686888	0.221942389733886	0.326459514519343	0.17318311451961	0.103616741618302	0.174302720528356	0.221751586469926	0.209196403375474	0.331712571879724	0.224903246757285	0.178080956883026	0.225625409397191	0.10023165273141	0.255580140365047	0.206349134741955	0.173036379139931	0.223796835220913	0.0859646147340262	0.216486424997022	0.16998980094206	0.176023336554858	0.123201322707374	0.33942948280979	0.129392366317769	0.227081329920047	0.0943988556967635	0.100432620851728	0.209614173161607	0.162550132765932	0.127717681762552	0.217922324665108	0.130696500472662	0.163889634196098	0.118024197682995	0.229230569154605	0.230790907833347	0.243182327923435	0.228379021814275	0.194847753207982	0.16383742129703	0.120694205056809	0.262121545895615	0.112846674605634	0.302751758940498	0.17183191515193	0.181645143573357	0.175157741539083	0.261090557632697	0.140140851863287	0.292168168322805	0.158623037089042	0.234755513857442	0.213438961875358	0.173614112873916	0.216157328564574	0.376990277581863	0.129165934787946
"SRR5865109"	0.100248469949162	0.142080501023109	0.0758971480187646	0.206929188071136	0.158687672524152	0.184281746941233	0.132657462963405	0.174286389196117	0.12916944811801	0.158701001967971	0.25624145206232	0.067785076256087	0.250957220950543	0.189606983518195	0.14068687438934	0.0876219886169846	0.249566627968874	0.146988480152245	0.144674359422871	0.206983395569564	0.240794087773923	0.162080021684925	0.119665892919626	0.126502870631326	0.172996768830238	0.235700218292321	0.119672335051724	0.0886565572816682	0.182788705559659	0.247720887725719	0.160781978483602	0.340372824193693	0.184043469887328	0.128597093761292	0.17652063669663	0.0929154887738368	0.212137556373621	0.167499176956467	0.140670665187596	0.165010143799409	0.0721295467785511	0.154719214882477	0.114549809762499	0.209623731886759	0.108166446872247	0.271092121714745	0.119276272817538	0.203473058989617	0.116099394530627	0.0775350619935982	0.142654778299745	0.14361136675718	0.158517049041697	0.162630800348825	0.0991075904000119	0.103360880475654	0.101306408966201	0.212699569210817	0.229719031407205	0.236531954965495	0.167049719755383	0.170152436458533	0.131288942145863	0.0740458515440721	0.22095619654329	0.0959680846902555	0.308353040138448	0.124929525891812	0.161155303862061	0.134385995108316	0.231904328997269	0.12572116310059	0.2625543724455	0.118793887159649	0.212662399323744	0.173413428419486	0.119541633214739	0.151852438668012	0.301164102678927	0.0917426009494875
"SRR5865117"	0.277873291284568	0.147728313172575	0.199417376995832	0.176695666476476	0.193357307954912	0.305571003090383	0.152409032307657	0.186032314465652	0.164556363343091	0.289231395681684	0.232663214513688	0.202243530973372	0.24532451648361	0.150133998626192	0.223791579378695	0.156100464091216	0.139308183654011	0.248100663635943	0.418820623864342	0.108361085701271	0.144539369479369	0.256978507562657	0.289596277619415	0.272963322994864	0.214068774362465	0.202098083165249	0.250639513594312	0.228938150909138	0.199450214725475	0.17408326375433	0.14480296968864	0.155708831223891	0.228266403849308	0.156926014623256	0.145433272448755	0.104315401171839	0.290786082600644	0.225972585267324	0.209130258846904	0.261896729436	0.241421996558061	0.200044707538623	0.248573429976647	0.109655830871779	0.191007451792812	0.262852728358034	0.249584984696005	0.271536965040428	0.181657503113147	0.248823231323284	0.176239334612526	0.241792902753295	0.173658107517392	0.230084589504038	0.282842807784576	0.146121674654176	0.155936413123398	0.138098423617256	0.251329353412623	0.144336792251469	0.290644662984804	0.181618766505966	0.139633500683159	0.31782966704522	0.196531834420929	0.299815775274357	0.232157053825408	0.133196963298734	0.178018023869849	0.199941624951781	0.219548080062721	0.21427907909025	0.209833706760882	0.303457196848791	0.272234973870597	0.208884726349527	0.173443749564819	0.178506276235064	0.180594622573497	0.301308891370027
"SRR5865118"	0.242654595608759	0.361122420808577	0.213787756927531	0.32318085807584	0.388788555809387	0.493233484965	0.209826431531503	0.634178903333817	0.30315818318452	0.347827407481486	0.538916595144227	0.182906998335171	0.386175417931984	0.283279017359158	0.361229254565928	0.183936733945265	0.441610168750953	0.324725289192404	0.489848914720242	0.346845673353748	0.387619282510897	0.425585934250361	0.446519474187596	0.345553675908831	0.422025766138643	0.484244645620999	0.338388277429199	0.374153655232639	0.253388530435196	0.33438156287034	0.289283745863195	0.389035712140687	0.42221370250081	0.294681633854408	0.347594131344555	0.189961284955883	0.426780383857277	0.311312438424078	0.345298360171301	0.417340616036741	0.251268503955401	0.43552530703223	0.351605964342587	0.303916952351446	0.233178929519481	0.523843978268553	0.350683403043541	0.372113614409859	0.546061110708538	0.260008998563718	0.341284591521824	0.371030149157218	0.217135602146364	0.416178384874099	0.363268313866953	0.410399097200618	0.225336902840993	0.344285676016235	0.383889442257594	0.299862962050515	0.505067413096636	0.252515964835605	0.263082112335841	0.389167011219656	0.218524407636857	0.317824967468039	0.412489068526728	0.236448022099009	0.241166896238477	0.431905421458102	0.405408870521313	0.359106389543007	0.434683502444578	0.381669591833104	0.420511417295876	0.419438488871027	0.371273097684074	0.34454414954974	0.462576602507105	0.365468363077633
"SRR5865119"	0.157787471335038	0.318968828552942	0.201167277221977	0.172803938330795	0.240417727877742	0.364946612404603	0.255152353658506	0.407661548009413	0.217113278548039	0.243307185187364	0.368389490174367	0.168223816483246	0.238816613085354	0.212169577099183	0.200777868831946	0.160567769846057	0.314225054963424	0.268838509143841	0.327097879097101	0.187641132113415	0.249864356837579	0.284671267572495	0.267946548376044	0.238881807955592	0.301053921442134	0.3056912136115	0.291884226002511	0.301416735216745	0.22182036699694	0.255202196269648	0.198239357902822	0.266945257515748	0.266604372982019	0.25023407265138	0.196427135970972	0.14318470778883	0.261255931496346	0.239821273565044	0.195896749325337	0.258413533897042	0.209719946181704	0.324945379345753	0.26940970080619	0.192784495215744	0.153217127742638	0.338051548488265	0.281866967939691	0.201085766859981	0.428634549486916	0.215858823878791	0.272795113879297	0.251228923052537	0.134959446174887	0.260076571210178	0.253030918347882	0.204054705030355	0.13758833687028	0.248814589061838	0.245846218341259	0.156277387348784	0.336773736200074	0.1363063150186	0.168103024573554	0.272495680488878	0.300534279715222	0.21900543271029	0.252315026661149	0.13263970045084	0.15014640562263	0.271764696366231	0.234549863322658	0.269850021764111	0.262095228394944	0.316646257733384	0.268578836179234	0.251287456676045	0.216936963634151	0.182848407124564	0.303137187535496	0.299794462993365
"SRR5865131"	0.228176462443256	0.338059985019447	0.174357511126323	0.188219116851396	0.224135099271227	0.49031603114285	0.163176688309512	0.249154924957707	0.17199263200247	0.242496626948003	0.795449687097297	0.146181919061381	0.26444973734041	0.167943932518895	0.190721862968886	0.104950098796721	0.250288429275797	0.244795428141379	0.357041711507787	0.183347559777901	0.159469147386999	0.276237335350987	0.242193374878279	0.232906834035628	0.310814132015964	0.250706513426299	0.22979337802985	0.452310144036854	0.212412816049789	0.195678064934462	0.178866471230983	0.234642675316659	0.231523173573474	0.149358116450996	0.12951165360629	0.104273326236207	0.304568255094244	0.213691388780451	0.15982842886477	0.255671616704188	0.187269067552963	0.516991010937438	0.256608277052026	0.180510161665173	0.148649600508608	0.345518274872437	0.468193286165514	0.428122825073813	0.625373728826086	0.218753129073562	0.183822203544562	0.250316307747987	0.106326027924954	0.23995455445107	0.247607378701332	0.179121069987704	0.133082182012083	0.131875312342025	0.238046356214743	0.170491057385547	0.303904051082364	0.135013754845443	0.192760926033959	0.345353286359645	0.179657493203537	0.229811460829048	0.273629017510072	0.116791369329616	0.162011066852968	0.321241379854087	0.243944288081415	0.297277508250674	0.270819236297355	0.267579217812721	0.294692750591416	0.211299414565912	0.192193386766214	0.164835811630959	0.314867606188031	0.257565203752988
"SRR5865132"	0.188140577862476	0.147264466253093	0.12830446421605	0.140982773209885	0.193404726644213	0.364579755042949	0.0885425326224573	0.248092839105288	0.231965305852501	0.244631458683023	0.35627051550974	0.0955590820350777	0.229708405542336	0.122871077681233	0.199221145627389	0.0786419377107483	0.315824343041516	0.138376460067605	0.34371519357389	0.121183769460907	0.221706197538008	0.220867204709345	0.243487996856796	0.216269635444175	0.246790511234783	0.231702207163408	0.206325324751675	0.227169811837645	0.177882730536131	0.227014085890915	0.152797078085014	0.241961116915064	0.235285716724894	0.113849932066319	0.14526561117382	0.108750385532608	0.238963577349355	0.180119919802058	0.305356761714397	0.247558319011117	0.142042139429467	0.268389944641092	0.19325707225613	0.187433061872225	0.135690649914968	0.311809861594252	0.194017572684274	0.210962512248589	0.285945401096224	0.158897834498585	0.167891675740947	0.227013605814245	0.173315007904536	0.197669340021852	0.187973693862555	0.114947548055769	0.117954179697853	0.222164920337135	0.221592576531447	0.13399322599145	0.279904703827534	0.129647659708077	0.113873779447294	0.231819784260958	0.154874911236765	0.193238436617297	0.281505170761282	0.0946847822418317	0.13687022030441	0.134756793698882	0.208657385344651	0.258710332784027	0.23409413134825	0.305736217168149	0.242423817850552	0.176791508563616	0.153188068372708	0.135269448368806	0.200348239342179	0.222676921807396
"SRR5865133"	0.319328199547674	0.103640647665108	0.188277888518669	0.21813884373461	0.262066498872406	0.263397512883276	0.168115489569163	0.221314127488454	0.183584816633958	0.205247101834393	0.562027257146945	0.169678767574336	0.384907761703764	0.301209007005257	0.153815761453843	0.170923838703933	0.31004371012497	0.25834544229088	0.204582914622629	0.235244789980896	0.268676761454822	0.239349344381285	0.147228984048436	0.176856785207259	0.281551372843668	0.329505646412787	0.173709675677902	0.307391828422545	0.300491179622001	0.31961427670709	0.263018312074535	0.334569053632234	0.264145226944399	0.137766456798669	0.22347787444738	0.133330027830243	0.278256102851008	0.198348070742619	0.156405872783847	0.183202373019596	0.167447679800031	0.463287832909571	0.187658831496319	0.268702746449071	0.182952236851797	0.297825196006536	0.397608974298811	0.28081118521497	0.349826090533698	0.206969532693985	0.180360515967514	0.164073496709113	0.127879469283953	0.251394147568966	0.160223610563632	0.132025219971343	0.147784285888108	0.272480476947975	0.330846198442509	0.180796186923985	0.225193675856085	0.268533127761712	0.270819565139966	0.141618688875944	0.265797869855333	0.187254964807422	0.291877193230119	0.184856019371334	0.251166297284529	0.209858659041432	0.216623310753228	0.29409384538039	0.261623991550308	0.262574079833056	0.238227782509055	0.265538839849973	0.1731811195693	0.1587037610701	0.275869414194249	0.214568612475477
"SRR5865134"	0.3683543099463	0.183392491831601	0.188821213745449	0.188857488775887	0.207480530662449	0.480948132457286	0.182249064116605	0.32935582252557	0.251643405055956	0.251407363082228	0.644260493617336	0.18265704776757	0.326444985333654	0.199606432217495	0.202662374131365	0.129636342327947	0.259318893793698	0.267600008350867	0.364315669505978	0.146340475785937	0.243154638095746	0.283421283477838	0.255841727709014	0.255855195171595	0.368183946849805	0.289496687506579	0.275645667610074	0.49516629441825	0.203911051513621	0.265052944409271	0.153060917552118	0.277924071619946	0.289788777293872	0.170443488943687	0.185721159896484	0.117531146272949	0.334867765159842	0.237467534009763	0.1732676810161	0.288100092709581	0.21781750144634	0.467407084700209	0.260071767833109	0.201268420094207	0.162901321770081	0.316705093387473	0.485643597502675	0.278881608894123	0.529110292709069	0.209815599610168	0.213781137609337	0.279043158578909	0.11180137746041	0.252324274695977	0.262587371581668	0.155569843667701	0.140751308996446	0.214977973285444	0.27516141131493	0.166487363720801	0.352351109411168	0.147607063068556	0.205087873028812	0.281585858077701	0.21235181343645	0.257869104669248	0.265020268322414	0.124131695529866	0.153530857613879	0.267503329447373	0.261358693758978	0.344360471077514	0.297382578152751	0.369495144931744	0.297912691411984	0.26232094135185	0.185917301425731	0.17714877160756	0.291767226734251	0.284680576380806
"SRR5865135"	0.149541348868924	0.186522497259974	0.244387738584042	0.168544740784977	0.271771069335644	0.320974612456695	0.1983958741127	0.354857896878562	0.218099245490516	0.244671363094211	0.202080128388718	0.203794865902505	0.227676555487892	0.259716513315376	0.231833965447042	0.196945661502583	0.363524845556056	0.307672416225827	0.339570619612787	0.177355527169626	0.29509697016383	0.30727846788098	0.303043340996056	0.260224351443336	0.265459492081514	0.339855745730437	0.247079982421887	0.270704928689888	0.243490346838633	0.284103621491554	0.229252570711218	0.250723766974971	0.286693692839705	0.178981618131862	0.242366377466904	0.177069891857811	0.23983566506146	0.188331240520821	0.248481062853062	0.245173208996327	0.249294919538992	0.280931258594922	0.254184482638964	0.236539652282213	0.175031279989637	0.320972617290559	0.247181450676001	0.185161899796654	0.320906136334491	0.271908256562772	0.202019456854738	0.237192886455645	0.197064565346902	0.286585107443436	0.277307033695354	0.156759691110455	0.15384813843415	0.32849672730437	0.255638807592491	0.142285656658095	0.352248797882917	0.157530757645409	0.178365950470079	0.302235786593193	0.208620554908749	0.238934860919642	0.237856972336488	0.155986328349996	0.155411001634932	0.226020687216832	0.21797721010404	0.252545277992167	0.240562329177797	0.340933503758124	0.251066003216332	0.25456442157044	0.264112551085059	0.219401914460248	0.294147580680124	0.29869908432451
