"Model_1"	"Model_2"	"Model_3"	"Model_4"	"Model_5"	"Model_6"	"Model_7"	"Model_8"	"Model_9"	"Model_10"	"Model_11"	"Model_12"	"Model_13"	"Model_14"	"Model_15"	"Model_16"	"Model_17"	"Model_18"	"Model_19"	"Model_20"	"Model_21"	"Model_22"	"Model_23"	"Model_24"	"Model_25"	"Model_26"	"Model_27"	"Model_28"	"Model_29"	"Model_30"	"Model_31"	"Model_32"	"Model_33"	"Model_34"	"Model_35"	"Model_36"	"Model_37"	"Model_38"	"Model_39"	"Model_40"	"Model_41"	"Model_42"	"Model_43"	"Model_44"	"Model_45"	"Model_46"	"Model_47"	"Model_48"	"Model_49"	"Model_50"	"Model_51"	"Model_52"	"Model_53"	"Model_54"	"Model_55"	"Model_56"	"Model_57"	"Model_58"	"Model_59"	"Model_60"	"Model_61"	"Model_62"	"Model_63"	"Model_64"	"Model_65"	"Model_66"	"Model_67"	"Model_68"	"Model_69"	"Model_70"	"Model_71"	"Model_72"	"Model_73"	"Model_74"	"Model_75"	"Model_76"	"Model_77"	"Model_78"	"Model_79"	"Model_80"
"SRR11292125"	0.512355197520206	0.421764288330852	0.930935546365114	0.027000381687267	0.0603879683389667	0.418935091031484	0.00233833830185229	0.401187081079649	0.991627935565043	0.275691576794075	0.850798518811358	0.945605098215801	0.963646960482788	0.469231685352153	0.352104074286993	0.309796681948837	0.298519724174249	0.608820492516784	0.576752473037101	0.995391352756651	0.0217007407422384	0.717475387743521	0.026264764221091	0.99927073205647	0.338143410102636	0.99976704312162	0.605055809787981	0.0139836573145269	0.0586792763902117	0.910268121430289	0.031124264806274	0.973457988589559	0.674346840820584	0.596844778587334	0.998136545455578	0.175348011322206	0.473100385829687	0.257309960316876	0.277047370927252	0.770315184354459	0.978236568837178	0.251174189909633	0.939529478273845	0.159995487614146	0.00486307779666448	0.0765884304107166	0.608620251380921	0.0594894932418698	0.982494117300779	0.343562614443106	0.252493255598396	0.532836995521326	0.038384085028868	0.958421760013723	0.611220768756868	0.97819623474972	0.20368230032716	0.919674590961281	0.91142893662358	0.959364991740475	0.885440647338796	0.748672921790141	0.141829257838176	0.915308780097429	0.986239687786563	0.0297951870558182	0.997869815786978	0.962814121827541	0.0714176308521908	0.614325449177358	0.849302619151918	0.0444556405588458	0.452734481873336	0.758285349824292	0.00740154961732928	0.816587695422141	0.811282215819527	0.192313477599604	0.845888652902504	0.771396244599367
"SRR11292126"	1.18530180889734e-05	0.98945746987909	0.571629307954522	0.00171672177972244	0.31174971990367	0.00443116346638486	0.000104097637832086	0.0274559684347745	0.000268428861844731	0.0492292484943747	0.00115334350052601	0.071070731251291	0.00153522418607863	0.285261463120036	0.00935326062366252	0.000500349985263119	0.00323599299981386	0.0196703250849839	0.000695446698462335	0.300575066517175	3.01396855319852e-05	0.0016136752398414	0.0011916247486209	0.104051288153543	0.0386476702733514	0.0132117329775041	0.944884050179239	0.00121243157374091	0.0123512233941436	0.967883172128232	4.67988460267482e-05	0.175596235275081	0.00699838895315717	0.00228008613191134	0.000838907286850653	0.00503917879228385	9.7387394446102e-05	0.00531629387394025	0.213388326001107	1.42634709395903e-05	0.980585494778385	9.58767428228256e-06	0.00362865498046015	0.000539232228233357	4.05871143903299e-06	7.63595453776522e-05	0.171458919977802	0.055969998537147	0.929170580403745	0.101932767713619	0.0327986669630786	0.00652453457299708	6.35369799880362e-05	1.55745900136036e-06	0.00926943792252901	1.59746033738488e-07	0.000545739694452153	0.844970334540763	0.000928335496018931	0.00223479901506436	0.00184788580064198	0.000198219837606963	0.00868658715946718	7.87841239564737e-05	0.0395949496673296	0.391341690621519	0.0168438268137915	0.00359180105607857	0.0164677466380262	0.061668786727453	0.043488734337188	0.541659606895823	0.151112891989011	0.0348288386103676	0.000788769906123235	0.0344818196285237	0.424920521140276	0.000416383262125775	0.171883287625244	0.169979836430984
"SRR11292127"	0.0859442409392853	0.989435479867047	0.00224435842412026	0.00136785260044979	6.07678977913627e-05	2.08300653621346e-06	2.25189826864255e-05	6.32665039911248e-05	0.00305797418543235	0.000256190631791832	1.20481416188039e-05	0.000173829218292651	1.62052684862686e-05	0.00330806916786011	0.00356184646733666	0.000263715847713103	0.00171409687411708	0.000116885720762698	0.000422128735781671	0.00431759653452602	1.38833850222875e-06	0.000126839368778913	2.22772703740168e-05	0.00756731696926762	0.000807313236661049	9.49299844630348e-06	0.0006836285813559	9.66372289907442e-06	1.58450379821824e-05	0.00264372307336077	4.51337270576623e-09	0.485737353242554	0.00290585083820355	5.10993724903033e-06	1.12616538362026e-05	6.01496424886451e-05	0.00011852884099347	0.000254385167093342	9.9125028779829e-05	0.00112625023853576	0.0726106458549297	1.63137028951864e-05	0.00325759293727951	0.494213231876919	5.02191346590867e-08	0.0581880166861208	5.1495590163348e-06	3.92445208534241e-06	0.106921035425808	0.0338576450171902	0.00275223981727966	0.000191476895084952	7.63944669263616e-10	0.000606557979404117	0.00057803338329065	4.72707271841179e-07	0.0731882367452026	0.000647962044917269	0.00429155480635447	0.000163218268950998	0.000190359385018778	3.6938917764974e-09	0.00171430242706775	0.00012580089692067	0.000920380280243231	0.00287993244248218	0.000427398395822795	0.0193987422568798	0.00573503180423876	0.000250563528877159	0.00185317916098484	0.000221337576678594	0.646046911485514	0.000782112081578722	0.00151059073565073	0.171400518417855	0.0198158556306807	5.58202509324046e-08	0.00243243225781945	0.000268654632873817
"SRR11292131"	0.914131802593992	0.208666437882355	0.089533065006795	0.00013429562805381	0.00113183689465476	0.41467119337307	5.7315370139921e-05	0.00782497999948147	0.147413351929528	0.0143928792231893	7.4037218654353e-05	0.00865493855660978	0.000376615782986394	0.239043626055178	0.000263131223024328	0.000119391896801982	5.8796481323907e-07	0.00572096265356701	0.000125237087890092	0.0213353618709496	0.000436944031689648	0.000139841183599799	0.215620772073069	0.00448904865683598	0.761594219798329	0.0037177762681274	0.000333970503575483	0.000180407292207803	0.000262905997347258	0.0353255957984563	8.86364661999461e-05	0.000528681364938335	3.46969431517032e-06	3.06573421074996e-13	0.0718749301881844	0.826679675043433	0.01497741684876	0.0012337896589158	0.166034857389679	0.864692135708233	0.33240690876267	0.00132614076995454	0.0952917781866396	0.194814818974816	0.575560167814354	6.27525239340671e-10	0.158256137561098	0.00443552046712309	0.334277495495844	0.00048605035707283	0.00380965871355272	0.412084342064919	0.0281620474851955	0.00392686962923679	0.197892406223048	0.0139405563887779	0.958084723735496	0.0465376013960874	0.00328903431426034	0.000120206747146215	0.00168307869946511	0.0454177312702606	0.00748319924614408	0.055252578821236	1.08898698518489e-06	0.271080921273266	0.0224859079337608	5.98942222116668e-06	0.176162320831151	0.00249419481553573	0.396269887952033	0.137334701287451	0.00310886900705508	0.00196144296662726	0.000169348640679903	0.000663636961945159	0.535817298277514	0.0455491483102642	0.00732180631612408	0.0402967307487686
"SRR11292132"	0.00490046313484417	0.538239205781902	0.839606980230286	0.322814443990463	0.858252942398553	0.468331946619595	0.00679631160663311	0.152585769598913	0.990252392187756	0.821521267169062	0.908968780276098	0.998509939943989	0.9340511906557	0.901590018022562	0.627100075771931	0.655610140336245	0.00905415549098936	0.92314766406127	0.241392273391717	0.942369138469276	0.05216683432907	0.652555840288828	0.00887547824829082	0.999200736113289	0.0204346182887394	0.983399573703219	0.0508686698568569	0.153805198394727	0.0444137564925199	0.717068988894623	0.60038231182896	0.762076442552804	0.0111693720426946	0.48952866772275	0.984040838549386	0.860371453847652	0.22286491154304	0.146940057400932	0.318938559447354	0.676981987893062	0.978564774307235	0.0302480124898564	0.0599413095452645	0.022261040463085	0.0291386213447887	0.0151835448191927	0.956729375369536	0.184315107089101	0.0558005268449534	0.799259409519759	0.958192971952968	0.0590931783719607	0.76068604169197	0.961136035910689	0.528870956383708	0.391561224440179	0.133256202045904	0.995016894069368	0.998008675043056	0.868060703432644	0.995907884628974	0.965507763721608	0.888372413418441	0.00770933162557357	0.956614243140918	0.695782248557331	0.998326551890902	0.748003624516566	0.0279867667852067	0.558379400374691	0.0183140754439706	0.832326637701922	0.120399592908034	0.127797283550625	0.269347608632148	0.870303539061596	0.990921898769588	0.994749591179659	0.406850560220798	0.974081827096277
"SRR11292136"	0.924500654759976	0.999999132629897	0.998460992834507	0.406737183774502	0.0535286061543518	0.393484106982924	0.0691869296940768	0.245795286079685	0.988121042995114	0.611747008567566	0.0444080833604386	0.255362660831961	0.0780002027778319	0.87280985887609	0.254212039906441	0.284702048682098	0.466813095281435	0.99365776515487	0.0305421465653604	0.954817390349852	0.331758092521722	0.235914148864501	0.420989268207559	0.392919414826463	0.692749454139574	0.498002276690479	0.225404179858306	0.125961669099494	0.103494977784083	0.993818920131668	0.0608547047877917	0.889352671405605	0.795226321511026	0.687717815202401	0.549171461501584	0.744686472608615	0.633780627275765	0.558482777785653	0.807788272849727	0.921046146409181	0.996931564831239	0.919119041726416	0.91385818823194	0.167268316041685	0.988889730314592	0.229258260979965	0.691562783611475	0.382732493373312	0.999140147585976	0.980398413458907	0.912592211442153	0.965474258323429	0.36131166404016	0.450436318078256	0.90566393605541	0.908891360544196	0.971530860806604	0.956111936551827	0.931609235228419	0.474798999887992	0.609857619003011	0.965428788784216	0.957956046841206	0.613798321300949	0.990237135390054	0.952754310842673	0.964035496136557	0.848555568183779	0.655910501815541	0.340181568525926	0.912865250043899	0.928142636978042	0.641706599492604	0.684702647335609	0.0561430551959705	0.958557715268478	0.979162931841547	0.995738740412296	0.972291158376865	0.862677711936609
"SRR11292137"	0.0268179191932521	0.000462365227699539	0.000979251197230133	2.06222930085709e-06	1.52956151149067e-05	0.00122548198549858	2.1655122095066e-07	5.43657295389519e-05	0.000900096440570189	0.000128090515529502	3.31532315924137e-06	0.000475756851826958	0.00427842480539557	0.00549325086342728	9.05739822325407e-05	1.36111342401894e-05	3.69854423171008e-10	0.000700918326264437	2.5598598662115e-06	0.000571724020667234	2.48543733515916e-07	1.28210344968702e-05	0.000574451221088703	6.46086574395615e-06	0.0839396996382097	1.26338474812234e-06	6.89789200792392e-06	1.34194931292084e-07	7.21755965044323e-05	0.0349231953654057	2.71637214004059e-05	0.00222888704857345	2.52611484596273e-07	1.30433144123223e-14	5.64749848916925e-05	0.0667295644101725	0.00110822336692675	5.67200013996653e-06	8.79087901445368e-05	0.431983024019087	0.00213711702280533	8.91018671808439e-06	0.00444510255391037	0.125086646700371	0.000583745142399765	5.64633347680429e-10	0.00268865036910019	2.6788809744108e-06	0.160787026338222	2.09194524855187e-05	0.380374329237917	0.00363439433078476	8.28694083671274e-06	0.0933626951927669	0.0236420147434396	0.000171362037117448	0.764049328737765	0.00213998990373965	0.0228453917676545	7.39755155831068e-07	1.6359430149622e-05	0.000457634581215217	0.000182908620904191	0.00185659113655942	2.85665966144281e-08	0.0281316202763919	0.000804794620582988	2.68684185092937e-05	0.00496472986377305	1.31807335180116e-06	0.000199351561698044	0.000114186433112738	0.00219102651605911	2.48844338754277e-06	2.42238406684977e-05	0.000676036237240868	0.149845303654973	0.0127573598624976	0.00154271581612395	1.89146032344423e-05
"SRR11292138"	0.0024095164639197	0.106694390901997	0.466921014345746	0.0391790176779698	0.513178863284714	0.135767221972119	0.0166503832550584	0.0579656113356227	0.940095396729256	0.435029644973345	0.898649093482608	0.999501885099223	0.621850915328211	0.461465476612929	0.869365582334358	0.349833917615639	0.000767331997975117	0.954504634768193	0.239392269938501	0.875887486452459	0.0106031461627082	0.19520565422056	0.00553224305956702	0.998528471355717	0.00345264784763555	0.858750729323959	0.151297051924677	0.10776561381152	0.0307055894673678	0.328997538319366	0.435306407999396	0.722608414164816	0.000457802131068434	0.262455946593396	0.89805117983629	0.560924996722765	0.12966113420907	0.107149436511484	0.0253978687354386	0.368993719073069	0.73022509674866	0.00380090485215101	0.00329753510792086	0.00435309227730051	0.00174081004519208	0.00754842769425606	0.561673203341344	0.0328901724021999	0.0217171724757241	0.299384854659985	0.616261224568996	0.0310385539213183	0.400729814717672	0.93494016565765	0.0636545397118138	0.0344586064430228	0.0532872890936779	0.973220459979075	0.99833363582424	0.611447581705507	0.987281718076719	0.651189795195646	0.969250269610407	0.000473934349138315	0.639704431829675	0.22671631368176	0.988473638678877	0.396652039668009	0.00148947726732865	0.040452459760626	0.00150820745795344	0.531582719520364	0.0396124514661472	0.196100345611389	0.257749711408551	0.823974757854662	0.584742658345361	0.95768607084932	0.124567499248395	0.977323905181833
"SRR11292140"	0.00169499575251463	0.998369390007574	9.70050344743394e-05	0.0012513577435346	0.536901802434128	0.0245183533465399	0.000394762155979376	0.0623957911482598	0.00752498108174952	0.000314798918021918	0.021943186949432	0.988958179579286	0.33348212843529	0.00478795113891744	0.572016523140752	7.05662668194792e-06	0.0174899130806705	0.248750558106275	0.373708797247285	0.00511503900315415	0.0354455570255197	0.0428767675574	0.00149767282309873	0.0324669534900002	0.0140133918161217	0.339862760584298	0.493039248348801	0.000464092092911723	0.00517241372795234	0.0645016457248441	0.101253810808718	3.18942538722163e-05	0.00133352645006071	0.39036743153484	0.115726513041022	0.0223912901120165	0.0558143833569845	2.89505076488764e-06	0.181882099038612	0.92999568252314	0.0123657889969348	0.038417645007655	0.0961352970678686	0.0594352297113253	0.000194208605448369	0.0337877030103445	0.176961700773367	0.0917005479226154	0.737939821700778	0.167988081221699	0.0139462137936603	0.00185172973724767	0.0199058636948542	0.0449110123899171	0.0844668948113782	7.93854338812842e-05	0.667490475563849	0.0702889168633332	0.447065299020007	0.00593439654707632	0.0984158479307613	0.50731204232129	0.0496112773903453	0.000180267163535634	0.31337994279471	0.0265989066628015	0.00963359740939655	0.767899732839212	6.69652326007074e-05	0.0213232117678036	0.00642419902097752	0.000202853321638224	0.674385579612108	0.432862254609803	0.0682338649063297	0.00528960758101846	0.504631251345563	0.225816195253052	0.267820060769832	0.833070933289983
"SRR11292141"	0.906712086703353	0.119763777846732	0.859928775780545	0.720111553191702	0.235604374952058	0.0767761040884774	0.945930854956581	0.54500213358625	0.0383734990613997	0.107058517866844	0.929148734192322	0.276158815294104	0.341219729619605	0.935904238500265	0.350739083071128	0.854867283933531	0.216431828348411	0.311685560252883	0.55920315747977	0.77533733242292	0.132957948543112	0.722918154821816	0.731413681490146	0.703079800428133	0.848217938278337	0.896283178284291	0.52068830645102	0.596338088682385	0.154037691163777	0.58251156678016	0.0989489543794548	0.944636245434759	0.843636237171388	0.00664970924200433	0.488790018119778	0.486295078721502	0.143965110098002	0.899692255666774	0.57909347896869	0.89884387106245	0.573568904680665	0.178386708599057	0.69774956982279	0.990366540112521	0.468822232704764	0.0238657632935375	0.511450979295581	0.761712864052166	0.263237904007562	0.035909575485794	0.92712145691198	0.449508514235895	0.161170165348307	0.378988837112645	0.816978012230654	0.0117778546124871	0.997384663060461	0.374120972863559	0.60189901409494	0.313925495226369	0.748535867047893	0.845113303508704	0.520074573606107	0.522037877518466	0.182690455556707	0.444094646403708	0.967177678593806	0.402236090088567	0.984130484750701	0.948185349502445	0.289222135653189	0.915962609270575	0.525521602983813	0.127024854564568	0.227748614858629	0.765498357454067	0.37210657447887	0.35066895046426	0.871718172749967	0.721252005380012
"SRR11292142"	1.93215108288875e-06	1.31862454762197e-06	2.39752708460503e-07	3.34173022346239e-06	7.27415481677503e-05	3.61813166492829e-06	4.52848327969469e-05	2.35422147408223e-05	0.00011063296751117	0.000648130529138103	9.51977819187685e-05	0.0194519209196224	0.0155530212177474	1.10920346171695e-05	0.0119049979039293	0.000155454884525411	2.08026355193925e-05	0.00134021102516791	3.58527462524307e-05	7.75631753589612e-05	7.36937691902904e-05	0.0556283442317359	1.03400960787018e-07	0.703383268397584	2.50811924078542e-06	0.112590996590401	0.00190071095011721	7.43253931595472e-07	0.00056645889811658	0.000415497651538974	3.0819661544746e-07	0.00166907756622159	0.00252361951075979	1.74217071403937e-06	0.00353760625200725	7.2010885937954e-07	0.000133180815811063	0.000119746151103148	0.00115039286956035	0.000611050428248487	9.212361953438e-06	7.33957865074301e-05	0.000516196305368764	6.29472923487968e-06	0.000484788298931718	1.34642623072093e-05	0.00271205793291578	6.49744599800092e-05	0.000657468543202248	2.16834913632344e-05	0.0225917771253983	6.27798960781983e-08	7.55654701590853e-07	0.00141829130295034	0.00951991293166261	6.92635476882605e-05	3.0054837502628e-08	0.0011756137783356	1.24306763348993e-05	0.000205810659572268	0.00795507485851774	0.000169798019390574	1.28607415876554e-06	0.00212015429586637	5.36407472610379e-06	3.205563357174e-05	0.00177588334319317	0.00226536005437544	2.19963467117062e-05	0.000115331981527485	2.58873169573768e-05	1.88238793473799e-06	5.92687481704002e-05	2.89321287608761e-06	6.42376816261203e-09	5.38058086541924e-05	1.50987360749542e-05	6.1886088489537e-05	0.00363200900679232	2.36435995886843e-05
"SRR11292143"	0.206012585706064	0.998660078452637	0.993658964010044	0.374009857116585	0.786737685718349	0.0871366538666974	0.0344535012941009	0.884307426236296	0.590959129340762	0.816103476632667	0.0108670520662399	0.936285386406951	0.289199585664315	0.676829238077877	0.354950023881732	0.152670677628246	0.858834603324676	0.79202556943931	0.511620868671908	0.900521979515134	0.0766363995294847	0.0963800374698211	0.452439608076514	0.983644949032458	0.763761896822166	0.41238980842942	0.96390160382102	0.52652787494278	0.406155798194704	0.999309764413106	0.00214625488181034	0.996560448929608	0.646048128593934	0.434263811299551	0.222270553287187	0.612086394955958	0.187979184771631	0.856639560822104	0.948228868498415	0.0838849059606661	0.998752223738258	0.349768417372926	0.613368567642888	0.481646988231461	0.0101150098351218	0.431481803328974	0.255415130340118	0.843510215772197	0.987149691335304	0.759846156610219	0.406231343522156	0.494832867855092	0.0023646285037236	0.00276844720424616	0.220638641876991	0.0121267825469539	0.220806561005011	0.955121168948896	0.775467537668123	0.460027882475412	0.581417603855388	0.000450289280185892	0.960680673671982	0.144945041166206	0.939840156357248	0.790408920530514	0.470915471360914	0.782602539459997	0.539110975465825	0.706595296516545	0.856337364030717	0.923981588646251	0.801920601894431	0.871810466656769	0.714138852853192	0.909908978978116	0.708548713265516	0.000395663618972924	0.948080773314437	0.964538146011185
"SRR11292144"	5.88542183816992e-06	0.994115996842866	0.906143586663893	0.00514818837630589	0.147887607845525	0.00363598466112258	0.000519211077704958	0.0206766288189239	0.000571985813608745	0.0764624604492912	0.000128050079387466	0.70757522909095	0.00753530843374011	0.261053177359059	0.00592322268569537	0.0149479676203151	0.00200105622156926	0.680727173008535	0.00012296765515634	0.204304432417545	0.000122823010460065	0.00322954263806469	0.00455593459090329	0.0173181544686513	0.115670065253014	0.000523812211935944	0.167606541232358	0.0225748011682737	0.00645134190200927	0.765140653957885	0.0066069001851383	0.0376852832932738	0.012936698631309	0.00185460261472973	0.00112531952785532	0.00302325929815722	0.00154840993842242	0.00112065077011513	0.322490357116069	0.000120159528787796	0.990249382511476	0.0083554632413321	0.00792625081108414	0.000205526340387584	0.112526376395635	2.41874185255605e-05	0.0663094242725103	0.0036394831705625	0.978779728762391	0.117735146567955	0.0438720750198297	0.0736592523838959	0.0554985195307194	0.000181996399264261	0.00783517306114185	4.71996144048687e-06	0.00267025006430575	0.413922866650792	0.0330494111581992	0.000173724861505208	0.00629580437811973	0.0466062249001228	0.0235196218880251	0.0006786455156032	0.213775037361211	0.828223136955499	0.142571285896051	0.0638468008384653	0.0137513663059268	0.0399930300538618	0.179203465155913	0.0631007132830844	0.00784895838566685	0.107003432661724	0.0145935380711732	0.175936112815138	0.52839975635897	0.125276067058146	0.262030744461701	0.172472463804554
"SRR11292145"	0.625642338710906	0.690182731428032	0.999678737252135	0.810965943195041	0.0678628423424152	0.392499197629595	0.855470472397872	0.389804787930998	0.834048124196353	0.892136853060093	0.6061756222603	0.383754162266845	0.471286041554157	0.994962389128579	0.862280156036118	0.405364595689824	0.713365632154406	0.9944128957878	0.7016508827844	0.949259216066085	0.336877004728005	0.671274333234189	0.0150980736025393	0.9071490246235	0.93555003692616	0.300725101651412	0.316600376633991	0.631241748963356	0.0894524791676862	0.988464320621739	0.135585622677673	0.997981336500059	0.883196620569371	0.0213719541810319	0.811447570968508	0.415848645815771	0.978747792924036	0.667517541288158	0.5093711949466	0.990475611638225	0.938267394323604	0.849978187177073	0.952227850641515	0.485293510252784	0.728271463349258	0.390193815514534	0.883234047235001	0.966555776631982	0.955491941117806	0.997364669269258	0.997822883221694	0.960387600872106	0.277633835895525	0.964081319882076	0.986198108608641	0.949914878782166	0.880315746408594	0.868538817252896	0.997289088515792	0.877405600459278	0.588981760361472	0.989518238645928	0.993598556653339	0.207587494503497	0.953048284004746	0.997542384592361	0.989237063297996	0.852289655367945	0.222586799048128	0.404777610169033	0.969052408496764	0.969533427635346	0.819669711833514	0.629630644980887	0.347372211132975	0.978368657362304	0.939543272941424	0.996729586429795	0.965489471457782	0.67559204761645
"SRR11292146"	0.956463556033755	0.383495874957979	0.985845359078736	0.0057685366042693	0.000992487174148365	0.0450831104259938	0.00842398879461435	0.050358267693835	0.880236496942466	0.246961660523473	0.00424707546506111	0.0265866638266772	0.010818612793324	0.681165623077715	0.165737778690334	0.00332666983332738	0.117492681154808	0.285108554927725	0.0247101941227973	0.261012948573708	0.0149503266935334	0.00608121075093428	0.757194390593295	0.106698938915033	0.348378362074784	0.465597797595939	0.114952544990517	0.0370658967408118	0.0761805171821928	0.284337727623105	0.00100078421670077	0.283427898809216	0.733604313692861	0.0825710115424449	0.438388681945148	0.0811105099491926	0.704691396225657	0.127539343070758	0.419343503457189	0.522873036888839	0.153912617116835	0.468685064531332	0.87857474375386	0.882471229967353	0.87556261506341	0.115756730884118	0.48412371374354	0.0370820071078593	0.586871641197578	0.915410935412842	0.814743727197817	0.704679061122175	0.0227045819112596	0.15058413392393	0.943656556854546	0.476253991811777	0.260754996478298	0.85987349287796	0.494213521261403	0.126612527476338	0.103179114386322	0.783104157236853	0.379012959581191	0.223949358993523	0.347847374512014	0.94726321191402	0.894580244089771	0.262048770140856	0.74236199172435	0.190093377615172	0.644563780249128	0.719022693665488	0.0188322653980512	0.00908391386936221	0.0114202084754525	0.470494669281833	0.0858391417811215	0.711883774553461	0.454154336884311	0.0165047378222665
"SRR11292147"	0.131468011544685	0.998993326599209	0.897897271673881	0.180546312022051	0.70318551202669	0.810457858934306	0.820625616558826	0.348109501696393	0.703225587328133	0.703374004397832	0.022334953752818	0.384232994763472	0.691201011815587	0.607241108231225	0.434017653079394	0.27247420457506	0.788112110596275	0.305489910269258	0.858630333200072	0.082112142128885	0.914640625254259	0.347935095162174	0.109323395884065	0.654374554837492	0.777405944414085	0.525401077690006	0.36460505673273	0.461006671304682	0.35901105968794	0.597284954994322	0.665384422685471	0.741637648595008	0.262155330069479	0.00875341313128383	0.343996137908697	0.817305368636513	0.326465210493478	0.149095103941742	0.927071122680241	0.138358065170892	0.967215955647512	0.823597768410877	0.500545660372414	0.4889216059643	0.957134152793445	0.968478536828367	0.898752337711293	0.246691040678358	0.884880072870775	0.885574493469471	0.887230845111081	0.619277897812683	0.76476972932719	0.494695635655608	0.908340762449784	0.0420500758169968	0.461710911583038	0.284086451853129	0.0480281334669301	0.0421308691876027	0.0258253701073607	0.966193648848047	0.726148203039769	0.948643125417536	0.291187624164478	0.928917772353909	0.346472761791637	0.98271797019587	0.134155529189131	0.31133686644437	0.520233782733857	0.914621336838276	0.962879671589697	0.366104098460487	0.652566270928506	0.0525186556611601	0.599817942817844	0.873427100469603	0.464901961974272	0.976775085938616
"SRR11292148"	0.813865862525026	0.970329373593803	0.998419200753355	0.956304567456246	0.942002434785707	0.911673583337454	0.96174862129933	0.631922623418739	0.928635003889986	0.940175640092574	0.900897187218454	0.644711728028058	0.874922845656038	0.99333676351559	0.473653507764896	0.964390129466979	0.932813396085765	0.958817252932538	0.71395230456357	0.929231623031964	0.98254891245221	0.992204158356639	0.749305699987971	0.914593798338054	0.4981931048342	0.996942361737608	0.847263079850247	0.927211810985814	0.678522812940237	0.99865379691328	0.486682182338564	0.99586482609241	0.987648752337681	0.015642246544984	0.925063243980074	0.957846593300688	0.922715244025364	0.997961394984857	0.990003496249346	0.969377418686036	0.959335448032608	0.840767990380146	0.982322202289695	0.999489591658325	0.993623406715468	0.57802526360601	0.973519583143817	0.990077400980148	0.956138931151507	0.639371362736747	0.972024923593103	0.997363532589466	0.763703746277645	0.85833266671373	0.977869353225526	0.612827788508736	0.998523757750581	0.908654440059648	0.975932720033298	0.554879319348749	0.91520696932931	0.999343738414271	0.823198889103175	0.984909768956698	0.992222230056768	0.928759060713805	0.997744333597195	0.624671348269067	0.928434527716565	0.996001302526865	0.945521583685639	0.99761785886541	0.832980924710852	0.347934065196381	0.364575108210202	0.969115636616939	0.972916082943329	0.998561496966692	0.933357773631181	0.999611538800788
"SRR11292129"	0.997247438587368	0.999229315948682	0.99990918773336	0.999109457748154	0.997925492635035	0.997639879246924	0.999648033014201	0.994237972952279	0.999668183782868	0.995023185741921	0.997793320692484	0.998353799189113	0.999886614786799	0.999884377379227	0.991955512720564	0.981820757474966	0.998242931099236	0.998371319315918	0.996441308781585	0.998921990261014	0.997260361589094	0.985350390131465	0.99612566522332	0.983408849124109	0.999633462059438	0.999689927067979	0.998677798203231	0.999492662402958	0.997354174891455	0.998635175866024	0.983827583758627	0.999190850669694	0.997168038611554	0.983099066465569	0.997568171641099	0.999718219224132	0.998598055263136	0.998400614105367	0.999935285014366	0.999339679764658	0.999840665809481	0.999641163917765	0.998452397561251	0.999738052467262	0.997660355735276	0.999763064787412	0.998703005910894	0.999898954813517	0.992190289499072	0.9881083484542	0.998666021301109	0.999441996110665	0.995521432118856	0.994662829018168	0.997481315260926	0.994908275890634	0.99916901862949	0.987579782627238	0.998034664225647	0.998394359056567	0.995821759204958	0.998264575397618	0.96953135909495	0.999330075235827	0.999970643792876	0.999783797304045	0.998443846281438	0.992814657797264	0.996187543841648	0.998324399911567	0.998757234797828	0.999502337191772	0.998785911129189	0.99477479336211	0.991057186603803	0.986484802004712	0.999609097508371	0.999456904947709	0.99971991856941	0.999131102687068
"SRR11292130"	0.998535657155738	0.999999999825568	0.543222521336145	0.620892364304458	0.806016876386595	0.169615609909825	0.695953501986623	0.631834598820555	0.354965654354011	0.527604562460169	0.0159689255616934	0.233238986469462	0.986693950558207	0.885234996146397	0.824117989826575	0.000335742317880732	0.321440026104468	0.722825760550017	0.950469728129711	0.314772829898107	0.720324556136793	0.679202121761823	0.187226854208148	0.306816835189955	0.135059076195352	0.961273145083874	0.982092815237701	0.0902999080230942	0.509084525768172	0.581580454973443	0.190933660825785	0.947846962320318	0.0871435334447781	0.983567797489619	0.415041254635849	0.954776111622459	0.820890084893537	0.102639119379143	0.865906144393408	0.93973773591461	0.810849282323974	0.468551214725441	0.86669050745808	0.782132136252926	0.297736046377239	0.874220052301475	0.528643882724788	0.544377156268707	0.990149191576389	0.43384690299978	0.961233983822132	0.69197751507922	0.140859669130632	0.122082179881204	0.751807615781177	0.297043430192317	0.999051318785072	0.159980167027038	0.701006939460441	0.604962992310789	0.511462099995074	0.845487565954185	0.392782765425405	0.0641634336080027	0.895018184643485	0.588954271095392	0.697202565934352	0.995597325197108	0.89585853814631	0.879936047125008	0.608744531082759	0.062385564614737	0.999702849480267	0.893595463070974	0.539536331542872	0.203027300831729	0.360664413669417	0.724339113424994	0.410519061267621	0.992199327582701
"SRR11292133"	0.310701553771799	0.999965248643691	0.938258638497767	0.335854307974134	0.961280441576993	0.0977657810047103	0.0140286775915111	0.103577648901271	0.983700375996084	0.00345565161355643	0.352640782259595	0.6442531381885	0.98765318938904	0.517544215905952	0.0629117518779703	0.0342033984540412	0.104529911486973	0.137852480922571	0.456092185738656	0.709615169660265	0.0750814587546623	0.24523401432326	0.0326173039143148	0.246747399119116	0.749466481505671	0.97321682083341	0.978800178610276	0.0438096280532817	0.0190353732701856	0.994085265578769	0.000663394357233518	0.921495265092638	0.355652915435898	0.465914980362205	0.795111663321141	0.00704925269527421	0.813823748042023	0.0676052405595384	0.519768941843737	0.978704259645167	0.982128237619947	0.0302242076202194	0.921540168570103	0.961215988619678	0.000221468233552439	0.979711835291644	0.0101858047515163	0.54069656515219	0.97691187185571	0.224824842421073	0.894328397472471	0.290355816685822	5.70821456131356e-05	0.71762132906796	0.5443541430844	0.0561084409145027	0.993346681013818	0.185778636578496	0.891756027004603	0.17448606831122	0.445295383664773	0.000718913478367885	0.0609112664133371	0.742586647135236	0.58630956540642	0.345451784574895	0.948370801354477	0.988913485047745	0.0383032085671756	0.700551104809306	0.643333329928365	0.100617380679554	0.999543882080885	0.68866263958369	0.658555167959046	0.848293582523737	0.982899139450814	0.00206665662564319	0.835286603795745	0.887196457056464
"SRR11292134"	0.878685314563071	0.984555649902443	0.994337880449516	0.882066805517924	0.0593898137385105	0.437320104965093	0.23381237147446	0.309715896207621	0.968648747813306	0.708916050848863	0.0564874857962494	0.941041597973751	0.411250832663853	0.885565323389717	0.692686045103798	0.929674866728677	0.938067963959604	0.990923132210828	0.284084184224521	0.925413533596959	0.612775711304248	0.469789677313277	0.790299813236686	0.659322844610234	0.46423868782595	0.123323906384528	0.88696976564093	0.798667063883254	0.869545585191074	0.982489695456388	0.284747566931808	0.478717357036363	0.688177168729559	0.882006708584233	0.180620762731926	0.200467865031356	0.790992707302898	0.712529554998689	0.483002526919869	0.989730335559596	0.987775124023599	0.992719450303656	0.946360815439446	0.866833325010733	0.982725062691212	0.194534733366611	0.230302395673875	0.502301636213002	0.949784218483794	0.964609481422352	0.399351622698869	0.878660501143396	0.512858185226398	0.918883763582551	0.898475552314905	0.986234997714235	0.862640485515479	0.869648670629468	0.975647146926039	0.49301086430734	0.436698941014884	0.954627279520716	0.885058820588132	0.783853302914617	0.977314021611353	0.580696316860352	0.984945618205198	0.996236064580525	0.556009169828323	0.776903603103425	0.963517122942013	0.815116406863421	0.0722563352122548	0.186528430389854	0.407029274028766	0.993531988767482	0.999804432196602	0.987499962141773	0.873438856916851	0.0855593353258725
"SRR11292135"	0.000579615678240837	0.0012386584143478	0.957680246469515	0.0436942488974194	0.0750030379648552	0.000149015732022038	0.00128258434061058	0.00551334814202818	0.00198067193506222	0.0229673399730613	0.0178969405849758	0.385424355589337	0.742466545650512	0.0931704771090838	0.503662063291088	0.00686514755750674	0.00563599871071005	0.648564567797142	0.00315377705686917	0.282714676022577	0.000449618304262546	0.02817254287698	0.00176586263698086	0.00354845637134222	0.247233416466209	0.00112639852921805	0.0143354668083771	0.00287629306432466	0.00164978482684679	0.929622934025497	0.300938355542925	0.000186194383955941	0.00203546909340643	0.559197024322189	0.00116749299828771	0.0150131719777776	0.0277288648749854	0.00070627131000072	0.0572737028716176	0.159415543574841	0.409272858456664	0.990669681971794	0.0334105554832164	0.00178474499377472	0.838865458101479	0.0042191848802745	0.0477213922807846	0.000118439169087687	0.0834958540338601	0.164279644947438	0.92503882201789	0.0852235859201934	0.00469738594997316	0.992408420749858	0.583726623647379	0.0989262462420258	0.00571694371030484	0.866782424284998	0.908608350303528	0.000898293379721306	0.0654801770491186	0.599180258930702	0.129244599889171	0.00131457287677418	0.0881456533135094	0.520454475846282	0.989771332798032	0.959077784007938	0.0289187745249085	0.0153634428060009	0.00597309075255748	0.0365352656718714	0.00171587432707147	0.0152201192940269	0.0184589609891492	0.68669107202892	0.983492198659817	0.957607125714438	0.436575306730657	0.00307260540900829
