"Model_1"	"Model_2"	"Model_3"	"Model_4"	"Model_5"	"Model_6"	"Model_7"	"Model_8"	"Model_9"	"Model_10"	"Model_11"	"Model_12"	"Model_13"	"Model_14"	"Model_15"	"Model_16"	"Model_17"	"Model_18"	"Model_19"	"Model_20"	"Model_21"	"Model_22"	"Model_23"	"Model_24"	"Model_25"	"Model_26"	"Model_27"	"Model_28"	"Model_29"	"Model_30"	"Model_31"	"Model_32"	"Model_33"	"Model_34"	"Model_35"	"Model_36"	"Model_37"	"Model_38"	"Model_39"	"Model_40"	"Model_41"	"Model_42"	"Model_43"	"Model_44"	"Model_45"	"Model_46"	"Model_47"	"Model_48"	"Model_49"	"Model_50"	"Model_51"	"Model_52"	"Model_53"	"Model_54"	"Model_55"	"Model_56"	"Model_57"	"Model_58"	"Model_59"	"Model_60"	"Model_61"	"Model_62"	"Model_63"	"Model_64"	"Model_65"	"Model_66"	"Model_67"	"Model_68"	"Model_69"	"Model_70"	"Model_71"	"Model_72"	"Model_73"	"Model_74"	"Model_75"	"Model_76"	"Model_77"	"Model_78"	"Model_79"	"Model_80"
"SRR39238494"	1.41751146292082e-05	0.0263602070648071	9.01946482418989e-06	0.0074067737135614	0.000161014030178973	0.000289884807223241	0.000182326392367148	3.80593281558618e-06	0.00230080808639105	0.0882868176159936	5.04338523695453e-05	3.09393058099241e-07	0.0123126396052206	3.49508481697223e-11	0.605869515389398	0.00287975991157595	0.157340504882313	4.83860867848162e-06	0.924844506559568	0.00493114484403506	0.0163075672305482	4.94972207575598e-06	0.000695658838773782	0.00702915193932153	0.642464976708216	0.615006824885026	6.51424464156242e-06	0.104422669875097	0.97582621972351	0.994344390317057	0.0306590262160796	0.928808975291714	0.151176545243198	0.030440715541884	0.00285336591902701	0.000512430481808762	0.339628896276638	0.994277593672007	0.0138748258696977	0.000103843921563022	0.999869217979107	0.957610164806842	0.885622652724636	0.332751067107931	9.80052463221459e-06	0.000202541844908247	0.363602032634685	0.33962098595205	0.838651070950726	1.44148099247782e-05	0.999915246751481	1.77067299669863e-05	0.89705446860059	0.0364585163318235	0.0340357370066644	0.143258097232343	0.000291787098736102	0.97468546770959	6.70519228167288e-05	0.603250313374953	0.000382422180522464	3.29707473996775e-05	0.000137767874193675	0.450354407718235	8.32771833093168e-08	0.10240906644119	0.000114895285320291	0.000400229629866694	2.69941915187633e-05	0.201923695363443	1.2095746384963e-06	0.349656620798702	0.0389316514482625	0.000885356324255171	0.0239255977211604	0.111694122499817	0.974292186502586	0.0924166832546998	0.84628838547738	0.00055594002870557
"SRR39238509"	0.754094069284033	0.994869283803214	0.995346287294752	0.914384537283894	0.992954744502439	0.903526710895342	0.99883551016936	0.957910743762668	0.635051668233484	0.751191638589933	0.0925721106756564	0.261364705568498	0.947713297803028	0.173203774811444	0.908042588809004	0.95049339714131	0.994664564776909	0.826010626914037	0.992474440249717	0.999418194405405	0.997784070720502	0.987355818414545	0.408396512187017	0.987529394437871	0.999999911145341	0.995563552983128	0.0838132562004453	0.817452621845584	0.995185695451939	0.999997981109794	0.996060600150151	0.999771886487378	0.678242666417703	0.999044325441203	0.944247499563238	0.546665619031601	0.998907941565074	0.99999365257061	0.998359204414524	0.889211295743389	0.999985855163376	0.999950457278723	0.999776499899118	0.811046277236576	0.990981184753213	0.208814161387228	0.996499798559905	0.952556574841345	0.999975425425967	0.809175907416468	0.965347062438292	0.999833489589754	0.99998549027758	0.972023862246893	0.721215331912028	0.999980995238359	0.0498999122363864	0.997991269318969	0.978395127358684	0.997443830103895	0.967165640914055	0.881445460204286	0.929319912823993	0.994975125518041	0.760820773848197	0.976289713823473	0.997784730660559	0.999555573931798	0.242410940519889	0.999171664009388	0.666306349556453	0.991868672739687	0.914552997514422	0.999825028211887	0.887236046699872	0.998447389623408	0.999654023480526	0.993213268963174	0.991950037024937	0.999993810353843
"SRR39238493"	4.4519127000474e-05	0.00152950311932365	2.96104556522487e-06	0.000326257877539779	0.0771815232284075	0.00307286442194579	3.60398158071639e-05	0.000117138658137043	1.49853041182146e-06	0.06349005963696	1.95030933640208e-05	0.000102258115002301	0.936595545528762	2.03272802697011e-09	0.610960741169525	0.000778140134097804	0.168375139249041	0.0892780875612914	0.044418445908627	0.985790436266199	3.34251137766822e-05	0.0378557066898356	1.00794167436539e-07	0.000813774404444887	0.923280706232423	1.43111371993195e-05	0.00109465302065391	2.91121306452613e-05	0.0383423924001059	0.0347227719177015	0.096665265934588	0.00183013193441878	0.00156169466065531	0.00986942137620401	0.00147413375564118	2.42974709244889e-05	0.344111312935364	0.924635179968771	0.000263480325910839	0.0876104010153729	0.000267078301068637	0.823749274190171	0.994066724449702	0.96082562594137	0.000109106407038527	0.0163213877409217	0.398009662655747	0.000291920371848073	0.999964560617199	0.0319360090244507	0.992490794883381	0.0209673881727814	0.752877442131406	0.0726744541780678	0.00219327708982321	0.808077033732742	0.000719691530620916	4.97016653227181e-06	0.0962833333387062	4.82522122195084e-05	3.73084035491469e-06	0.0269350053664096	4.55527628708702e-06	0.268305254780505	1.28026864387426e-06	0.319075129585217	0.055348852757383	0.657194249197274	2.80719677331478e-05	0.00108622747557961	0.000121995237495338	1.69993015596817e-05	0.00145044651140413	0.000548871323762823	0.00254439345515334	0.138810611739839	0.75437163721281	0.420936945779764	0.985919234770975	0.987119486043374
"SRR39238551"	0.000456466884764648	2.3167233503126e-05	0.00061666708788293	0.122286918677909	0.21895440373512	0.0134641770764034	0.00958941642516499	0.0230844588904922	0.978651451256058	0.643652665569243	2.59205031355423e-05	0.990924594376474	0.344670314048008	1.2879489582524e-05	0.00611599031154906	0.00105136962971939	0.693086786150855	9.65535625576815e-05	0.0806318455978196	0.154288978519462	0.0268804349905794	0.0146637820445264	0.00298794121666411	0.996193746844849	0.856290934555366	0.49955801344961	0.00666868783412713	0.404230280264647	0.451543458507466	0.192962913473368	0.0228401036575872	0.0571760542454309	0.0957422764561374	0.0631997334269064	0.992941398599625	0.155593601133726	0.0618703698887589	0.999975421214857	0.000836845311250676	0.408206461982511	0.409064030634271	0.267541801412797	0.994804197766409	0.9288133263528	0.00177002232243198	0.000285699578280185	0.0591989375123244	0.117326530168725	0.307797258323801	0.0133993945115958	0.904740894984047	0.000502837007469339	0.138576135568572	0.000451146016838248	0.0224562081892124	0.409797253030459	0.000632817375346468	0.052071755856471	0.0679998792601717	0.0324570063120528	0.994707705588883	5.31319234792677e-07	0.0322541301422586	0.676891329960917	6.13584199877543e-06	0.151731424044343	0.48676035784584	0.0721050758435701	0.000916386290352801	0.216325323786001	0.243387405018087	0.346602616968264	0.00295192652484764	0.256241172571038	0.913993666795649	0.0471080182079459	0.754841287647607	2.0717892021076e-06	0.556679838431398	0.201163088991244
"SRR39238476"	4.62320256951639e-06	8.48885331806194e-08	7.98101448778573e-07	7.98818974027436e-07	2.00128970748394e-06	3.99115730679021e-07	2.81694625676564e-08	4.48805574063878e-05	5.13954777055403e-07	1.20189395480474e-05	5.81736732425163e-07	1.02240085775858e-05	0.000136051922848569	2.97770666178587e-08	0.00413473959755523	1.61262783560156e-07	2.72251560238802e-07	1.40756230058593e-06	0.000120050206950531	0.00263121497039792	4.00394633252558e-09	6.34798063812185e-08	1.13918032467072e-06	0.000197905164498321	0.00617647152072096	9.61209108035726e-05	2.43419481316786e-07	5.32107728109895e-09	9.3786530904286e-05	8.97773667949716e-08	5.9790679719712e-08	0.000494122761304616	0.000311068026691908	2.97135116798879e-08	0.000421969978273993	1.84403870007497e-06	0.00766097123919188	0.775132443858369	1.27557148350605e-07	0.00221658581919215	3.98926390259857e-06	0.0165148505477188	0.759250903280775	0.000420951782765635	7.02737336089436e-09	4.56609394776554e-09	8.12859072553637e-06	7.0271742817957e-07	0.00677978363088264	3.07207565768766e-09	0.0019947520477675	5.93100204369546e-06	7.75352691572531e-07	0.000112130783558325	2.39058937250521e-05	2.57918279433929e-06	4.9042501778407e-08	1.181788765803e-06	0.000341301856124319	5.10828667336131e-05	2.49357071274098e-05	2.41810750061879e-11	1.30496860762598e-08	0.0041430072064148	3.18504080727283e-09	1.79012596019015e-05	0.00327638517274644	1.06720631578668e-05	0.000300371610202081	3.30691279804463e-07	3.949028473888e-07	6.70013272871831e-05	3.12457812977966e-06	3.59521305927343e-07	8.66491301685112e-08	3.07692515289378e-05	0.00260870014732009	6.49542283165443e-08	0.000201468326329699	3.4247828091942e-05
"SRR39238475"	0.145024991401493	0.00458939598131459	8.17944787339411e-05	0.0292296363119896	0.319535290965384	0.0056068947918389	0.467531019324412	0.242056103873813	0.00512761166857384	0.510310122764605	0.857564505491441	0.989549708218863	0.995079411574137	4.19268985837549e-06	0.7141818369674	0.49122815313281	0.0275064650514923	0.17022278493447	0.709402650617527	0.00263762858731498	2.07964340060131e-06	0.00622584073667477	0.000844929864201393	0.999885961592601	0.386596322674154	0.0174313969882024	0.800656425491172	0.00994959233265563	0.321082580724919	0.411902756912777	0.0188002342107003	0.986049438823927	0.0760422265309332	0.940452034997823	0.0421022431995312	0.0535945466850921	0.996344462922594	0.999902537290345	5.56783706894907e-05	0.996032442946911	0.187554234037731	0.981849562779087	0.999834008733259	0.998138941139132	3.70579535958504e-06	0.0529279526806956	0.00178128603497628	0.0460387772056905	0.971279853295458	0.00015254862328227	0.5991318634441	0.000560297700915874	9.05739257346462e-05	0.243823253092894	0.758337019281855	0.227510303969359	0.782406818856572	0.000526540509970771	0.997173231363606	0.635477421828282	0.146785108456441	0.000157165656076395	0.0108218817895294	0.995734002330617	0.193236053309907	0.0039573710651432	0.532901709561429	0.0452989960372768	0.0287028508298663	0.0404405130814437	0.107808119208318	0.397940775850827	0.898262102025007	0.0135032177583695	0.819948187285748	0.199358659055016	0.940925061068365	0.000812670843240441	0.582123964884858	0.987946661875263
"SRR39238550"	0.0406501125151892	0.0257439145431489	0.0156612871526578	0.107446862599613	0.865181704246514	0.0904140608617945	0.792037710184505	0.217796262364683	0.0346191058349878	0.616930577509196	0.587472184928339	0.577871426182576	0.993825994183672	0.0171383306669783	0.805425752743795	0.376064675722443	0.0907127906096097	0.352134447877392	0.594356546377554	0.13737341870095	0.000382971705762208	0.0129243319663315	0.00301366158499952	0.966022303642531	0.99522309984769	0.0126992479666889	0.640555403276035	0.0168451063440033	0.420772285751337	0.16167444023174	0.354171536467663	0.880341063591271	0.413467698652593	0.446329735529884	0.262216140867262	0.321202959737194	0.97255206047766	0.999786376607023	0.00222672219680165	0.992285601669763	0.631669580496688	0.981398917001803	0.998483275198186	0.958311486988424	0.0794881535470549	0.523576968395096	0.329233529659215	0.0145107165124448	0.9882643093899	0.0509590257454093	0.946126733820864	0.217120513024956	0.511740538459789	0.353397587480427	0.554204080032966	0.833032902735594	0.102597916167261	0.00425276724000875	0.990795684978894	0.361175858068721	0.0999655798340437	0.305010273774317	0.062826382290203	0.981081176376263	0.0732435297178456	0.4853324362487	0.881965942657244	0.176933075672347	0.412282517442631	0.164201396728521	0.208463607663914	0.774555667775646	0.522564442044658	0.18917322125722	0.902420316870742	0.026860299527658	0.960855855540055	0.783912447022354	0.585091010157017	0.956540815484275
"SRR39238474"	0.00285515253302336	0.00047246911822522	0.0261405598753086	0.110895150721258	0.58800970964905	0.00896858427512282	0.00374070221175851	0.0623895770402937	0.48377347079218	0.00475426613327051	0.00271429583264517	0.950527178767404	0.609271096042399	0.000210335793966521	0.0891931701651224	0.00679367358381646	0.0645080094390998	0.000416336466640323	0.313208215522973	0.999700074039899	0.000409818671701404	0.278208652428374	0.000134123846293207	0.503952964515633	0.999988311232584	0.168619218498123	0.00137684096026919	0.0398728174302954	0.190747470539055	0.750190767250826	0.336179910249989	0.363746473772649	0.014781244411115	0.0590084729099652	0.992210422350659	0.0324461373370324	0.0296255274278926	0.988630722537802	0.00188700302314579	0.899340537553815	0.142715539847546	0.994268425032549	0.999069360005899	0.986627847153135	0.000131224504046685	0.00133877375324081	0.404940487231735	0.0355685353744796	0.840042784649761	0.00382872146261008	0.80934561520451	0.313111519290931	0.232408353183516	0.00205117017439168	0.0778181358129601	0.939851641941138	0.000895548269730507	0.0365182564499392	0.961894390990198	0.00369996464457711	0.989174468174667	8.41129992299539e-05	0.0127817120123746	0.391425318030978	1.17274739148016e-05	0.494804305753458	0.997946243505818	0.0224610802064849	0.00222867522542387	0.169185857451106	0.00617353277597594	0.0704194702757811	0.145481459345953	0.942884907727685	0.153029939525309	0.140113112474254	0.994021004901489	0.00181053313960257	0.0651438861090482	0.8031101555756
"SRR39238473"	3.55334979167052e-06	4.52297312036977e-07	6.21532062032046e-08	7.47016386300495e-06	1.78586346349804e-06	3.03512583095519e-07	1.9226808898459e-08	0.000168185340856534	0.000211064460148217	4.74221199112889e-06	7.28367818602807e-06	7.06969171277542e-06	9.95584742227401e-07	1.43802115139878e-06	0.00015058350580702	3.49789598706347e-05	3.32781545510506e-06	1.04393585124137e-07	1.55323724468471e-05	5.50184517479482e-05	6.2097345002715e-09	7.98026222933204e-06	1.52248755111337e-05	0.000498585854714895	0.000184027977630306	7.54907613604742e-05	4.7665683877146e-08	1.99802793148926e-07	0.00121382414295301	4.77754196458688e-07	7.89302567441769e-09	7.05999668720912e-06	0.000188041524877431	1.70669919493997e-06	0.00165607308565131	3.06881322054307e-05	3.82857539301532e-05	0.0940913199592443	2.57632451921477e-10	0.00130217173896582	1.61759913974047e-06	3.49590950040238e-05	0.473200969313051	6.77750170160936e-05	7.2921925304833e-10	1.60350982110337e-10	0.000380452607300218	4.96121444131074e-08	0.000109325330501426	1.27620787735045e-06	2.31485142299047e-06	3.73806482763879e-06	1.46902369612566e-08	3.47330585629022e-06	0.0019643721556525	0.000141125724647229	1.14203945633152e-06	2.2709861761005e-08	0.000131761088658625	2.37338289871821e-05	0.00327487924224196	4.64986975089717e-12	5.90183115170604e-07	0.000853176775686884	9.35577337925301e-09	5.02713774521538e-06	2.00826961227634e-05	3.58466767971594e-05	9.82815292277605e-05	3.05886844182469e-06	2.50097764688688e-06	3.93286882538824e-06	5.67694611391192e-07	1.66160666409145e-05	1.25959116707378e-09	5.57227696597663e-06	9.32504999543763e-05	6.68000679797601e-12	3.18243964692733e-06	0.000149015484879884
"SRR39238472"	8.60234720107736e-05	0.000152784322194217	1.1526564767609e-05	7.1787552558867e-05	0.00182119066490002	0.000423954823158917	4.89799719710985e-07	8.9888854005862e-05	0.000294440821093577	0.00212351262474223	0.00699613871305066	0.000880362992300265	0.0166402896902716	3.00502631382977e-07	0.00816098965204035	0.000258491782494903	0.00014846337174566	0.00162213876570744	0.000458663548842743	3.13343594102579e-07	7.12482045188742e-07	2.97314115135992e-06	4.9248404932178e-06	0.621699252502538	4.4785416865794e-05	0.00152630783670504	0.00120571846492383	2.74840113575314e-06	0.00344676091530592	0.000125342012167848	5.54374292463224e-05	0.0245134973127252	0.0432618182068612	0.0496994622159101	0.0056293725916909	3.55751870439449e-05	0.681885160084056	0.998515114616066	2.24537331837052e-07	0.546728337817854	1.6325436890007e-05	0.152113983914821	0.996362936695167	0.0527390697731281	2.30255163736915e-06	4.3807531272972e-06	1.3571589614449e-05	6.40007293865148e-06	0.0152431827267627	4.10822638525036e-06	0.131296788813387	4.27323341209383e-06	8.2763688793868e-06	0.00239359270892076	0.109886783134105	0.00227013632956537	0.00163749656824657	3.81079411361846e-06	0.723463492508825	0.000224998819205234	0.002016826146691	2.99215769570209e-05	5.25633649343771e-07	0.0289451151736233	8.08284459015731e-06	0.000316854608200391	0.0622913764845279	0.00946768145063193	0.000794528976061321	8.52521912791877e-06	0.000480262364624897	0.0508257466696625	0.00243694847961107	4.82158723516793e-06	0.000413963740855854	0.000458919252894502	0.144110581509393	0.00557661234710165	0.0179165575151998	0.588543829576964
"SRR39238470"	9.04642650954925e-05	6.05092143229746e-05	1.49434094802894e-10	1.56210847082403e-05	4.91692463686751e-05	2.89039487896794e-05	4.34506004685415e-06	4.47005122404575e-06	4.67154814742217e-05	1.6204935715821e-05	1.43413288572211e-06	0.01866323988147	0.000434624220749331	1.50274452837056e-11	0.00684627276971753	7.62098979976112e-09	0.000100526440946707	8.90163531686378e-08	0.000617040294360967	7.53406783918962e-07	8.23495880543767e-08	5.80419566495558e-08	4.12692826866879e-08	0.206926225076045	0.000271334983835155	0.000154192743728872	7.65351803792314e-08	4.80323972533787e-07	0.00302851397538009	3.48265632056474e-05	0.00089032936654535	3.99159547411343e-05	0.000943596517604579	0.0167692617943111	0.01357705459438	6.61171753567099e-07	0.0924393460825795	0.974618873073742	5.30772021558858e-08	0.00119051641616864	1.76209217061303e-06	0.00871287482736916	0.989114418179672	0.0459218860127557	8.85520391750939e-09	0.000202655023902505	3.96810531988564e-06	4.20031615909577e-06	0.000477973236784764	2.5301499260879e-06	0.0807548693872189	1.12571156886176e-07	1.14881151066951e-05	3.96854365194615e-06	0.000139963221463753	2.59771986016426e-05	1.63361489260431e-05	2.83186270710248e-06	0.00313646708826733	2.38889588626844e-06	0.000171023229344217	1.99892255070579e-08	3.46258119382182e-08	0.0252150342927763	1.06161086415169e-07	0.000812231629336816	0.0124438299526621	6.67846270913235e-06	8.34764174549778e-05	1.80187560786743e-07	6.61180670938216e-07	0.000127503523996613	0.0375332581948092	1.00151111658895e-05	0.000285956562947479	3.81124364963306e-07	0.150455274374967	2.61549590754177e-05	0.130030181086046	0.0308760917811404
"SRR39238469"	0.996961704113908	0.999503122031109	0.307215678859596	0.474914681176724	0.939046749674565	0.793383540059232	0.952984437658616	0.981314750508867	0.0567764601209988	0.756866215202919	0.00227487199731399	0.105095275289226	0.698567079334376	0.0417877822140389	0.820697108433214	0.358976529530013	0.815276790473038	0.998580709727617	0.999745614207964	0.999998595922238	0.922514975033404	0.103173127686124	0.0118297429698097	0.133777738398942	0.999986553812362	0.129856877973556	0.994587516927843	0.249872390762244	0.881310374276181	0.999038878118222	0.999660059716328	0.982632474491562	0.117116486034641	0.976337037817242	0.886712602912241	0.753560360225212	0.999573115002958	0.994309439581266	0.355974819364382	0.983552776176192	0.62084102069331	0.999723037269924	0.99996874558365	0.998501973979892	0.0806532673450449	0.999271070710025	0.894408068294911	0.998914663264125	0.999913446769768	0.855102948702558	0.9948691871867	0.951355315380193	0.999951029257922	0.197009692307492	0.481725402157198	0.994289940130746	0.963975794331758	0.054110097695864	0.995507056174992	0.858217043640491	0.182578849662606	0.907108688242892	0.982310564766084	0.998290956216996	0.885898902937521	0.995550217020408	0.52868869518444	0.0225244923394036	0.175310206016159	0.326699673222813	0.982184408573024	0.177303757741783	0.999212206598562	0.999779504928491	0.999543261250726	0.862334420085024	0.999808610768001	0.996400739550705	0.999837790632758	0.760944581587522
"SRR39238468"	0.773183001438389	0.990660748760731	0.0558729839677568	0.985941660869594	0.984430009253308	0.857408009676164	0.170736083062422	0.88022673956609	0.122714926814763	0.693119302022418	0.527137547054893	0.932491079426017	0.824604040497142	0.0740478291080539	0.950858310651826	0.846010983237081	0.459221743802646	0.965496183082731	0.952796078896646	0.881877462369032	0.0404443645813891	0.187497528902078	0.5191877500886	0.213590627117274	0.888999280571047	0.82749373135489	0.937698073495138	0.984352068126052	0.990490067695664	0.913579583610848	0.989890030043982	0.937726671402279	0.832677327545118	0.779044793287499	0.508926489951046	0.838855253714103	0.995960105064726	0.994086291757969	0.0450618534315969	0.949031540456292	0.34025002903133	0.997900116842318	0.999917843114307	0.998013482300634	0.61298813885445	0.125232583068464	0.957236232634099	0.0238197395845188	0.998990384670727	0.853929797891288	0.524397154845259	0.945165795249512	0.693490621257864	0.563678522073559	0.500821538745309	0.970167431905473	0.315363879453086	0.0270640888166568	0.996400025163079	0.319066600182745	0.0650450805470267	0.945621317925138	0.485493316362153	0.998281225689794	0.893306867380356	0.9521800566447	0.964745560262351	0.0834209439588307	0.939555466265332	0.917545263953647	0.916292433038863	0.913329701901268	0.680035336063872	0.849063770697386	0.742008623239531	0.0600252479337199	0.95723596346296	0.998211920683825	0.0139883156661833	0.999016622423512
"SRR39238467"	0.00680095127212263	0.00447564951982675	0.00326612362322124	0.208037465625023	0.0116461513325732	0.00128615049171675	0.00332480857716839	0.0395496843114635	0.020555682600936	0.038826806332688	2.60531153286812e-05	0.00409371639818019	0.156873376869789	5.526202794046e-05	0.0305594352751548	0.000815586575221713	0.0317708020577074	0.00395791777933755	0.0717815321460703	0.994401991581128	0.000264637868270338	0.00219337400745523	0.000167656890092983	0.0337849560780133	0.952582024219023	0.0588437628320195	0.00853297149309874	0.00244877883348619	0.277337190397662	0.118390176310907	0.00472203413965784	0.0103911790765005	0.0215546023415491	0.00335241186298597	0.289716416327696	0.057099763552058	0.235754545620004	0.61675027961724	3.06712459947368e-05	0.492547446339507	0.0647832231975157	0.941555892807185	0.99800648979796	0.907945242681488	1.0900322953384e-06	0.000952006984602996	0.0659943403883621	0.00630439673234468	0.79939608837066	0.0064762518457669	0.522104562962538	0.00590136522471494	0.0381622474000486	0.00118954115513245	0.267933538193874	0.0585451767565614	0.103605864002836	0.0172840235691686	0.548532486238247	0.00243620006173447	0.0201901399250767	8.82768552349054e-05	0.00312199358837232	0.535185839656142	0.00024764512033777	0.0304918552283957	0.747984060014929	0.000141305692709673	0.128192031237833	0.0273857524630943	0.011278877600282	0.0990364225227162	0.0374484494256722	0.230193747794564	0.00229891216737893	0.0179525899635757	0.965618388086762	6.25200238458061e-05	0.0567508137102299	0.00711310126960313
"SRR39238466"	0.638077702143631	0.992931271658469	0.425659614553529	0.57731310364013	0.979259560951061	0.356774402439354	0.834812591385654	0.821270823695384	0.0289430284801378	0.44203185239989	0.00306698837930433	0.0400495639061286	0.966374316598516	0.030583199216946	0.54048462316703	0.0443053560132355	0.677574833267236	0.972296996087772	0.997651592261841	0.999991285503225	0.426937118272336	0.0759472536271412	0.0028845291620739	0.0753011299130157	0.99994281869216	0.127671827416405	0.913027758213495	0.265427208794699	0.738801359065124	0.999415286170931	0.999343382274178	0.944547579058681	0.18779061870999	0.958521905106372	0.969546021798275	0.714723793185927	0.988375620943461	0.952107520927958	0.543206559775659	0.90963091651767	0.895445984180792	0.999372634383617	0.999967513549592	0.996268394422474	0.277976589867038	0.9977314818569	0.949554202101766	0.996846468529327	0.999271390987648	0.917935929665709	0.999890512583063	0.860114142924458	0.999961589629507	0.351989421934288	0.582596392301678	0.993372261462378	0.690627886043808	0.260710757609919	0.991744207888825	0.709456685984749	0.186551728845878	0.987675853705618	0.682774666832163	0.994255209460572	0.554952346551371	0.998911155965863	0.96592993836226	0.0627556512951096	0.20246685870112	0.75254350022724	0.924204822747879	0.276377178873079	0.992913405279666	0.998155295852262	0.98821836128387	0.605809148380471	0.999965408732519	0.980370714958246	0.999813840645659	0.373390468374468
"SRR39238465"	0.494863682073732	0.703180488510304	0.912090830562275	0.696286686602961	0.442071004892607	0.014822873067168	0.121217025695243	0.317077091278087	0.425125236339261	0.80830464957419	0.00221568521300807	0.0389829103391218	0.997831594933694	0.00169651024160694	0.172653372251371	0.963665053842921	0.142359552133609	0.475152955413989	0.843010216911923	0.81499296973011	0.00204998700726795	0.000132270483150714	0.277303054437967	0.0257313322871995	0.98887609306914	0.669164689320837	0.543981029525555	0.303742709217759	0.974453347827246	0.829787802863678	0.00453118303279641	0.00442946617025008	0.0980523871983	0.999234693287363	0.69923445368098	0.941210941752913	0.994454707767444	0.99919087537546	0.000700915878690472	0.96565886924421	0.000269251074908645	0.812798411776586	0.999641265729481	0.999142139254113	0.00184136386743424	0.0126025179647251	0.374780897923402	0.00319463182397858	0.741228284395405	0.00234435090982053	0.204433494390183	0.462972447230579	0.00104801152895021	0.998612210650318	0.129189588162294	0.254606268644567	0.998823578209354	0.00133742397867002	0.382452753636058	0.1937682504071	0.418924348092703	0.000221459457692951	0.0695568706938681	0.991531078237037	0.579311473546578	0.437641932364074	0.111793634066921	0.00206341108052235	0.322293846038624	0.12959723163198	0.51666411507005	0.690644900908295	0.0518607727417558	0.044513606365558	0.92195193803764	0.00892361324704485	0.646073597941607	0.37126204057902	0.0204693451204852	0.28146675452382
"SRR39238464"	0.811371497966814	0.999904384843042	0.00265777094381553	0.0504877474750259	0.453523226942497	0.276650192583202	0.0129421233559516	0.108813516839314	0.00291579507162003	0.29919705366547	0.00119904771921961	0.0274948330702544	0.820440784304488	5.47229661155183e-05	0.986847143448176	0.970925355243146	0.456065881090828	0.486166597938545	0.999419739220921	0.998403576506929	0.0164470042417555	6.5373878716243e-05	0.00148948260118551	0.360746654990969	0.999958086221455	0.00334760418525481	0.0969879089324465	0.506127536847605	0.993079705506806	0.914352253201606	0.97399441298974	0.908686760128665	0.220145560433634	0.999809197243839	0.0202890615756474	0.64549745557734	0.999986375852365	0.999947108710379	2.88307959698355e-05	0.581079423204662	0.348017388320864	0.999632704310833	0.999954433546937	0.999958238815245	0.101347483214386	0.926079373923152	0.280238310108027	0.908280300707571	0.998592984701971	0.00249919584094608	0.996123479604556	0.712971258999949	0.997902076779995	0.667319287362526	0.0291655539566294	0.930919000995751	0.999756539565828	0.00451833035975534	0.946413179483771	0.958355292096432	0.00112992317412392	0.292874636872497	0.0287153821552693	0.966921282583975	0.00779626257543185	0.907486458465578	0.364497666131379	0.00352315333118825	0.439500164286879	0.0531813299778356	0.064990858988715	0.179566928700223	0.999208103339371	0.523757905562665	0.999887945834029	0.00186268519803615	0.965031356369545	0.998646405962708	0.998814707342505	0.94867056359824
"SRR39238463"	0.0653668664144375	0.676321210443446	0.716006434631248	0.188711709621591	0.755318161334951	0.0568015855772593	0.82366955289031	0.38416085493798	0.734363849320485	0.651525233702007	0.160925378773523	0.0504355812568412	0.471957067515329	0.0316051701275728	0.279372257385519	0.0490177780764693	0.224030880882235	0.646453224367547	0.290209918500853	0.137331330905826	0.90931707202523	0.134685777484972	0.82003903958267	0.0654440553400913	0.00460107387511251	0.687042924156572	0.696285114885116	0.410415300317953	0.947920086955538	0.546593522174874	0.0672031755283896	0.323054039775788	0.633892692410626	0.350977120387436	0.887005138743297	0.801324897285756	0.378276233086925	0.817155886565705	0.785310207519139	0.540312822571421	0.621845184189816	0.862491086464636	0.598812738047573	0.669626703908133	0.866760834653135	0.349140048028671	0.86462614640364	0.720142143620021	0.705002577672125	0.88902918010714	0.439078769126022	0.27047688534516	0.836751762361629	0.761371514237755	0.575614702570087	0.943717600072625	0.460544227056392	0.714650353110048	0.340904517665182	0.136176864906239	0.964819965618414	0.681839200910029	0.655217137630155	0.635284059563089	0.0279709288958072	0.82748720525796	0.515717896249562	0.395285860889166	0.569776052542393	0.701307884510497	0.762531215241582	0.591041051560426	0.125669227225443	0.65639732851156	0.994918263961131	0.399687793311718	0.120728197307034	0.59129883315495	0.20732822171931	0.0879876169745012
"SRR39238549"	0.99811877847664	0.999944746146982	0.99998404799373	0.964185150338888	0.993476794694324	0.192564078762954	0.997699672555337	0.937965618253544	0.991730492829372	0.992224248192972	0.0503379159004446	0.606857880270768	0.998617074701333	0.161285809835009	0.998443711912961	0.99606369644292	0.992892127008822	0.999995889734797	0.999832472086233	0.920438678946019	0.995261860399593	0.216327128728666	0.760024769687433	0.84356397690296	0.999822613507457	0.74692560692531	0.999945748205409	0.98637305461742	0.999341929115307	0.999978429840261	0.173001910028591	0.988202156883224	0.411815557512279	0.999992975699825	0.435238790401316	0.999964767376432	0.997448391784032	0.999800261482533	0.99585542869144	0.999952365477562	0.993711153541028	0.998894703445037	0.999959431024018	0.995089027822641	0.652964499697171	0.999134076380439	0.903418832494886	0.943964026656172	0.995893333588344	0.469345647015163	0.904827593285358	0.853968762659651	0.385198951719323	0.999999683768981	0.992383640852138	0.999602583338298	0.989368547362732	0.759015700664799	0.966416410960973	0.998246598487253	0.834470085070812	0.00571076692412291	0.990376222117808	0.999825142122979	0.993394319986782	0.780952524924998	0.701628186684628	0.99969243119875	0.031350102898286	0.994903808133277	0.967931918160018	0.574391706575908	0.233098125828795	0.94480358463814	0.999999999454736	0.998817733211169	0.999756081915036	0.996024205583165	0.420812718807386	0.997347772407446
"SRR39238462"	0.0244690233767984	0.382680332351908	0.033895325482443	0.40854896374585	0.018312977864356	0.0338791653172657	0.0231546203432687	0.109696339799966	0.36049089694035	0.863331598101794	0.0223679801190727	0.0601108102482333	0.119719476609821	0.00112051655515011	0.0104625797458525	0.0223809795777729	0.0149880801612785	0.0258509367353834	0.0358062833215976	0.175958810725177	0.000543050874187613	0.000933863939143255	0.228050789271213	0.0238532391442568	0.856533538388534	0.0887042475261665	0.555005991406541	0.0661162233386112	0.362902256624959	0.0108871014685131	0.000850116882277505	0.0136726805540735	0.0140409736044268	0.0268183006943507	0.21698350351795	0.0130954548279067	0.953961543755966	0.911071730227542	0.00028991175211905	0.853093627426167	0.00150054806938308	0.531466552161021	0.994048922041653	0.376467245887454	0.000172957224567765	0.00108830121809902	0.0279334719134723	0.00158780594258157	0.187463513051182	0.00399117013230328	0.0417475131312976	0.166105502251235	0.000591899008470865	0.00916335344020207	0.0937906419334406	0.176261578555296	0.379244004652898	0.000228912705104969	0.138476622209615	0.00126993167358114	0.00680008148122115	6.04508801442714e-05	0.0154471037651208	0.968271991710569	0.00517251641915918	0.0564542395217264	0.0355483714159411	0.000256424390127415	0.116891134120209	0.0199244075870332	0.791099881803328	0.078987139220227	0.005319264845823	0.0731614417918005	0.00572857191259151	0.00308222701599265	0.0125026569016259	0.00017014149545957	0.00465450991788019	0.0304436759922629
"SRR39238461"	0.91313705393	0.99998364777172	0.392112185287503	0.977955826216795	0.775537867584521	0.844192874720556	0.457931720215989	0.815274163037756	0.471396376256123	0.980974875181699	0.134312161026926	0.0343848013845659	0.752997788163668	0.0765419270512365	0.778485978911808	0.157748527595638	0.983688688737754	0.727658038035921	0.988279836538089	0.99990249336583	0.300128402024448	0.818487245610233	0.0667111831089091	0.0892850459532721	0.999743094913072	0.81544409019671	0.52267336542712	0.73489546409616	0.867336258489013	0.376657844407052	0.987262271546275	0.995436379966468	0.498708953190373	0.998134665546189	0.878362089023789	0.578737213366826	0.999839431439043	0.998440799635156	0.432179134548074	0.244077725700911	0.141214114312448	0.997779178410647	0.999919956816674	0.922813971037447	0.949764955444497	0.940050658802191	0.959931499750899	0.94504680545912	0.999225937563011	0.957366403037693	0.999313543568029	0.854520575577865	0.998816415996344	0.0617176401970574	0.151023391623519	0.999865600019094	0.476407098189076	0.189280048893895	0.982944222361006	0.746055590641153	0.650870974471662	0.985290494200884	0.966982947554325	0.995862647506378	0.136955967259597	0.849757481806651	0.44627497044176	0.68898655523265	0.0725462260278309	0.952193952511167	0.970655613904259	0.0454948112940327	0.957395822820074	0.973778738501983	0.977103770828116	0.917220117241766	0.943663400693973	0.83070534203156	0.993436086664855	0.151691342288805
"SRR39238491"	0.368212072325456	0.138460522646276	0.542217219177061	0.263906929301074	0.797361795198073	0.55822614293912	0.786087202298288	0.720095046959305	0.441641104041535	0.229616779980709	0.868182029357045	0.114872803459197	0.834119978692853	0.105995837859108	0.502267330356984	0.953035943183547	0.545988209143236	0.798955801423804	0.781353581277579	0.965633100109888	0.983291106518482	0.0580399635000701	0.960456152686084	0.482657475416473	0.999710640676991	0.785086058381736	0.91329778755209	0.903664888896606	0.974934878273203	0.802805689983765	0.615107230712528	0.210444853968025	0.256072154739405	0.900433005169674	0.916055698936684	0.436538613628636	0.974787905086895	0.984511844828777	0.31283770928107	0.955377468568071	0.80452508493594	0.904684079751416	0.998326690057688	0.675170471608487	0.634028576946033	0.78039187290839	0.905354529316705	0.789460139397233	0.999212193094916	0.797186517315825	0.0282793517474829	0.761298186357633	0.961124662920953	0.663170684412551	0.163302817072712	0.815944769766986	0.493292438790988	0.41161573297333	0.945866695464616	0.456834109590847	0.115357220958915	0.786133357309924	0.866278934511412	0.938705644989714	0.795912721517896	0.809833124007049	0.631747325418771	0.00517651047501181	0.654689404092836	0.469763078359027	0.871945292283783	0.618739847343633	0.747177818944673	0.89719173610204	0.983722294376069	0.192464824427052	0.90672591652581	0.822662136575011	0.775703912787373	0.826555842032388
"SRR39238490"	0.633039075152511	0.0177712933867262	0.0176574130566824	0.000144962304030767	0.00235721380286652	0.00271569848801132	0.0216870533315519	0.00246897568036339	0.00923436991034755	0.0207018543073685	0.00083552624195527	0.00413367446698523	0.00176472828713856	2.21741316610384e-05	0.16878767657401	0.00169649183155159	0.0197309272611263	0.00112745224140356	0.396616450778789	0.000710412716554156	0.000119787932837158	1.3132828169722e-05	0.00124103149817269	0.0692930155268768	0.69424418937713	1.39230581625709e-05	0.00215780436574798	0.000517871553628097	0.538362402579615	0.0047429049874219	0.000250923044382747	0.977012884211733	0.0729050125110865	0.126092715850438	0.000435449448286101	0.000281823949732166	0.972369180466057	0.999866680634727	2.18714649122665e-06	0.0262874895103648	0.00196098458093706	0.3508435262315	0.988546817044927	0.728295981196126	7.23816582163041e-05	0.0536427389624946	6.12285890796328e-05	0.000454716879040137	0.375304317219011	0.00243202929759565	0.0873495296987318	0.0186614700332301	4.20867095123352e-05	0.0139898713256179	0.00367359455536884	0.860180524694055	0.0315664876803185	0.00016428484330936	0.170748922016445	0.0936984795797781	0.000225451755684245	2.49069814626296e-08	0.000340889222210041	0.986325710094718	0.000330803513348239	0.0146045469101808	0.000731765885699073	0.213981798601557	0.0121637583053996	4.66030095789614e-06	0.00378358293304441	0.0589576520739166	0.0737697004953681	0.00419108985147562	0.141587371915338	0.00131197808084407	0.0342677577531392	3.52534737955412e-06	0.0625653806727861	0.205381349716293
"SRR39238489"	0.267556682100161	0.891644521668411	0.0144091305318201	0.888430780799345	0.0211502520207823	0.198540057052712	0.291013754905161	0.676008493889354	0.517185268860239	0.700646588005208	0.0144273953800399	0.472009088367541	0.896393448143249	0.000916813234455002	0.28660141259246	0.201664087658357	0.131938731870257	0.163254686587144	0.194657143108721	0.991477246389366	8.45470530474442e-05	0.0245243430596731	0.0510832956614104	0.0198454436501441	0.996972765186184	0.00869477939236467	0.125402427574834	0.599679040104794	0.739558257155627	0.683432424317315	0.574253676516632	0.0029360957495987	0.426011103262206	0.187322828181337	0.752321334607564	0.201920459908932	0.908047058647382	0.718125217150015	9.66615846692207e-05	0.526197528876976	0.617963432462426	0.613524921450584	0.904189698413771	0.971818819931461	0.098843332351424	0.0048939580611234	0.563707337318673	0.110414767414352	0.852897577116787	0.051827652302938	0.546228318471085	0.618074658091359	0.80471239380026	0.00289040367640169	0.104742955553671	0.268618191666219	0.12362871624176	0.0035936049244606	0.132708801526	0.280137422947141	0.034355833146304	0.370324095792842	0.0502598204642896	0.874478165332231	0.0187098023577615	0.716665129948506	0.758021491077973	0.000435058167727364	0.886795916837972	0.150615193097439	0.281441049977522	0.562887873066845	0.0240235911983704	0.324439233107054	0.0169319946948092	0.148510699869417	0.908863911511788	0.658399696757834	0.50322031034095	0.00867813852729485
"SRR39238488"	0.758861201931654	0.988253103015764	0.0199161975819012	0.985300460884072	0.797646263694691	0.0939083163018948	0.940170136109744	0.994722553418032	0.33921810087093	0.939603779612828	0.0766852785544968	0.0162007564589937	0.998798751586548	0.00645559895889323	0.191960610233564	0.665470811113387	0.142286245297052	0.633148903278272	0.398526758126156	0.944859383540054	0.000485706204974901	0.0896735558209036	0.0483501383849046	0.0951770227975027	0.985868653871187	0.025674178747081	0.916372397045467	0.157002665467844	0.56000782030971	0.588319256921215	0.217182635180751	0.00103590501936987	0.353551302684128	0.986373818047274	0.241286242531149	0.166375100117882	0.994471606030273	0.997849024079456	0.000126369651420487	0.967518666472788	0.00143441236792156	0.923899093553652	0.970854551063441	0.9456475819209	0.334001041746522	0.196278100461313	0.486329908153779	0.00559595218716705	0.930155389500938	0.230928478381661	0.0133874502974983	0.753042848300666	0.594175899850836	0.0690650091419364	0.144893488210071	0.964555587515085	0.501114877897201	3.57867868203419e-06	0.277225892849879	0.236057153820318	0.0455435563618562	0.35084704771072	0.617421568283108	0.98951464411969	0.0177000645129704	0.304112728086881	0.346958193965815	0.0016496642061708	0.204888877268166	0.549669384766654	0.834674043939207	0.0294776601097027	0.127600632314436	0.606809577689166	0.164104413573024	0.0388261712000151	0.591190399982112	0.23924836366589	0.118998400722103	0.439743878352352
"SRR39238487"	0.992485342810208	0.999992517081215	0.925050518090695	0.983808072811682	0.999154016601589	0.999615896673703	0.997749789545309	0.994503761005487	0.869365375090595	0.977859997044688	0.997367575583098	0.949724499684357	0.987628738969344	0.693598902858252	0.999777459313453	0.960685896988421	0.999956340952759	0.999782469464592	0.999982892259344	0.999999999374341	0.999999816348711	0.999618651388804	0.927109283241363	0.973550622697287	0.999999999999921	0.999059626626346	0.949069377195955	0.999789192506821	0.999974957500555	0.999999792753879	0.999999596046827	0.999912775636087	0.983356009400935	0.999857011358369	0.997764737266965	0.758754732875745	0.99999313201647	0.999967451879432	0.999977815161849	0.997114448687792	0.999996811615699	0.99988819719011	0.99999930695763	0.997998910493341	0.995733274781573	0.999959080125485	0.999984531716201	0.999999995775421	0.99999183814098	0.9824623590867	0.999985742237971	0.99999144146526	0.999999999950499	0.614887797531696	0.918723143965495	0.999999915124409	0.538670761358475	0.99998791380169	0.999754315964153	0.999914038854775	0.977103739608538	0.998605209354294	0.946481542407095	0.999992627299804	0.974796219233698	0.999739378056457	0.99545353671912	0.998801006892537	0.976535141837754	0.999496257525677	0.985812348981678	0.888036519553088	0.999999765831853	0.999981603544225	0.999960282764004	0.999845511636066	0.999999997687492	0.999431590465078	0.99999999300449	0.999217387358475
"SRR39238486"	0.0021591457789465	0.00127193276574046	0.959924171714201	0.502994896849073	0.897154265414413	0.768590288584792	0.475256563348071	0.00666630211429127	0.8336992068528	0.649841925307736	0.0927318048851141	0.000496366210656968	0.996987907097859	0.00337475880415481	0.994254210033009	0.944428234419487	0.0784649399621923	0.187355357464075	0.838353289860969	0.0448702477597571	0.889474017284215	0.00156609160687003	0.0934564407999437	0.0596745344498285	0.7774754084041	0.00622684892305455	0.00232201734210601	0.998555372562518	0.997855700125677	0.937995749668081	0.0152565140974558	0.236425119903899	0.189787187044585	0.99697193286947	0.448239680041829	0.996512810150448	0.662578188461076	0.999523342566293	0.347471924693312	0.0154699102537721	0.931569532665731	0.665988352075628	0.140826941423842	0.993245060218868	0.545283264973741	0.00733576287166228	0.989754648985194	0.000988975639979943	0.0708062746579369	0.0173727183651039	0.0581602631951037	0.0108593240036062	0.514956478351649	0.999031680191066	0.026521933496939	0.217316961183775	0.848783800869326	0.884220209212675	0.027352127871805	0.895244510021866	0.782212477658588	0.27411955794165	0.772031035411181	0.842416510329222	0.000123986064299224	0.895556122196666	0.124314762840142	0.0406064456841911	0.784777406628473	0.953188677101947	0.053395562300745	0.69118846958898	0.66151291100976	0.0536641324712653	0.999953687335463	0.014591203584347	0.989264649774551	0.998333416517054	0.00425892490372659	0.0180595284561615
"SRR39238548"	1.59289589561765e-08	0.000167699011080378	1.13293394891192e-09	0.00235314666653348	6.70548928201966e-06	5.23054267312693e-06	1.91420559068371e-07	0.0361299428200073	3.81100624994516e-08	3.82934726194207e-07	0.000103440812603331	1.97503801279218e-06	0.000357638241645022	6.76314242642411e-07	0.00131676510165444	4.9480585039347e-05	2.6199566338482e-05	1.03412442074571e-06	2.73070553877125e-05	6.96585296094567e-06	8.2251978681845e-09	6.53828969433058e-05	3.74396700345382e-05	3.5808582867416e-06	7.09085171000863e-05	0.000287439584414012	3.1592078876366e-07	7.15088649872609e-06	0.572264349487996	3.62309926168586e-06	1.70881031843107e-06	3.66917171458027e-10	0.00800933600514146	0.000520540545267183	6.03977200130848e-05	2.62930105085517e-06	0.000477640738953999	6.37962287328815e-05	3.34229531980448e-10	3.86575913817581e-06	0.000437829391749154	0.000434301264613124	0.00289289287216307	1.31483485155211e-05	1.7966982075559e-06	8.13074029073219e-08	0.000887783294642403	1.35126660709974e-10	0.00833283482777788	2.79557878585468e-06	8.7371241426767e-07	1.19118041088874e-05	1.39867197226206e-05	6.63530846097675e-07	6.95107498487489e-06	9.58296225821763e-05	3.08606520009821e-09	4.39947359972357e-07	4.50292163105349e-09	0.000360364568596187	5.67219101639919e-05	1.73901128970641e-08	2.84133988267181e-06	9.79177903432997e-06	3.46344009083788e-09	4.27613594538249e-06	0.000197086853234956	0.000505679313789923	4.33443070017606e-06	8.19275595843003e-05	6.39351313596225e-08	3.27848330487877e-06	4.25615620785298e-09	2.91581417445592e-06	3.42685771232474e-09	4.03782020486796e-06	9.8334896417118e-07	5.19652925826449e-10	1.64996647378754e-07	0.00158941027055667
"SRR39238485"	0.621640385405782	0.122111404710126	0.993692425423533	0.212999731766162	0.967142881221228	0.603961488160783	0.996233296908919	0.126180862551046	0.961157855365714	0.770172676707612	0.856438885642708	0.0721965103990283	0.968251128582579	0.20839014912911	0.974202694015535	0.990250760325674	0.105917175561245	0.990253999812158	0.994858765404355	0.252498576463781	0.963876285571873	0.242057559208899	0.932408751717034	0.320409507845317	0.986749545921557	0.172078894489983	0.0988506026825512	0.993500421556203	0.970827596195606	0.954128884575357	0.544028990332805	0.836478027672118	0.367275833829146	0.999872125665242	0.356531581639687	0.998661738999253	0.953145008305038	0.999592391609659	0.716455570227991	0.927838264987809	0.868615313657034	0.900490211303996	0.948687508158918	0.995991801635326	0.840126637462413	0.00392792917729877	0.988997076702071	0.565938438961907	0.565930921660668	0.0401335636412228	0.691150247541739	0.186406316579729	0.848658387241172	0.999987196763774	0.140387608006003	0.717969873853956	0.987042784468503	0.964335369288506	0.311149384293582	0.987374628845382	0.602092160900111	0.063983658993687	0.96691525693353	0.994958360985965	0.112635998482936	0.978151573161438	0.294870488540657	0.184867436359094	0.951514469890064	0.963670414901239	0.591183684746532	0.780828151125135	0.156281682662705	0.685085155953723	0.999997249634497	0.124061833087047	0.981965761013753	0.986967399918676	0.0724712236160877	0.424272503601808
"SRR39238547"	0.976453169676739	0.896740871432683	0.0146285089955013	0.175783109562369	0.99798045034234	0.844728058942477	0.820459321290861	0.777542027792802	0.0115111129785595	0.57186023938234	0.440196990886356	0.311153419332429	0.989591324190482	0.00237032889263809	0.999646484581604	0.22859158419171	0.918386342263604	0.730934867293186	0.999868801654447	0.999986813446993	0.787831346382948	0.380483717290935	0.160180778088071	0.742890351496283	0.999999998989156	0.16731509110726	0.915668114480503	0.744969697442965	0.989984137248268	0.982289511493559	0.999641982627993	0.993003660806938	0.0993434266673129	0.684506466778275	0.910703207529283	0.077692244998247	0.998868304642888	0.997404188626946	0.192621366883779	0.997883672850813	0.995037348651395	0.960504919103484	0.999991214953054	0.999908930666493	0.420411500470016	0.318281482443486	0.955091680399922	0.999892014403215	0.999599667285269	0.241486563809964	0.999999539267038	0.983120759500691	0.999999954796422	0.00562647092579185	0.0619020665895383	0.999907936972	0.686447064939561	0.508575592884273	0.976185934281078	0.86925361693315	0.347982610440837	0.978890901677679	0.288691297447393	0.988640707806203	0.000669549286630944	0.999206569502227	0.702558082656877	0.198140121153308	0.795668779386292	0.933657594145118	0.545378035896608	0.540629506129264	0.999317452545841	0.84602669776052	0.999918559715458	0.951927120097338	0.999999651619771	0.991876155444342	0.999999274564306	0.981879624273495
"SRR39238484"	0.213648885379261	0.159316711591359	0.11032352670681	0.00191831413577777	0.737068157628739	0.000231757281718907	8.88427672984822e-07	0.000159213326140691	0.429586385852434	8.49950731044389e-05	0.00423025422490518	0.290469995399353	0.00823412814667225	0.00017623524505376	0.446218537490603	0.259378081461598	0.218403669734849	0.0232328761036378	0.943306507239386	0.924211680470755	3.33468053854852e-05	5.21025106967745e-05	0.000427281753227927	0.104512341218004	0.00754370535333859	0.972144866433107	0.00850798152253371	0.0376320853915189	0.341583709266123	0.00336882105681785	0.0362707901266193	0.676868341680212	0.00163292303046457	0.985685073376273	0.285775124763555	0.990054984290981	0.0623455311158835	0.469682877563156	1.21886431905744e-05	0.015134208034706	0.775034480736185	0.990585287872745	0.938909018344508	0.767683904887969	9.18801221274502e-07	0.00194073765869771	0.484338551515152	0.303588044772416	0.00191616578568576	0.00122166103600718	0.780813441127198	0.954074126754496	0.00301714603624635	0.949298236002993	0.00625810687753579	0.0679448679078666	0.725051433667549	0.106955914051133	0.993436421041923	0.697618575997002	0.524973876262856	8.94645227485182e-05	0.142185431032796	0.760422462963314	0.00250040157924256	0.760633543056312	0.98693347856769	0.00059191860774599	0.000394974431502833	0.950683307733857	0.000458673201992774	0.0215129618715693	0.991221438559528	0.0991626160349783	0.999763486603171	0.127218179032005	0.762763623181897	0.790846778241357	0.971479951926357	0.349867741068309
"SRR39238546"	0.981501998735649	0.999971679182753	0.971487254668194	0.996446115427032	0.720299652963047	0.984030734437886	0.633527895113155	0.994784812487986	0.969964542299598	0.99949971280618	0.824733862552038	0.95308794150631	0.972528830506568	0.141900890367643	0.653423841726433	0.876177421820829	0.221009919656835	0.995319071495835	0.997988861720748	0.999282026140172	0.0223659368207954	0.0206944951935565	0.416974140393379	0.707652110953549	0.999962596936154	0.999107595381326	0.979099861491501	0.877261039721468	0.991341498140962	0.999644649011381	0.995971268099711	0.976449691120478	0.763517209437449	0.999442172684284	0.999123811865266	0.722316551370634	0.999961552042267	0.999921642538951	0.0331215733732995	0.544150525467848	0.992809344842979	0.993145190158483	0.999989160060275	0.999176945116596	0.977181681077264	0.801597215631963	0.98910601913893	0.664560832348958	0.999842810455602	0.985746622214315	0.938260157523936	0.993299955549205	0.988986079343423	0.755984868870065	0.669541308551063	0.999873066767411	0.952820930907323	0.0468660642104621	0.99961935329257	0.98386898376037	0.963025422673207	0.994117504337113	0.998667083624745	0.999966846932288	0.999702320306647	0.998001007240543	0.980876037135136	0.19936160341604	0.736237072773109	0.992597766116309	0.999383562408866	0.99514699125186	0.951557487140029	0.998452124596191	0.976793766185403	0.869269270564359	0.999973687989136	0.998348531653141	0.992714838318766	0.90082950126373
"SRR39238483"	0.158735157518169	2.93666241477122e-08	0.000123850323394224	4.68120441625295e-05	2.3269667396508e-05	3.27319992658235e-06	2.21133392658637e-05	0.000191736577944954	0.000149296771790482	0.000216901405433043	5.00738273789554e-07	9.67450639577942e-05	1.04685846333369e-06	1.26824211353872e-05	4.74527463407759e-05	4.86473046207053e-07	1.53612048334519e-10	2.48253843801092e-07	0.000107870290597959	0.00112968516535262	1.93352216182484e-10	3.01740558516958e-06	0.00274631389167322	2.68157544870156e-07	0.00087496842460127	6.46304343495947e-05	4.62382819237739e-06	1.69314436008976e-07	3.32230402349804e-05	1.03126583036508e-07	4.27363849321879e-09	0.000141942098363948	3.53633395529397e-08	4.2582589357834e-15	7.78107251207422e-05	0.0335792171599706	0.000301452919739348	6.2137453606616e-05	1.63618723181936e-06	0.000313773370254072	2.43696838698541e-06	0.000181075891697024	0.0137213995459272	0.0579669109900241	8.79821038213896e-10	4.57291691648666e-11	3.96905304763238e-06	5.06645724991526e-05	2.35918012426854e-06	4.80748803546165e-08	0.00640977994235832	0.000322134730250477	6.45168706513505e-10	2.96236272882713e-05	0.00198541156124203	1.50975914345456e-08	0.318940750746008	2.92714610330988e-08	0.000118607975446561	6.37135731769646e-07	3.03731188348061e-05	6.84721686285539e-12	1.61014369916811e-05	0.240080665279072	1.59454860244763e-09	1.46957749556285e-05	6.10125599806345e-05	3.62011502082443e-09	0.00757348399752468	9.20477600859889e-05	0.000181145707091481	0.000137866830480537	0.000163146544494903	0.000258186552649304	2.89071122700079e-07	0.000715622837130218	0.00422120538630293	8.32271946424378e-10	0.00112107497322133	2.85143347251418e-07
"SRR39238482"	1.65763622524784e-07	5.50732053737564e-08	6.75633142986198e-11	9.74016602427502e-06	9.26592303275495e-05	1.2640074711844e-07	7.57586017000918e-08	2.72587441610689e-10	2.50902004202629e-10	2.54886458664196e-07	1.03438580707271e-09	8.6371965069134e-11	3.77819051646195e-12	1.0935709114086e-12	5.76193758902722e-08	4.60616219392740e-11	0.000413812948262473	3.26272733602279e-08	8.2989380440368e-09	6.87111992217711e-09	6.38365558188255e-11	6.39206950622945e-09	7.04532551734065e-09	2.64931614222825e-06	5.17848075844774e-08	0.0289676038413143	1.52739914456537e-09	9.56194525017576e-08	1.93694710152489e-05	8.06326268359564e-10	3.93354742885912e-10	1.00383924561065e-05	2.47911331939107e-05	3.79274110861084e-08	5.54735672200293e-06	5.44961046384224e-10	0.000254434682386506	1.09601932038828e-06	3.68891818016026e-11	1.54541215247248e-07	5.22509497825505e-06	2.61998361815097e-06	3.98359315499838e-05	7.93821926301354e-08	8.16160000521517e-07	2.19285097499004e-11	0.00017852983984941	0.00010259416506782	3.56077329806397e-07	2.02049923365174e-10	4.34033514731996e-06	3.79989862913283e-05	6.5592035742967e-06	2.32826209054897e-08	5.70304154430221e-08	5.33490200416818e-10	3.74482232881657e-13	5.03308617438409e-10	1.34418691671957e-07	4.77448498571988e-07	5.41015228574271e-06	3.89641112937073e-08	9.32066004793167e-10	6.47004838793644e-07	4.52485728468885e-12	0.00953044749845275	1.49362985058981e-07	2.16132253646996e-08	4.5343671673525e-09	0.00164097264269804	3.54765651541855e-06	6.50826642141355e-06	5.04943771296309e-06	6.67676552733766e-08	9.1969260326765e-12	1.76051459820259e-06	3.04296963802208e-07	1.61132254184431e-05	0.00869468675010642	1.7108208138981e-08
"SRR39238545"	0.999993898125634	0.999998936676847	0.954994604391736	0.905185757789315	0.269831307887935	0.673037296784293	0.493825014480562	0.00957995508944924	0.957401821438554	0.932332705751583	3.75877311472979e-05	0.000682128426771723	0.9999632704311	6.68543738424284e-07	0.999968331562679	0.991008086287921	0.78340394747381	0.809203943426354	0.999999945835549	0.00164115563231013	0.582675151514387	0.774477762880417	0.068629618851947	0.0308413399497482	0.012211091924652	0.997518402073178	0.109718261950956	0.997409177846916	0.999854005229787	0.964591410284431	0.0509057359652176	0.999948210906972	0.957038341899757	0.999772864829239	0.527428719939179	0.999731553853444	0.999987447527427	0.999997320083162	0.00627525894649972	0.749449169699436	0.958706561179878	0.99746289632767	0.99937209520062	0.999991789424934	0.016738566409224	5.76325229047698e-05	0.999572279541433	0.947997694969184	0.999978935144368	0.490219368486225	0.995590333929835	0.122384582279726	0.904295420803574	0.999999947441427	0.251159146539213	0.999147533382891	0.999592879881311	0.999022878162793	0.336029003479119	0.999851173819954	0.12322140788491	0.0130247615406179	0.925444980313669	0.990473591887717	0.999999707399927	0.999788618876646	0.118330496075029	0.896066728229257	0.000450387337839387	0.998722849505415	0.0760564435584691	0.945297056708704	0.998307286899009	0.781413958278767	0.999667842587804	0.999906979639896	0.992833984968216	0.999976596619278	0.748583108294116	0.999999363599722
"SRR39238480"	1.58385773738335e-05	9.32931801271679e-05	0.00667666397024111	0.0412424940557915	0.122806976778554	0.000806889141923896	0.000129506582872288	0.0198378452216252	0.509593545999395	0.0284591915322805	0.000318077393743175	0.782779542209894	0.839390822596231	1.24681923454114e-07	0.00878972000245759	0.00423586181653747	0.423905562657649	0.00018994470004448	0.182188199976885	0.999876185219821	0.000404809846362974	0.000477497790640345	0.000309522003612066	0.605164667421558	0.997849596174753	0.777933770635857	0.00148565890224531	0.101732161096266	0.119330374391869	0.952142979188237	0.0115704095187756	0.871753430580034	0.014506227446565	0.170593659920911	0.816027891696578	0.00971675473749371	0.730780913486454	0.973446062539503	0.000554016118950546	0.302347795014729	0.969038584195248	0.992851116685599	0.993619300406461	0.4891418367386	3.9030653146499e-07	0.0443148991712502	0.0251550765916264	2.54910565298439e-05	0.83222110794142	0.000240175981810367	0.0109909505410276	0.151750436178218	0.0116003416357879	0.354072536142889	0.0546126721433561	0.399641243413047	1.62152073700844e-05	0.0685797477379622	0.724269052824928	0.0394218086724351	0.151883112781352	4.99871218657183e-07	0.000437195529443631	0.995134778242154	0.000554373637294865	0.122432632888522	0.906937118184216	0.00320323796831473	0.000102750052587032	0.0126610647252291	0.00381239208718488	0.0150471240996671	0.00737346432975533	0.297297225606328	0.0192130452702808	0.0256416671645094	0.92652014152231	4.54200355153943e-06	0.0627501524055525	0.0418103273419848
"SRR39238479"	6.31138415792607e-08	6.3965330029001e-08	1.14271726169249e-07	0.000148489868201455	5.33310164479365e-06	5.80114776537814e-06	2.76904685501917e-05	5.20698713043146e-05	0.0241580587168801	0.000763271222668001	0.0018451006293258	0.0168678706603834	0.0216799489945607	5.63624927922409e-13	0.000259058560644919	6.20503861342726e-05	0.000493646935306417	2.7042345966135e-06	7.30188340844005e-05	1.54764330401761e-06	5.21984857050797e-07	6.0943709562035e-07	1.64459370960872e-06	0.0276240673587807	9.61257741566192e-08	0.00513440204974722	4.18982995634622e-05	0.0014044580227076	0.0132792572427068	0.000416781594383522	1.6015356028513e-08	1.26277898296615e-05	0.00278680561024795	0.114326919737283	0.0901347781200396	1.7083037023161e-05	0.00017283114086806	0.774161712664183	5.20067904007822e-07	0.133752041688246	0.00305121352404084	0.0711841250379861	0.835804183538171	0.000809576207426272	2.95837560068767e-10	5.5529123653955e-06	2.39141648725255e-06	3.93392635763293e-10	0.00474890529994772	4.60968565044543e-06	1.60015574982781e-05	9.92912024860909e-08	5.6378396481978e-09	0.258492551054069	0.0211475642701781	0.0194860116571507	1.83151049895857e-05	1.40129416152718e-05	9.70759264529254e-06	2.01907646115267e-06	0.000723390364569721	3.04510405975876e-10	8.1206950498842e-07	0.887370015051449	3.19614707830617e-07	9.86953545016446e-05	0.000407515330898372	1.79591530802066e-06	3.5967311498121e-07	1.50372881491857e-05	4.10379567840799e-05	0.000468061384384111	8.95323256884118e-07	4.22180985439794e-05	4.91295389209904e-05	5.6092871014326e-05	0.0135994991855813	2.47737833914217e-09	0.000180018852766017	0.000376811956137359
"SRR39238478"	1.95444188592801e-06	0.137689860142538	0.00489679425909917	0.0748055332947848	0.307260102660107	0.0284075051202957	7.67525748242689e-06	0.21484604463757	0.766322489377524	0.0221193305654716	0.0185323761368321	0.251767672282114	0.370758326827977	5.77555938325032e-06	4.41591494802294e-05	0.0235479270924831	0.00267932246968913	0.0407283430387633	0.00255190342817656	0.393522967607517	1.37929689686918e-05	0.00019474370202771	0.000126930110047409	8.94336662321008e-05	0.595763652688739	0.0446228651005617	0.00493220785837361	0.0656634160200962	0.0120386056483516	0.00623344241159324	0.200987775477678	4.48448000917126e-09	0.00118506275746022	0.906085931716768	0.352328880332801	0.145535167814596	0.185037844268023	0.0403020502506368	3.84478034342666e-05	0.311161660149162	0.00661596442092128	0.96174725072295	0.988295780582836	0.0121512591785312	0.00170617027801667	0.00125652761261349	0.463731765878581	1.38491918129673e-07	0.940388111289506	0.00761521193354659	0.00256944027401265	0.0796912503369185	0.0334817688410547	0.0278959397890569	0.0676276660934415	0.0227240073443674	0.00322778225683358	3.36667635549917e-07	0.086615141646044	5.78213341048188e-06	0.0934991947384523	0.0702757191285607	0.0168328485478648	0.997490178841892	2.60448493560361e-05	0.0677545299699068	0.136079329918611	0.00726868059591686	0.000248120717813902	0.148179944348832	0.545064877069397	0.000575594569715641	0.00660984136261481	0.511403967621003	0.208082173713584	0.000138576740794043	0.386349371079204	0.0233720799481988	0.00117956673138493	0.00175229735870999
"SRR39238544"	0.000397279432303295	0.835201328828456	0.128419173727894	0.406825237220308	0.869433686918585	0.362990039792275	1.00771391622866e-05	0.115957229336622	0.391415977433645	0.00389790431378031	0.0230803125514277	0.0544384854693163	0.392276166322779	8.89037733341776e-06	0.0651170221029889	0.00228543480559138	0.159891813824018	0.181110501734257	0.164497416539419	0.58570036463838	0.337101059619829	8.96099300018683e-05	0.00663727500571944	0.000129676063249549	0.993086337388514	0.12709533204454	0.0143453298987088	0.0796258275859534	0.0547795517773203	0.973832177517574	0.685936665901182	5.12964113657809e-08	0.027179172994256	0.0271012788777362	0.0171345053517937	0.1323866629456	0.940979413995575	0.195124817482449	0.0320838019765473	0.049548303556935	0.99131090913489	0.999930781647572	0.789330078543378	0.226898583462209	0.973578331503667	0.191565617349476	0.884568543305729	0.00105361482438659	0.989050945397456	0.129465275323355	0.00119454681332236	0.209558800426952	0.911435358349868	0.0206212419544697	0.0660775843342119	0.104254413091905	0.00704726623261119	0.00384329076655708	0.0169664582629966	0.00163306964450024	0.00547470826338342	0.179584045281682	0.221322235739977	0.956550126423933	0.000559983619934152	0.819174839288308	0.615921354277134	0.019895997895296	0.00410420589292799	0.248991881456656	0.0153945877785292	0.00949654063107406	0.201670558099725	0.306280745837478	0.105270490075503	0.00377662810328789	0.992190638335808	0.989483860309967	0.0181863836739023	0.945509496461673
"SRR39238477"	0.292425556517603	0.931456272282354	0.000305357566205319	0.750067658766944	0.0902396174056404	0.609352941296852	0.00339387353099369	0.690782313901922	0.55168587742788	0.535135558965734	0.00998347749183701	0.0110240883779702	0.130341038942495	2.52842685860134e-05	0.749018082099221	0.267114108437249	0.866729990352812	0.047089200981969	0.990095744782001	0.999958381060743	0.000566014458688504	0.0112039428104833	0.0233035564953797	0.0350653607160851	0.999690655842369	0.0195167228095287	0.0126596516164538	0.719455684977603	0.944232076819954	0.837512520206092	0.789114718982782	0.552042956598569	0.376060935983303	0.305691042221484	0.369330999198421	0.00185278062437623	0.996542306215761	0.998949114116499	3.58519257498947e-05	0.0351342509655881	0.834324718441211	0.999403457530456	0.999553517720094	0.992585143576379	0.000350372737819326	0.136328123103534	0.657104388776061	0.878747937308079	0.999565765119097	0.32209811896441	0.380281860796957	0.959328645091323	0.883096998410178	0.00206024208974502	0.153043947957761	0.999634403069825	0.0484462179877647	0.00959908621496582	0.95944938471847	0.795457034354044	0.000917781405325567	0.000213478168807324	0.240066845893289	0.999826205978445	0.130564037325795	0.880617037350799	0.466039328081185	4.93102674157755e-06	0.0231257540911001	0.18389849848213	0.111514135355015	0.0316805608216788	0.978546691540186	0.97765536546244	0.0794771482654492	0.0847462748446289	0.984670377034892	0.0012745519802525	0.998065885779844	0.238334921497908
"SRR39238460"	0.000156572909722987	3.05790527481191e-08	1.35672627692559e-07	1.25569390674519e-06	2.32326425100988e-07	4.29862040504366e-07	6.66438094083625e-10	6.86815790810089e-05	1.86862378683313e-05	7.58598671185748e-06	7.37204752957113e-08	3.72316309773001e-06	8.7021889276792e-06	2.51275738069505e-10	9.76195735866599e-06	1.49202157512525e-07	3.02999811019336e-09	3.82285030137895e-08	3.44123932999768e-05	2.06642814069212e-05	2.95741695535956e-12	8.24966455254253e-11	2.50521405787311e-06	3.21221508291824e-07	0.0273168709134565	8.10805370868448e-08	5.05037181879002e-07	7.51246411079272e-09	9.85412943052815e-05	0.000231389007597358	3.47287699254637e-08	4.34836084381834e-09	2.65579976515556e-08	1.26378662108098e-10	7.34571352088389e-06	5.94490841673388e-05	0.0331097949919149	0.00882997171959682	4.78349253049958e-09	0.0257765636820806	1.51501187344953e-06	0.000482130082577536	0.931494363977887	0.00908357195982087	1.25165126424771e-12	1.25060753460006e-10	1.83795419636466e-07	1.96911158210692e-11	0.000434858301105839	9.02154196410428e-10	1.07731606752893e-06	1.84576061119412e-05	2.00441574859611e-11	0.00566594464805054	0.000112771292035755	6.32275086662227e-05	0.000451424606023703	1.54596873840051e-07	2.2089340159707e-06	3.18014365595109e-08	9.29493796328652e-09	1.39659586190446e-13	3.43879244692595e-08	0.0529171315810602	4.02541125788434e-11	3.87851682982161e-06	2.00469097572028e-06	3.4327581210465e-10	4.68915127369397e-05	1.95599301597072e-08	1.22385756176598e-06	0.000258366257832836	2.99634071889294e-07	6.41804620863544e-07	1.35729024907793e-07	2.35632213171533e-07	0.00418089371917205	7.76228197627763e-11	2.58628908978598e-06	1.60384647809901e-07
"SRR39238459"	3.51490303494059e-05	0.995208070865283	0.000644496734391226	0.376411857066783	0.0202691099985561	0.000367621380948018	1.80051507114392e-05	0.00145681250253237	0.0598485492772126	0.475103652969806	9.26773681239451e-05	2.46606411940405e-06	0.548960589407168	2.37752448953578e-05	0.204855477614151	0.871409133717232	0.000629534843906265	0.000489238111170141	0.0373329856414814	0.526285344697551	3.50021166848725e-06	0.00232892887652874	0.00431553778803023	5.90741981731075e-05	0.212839698380394	0.274133585713578	6.88054738017583e-06	0.991736123778787	0.983180955404683	0.929004159707314	0.0150517587914777	0.00431312973813234	0.0213353682443504	0.998002101958499	0.00251714220988715	0.607438856289695	0.95964591067777	0.597601883448551	1.18280505937703e-07	0.000111477702270331	0.0187639958926245	0.800182165985896	0.852549714882962	0.948988216951012	0.0185517607489923	8.61737758463873e-06	0.982212775586432	3.96328125405135e-05	0.29495701469891	1.02463778186336e-05	0.104834320456759	0.583483853565026	0.780934944929259	0.999982922413812	0.0108486248714651	0.322000396118451	0.1536637606963	0.0253397635976678	0.00885389782653879	0.0982310449416299	0.00105903640250952	0.0323657449724432	0.00286388689274238	0.00582591687077494	0.000830224539800535	0.88472732960351	0.833369151951632	1.25039637860815e-05	0.00347446486878443	0.89211714621302	0.00150092286694525	0.00132211699586466	0.0977682530082534	0.0469888014576997	0.0160529057257943	0.000496302377334415	0.00299244531724509	0.985917706278604	0.00222211741699159	0.00210256530561981
"SRR39238543"	0.00865166779971771	0.00954506048380247	0.994878598518209	0.434807277818512	0.891402626739526	0.181248781283311	0.000497746169799574	0.180427127648414	0.865734877749394	0.000671483643299111	0.66479501595843	0.285822491557447	0.288553620856383	0.707907610394025	0.0210594023782256	0.276148255769171	0.106913036266931	0.500508333415482	0.016435588385301	0.0380143363732033	0.868099456073256	0.154864117352337	0.0367394167469917	0.000423311852507852	0.103789739354858	0.734889180788593	0.101332795172377	0.156816496560581	0.0271802726452279	0.996247428742574	0.0204051807956856	1.24600660288801e-06	0.477219058109222	0.506084781247911	0.459942904354618	0.706588486887772	0.408474219770231	0.0379276735173732	0.995579025473303	0.336937456321361	0.981449293328261	0.970014081251057	0.132009078839497	0.243789167709957	0.978248654736863	0.00708484321995413	0.959260203068033	0.0548573429660972	0.650087385810284	0.135603564693654	0.00330297736337958	0.380372624132513	0.954535214512905	0.242146102043856	0.246841031540838	0.0276087680848911	0.410877355874797	0.742465695941655	0.00212303375995893	0.0548835275989662	0.749881330929452	0.992621950227974	0.325817885834383	0.474036897754997	0.0337201378063363	0.204073652380406	0.943188146692107	0.647436274081525	0.0661444418982205	0.990198093003935	0.0323449545956216	0.873315613651462	0.0114935354473476	0.13019264869511	0.0112775317113531	0.845862172562027	0.915052324765956	0.975748034613406	0.0425134043563125	0.815097703012927
"SRR39238458"	0.00221852194246838	0.989484634219072	0.80990627080135	0.694466329296704	0.982356658949538	0.100130145011484	0.0409974971693995	0.061333004909367	0.745220276394447	0.9944442787184	0.00130460529519933	0.000124684817232979	0.999362299163368	8.61189946535808e-06	0.999752199757804	0.996600681904167	0.285329668135391	0.267005722855755	0.999369656559522	0.999997642263084	0.00577825981140424	0.00895395544346368	0.00393308544900436	0.0137597105463596	0.99891241350895	0.843575918667543	0.0745636434418836	0.999990400264889	0.986800281406114	0.999827529382731	0.978404737802693	0.942225120935051	0.00818341083498193	0.999996752426157	0.718370001397875	0.991630658318834	0.999460337159947	0.999968764073992	0.000147837720185924	0.0210470050603323	0.896424474823605	0.895059668617418	0.988408988644489	0.984001350408794	0.0235170300230391	0.00237559289497148	0.999808849822289	0.0551185737304836	0.999755682234944	0.00174051166228925	0.982036121768509	0.999154075846427	0.999999289639482	0.999999998333916	0.00493721348402637	0.989119141770714	0.35447026369761	0.991955408177148	0.541688724070531	0.991734878736657	0.00361297568027918	0.917733753201447	0.988840177224387	0.069639359752458	0.0127529845856059	0.999891937247997	0.993816941418344	1.20895479681283e-05	0.00133978480977676	0.885095513032756	0.0134473868824813	0.66041164909974	0.93997016989619	0.994880367911025	0.958004665734445	0.0853756727480614	0.672652036039392	0.999984360368112	0.973094134582157	0.976145855206237
"SRR39238542"	0.973968724630072	0.993052212685643	0.292068837248786	0.97511457950019	0.57423195571058	0.112802053971619	0.997047118928439	0.937779638146016	0.885695388493497	0.964981445893245	0.390231795072863	0.171905883650534	0.937503929907746	0.570058843986246	0.647216694609798	0.96523171259248	0.508150838377858	0.949146321141507	0.792127372288377	0.651833104151315	0.0673482851439077	0.828462564055296	0.89774323609779	0.946869177545079	0.992078469797853	0.305385131005515	0.141971718818363	0.701708153981525	0.828466485599485	0.665480484934131	0.506854876543881	0.518815845320437	0.973169819655709	0.996826055135251	0.922269310014214	0.983997090643467	0.981166815737341	0.994215889364498	0.00712105940825087	0.957992063785639	0.431646576747533	0.851610208294908	0.992598947977896	0.979326978580848	0.989244342456068	0.199460580309566	0.863788684313209	0.22996556568381	0.948213612000728	0.723572329999426	0.853602384635123	0.670209900725067	0.88091967178371	0.244842754183985	0.623637880762855	0.975301522529676	0.954336106733877	0.532868501742779	0.760434641894476	0.973326181909392	0.893013479030817	0.767538640797251	0.983869882572416	0.0508471096090711	0.56484462748663	0.917416057117872	0.579582756792836	0.169226329415499	0.996284549112413	0.414995332776059	0.913552350217085	0.990425465023707	0.262588604459	0.767901585023242	0.492250169691901	0.607085494554275	0.173534142215241	0.713476398402062	0.0817966410227051	0.960612688839278
