"Model_1"	"Model_2"	"Model_3"	"Model_4"	"Model_5"	"Model_6"	"Model_7"	"Model_8"	"Model_9"	"Model_10"	"Model_11"	"Model_12"	"Model_13"	"Model_14"	"Model_15"	"Model_16"	"Model_17"	"Model_18"	"Model_19"	"Model_20"	"Model_21"	"Model_22"	"Model_23"	"Model_24"	"Model_25"	"Model_26"	"Model_27"	"Model_28"	"Model_29"	"Model_30"	"Model_31"	"Model_32"	"Model_33"	"Model_34"	"Model_35"	"Model_36"	"Model_37"	"Model_38"	"Model_39"	"Model_40"	"Model_41"	"Model_42"	"Model_43"	"Model_44"	"Model_45"	"Model_46"	"Model_47"	"Model_48"	"Model_49"	"Model_50"	"Model_51"	"Model_52"	"Model_53"	"Model_54"	"Model_55"	"Model_56"	"Model_57"	"Model_58"	"Model_59"	"Model_60"	"Model_61"	"Model_62"	"Model_63"	"Model_64"	"Model_65"	"Model_66"	"Model_67"	"Model_68"	"Model_69"	"Model_70"	"Model_71"	"Model_72"	"Model_73"	"Model_74"	"Model_75"	"Model_76"	"Model_77"	"Model_78"	"Model_79"	"Model_80"
"ERR1624539"	0.342603248149878	0.242964182013034	0.188633288614622	0.21856396509138	0.194626142478448	0.214488264871678	0.122444071559511	0.263668150504608	0.197367854140716	0.237797786396983	0.19247525511455	0.214895420731588	0.283744766281272	0.218371031079279	0.166273769883994	0.203707085959215	0.236535425427841	0.129688714632623	0.242813976829472	0.155097221862589	0.123966939101009	0.159568577135224	0.149224745525083	0.170810235744358	0.110341921121557	0.16347070693203	0.160473576169594	0.113741399098696	0.112637026376962	0.205066036381212	0.263858021325435	0.0730504429482437	0.1455737450573	0.175192041600251	0.221271718662506	0.282473428233835	0.111824314911525	0.166337777000808	0.0832878171529175	0.32920627519178	0.312402679975	0.142964567827527	0.309599424575565	0.164527568521741	0.145203900549799	0.246903947967309	0.253898884335118	0.120906148746536	0.0773528945866734	0.177039837400153	0.178935304995119	0.300843452627465	0.213393772191432	0.131624379171335	0.351597182007116	0.0710776782915213	0.324032001620478	0.326404090386536	0.11068211770194	0.284142910606868	0.199387094679555	0.177632997837548	0.155665351966682	0.197321018200665	0.153668709897681	0.168193309947812	0.290673988840059	0.176773909421869	0.138046432570366	0.323764609824329	0.093647684042209	0.228830793352168	0.109528025545851	0.171225253951522	0.255935014078709	0.144536166427767	0.0909867606103901	0.159766401636763	0.246905929627878	0.138273591292002
"ERR1624542"	0.306533742175075	0.262892866950789	0.234019582646496	0.22347679009515	0.202221626218556	0.374518528674803	0.188173437545348	0.26507457177386	0.268498662523689	0.250077627318916	0.211474280312172	0.233879846016209	0.228156101194369	0.397950004695482	0.173993158550226	0.182930244388395	0.335052461634552	0.145730201842446	0.242813976829472	0.302312312856262	0.169682331868219	0.128457661439794	0.129374013120286	0.163749404780959	0.212112834113412	0.16347070693203	0.18719010026991	0.12326535988471	0.15982551539901	0.247745305327644	0.270095074110149	0.115592355219092	0.237401332689609	0.202920606548685	0.251714137162823	0.266756553795334	0.214263758552026	0.18849051455134	0.154161369046296	0.299206604840919	0.312402679975	0.247891171259165	0.371228332192898	0.191594014870631	0.157915377965719	0.258064123886545	0.255815421058395	0.142702054623205	0.11745466775936	0.252396336692199	0.288027537383254	0.253870528602326	0.220532902460867	0.142697695638922	0.454496759039457	0.131136635430536	0.322136002414524	0.327005017247326	0.203807642220682	0.226466484104793	0.247880042032667	0.172346525085633	0.201102371676693	0.156904035140008	0.16515217450935	0.172386739807381	0.256908974929268	0.214795788582432	0.127470401174099	0.310473667267041	0.137437389557133	0.370501986689705	0.151938355120927	0.407655419164724	0.348441560715807	0.249191755026956	0.145035187680991	0.259545274156226	0.223879799391352	0.152889423429854
"ERR1624545"	0.276216162695177	0.270659069440137	0.234019582646496	0.241134123857493	0.223368426674449	0.374518528674803	0.175985235088501	0.226269603896665	0.366184119618719	0.232283669331387	0.212314396068156	0.233879846016209	0.31801335674865	0.388110067597583	0.207033516762552	0.157494383059197	0.188432264086697	0.163056080246344	0.242813976829472	0.30478017060174	0.169682331868219	0.188830713389016	0.111857678942282	0.260906417131689	0.138809473509128	0.16347070693203	0.179479456947686	0.202161919014802	0.151726947599657	0.247745305327644	0.259093736854902	0.160125328602869	0.271686826100746	0.196135995687651	0.248795280603259	0.338071335713747	0.299792459641361	0.209479604632582	0.246387291893242	0.320648708325112	0.312402679975	0.303450013352458	0.335547288064532	0.188701783630801	0.135628042889323	0.257460426438774	0.255815421058395	0.162080246353759	0.140677668942314	0.234840183910002	0.36176125495213	0.226680982464643	0.228115334025168	0.166237899034092	0.41216487368419	0.167757528154194	0.351446280832633	0.327005017247326	0.127008902873812	0.178176287267464	0.221823695861334	0.155513182046713	0.230226808500542	0.104472115658728	0.139866783674792	0.137008238577854	0.29893940225521	0.214795788582432	0.22866370318291	0.299048101861928	0.124767047733826	0.252532650476046	0.164547496684418	0.385590789451405	0.30051779791645	0.332156026054703	0.143360771710773	0.213080666314458	0.201495552300711	0.17767803283776
"ERR1624547"	0.276216162695177	0.253208037374371	0.234019582646496	0.202342896076966	0.177494612847841	0.242519731605965	0.175985235088501	0.227568976033653	0.259362502347527	0.199943355806524	0.1304003476627	0.233879846016209	0.159051225818187	0.388110067597583	0.168961419606601	0.157494383059197	0.26811101883316	0.106061693407279	0.242813976829472	0.29918449009365	0.169682331868219	0.10488477436393	0.111857678942282	0.143381517320149	0.144279220990602	0.16347070693203	0.138989259124351	0.131945311893464	0.12578347993619	0.247745305327644	0.259093736854902	0.103306436369479	0.236809773956153	0.191111887567479	0.195400299608102	0.162321772501607	0.208573783185332	0.104837551651449	0.135126044072436	0.198448039252187	0.312402679975	0.216048198347055	0.335547288064532	0.147304371236942	0.107570256675444	0.158210014339114	0.255815421058395	0.0966065615894557	0.110367238980609	0.221838390744697	0.246855490604415	0.20642528909468	0.16837330176255	0.132537378918809	0.392482734107692	0.0907234521509196	0.321867351892356	0.327005017247326	0.145321497698865	0.159954334116428	0.208147477909762	0.121957733678769	0.156780087558856	0.0911092087332113	0.113511884214643	0.137008238577854	0.157844023885577	0.214795788582432	0.108935267670092	0.298879385949954	0.134560614327145	0.238841163891399	0.108584011739902	0.319154881176257	0.30051779791645	0.248287512209368	0.104954971619494	0.213080666314458	0.198547278264501	0.132791544693749
"ERR1624549"	0.335050009851939	0.256865718782425	0.234019582646496	0.210205020130065	0.186613834178584	0.521628969608337	0.199572755389645	0.449004229215327	0.299367130999317	0.293581693770197	0.306443805708674	0.476171064523315	0.250181617415197	0.487321091775876	0.179480693828634	0.240089229513953	0.439724063055835	0.358371680183418	0.389326204900099	0.300372623803581	0.406761843129922	0.380574779078965	0.22366440557169	0.223393675831019	0.238325278142544	0.16347070693203	0.348531495557521	0.124538678104442	0.168698228010685	0.40838143187081	0.280143427597442	0.135555563912033	0.690344611294835	0.442560840292825	0.288569249551223	0.219854659230744	0.484513934947619	0.242657604714568	0.173825111535966	0.289086834048938	0.361175223255954	0.221830155176657	0.413895157046001	0.306898754124613	0.321124751974232	0.332838902658388	0.271550726529709	0.146354599647866	0.30919547177024	0.575086053765588	0.253893638096353	0.331936685481264	0.294585254876373	0.162659316913163	0.504762971220492	0.173427896620907	0.405562620430166	0.327005017247326	0.2364959577833	0.485086686547756	0.296031901583933	0.292998153701749	0.354315011361923	0.3683913392973	0.245279235428535	0.323351330782648	0.229317873160908	0.393878844293739	0.246226828872095	0.451314311126065	0.432573434605841	0.440664603757306	0.155836823394782	0.365652510751514	0.62753921327853	0.295217894056474	0.222094742531921	0.491978238687762	0.245426261080059	0.18396425864517
"ERR1624550"	0.158863003685009	0.256159977023481	0.234019582646496	0.208676570927919	0.18483336953112	0.365472918203022	0.175985235088501	0.228930861675092	0.186933837832656	0.223721971132741	0.158240461258022	0.233879846016209	0.307903437637914	0.388110067597583	0.150302196453164	0.157494383059197	0.318502272664665	0.117582567994543	0.242813976829472	0.300144036494807	0.169682331868219	0.115156596103426	0.111857678942282	0.177634024675714	0.210228524701523	0.16347070693203	0.148662102501376	0.12411002993497	0.124979108368022	0.247745305327644	0.259093736854902	0.0905265776661247	0.162451938841035	0.192401729334764	0.218852711361008	0.154617186585357	0.227503436192293	0.139621829179374	0.177218018844134	0.213914000105044	0.312402679975	0.228515977217947	0.335547288064532	0.186572742319633	0.127280676717439	0.257460426438774	0.255815421058395	0.127469797305171	0.130465631195127	0.221801730616859	0.246729616622215	0.211212648919452	0.191173507269922	0.120785371257838	0.41216487368419	0.167757528154194	0.327233037896903	0.327005017247326	0.182297385818274	0.130981022782353	0.211127196966896	0.142148986056809	0.171999413809728	0.0944058063512289	0.130043086313289	0.137008238577854	0.161699992259915	0.214795788582432	0.157350722197448	0.298910545413747	0.14827393950211	0.305383918396285	0.117005890407168	0.387818479747794	0.240748590581784	0.262665271175685	0.14096863684495	0.19037831314948	0.199052738744205	0.113499239411353
"ERR1624552"	0.276216162695177	0.236703135343419	0.192822924540936	0.200520273253804	0.173919147816485	0.222536068192233	0.110706935875999	0.19382679206135	0.187606742898371	0.155860787831363	0.0921644664203788	0.21673074956802	0.142844825919094	0.26137467948445	0.178639878999796	0.149446447942112	0.190424148939497	0.0808742247443861	0.242813976829472	0.170388676681555	0.127987708100611	0.0999213724438294	0.110121035068546	0.143226190998694	0.0796817923254731	0.16347070693203	0.102936674671234	0.127820117289001	0.0795852007425366	0.211940797309924	0.242971400436529	0.0646347417447535	0.149585342669956	0.159537162414646	0.146578131779549	0.168556957373492	0.11395459097761	0.0710052464881052	0.0701402008186053	0.19360627901302	0.312402679975	0.133885509305367	0.251879865013208	0.0986364432761833	0.0704503188564573	0.0907003401808946	0.25408890763585	0.067633210854717	0.0858720288362674	0.157555116345821	0.173684665770817	0.210988760816508	0.120615787677649	0.11500301639275	0.298134086369918	0.0388593432147797	0.32110565456156	0.327005017247326	0.0684709872198082	0.140645768483076	0.139616924613677	0.094701492398056	0.141927263539116	0.0702456870909373	0.0762805662606607	0.10515889930348	0.164935491389414	0.180302213258381	0.0999780657826674	0.298874940878327	0.0949906165790319	0.11221971564571	0.068367586275827	0.159794130697681	0.18796971305523	0.147819065509754	0.0495954290301779	0.107376172335326	0.194329004058178	0.111694231067877
"ERR1624553"	0.329576191704496	0.252586180920122	0.234019582646496	0.201020988210246	0.175971066888431	0.300683477066739	0.197386087301354	0.293297467646086	0.254184651909439	0.281824727258195	0.260804048756889	0.233879846016209	0.248587786632944	0.600879598083991	0.168658133746309	0.203240352895896	0.500315866184399	0.178978053563006	0.242813976829472	0.298981637629452	0.169682331868219	0.198105005396982	0.143456001172721	0.215518351885912	0.179872179475369	0.16347070693203	0.216167335913106	0.146132647503533	0.157674899296709	0.247745305327644	0.278232879590865	0.111902423250963	0.228990454683557	0.210440810059709	0.253207786914151	0.178494948852197	0.245457489524343	0.201147847722473	0.189066726137503	0.481301507224509	0.312402679975	0.214994574881816	0.397967540440219	0.215295807340756	0.195044121415477	0.328091901238664	0.255815421058395	0.133326606049251	0.114349126842688	0.269353581458644	0.245561634897194	0.282789274959823	0.282003333084931	0.146960219951293	0.495593328144298	0.13624322697275	0.334087093226431	0.327005017247326	0.22511944713708	0.279389504328244	0.286702629142198	0.22102911485154	0.301170246959579	0.219151770613023	0.203638161164084	0.202232842626151	0.191101858343521	0.214795788582432	0.16767445297515	0.31908179472726	0.140605161106484	0.434033509319744	0.146722147610224	0.348002597686482	0.385196882449176	0.281969280727594	0.169319955619263	0.296996121795026	0.240200957490135	0.156681048043478
"ERR1624554"	0.377088394597401	0.265079827119541	0.234019582646496	0.228387136642969	0.208060486835261	0.75147605433391	0.197453444186415	0.558938464930249	0.283830906919127	0.455490486560602	0.431959680285905	0.506625719276038	0.580945551020376	0.494759819551486	0.218494570212165	0.238482310220681	0.495536781315867	0.427540335217409	0.441596565924198	0.30301075758926	0.439758834375262	0.380443324038604	0.229019462480659	0.296972530963357	0.318833873639536	0.16347070693203	0.383048843914277	0.150576880242348	0.179784256944252	0.428495264570257	0.278291848187748	0.260209001405635	0.79923002073213	0.614927588352447	0.504607085720658	0.317380277921129	0.555104735776211	0.457047802132952	0.344674710671964	0.351475902156607	0.628179103980139	0.255605272467336	0.408816311244684	0.488404722484031	0.545241598986824	0.570337292154637	0.273345745322805	0.333382692680139	0.458660231220974	0.71927203040371	0.280710901765164	0.550884187264801	0.435736865373194	0.178185012817042	0.517958059759798	0.525104217633058	0.422012740716886	0.327005017247326	0.47468335308647	0.584984141805116	0.447849810374451	0.418104660044223	0.474901072443755	0.399421580005074	0.478229483516886	0.451036421805396	0.419388464942527	0.440797414997471	0.495717807336054	0.63632616739184	0.547913194954611	0.582371757025813	0.295590397014416	0.438311693599146	0.712770132178025	0.313702709326445	0.515864292714438	0.660191238676625	0.242770527898481	0.247369295290918
"ERR1624555"	0.324625996216335	0.265349409497765	0.234019582646496	0.22899583892618	0.208786603776774	0.256282975113474	0.195408437174668	0.287708966800196	0.245213331531126	0.264655840356359	0.218649542616778	0.233879846016209	0.204204921618127	0.403598444111716	0.159302137507151	0.198806242797781	0.372143938166113	0.151245466949523	0.242813976829472	0.303096660596429	0.169682331868219	0.131110386318586	0.140373159539063	0.161167257718165	0.233294127501284	0.16347070693203	0.194838398078648	0.110665846893769	0.176627000898538	0.247745305327644	0.276498158126624	0.105599188820582	0.23085685421198	0.207216853346663	0.271415340218306	0.306101245709499	0.212755141051847	0.201506152204779	0.152146162632444	0.340337544266241	0.312402679975	0.255512204747028	0.392251675497652	0.200118201650955	0.175958924847999	0.274109949010429	0.255815421058395	0.152788754519952	0.101962412368593	0.248564036360278	0.281220589886233	0.273297323972979	0.247564254634549	0.13984621022492	0.481655831326101	0.122500172699853	0.322906013836254	0.327005017247326	0.230154346025519	0.261139377270334	0.273021342819992	0.197435979957079	0.204174133958208	0.197095460548181	0.184729354170514	0.19560974816095	0.297229973315308	0.214795788582432	0.108129435253452	0.317197871902658	0.136179984306155	0.390885749311389	0.173264003066943	0.407794098375958	0.377291859619812	0.251345232165653	0.151693828018433	0.288813715103356	0.23871807862944	0.149708268396199
"ERR1624556"	0.330881809245928	0.237907063618701	0.182767389878362	0.212519176667792	0.187332344415586	0.382054747448246	0.110677327202373	0.351092664416829	0.198470569736539	0.220711557838822	0.2044122781129	0.393364965005676	0.260282367711794	0.467864893332838	0.191445577966086	0.215907051298263	0.358565054834896	0.240300542941745	0.357922568597656	0.145542917061555	0.26239481422179	0.332024954626699	0.19965865425051	0.225745503247372	0.109830790101625	0.16347070693203	0.230211893311846	0.128837118255156	0.0967918455162218	0.31601997509365	0.25736015909994	0.0741512182761644	0.421716876875799	0.32582754911193	0.209044133365281	0.249309619919028	0.23984477853881	0.160158566657088	0.0852608395395308	0.513358415577687	0.35137933124882	0.127407856271094	0.291173286723308	0.192605209223173	0.188803186523647	0.204286914922	0.26617213450719	0.102542862039496	0.200082999877563	0.373646013524758	0.180369863158584	0.326200006039216	0.204360306749096	0.133322914468478	0.372716745832873	0.0661949918607708	0.392591736224652	0.327005017247326	0.0905995721272661	0.394406795056348	0.182105724605799	0.214335992729866	0.273881512478091	0.251229513547918	0.150959050484828	0.219346170425804	0.256927855764151	0.293892306720187	0.230398975400922	0.423007876293824	0.253036172963418	0.181617247546673	0.0919249381416506	0.153100371338375	0.38306944850314	0.158766291906557	0.0923082273151401	0.223134240626451	0.2363395341511	0.143177237291732
"ERR1624559"	0.325194170399427	0.231806823423478	0.171536783477427	0.209442484035298	0.1832896733526	0.201608728039821	0.0938680985044253	0.227996757980957	0.176481617830918	0.224277101145202	0.250975446036902	0.207188996531787	0.454304400579643	0.356018421507558	0.212137195428616	0.184137076308867	0.349303476934722	0.1391312780458	0.242813976829472	0.119102511468076	0.108006841702629	0.179336078827757	0.137393477883294	0.23695462943654	0.104148247412862	0.16347070693203	0.160333415749046	0.140079776650199	0.0906672211720062	0.192938627079675	0.25039012939435	0.0752235142176406	0.118763149707549	0.160412921224357	0.189400672877018	0.249024083675904	0.089305167005777	0.176427265943948	0.0859529078916551	0.494352577738243	0.312402679975	0.117167474972365	0.254232085896836	0.156614544997567	0.127512943021967	0.268508748995718	0.253088871720231	0.121864758199977	0.208564980627419	0.185691666159833	0.173815393279007	0.300628619361395	0.184206450561831	0.131042611872329	0.352570737843611	0.0794395605677513	0.329705452840861	0.327005017247326	0.0862537282291756	0.254479822255603	0.152849837501529	0.171289355263017	0.160885441807401	0.155381806047944	0.1336069648288	0.131834243935474	0.244766358847621	0.162322934565364	0.218754564786378	0.317447577610241	0.0884047102092914	0.157429495756542	0.0864702017532204	0.132488549485813	0.186169468597152	0.119492651506768	0.0780040971089682	0.101597269467672	0.23016819949177	0.142660815215529
"ERR1624560"	0.276216162695177	0.242422578057738	0.178536640283863	0.227316995868359	0.20447070460128	0.197320685985807	0.0918779353965911	0.183596940806346	0.148704478290133	0.140562950109711	0.0714634018073168	0.210388654717551	0.149020261366202	0.220449367434113	0.172117888652202	0.14644571250921	0.187745823860886	0.0652171535670784	0.242813976829472	0.136498370654482	0.114453309339552	0.0880592979386514	0.109460107430215	0.130077016484768	0.118598081916841	0.16347070693203	0.084524691890448	0.116841953518861	0.0768952440840382	0.199231552857429	0.236961270274919	0.0490161976643077	0.118885564662605	0.147429611818912	0.149826422809895	0.294541231709819	0.0834950492181848	0.0686743546856935	0.0513299216383038	0.272388892065435	0.312402679975	0.1364416512141	0.223675602258165	0.0874573223398645	0.0590722104587631	0.0771379104252123	0.253427612388395	0.0759668818744992	0.0752722097964788	0.135637835609995	0.199794841653856	0.210847307828535	0.103080488653322	0.102584110298485	0.267294001864431	0.029346171660398	0.316763645968959	0.327005017247326	0.0662415462082015	0.135407399636518	0.11770029509907	0.085638876568515	0.0863183112824174	0.0609724826177972	0.0640975132903875	0.0947690394127115	0.2682006123039	0.168250657297209	0.0914499834473267	0.298849495425816	0.0865284019167574	0.0849244054047809	0.0719648989605614	0.167795484589014	0.154352898518633	0.113361293261937	0.037842183302393	0.0809459459468292	0.194820751543146	0.0960620649806218
"ERR1624562"	0.276216162695177	0.234102903128413	0.145850455102179	0.216110014292723	0.190954253364868	0.227794747064576	0.0818791487182131	0.115886191971921	0.155187185033086	0.138374026783681	0.0723864636650913	0.206597311664765	0.188004407106608	0.197901915306169	0.179671843414261	0.144644622979939	0.0665748593300157	0.0638226490598543	0.242813976829472	0.116803034899526	0.106842539258734	0.0932470171000679	0.109059708887759	0.126779277091521	0.0138939036371157	0.124136380238798	0.0818097745942635	0.121553376662077	0.0650985707513297	0.191783940286667	0.233355260518244	0.049068706086307	0.110236602568096	0.141682139777689	0.137543509449498	0.116044138642476	0.0718509108587526	0.06473059068008	0.0469739613096987	0.118599164715265	0.312402679975	0.111109643038308	0.207651819590509	0.0862389694937252	0.0493679833737263	0.081633070378489	0.25302584253466	0.0554940489352293	0.0726571130714339	0.121477771771831	0.16294595492074	0.213263500750991	0.0978678961030169	0.101831123043084	0.253810950650898	0.0295199582474982	0.316344440320665	0.327005017247326	0.0276988530371047	0.136470323590657	0.0798971085065475	0.0844596916393762	0.0823405582650827	0.0322413783034124	0.061560285660769	0.0889064057206055	0.167148618966988	0.16123816777779	0.108138529711009	0.298847028997789	0.0767543076141734	0.0326312315068656	0.0416361671055523	0.117596979588077	0.136411917950022	0.0987789299260538	0.0352815436166036	0.0679115773607852	0.193047456821071	0.0874197698871701
"ERR1624564"	0.281203279323982	0.177950521583985	0.194432007417869	0.145665140333614	0.133760737674154	0.305100133925543	0.201783373278032	0.351926100411267	0.136198128789173	0.386872891392655	0.21446888165527	0.418862174482763	0.266215787839936	0.53389516330683	0.119073601254944	0.208038093050597	0.408943642439229	0.263808731183525	0.28225059369856	0.301855096475116	0.422966965235106	0.213421625457967	0.216134976463188	0.0842318885622279	0.287430437036893	0.16347070693203	0.243835091754767	0.0739050709002738	0.180850392395723	0.388468222611789	0.204816501933718	0.157124664764902	0.679662059048415	0.350077541981094	0.221860475820309	0.170448524847814	0.403041199358773	0.258097055559892	0.234211684756984	0.352113346596357	0.135172788424185	0.198717435529514	0.397085938342801	0.341193572124436	0.369424206513789	0.382829943483662	0.199655232504641	0.193018842438006	0.305177271812629	0.429444236064323	0.226631984025933	0.193569238851438	0.2555420422124	0.0972061459311403	0.345827256527181	0.443284503911187	0.283505429377479	0.187398500869361	0.290996838389473	0.479161745925703	0.27326410142761	0.322045411800545	0.245217344762707	0.371219521388377	0.266565666731519	0.31477653005443	0.15346313267956	0.372746365142196	0.196708989560636	0.193626234603998	0.482074032205852	0.394714596371543	0.183041888057366	0.398134248764448	0.626284816625062	0.231343178454697	0.421107944415426	0.539301952667835	0.200809544360064	0.129213651479413
"ERR1624565"	0.350426055030169	0.262119672878758	0.220865852464753	0.22175264959384	0.200179472863671	0.335013620725374	0.192493464830588	0.297308597593887	0.22244689865679	0.348944796740806	0.278721075240229	0.233879846016209	0.276073550622142	0.401339036789516	0.188546603493384	0.19234347155474	0.343498683749813	0.166305294303844	0.261584308884596	0.302064705991973	0.169682331868219	0.140549612818574	0.135888601984291	0.188698462546994	0.147537132942953	0.146348530036769	0.205134357070109	0.143668635661388	0.211106933448781	0.247745305327644	0.273929244996059	0.164146928639782	0.278905454019539	0.2828986439414	0.369831476745963	0.256158856210341	0.214495926889583	0.275654137337659	0.212933093423885	0.237948487224751	0.494843006867274	0.242858693837246	0.383801097128399	0.251282411268816	0.244749791955176	0.324964631951097	0.255815421058395	0.19641700738348	0.14094713179764	0.332122773159268	0.265759903523055	0.408679974172139	0.303200781963048	0.149891868799732	0.471021844651989	0.227908526733557	0.322108263500763	0.327005017247326	0.338880803316012	0.27935308364612	0.336673417096486	0.231023423561143	0.256404986186458	0.159751714584794	0.296095942582932	0.249317246619368	0.304021658084109	0.226704234738687	0.202796450107222	0.431567650919006	0.163173848420816	0.37853716989691	0.205787213672302	0.408626535899787	0.41975482964449	0.246091158273082	0.259722491733339	0.379175371358202	0.232289324282861	0.178395765703685
"ERR1624567"	0.276216162695177	0.259337626033391	0.234019582646496	0.215601176110199	0.192928321857999	0.276427653145627	0.303564847437158	0.289464986151989	0.262791857533624	0.20299691853096	0.163616403823054	0.233879846016209	0.172131329016108	0.551314966690771	0.174639249982547	0.157494383059197	0.294271789308098	0.172782309316538	0.242813976829472	0.301170822865592	0.169682331868219	0.174829565436049	0.111857678942282	0.215282934191361	0.276214265094321	0.16347070693203	0.281227984796983	0.143275161533108	0.338633138424602	0.247745305327644	0.259093736854902	0.103825441656073	0.233387902482813	0.293124797364692	0.336096858735907	0.238857955178237	0.19286048177438	0.121750009730176	0.134011573738823	0.418483795634059	0.503229865392145	0.460278060570768	0.570737644008865	0.281452011902412	0.173701194837765	0.20802365197651	0.255815421058395	0.152612126291854	0.114446625881891	0.27190055184895	0.534915824347488	0.259392610699996	0.22299511811364	0.142281327459705	0.369496102263359	0.0980384748605004	0.315260504062572	0.327005017247326	0.149845592482013	0.172298857264944	0.204859115126904	0.191438729509582	0.220527794480733	0.15412306891379	0.149242058688686	0.23699308802252	0.327995017039517	0.214795788582432	0.112723709483752	0.422967792368808	0.139575751172608	0.250285399662292	0.207716115081992	0.565877491348748	0.30051779791645	0.408077891244948	0.107474016209554	0.213080666314458	0.199593665461256	0.156466853379197
"ERR1624570"	0.325635404217043	0.254495095611807	0.234019582646496	0.20509254857328	0.180672752706236	0.267238806086697	0.195811735069415	0.287567123083879	0.404739413637353	0.275898248317112	0.232351625835439	0.233879846016209	0.263994006158551	0.591497673541978	0.161153615071938	0.199707271445047	0.452686044061335	0.160231912573993	0.242813976829472	0.299603540857112	0.169682331868219	0.156760843751732	0.140999201752163	0.184165549404817	0.159369985139011	0.16347070693203	0.199028327645807	0.12572114488888	0.158361461860066	0.247745305327644	0.276852445706365	0.141836141569304	0.271097990217673	0.207869028363809	0.255654790469413	0.193269841361397	0.232608705511544	0.189568924090241	0.180393634527082	0.482745746737581	0.312402679975	0.219772084391909	0.39341849272692	0.216408682651856	0.187484992040634	0.331460753016257	0.255815421058395	0.138628635928435	0.105429289314539	0.248638002699381	0.251637229599333	0.273112219361842	0.269499143638132	0.167186773487249	0.490918205940377	0.15165672093797	0.330033393713527	0.327005017247326	0.201208677832329	0.27280873096599	0.278503260191413	0.213520498725168	0.214969732094818	0.201497251857085	0.194557683229307	0.196950998342922	0.202697974672955	0.214795788582432	0.139858269630583	0.317611763060036	0.136405117131522	0.40099047462543	0.147110075369362	0.336354597008827	0.378903658067588	0.270656452119464	0.169188411323834	0.290476481488864	0.23743493720296	0.181360315507017
"ERR1624536"	0.306770554504667	0.252084164489786	0.234019582646496	0.199956990005314	0.174746849766821	0.662462630304972	0.175985235088501	0.39990287307765	0.241960981861107	0.271280772594631	0.149288691497231	0.428583687648613	0.205089810400993	0.453567833177483	0.178931313093433	0.178628827645195	0.360107281961166	0.196142767236597	0.38409185625152	0.298817693908399	0.35648729745564	0.20920093187575	0.16139113101593	0.188778376211935	0.204008180308114	0.16347070693203	0.194084287051813	0.145987209473124	0.124214270958954	0.377296217561569	0.259093736854902	0.1447474297237	0.648547570991231	0.46176103639617	0.303562106247752	0.158851860073094	0.440294254098225	0.139710825150429	0.200122384981917	0.191928011335569	0.538706559542233	0.211493430457539	0.342900248091483	0.252693773717457	0.240238734744701	0.195288521027183	0.268734765713304	0.142879713058585	0.282240088379907	0.519268177808089	0.221559103377544	0.352597877664763	0.241129379570581	0.13592257033822	0.392118813977748	0.196916272204025	0.390934225992157	0.327005017247326	0.275025189855059	0.306600605696139	0.306137307820928	0.198040403562824	0.254856783905442	0.146312057517009	0.212066200389338	0.272058925570709	0.205110904842541	0.374109281994417	0.240818662997925	0.52608694599431	0.407813577370061	0.343397287041744	0.159538877695972	0.351958547687301	0.541324383220576	0.284702585538389	0.225932733618264	0.451524255162488	0.198354071386815	0.154568428170434
"ERR1624537"	0.327938463167781	0.236362768828912	0.194044635042197	0.198694377258632	0.171881305336856	0.342988247764706	0.126814893931442	0.253219609073113	0.216188963760396	0.223695018919466	0.163265125432546	0.217262307508714	0.257437618702655	0.278631284297404	0.162733439306363	0.192280336280665	0.333139803415881	0.119339821163572	0.242813976829472	0.173506735688325	0.129168122051571	0.162904360714771	0.140363770259274	0.187966443823381	0.122636135316772	0.16347070693203	0.146075876816222	0.127250063822462	0.101555836595879	0.213019821696941	0.261315384440592	0.0738031702069575	0.15467853351005	0.174850727982556	0.196564526856036	0.182031898068729	0.132388755082823	0.126709839702111	0.0985761482038597	0.243854913953907	0.312402679975	0.132824524337292	0.306966567143824	0.155588754940834	0.130568419928319	0.219631465053732	0.25414374297965	0.0986929221916387	0.0836990941169229	0.187968195360288	0.163270337078902	0.277166751573727	0.205717213773436	0.130167234344265	0.396749048575516	0.0685042973957845	0.328543315210038	0.327005017247326	0.123883306797909	0.251964271458428	0.197424446058477	0.17606124045123	0.148872222106279	0.162485205604218	0.138005619984598	0.157446953866613	0.195784012248738	0.18133021271948	0.143540799846269	0.318448537190002	0.1050067998846	0.264464852285214	0.0923874488285707	0.199243140156373	0.254008772754894	0.164494257322368	0.0883288089930938	0.159731502207532	0.234170445576652	0.131993857887258
"ERR1624538"	0.301753315717937	0.254063073059374	0.219218842504802	0.204167528928847	0.17960222644585	0.344449602159689	0.175985235088501	0.231935863818525	0.214315586197489	0.272602492403392	0.237744229839991	0.233879846016209	0.216829450820207	0.593568518840502	0.209181084560876	0.157494383059197	0.350801597795298	0.13673005283409	0.258426314404626	0.299462998251335	0.169682331868219	0.11044970288091	0.111857678942282	0.192570118568823	0.108776137256616	0.144264893817397	0.168289098002349	0.156849130844387	0.144901240322985	0.247745305327644	0.259093736854902	0.147105678604689	0.263473918330856	0.254693684469277	0.277231509865551	0.130621071879437	0.216938321828943	0.177694741327397	0.190280035465376	0.334093006525187	0.463245154350831	0.237700314762462	0.335547288064532	0.188532263534302	0.157902334372524	0.208063824887124	0.255815421058395	0.144835129545949	0.329394632111724	0.317366700679729	0.251020348500077	0.320454478252058	0.216733234452192	0.135905365916464	0.394780663170491	0.168921628670864	0.32329105401505	0.327005017247326	0.240522857137983	0.181742633575565	0.255040646372931	0.150991329963903	0.221153256677904	0.0817266929223543	0.194395862643877	0.178229346547349	0.182848605343389	0.224709358876378	0.178409214271735	0.393665159486245	0.16189961358276	0.245900050694844	0.154110600819297	0.364130158755631	0.341833363578715	0.249457104274733	0.180373279925976	0.285665075548621	0.198693983939898	0.154212098811903
"ERR1624540"	0.276216162695177	0.255494814127723	0.234019582646496	0.207241000226419	0.18316441429135	0.276338733640031	0.175985235088501	0.226278239548293	0.227764075676888	0.203387994913611	0.131488746457261	0.233879846016209	0.181925502707424	0.388110067597583	0.168352216310224	0.157494383059197	0.222614867931465	0.108856369952022	0.242813976829472	0.299928305489691	0.169682331868219	0.0957871532988503	0.111857678942282	0.15083672062241	0.112505870967296	0.16347070693203	0.138358808915822	0.124690535814504	0.129014286128746	0.247745305327644	0.259093736854902	0.0969488772366679	0.22556458012598	0.191025482656442	0.202797692026398	0.180696402183087	0.226374713633793	0.111146384662684	0.152617534761453	0.212676932704577	0.312402679975	0.227997589909084	0.335547288064532	0.154035111778597	0.110279218555425	0.173402485469145	0.255815421058395	0.104825688736585	0.105259511817046	0.207919555972467	0.262634521511465	0.20663404216956	0.179396689350157	0.124360414335441	0.395991378232017	0.104779076725659	0.328026180258575	0.327005017247326	0.122582784395703	0.163109650120589	0.210763626012462	0.127949675255522	0.160678603002149	0.0908412961162398	0.115594774037822	0.137008238577854	0.172988928866633	0.214795788582432	0.100392087251068	0.298915129013957	0.127441278552959	0.232923622462865	0.115871488576463	0.308019648521334	0.30051779791645	0.264824821379274	0.110591229163326	0.213080666314458	0.198939094539079	0.125297404960418
"ERR1624541"	0.311269349122915	0.253643056650154	0.234019582646496	0.203270203204598	0.178565063233983	0.359587710848703	0.175985235088501	0.289412040306169	0.251457009489446	0.308647035128369	0.162516032256814	0.233879846016209	0.403962737937471	0.388110067597583	0.178546347538736	0.157494383059197	0.305327854478219	0.12314278488262	0.264205051545397	0.299326246495406	0.169682331868219	0.110748154484086	0.111857678942282	0.261422581546745	0.149794131807038	0.16347070693203	0.133530460180624	0.167434832118852	0.126394169417745	0.247745305327644	0.259093736854902	0.171175683401367	0.293409852619531	0.273228207104315	0.329278024720594	0.172389210667919	0.305569515796993	0.172517314050225	0.337346678486692	0.204492365412395	0.520920845938218	0.235569590977302	0.335547288064532	0.246398202049306	0.198475854338712	0.319909264022291	0.255815421058395	0.192284395386819	0.137794710291351	0.277934556499507	0.273445925738343	0.342620707764686	0.306513035588957	0.139301507950744	0.41216487368419	0.311050601662127	0.352839299265653	0.327005017247326	0.271009360655664	0.207494987655299	0.331814821628655	0.200540148985229	0.212546783886257	0.0955787385180764	0.227875594388445	0.195279383998268	0.226825606412979	0.22835733428181	0.216618080757298	0.430535331293218	0.164204241395207	0.33633598445458	0.19122094091664	0.32930704928091	0.357361668897132	0.332156026054703	0.260883322842813	0.315152401256469	0.19862194880028	0.161934481433578
"ERR1624543"	0.276216162695177	0.23881184263801	0.173039342299035	0.199322783650575	0.172804254477435	0.347500313256844	0.120225950883143	0.136833945443378	0.205324248998777	0.166239976321137	0.123299119832342	0.219627204731732	0.158301099792695	0.454097514503244	0.182988819831164	0.15081217554862	0.171779384843793	0.0886649696758784	0.242813976829472	0.188837657979767	0.134506506648105	0.100279501277168	0.110419361883824	0.155774823484756	0.0288890182748427	0.125810037479277	0.113424333677491	0.128134106956295	0.0967913177006528	0.217845508986795	0.245707384995159	0.0699518181484848	0.158510520043103	0.165399900818628	0.154667071621658	0.0806179734128491	0.128196356795155	0.0807533396487562	0.0797883013023701	0.215175442380967	0.312402679975	0.155401769073401	0.265305616793036	0.108757500311648	0.0684854641928084	0.109733249875413	0.254386632200856	0.0655607594173421	0.20291789347808	0.185203287499535	0.193402424838877	0.212699176690673	0.12819558495278	0.113349481133018	0.315448054278291	0.048691259545593	0.320277460309522	0.327005017247326	0.0636308470649033	0.145600322347302	0.115608098740778	0.100100364022491	0.121893895786842	0.0429781001446517	0.0842600369569733	0.110150429717286	0.115670051645626	0.185936737563107	0.105650997979795	0.298870101479696	0.108664786713402	0.0813799898819262	0.0600328709133546	0.215845171999306	0.204823201607423	0.160548798008153	0.0588212865098405	0.121569203150043	0.194931601088534	0.10285356777974
"ERR1624544"	0.32081332498113	0.236685455238199	0.192448575658889	0.200812781712095	0.174239144781094	0.255985702431328	0.122389474580857	0.243024125823991	0.212879810431104	0.21759054405948	0.170247104940668	0.216567549358951	0.260001515147397	0.351112864107124	0.175176555541654	0.185767467078377	0.334727584188686	0.124429639033845	0.242813976829472	0.169411225682155	0.127626728395397	0.174890342325629	0.135919526938551	0.202113883072024	0.108139707995015	0.16347070693203	0.148712543279986	0.140854072142131	0.0977223769827425	0.211609932652081	0.258223217259958	0.0765694508937958	0.153224456806582	0.172900829901751	0.191086276134636	0.188322455458216	0.131977252661109	0.130858007539385	0.100732128440057	0.340114673003232	0.312402679975	0.134232258258496	0.296132369252409	0.149216692164486	0.12405103990923	0.208581799848694	0.254072054012367	0.0970719050368325	0.0897465660863324	0.187935101399064	0.167235930013934	0.273628498502463	0.197726215114638	0.132250850804451	0.381754279643563	0.0650256971704462	0.331344155583978	0.327005017247326	0.108705341370108	0.236356837101907	0.18770974482658	0.16630794810649	0.155182861134436	0.150336449848508	0.131518302414112	0.148052953949203	0.198744021734251	0.179987143432595	0.161182583263593	0.315842720999318	0.101243736928354	0.216149432582039	0.0901067148659944	0.180337342916404	0.240210743553761	0.166226424399515	0.0834130659814766	0.147907708252054	0.228589377381837	0.135236708030513
"ERR1624546"	0.402589727064046	0.278555692301614	0.261745091444293	0.222620429223111	0.201206784573407	0.66160715580851	0.245441566412095	0.514339644530116	0.213013045764927	0.360513288003218	0.311499216484263	0.534484842274077	0.507531488370704	0.497044251362041	0.189507880874605	0.2374287026662	0.453812619515823	0.338061588592881	0.447721792336962	0.440798805942153	0.470466456186999	0.523570220619679	0.28292323946307	0.24186434509905	0.542164470646047	0.16347070693203	0.30174524098644	0.239623910968067	0.282749934666075	0.447131071845716	0.280010054353282	0.211109336840519	0.786200688432937	0.580022325439001	0.411954610969085	0.349914512165087	0.572115070739332	0.28436294995281	0.279446479042779	0.306205668941508	0.585584716392184	0.272695036014345	0.387760324210452	0.422442724615186	0.423866773090107	0.457796886701855	0.274996474748187	0.282448040270279	0.694684344691103	0.670112135463303	0.297364886543017	0.445400636218202	0.351901602741014	0.218862857008269	0.481638906045911	0.400421145776493	0.428902469358795	0.335749980972306	0.426878562010278	0.577066520783567	0.40217938821417	0.342484275032669	0.365967504786492	0.301192843844042	0.37633019580425	0.445574388410331	0.330271733770835	0.454862952694405	0.586152594986562	0.661146652895045	0.570734858089366	0.46339081477357	0.25773442537513	0.587996654263301	0.684314006484659	0.363112603973541	0.414953389661184	0.593698588708975	0.248938218406303	0.205477183774989
"ERR1624548"	0.276216162695177	0.255589757341039	0.234019582646496	0.207445611561209	0.18340209231619	0.611870606762447	0.175985235088501	0.351464960092426	0.243941085310715	0.203222086279807	0.156595902810082	0.459174881551715	0.150136813813227	0.462777038541768	0.185553287186829	0.181711343926681	0.311863895438877	0.235549589798344	0.379153209337756	0.299959115350249	0.38862058550101	0.27967032599466	0.169462556020564	0.199853532700895	0.243072128500079	0.16347070693203	0.231627587296688	0.145724207532481	0.12914952327347	0.397243030021675	0.259093736854902	0.105470033113608	0.640118273301864	0.395303117908435	0.214057451889283	0.181490788229062	0.467797018866492	0.123234959046655	0.144097708419706	0.212327622773377	0.358024598515892	0.22418645939783	0.343920334644748	0.204412277151609	0.176520822678532	0.152140980104853	0.270548501462495	0.0990763962642675	0.308678734931022	0.515748651806183	0.257406089984351	0.239891149448471	0.18465921537858	0.134342635017742	0.368386445182703	0.106537444443003	0.400110197824377	0.327005017247326	0.177494864240101	0.29010716817165	0.215276761449513	0.163469533539565	0.255896608069626	0.156918506632058	0.132650621767623	0.216057264047055	0.173639884586268	0.381030524256772	0.204345605945674	0.417386693613164	0.380116884295772	0.282301185664574	0.113380350053303	0.379366885483509	0.512005119005384	0.291779074216583	0.13209196086107	0.361366815764754	0.198955324633368	0.137684668177978
"ERR1624551"	0.308582788353653	0.234493527095635	0.191776281767642	0.196571228512725	0.169379006291796	0.318149351952612	0.109259778303692	0.245609835342664	0.176885393321367	0.216518968002272	0.0867648676073014	0.216274073643672	0.213337347576895	0.402777241177975	0.171675194416154	0.149230855591225	0.337657884968772	0.0707302627073133	0.262575354304938	0.167171842250397	0.126979288608949	0.0947210833098629	0.110073801363506	0.156469265015089	0.112122071963281	0.16347070693203	0.0868108414899129	0.145838799993205	0.0768720638658176	0.211015451484267	0.242539525333445	0.0864243604254423	0.177471641711733	0.222341902548237	0.226324519588058	0.160271159009434	0.119143830315617	0.0843036758373486	0.107038215318609	0.343230518482897	0.504728516845492	0.128230016760258	0.249793153275806	0.135698756226297	0.109430367034632	0.128805655015025	0.254041725606299	0.105974857361055	0.0937508876966399	0.195450541071243	0.172111617209246	0.327103499163246	0.168661585706388	0.114024060630618	0.298469072234192	0.0845836920378807	0.323678996935744	0.327005017247326	0.155757172211269	0.16538628372501	0.211646904853374	0.124693311609562	0.115049080686209	0.0686019982911882	0.132405151925112	0.147213072621547	0.211721795296569	0.190391365563358	0.160806289657691	0.419955647835469	0.119393228148173	0.165779297846606	0.103275817627935	0.17604017433704	0.224199395416024	0.148018295929432	0.0980533542524096	0.161227051129269	0.19390087945915	0.120804906075985
"ERR1624557"	0.322328210565355	0.252825492927082	0.202737109636191	0.201529192315322	0.176556452758459	0.28757667494576	0.19449029893263	0.19636877924787	0.254714702175995	0.278870303012528	0.282735892942096	0.233879846016209	0.256318895358426	0.552689458053956	0.1843742561067	0.196761177444141	0.21991245202167	0.184729786743549	0.242813976829472	0.299059732044233	0.169682331868219	0.158691447569088	0.138952979509008	0.201838777538871	0.0363709181105287	0.124174708733998	0.226733939406083	0.129877293229151	0.153437112599912	0.247745305327644	0.275690575371218	0.121801864290778	0.233827213023211	0.210138336700412	0.247956122771149	0.081168243947245	0.227742687771366	0.213594023279642	0.17650568090463	0.232032740656606	0.312402679975	0.213065169792624	0.389593133496892	0.211147420661373	0.168388142790574	0.316928330943435	0.255815421058395	0.106971800534503	0.127264491701404	0.277629786349195	0.2222003961609	0.280356811888946	0.25935464113956	0.144707143869862	0.457558146571435	0.147342149196608	0.32803425744987	0.327005017247326	0.13800417971213	0.26429483996563	0.21515942124791	0.205355002986189	0.244179361018819	0.123096119839549	0.199564220995723	0.192574381307784	0.135634890150863	0.214795788582432	0.14659234536641	0.316382165747348	0.120593958341766	0.229646817096869	0.101752487361379	0.336701984873802	0.373623256963875	0.265149858466618	0.166651163000956	0.285039848725339	0.23448191413584	0.148449416076512
"ERR1624558"	0.276216162695177	0.234795126930576	0.170316121100544	0.217684065791601	0.192789549857199	0.200956495449296	0.0819470912082273	0.175449216300785	0.132430457225646	0.138119311976672	0.0770825070760246	0.206624280057467	0.174037015188097	0.29592447492877	0.185629859933442	0.14465745447612	0.184384609741494	0.0670698743359857	0.242813976829472	0.11704203222925	0.106895419124282	0.0901352768868869	0.109062571472006	0.130973956251058	0.0701834350622444	0.16347070693203	0.0855819314487427	0.118906262003252	0.0656968573465437	0.191836507923913	0.23338094609972	0.0455274119474205	0.103688458650854	0.142354275500818	0.137254447269531	0.251382484402673	0.0714081349362918	0.0676953390958418	0.0461528552949586	0.388603880127799	0.312402679975	0.11262946426974	0.207763491240097	0.0840646478903205	0.05697713863936	0.0788010609502179	0.253028718015307	0.0686155898501734	0.0754848570958898	0.125586883196396	0.170536946961391	0.216033308481705	0.0969063191893313	0.099242658716501	0.252323713968767	0.0276390517226165	0.316274052309718	0.327005017247326	0.0454621163601941	0.134906326856949	0.10631693119193	0.0832445131635445	0.0862142489481371	0.0598518059258131	0.0618948319279283	0.0889471988972387	0.234109456341048	0.161287532511944	0.101285286713811	0.298846614693704	0.0766126175573395	0.0676919321082093	0.059418793493203	0.117820080272326	0.136533906284737	0.0987837910966072	0.0343117952947198	0.0679975946574837	0.193172308032159	0.0943577612164555
"ERR1624561"	0.276216162695177	0.264029863590347	0.234019582646496	0.226023495187824	0.205245722787105	0.276052263414169	0.175985235088501	0.228880295910041	0.22645278974173	0.208221221469361	0.172523900957088	0.233879846016209	0.198557417551006	0.388110067597583	0.176254872995163	0.157494383059197	0.281341790721363	0.108982060620925	0.242813976829472	0.302675782238551	0.169682331868219	0.100898943270379	0.111857678942282	0.133786431782082	0.21772675477848	0.16347070693203	0.146582218063887	0.128033419585004	0.16237056050606	0.247745305327644	0.259093736854902	0.101929991016586	0.226727780518959	0.192129847240909	0.221562144497281	0.279084124227305	0.193112959487364	0.136939637869049	0.130956352084411	0.26899562144793	0.312402679975	0.27300197111136	0.335547288064532	0.159571856148682	0.114429448981632	0.184162755485209	0.255815421058395	0.140276737518372	0.268306551108731	0.233451918697726	0.307079381137502	0.21200679955821	0.164110383972278	0.12814705165217	0.398337669487689	0.11245460803161	0.315366476344816	0.327005017247326	0.172806620130308	0.16524201117989	0.205089702376412	0.123722889734584	0.160354784907645	0.0936737700485356	0.119765694441101	0.137008238577854	0.238580830773312	0.214795788582432	0.120852474688283	0.298841268277983	0.138327107201406	0.256608341585322	0.149022744152827	0.399173494533692	0.30051779791645	0.231428780200869	0.115123529234711	0.213080666314458	0.200386594215627	0.129948299819876
"ERR1624563"	0.276216162695177	0.269291154450011	0.234019582646496	0.237980117000613	0.219561218596148	0.268695000010922	0.175985235088501	0.228793147109794	0.366811062514156	0.209659388112043	0.170116034295128	0.233879846016209	0.17878346705433	0.501429994287406	0.191515499793083	0.157494383059197	0.310623102451395	0.129493254297345	0.242813976829472	0.304347965337619	0.169682331868219	0.129214625971418	0.111857678942282	0.173958017913387	0.228417110625333	0.16347070693203	0.162727761481462	0.152975616979833	0.149586247228202	0.247745305327644	0.259093736854902	0.138986680855595	0.268552300468143	0.194169813933904	0.229374746147207	0.321606942764349	0.220712100363142	0.162056548917438	0.150219735813782	0.44299291000246	0.312402679975	0.279672564787083	0.335547288064532	0.154912158038132	0.116109841935191	0.174401694178505	0.255815421058395	0.132050436659623	0.131037354013248	0.244696343405693	0.317788589903532	0.219824107998225	0.176330797265198	0.157638554226533	0.395530258352079	0.103324312385938	0.32605591404509	0.327005017247326	0.173327929523735	0.162692683755342	0.210152725502303	0.126579119411855	0.187218202597964	0.0990478743976076	0.12277285873017	0.137008238577854	0.285867834186441	0.214795788582432	0.14024511690724	0.298903732307418	0.134697522153521	0.246341366918925	0.147898203239885	0.419487287793197	0.30051779791645	0.259476284122058	0.111466753780268	0.213080666314458	0.201267770763925	0.166619686434332
"ERR1624566"	0.335810242727692	0.238513934853601	0.203309790776995	0.195471967559082	0.168555039608775	0.4700751755399	0.144063766659225	0.40173373987753	0.226413005357545	0.250255884053951	0.215036502938544	0.437873322201522	0.270630677960857	0.521333043086543	0.16986379827924	0.230193166136019	0.444944627782603	0.278778133725588	0.377046558272534	0.19931483352999	0.329368545940698	0.38703870567007	0.215448493316697	0.248611210570784	0.140468899356328	0.16347070693203	0.259583218292833	0.133437019459774	0.147837902317136	0.360123742294399	0.267922627120623	0.0861722710402919	0.544675308601692	0.38104607523901	0.229656877094828	0.212027687744329	0.374841966176581	0.159166938764125	0.132355723109488	0.40272000013925	0.357369668381469	0.145479413077711	0.344374153612682	0.24550831474621	0.243564140382168	0.271020566260603	0.269030313024138	0.107806558813105	0.231274786734265	0.455623889732455	0.172650149331741	0.323295824237177	0.262021868223338	0.138378229822652	0.434206530303114	0.10713908082752	0.410328392262954	0.327005017247326	0.13901120784484	0.451228782235411	0.234215769746104	0.2636784968528	0.266075610907007	0.300350241111573	0.186557000223318	0.26959747503095	0.186533241845585	0.341644322514234	0.25008014589737	0.44135192038985	0.34313458865689	0.296844047686648	0.104583275549721	0.205579182537827	0.500577783278186	0.230489107859562	0.141494371341034	0.336455236360149	0.241185232494537	0.145691656078788
"ERR1624568"	0.32464061922911	0.258987080424351	0.234019582646496	0.214831924875567	0.19202547051223	0.374518528674803	0.195414279782176	0.288069066049083	0.261515616629812	0.282231407138828	0.296987428766837	0.233879846016209	0.25051480411022	0.403602951105369	0.187440258622351	0.198819284249439	0.404488939304223	0.190896801326292	0.242813976829472	0.301057858080579	0.169682331868219	0.166463587878623	0.140382219400609	0.20640392428469	0.228187873624947	0.16347070693203	0.235092474295746	0.132350621811047	0.165400512144886	0.247745305327644	0.276503292665571	0.126862104294195	0.238315811048661	0.211410579951625	0.263211827950134	0.235246602112703	0.22627923199145	0.239977352391235	0.172304955829101	0.292661395730286	0.312402679975	0.233907563333658	0.392268583520703	0.212580927869757	0.194994887703786	0.311239840803853	0.255815421058395	0.146531108577157	0.133113581738728	0.291099170940871	0.269874618015933	0.287115769183311	0.259663240794615	0.15302644823112	0.48766982927464	0.144938341633447	0.326434529581252	0.327005017247326	0.244201196370218	0.268575831760889	0.275350798289908	0.207208268077493	0.250661330868718	0.216617406792447	0.204496334381602	0.195629144425644	0.238686293441317	0.214795788582432	0.152335176931014	0.317224426266654	0.142365058139245	0.443030416693275	0.156853610481203	0.403991541128106	0.377315208554727	0.260814082202378	0.167419061702769	0.288837781845185	0.237512086410802	0.172158516651082
"ERR1624569"	0.334210271872616	0.239377065791668	0.196500399855775	0.203198510259752	0.177128499720834	0.274932263991166	0.132463171069901	0.262177526292624	0.236553237171544	0.27655612758069	0.316461564991792	0.218325973375555	0.479528076965404	0.459151245227131	0.212182222017253	0.198362586623715	0.403624046987999	0.189831136555377	0.242813976829472	0.180749981019308	0.13155164521492	0.214370707316779	0.144392754622377	0.2570946776562	0.113653546795641	0.16347070693203	0.217149496675956	0.151551910407404	0.109976720396832	0.215185235815913	0.264483123787345	0.110539765211619	0.168645048084385	0.185171753543221	0.228892265633943	0.202433842291107	0.146380474402866	0.243038417888412	0.143007803512188	0.4879938333496	0.312402679975	0.144106643648054	0.318978430789559	0.209718096728823	0.183614935011917	0.383419394550433	0.254253203485446	0.135974125722244	0.128162310346127	0.237213847497714	0.19074631607735	0.313806033249852	0.247881814208337	0.151956496627325	0.434569045171089	0.143430961085175	0.333978142964622	0.327005017247326	0.129564904714585	0.295553283458898	0.211795660252196	0.218511228432284	0.22693250596878	0.212838220328708	0.189917068431581	0.167158773884828	0.216328144382628	0.183395462623884	0.250271375979436	0.320774729133069	0.107771333475851	0.284388179426797	0.104096165836881	0.197930089332154	0.26975568631579	0.181093849918842	0.135274374971107	0.173799471009069	0.239826459296202	0.172593064624782
"ERR1624571"	0.310556831925041	0.226520489603379	0.165129378708073	0.203652278151128	0.176363252169045	0.26284636665096	0.0760191585333324	0.221752733857495	0.14041160569133	0.185900155961861	0.066569538890588	0.204201210915579	0.213578655802806	0.184428688921578	0.178280115052974	0.143503380989424	0.199370935690914	0.0548947335271461	0.26377295732602	0.105174637009314	0.102215598671076	0.0919050428947948	0.108804525530587	0.134056003789116	0.0743319396029294	0.16347070693203	0.0680060911162984	0.143710330321688	0.056702049303839	0.187137141528612	0.231071075869267	0.0661245921798473	0.130756392361812	0.199462634254965	0.19828096357155	0.199185729125502	0.0662025346227404	0.068541656401806	0.0611328925462491	0.20306966965104	0.51663679125016	0.0922978720274717	0.197864793800175	0.105018877585335	0.0832490208067972	0.0875724422649296	0.252769329993711	0.0919442992944499	0.0767913242285063	0.149201106584021	0.13692616286795	0.340563867903428	0.128114135399245	0.106897079392005	0.239014783535574	0.0482766168837172	0.316343909647588	0.327005017247326	0.0923067118089727	0.15320978624398	0.159391604072147	0.103424988189328	0.0847485947503761	0.0563028855191881	0.103510291750849	0.123896662029285	0.257228291969315	0.167351740620675	0.168055017680252	0.427535149905374	0.0914546214341354	0.0877623302805606	0.0795321541870131	0.102255707552772	0.156452608823127	0.0891586511112283	0.0601141979313723	0.0979222175020196	0.191494438390462	0.11115197264504
"ERR1624572"	0.321233950167607	0.238001552082879	0.188809554539522	0.207046253400904	0.181252628758628	0.22527194274666	0.117050117745172	0.240262798696002	0.153435539144983	0.212823984685352	0.149470624900134	0.214973032212686	0.280847598378272	0.2611347579356	0.166139762793978	0.185227903866917	0.289775608540345	0.108708540899873	0.242813976829472	0.160393871487102	0.124135245803412	0.14554808736272	0.135976482546594	0.171756706844657	0.114707693117275	0.16347070693203	0.134844654369419	0.122281020859901	0.0969666365962207	0.208387742328053	0.256792949750046	0.0619163062003374	0.133033616472427	0.168777277161969	0.193951380532408	0.216601796723708	0.113344229083406	0.124300142457836	0.0877577288060516	0.264291549404187	0.312402679975	0.132455457825838	0.288516691429945	0.148966378657471	0.119126173918321	0.209598913876449	0.253906941828806	0.102185369963503	0.0820870044210515	0.17359562644585	0.181524930194821	0.270138966102634	0.185551553628489	0.116440259106501	0.375472457439551	0.0652075893745697	0.32502632256538	0.327005017247326	0.104866741038482	0.237667079537258	0.178526372985048	0.162105720943868	0.135527824958974	0.14257830554332	0.125591137639634	0.144893510516858	0.223906164401488	0.176922446779201	0.141851415223513	0.315960429462472	0.0986473466939471	0.198952281551985	0.0895607739239828	0.177270527578877	0.23006604649826	0.146562430993744	0.0804489938351504	0.138774762643071	0.229036045632889	0.116232080794792
"ERR1624573"	0.313542886679605	0.238146502901629	0.17768069820745	0.218072404768033	0.193574904342605	0.193813620230714	0.099425519152994	0.159640054535993	0.196932945625545	0.127993329814604	0.149280522332673	0.187587991861253	0.421536422739805	0.211855244363492	0.180453276406161	0.176007871584881	0.240251297809693	0.101999704765667	0.242813976829472	0.133734308410643	0.113658408584152	0.129300097927645	0.130743450819515	0.170435865405835	0.10528931745095	0.127972091769589	0.125564826274787	0.118367502240613	0.086560524593244	0.159770461490364	0.249309731691629	0.0724683832581782	0.131527208607578	0.158799511684848	0.193696529214016	0.271076019444528	0.0903168584585404	0.137144389769063	0.0767371190372678	0.295267000363133	0.312402679975	0.124970906632305	0.137992449755846	0.153124469164351	0.111829690927212	0.241389729787476	0.253386742062892	0.116006887362617	0.0877906272555753	0.159050463477076	0.13980063159415	0.267697759860646	0.155815146471728	0.125289967973266	0.34814899911115	0.0819009245004135	0.229494971071736	0.327005017247326	0.081280311579812	0.230684233384794	0.150290457998503	0.122502483528737	0.124611707433778	0.121691490082873	0.115966147728587	0.126553787170104	0.266802029936101	0.16752667847074	0.164725392479619	0.313097541764659	0.090091355351864	0.146770608273896	0.0823924460267275	0.103487655094276	0.16826909225545	0.121092182002497	0.0772709258102842	0.103698726497702	0.22262217262561	0.128847119238612
