"Model_1"	"Model_2"	"Model_3"	"Model_4"	"Model_5"	"Model_6"	"Model_7"	"Model_8"	"Model_9"	"Model_10"	"Model_11"	"Model_12"	"Model_13"	"Model_14"	"Model_15"	"Model_16"	"Model_17"	"Model_18"	"Model_19"	"Model_20"	"Model_21"	"Model_22"	"Model_23"	"Model_24"	"Model_25"	"Model_26"	"Model_27"	"Model_28"	"Model_29"	"Model_30"	"Model_31"	"Model_32"	"Model_33"	"Model_34"	"Model_35"	"Model_36"	"Model_37"	"Model_38"	"Model_39"	"Model_40"	"Model_41"	"Model_42"	"Model_43"	"Model_44"	"Model_45"	"Model_46"	"Model_47"	"Model_48"	"Model_49"	"Model_50"	"Model_51"	"Model_52"	"Model_53"	"Model_54"	"Model_55"	"Model_56"	"Model_57"	"Model_58"	"Model_59"	"Model_60"	"Model_61"	"Model_62"	"Model_63"	"Model_64"	"Model_65"	"Model_66"	"Model_67"	"Model_68"	"Model_69"	"Model_70"	"Model_71"	"Model_72"	"Model_73"	"Model_74"	"Model_75"	"Model_76"	"Model_77"	"Model_78"	"Model_79"	"Model_80"
"SRR39238554"	0.360966035306253	0.430816719274927	0.36588948463891	0.320848018453846	0.341494442136483	0.490576532383037	0.346891767439948	0.332771756663459	0.308787553029686	0.324230855723343	0.330523809374913	0.233483251163347	0.225810913292487	0.609372214506789	0.312347674368039	0.452853463642759	0.17401703352813	0.466810524217867	0.442907224194551	0.392205447682263	0.26322232978614	0.487490907639523	0.238300348865248	0.448923167578866	0.359534017368297	0.31892117564465	0.537071339790653	0.454506275819059	0.325620471846437	0.436093913820224	0.484064571166815	0.350330827658503	0.384681532501984	0.427264230543161	0.397205898570261	0.345680418479512	0.327659900382306	0.324588682626799	0.349129225526279	0.355958723773531	0.437694967751977	0.345557306322915	0.475221146339803	0.305549092122065	0.48001899594067	0.480127191081484	0.315847903891358	0.350928022914486	0.291391951045756	0.507386652155499	0.306029701634807	0.389105617130229	0.503016899776871	0.175127591999834	0.259851581744702	0.183714952860552	0.208727871128441	0.285664373291379	0.384994707664978	0.310435777583655	0.367916680218996	0.482319801264786	0.433342204704387	0.398401600241232	0.394823059478326	0.382907444984983	0.423893057651874	0.358528799016782	0.354914162326985	0.300642848667755	0.274820808299234	0.373050839870974	0.294348030252784	0.333457946985488	0.319780690375782	0.398864434243735	0.439744524437442	0.445204513038518	0.394363060876642	0.499394417497812
"SRR39238457"	0.120369771376057	0.177532883347276	0.260341656875299	0.21170963986218	0.204127857878399	0.198558138768689	0.178268689028525	0.150439011777168	0.120302709616382	0.177061771868134	0.179773487768578	0.118409599414701	0.141456329546095	0.249239976134078	0.106114369565369	0.214404540017104	0.0819275976287739	0.135137468790987	0.262204950429889	0.169439390919	0.128288841420191	0.346482258534594	0.13581330834067	0.206973981096466	0.150812453711613	0.213670367194588	0.251674242304524	0.174114986245559	0.158835922137251	0.161358549794315	0.17455774031738	0.162935641229644	0.158310824084473	0.185630431119988	0.228367722973532	0.099481670355846	0.16465032962339	0.161902861386505	0.198682080971535	0.269915399924221	0.189257439954803	0.208844262364566	0.136543967598768	0.166038434526408	0.162369803934666	0.271788902048728	0.166864376028651	0.236584533820916	0.120290593470753	0.299147997243653	0.13916290489863	0.180429125555021	0.272756125065853	0.116903392626522	0.12235770321038	0.105798548834959	0.136489299817548	0.169740158357199	0.140060864240021	0.118094081710561	0.238115782584873	0.216576025843568	0.147148197091025	0.161562319637358	0.22567749855918	0.215887408320466	0.135609486640195	0.13627310407675	0.196905418249479	0.116994974274058	0.137451860051345	0.155874429904256	0.176622175412554	0.170351161688351	0.159489364910138	0.21015911636758	0.195765562716682	0.279360791756303	0.183318540187717	0.243679524427009
"SRR39238553"	0.130999693893307	0.254081580365337	0.217227843478162	0.179619598734874	0.225111861584859	0.253048129074798	0.171233297627023	0.185056815944197	0.164671149091757	0.194297255361087	0.198425362259321	0.117535202355743	0.125607327900169	0.272718388101882	0.144427561631562	0.288139636255	0.0818623577620468	0.221933136268544	0.273539362126641	0.192268770239777	0.145367394673885	0.294354152234868	0.241618687611284	0.230005459471914	0.132462254540763	0.187697317263514	0.340935172529601	0.249759053558487	0.164576075130936	0.186970645082088	0.27796837678151	0.169805023760309	0.230583695985861	0.248452258349745	0.273815833488509	0.161328118440683	0.141418196791633	0.19343285453637	0.186124340162282	0.267748365373932	0.221828701494712	0.232990166802363	0.171345639214188	0.167035374623784	0.25097039370784	0.325358206610866	0.183661841706285	0.225378606587526	0.144948390734262	0.316261624107027	0.187366917661383	0.218719062594109	0.268897179377599	0.117803503146365	0.135798739385121	0.0983181380009025	0.156608552720251	0.17267018168755	0.210857839442839	0.155584055063227	0.234438053823791	0.280487526836678	0.185228897772811	0.235610452386188	0.21358870030832	0.180219739529689	0.252976529329267	0.135775014995319	0.21291064873479	0.155220271163673	0.140615667365186	0.191168282111483	0.164563106355902	0.176828287442643	0.171724406658578	0.226951960525253	0.253390190712051	0.26653806596356	0.232774447069992	0.253452068115001
"SRR39238456"	0.218101925336169	0.336862469708114	0.161739691000224	0.227823155465988	0.188610415904811	0.40707959824913	0.312497509327359	0.266467372647569	0.202691022321822	0.23787601057359	0.145894741594684	0.19339886982283	0.142984173645617	0.427017181414428	0.214695717362053	0.339980579728098	0.147905685583927	0.321445307682885	0.302586163836711	0.245250736066754	0.192927497216445	0.176520816733218	0.0574908849213695	0.380632125851488	0.220990530591988	0.181900505290514	0.450489513954743	0.309812076338706	0.170221341834129	0.508148995743368	0.257844306466098	0.242655340152474	0.335563145619934	0.216333695264496	0.161324711839758	0.127750709599994	0.250399963850202	0.15151662181756	0.235754725739576	0.154077745873344	0.364135183240894	0.154925298569256	0.318640362353072	0.257741514289983	0.404993999396502	0.249962744299306	0.0992060649235888	0.166183684942154	0.239815716594389	0.369770031326588	0.248107788068323	0.306189193648034	0.43341876698543	0.0917183982279031	0.1594312272205	0.0942722660285859	0.113193880049431	0.0938478889319854	0.248831032293351	0.200815930565701	0.232074279130918	0.28750577811378	0.277533249231508	0.231450998171382	0.270598259287162	0.315674991261011	0.28991488901965	0.341459347264343	0.183595779882271	0.132016577824267	0.242133351028538	0.341972990793988	0.126952022159337	0.174941445656141	0.243549301027923	0.361831741243325	0.263213561826991	0.306631518726347	0.237942777030142	0.211387169744497
"SRR39238532"	0.288896717549293	0.487363941131731	0.26387000081505	0.326853585856637	0.309196625849635	0.57815932485405	0.387405018133248	0.379992980738934	0.348447165997046	0.335660298600126	0.262536502913555	0.256762053445943	0.204613639629871	0.586182800941625	0.359514250860219	0.488937780129348	0.206807266930765	0.541751680110104	0.390645356820967	0.399115533588055	0.270155633043752	0.33141933341149	0.131524746691298	0.516100492984979	0.217363595992962	0.277256699287453	0.616524635233459	0.515356802730839	0.28844437774974	0.604256025334339	0.493239802489636	0.366981955839773	0.477540815502655	0.397136093767238	0.29848984497024	0.310866981508428	0.338213361039335	0.288046428940028	0.339120939545451	0.262418093699259	0.510369025121081	0.269647545207491	0.386948767426006	0.322636295544868	0.582327466429429	0.414414044133939	0.211080240729083	0.271377511246805	0.344367605024628	0.529133392417388	0.342781460146948	0.443035186187203	0.574983458267032	0.130269119332586	0.264703886640299	0.113699018321266	0.171694204201095	0.163976051281569	0.466316519818699	0.341706705990321	0.34719812481268	0.492451684188504	0.484595275660205	0.415145087056896	0.406220121863651	0.416342726612985	0.484048072610472	0.453711444882508	0.295008130098661	0.276214401454098	0.317394115733847	0.458565155843719	0.238284481379221	0.307130926106013	0.336645829858103	0.46834768791621	0.452208187294592	0.433352492911371	0.402398025887318	0.267137368179831
"SRR39238521"	0.169073811346462	0.284190686438511	0.231378262840227	0.226221992899778	0.271702585564446	0.305247485305243	0.193698318582347	0.235403743895306	0.236755006104748	0.181165123800866	0.205882911259404	0.164089615507126	0.134743245703932	0.378103931860478	0.19608429505266	0.28045163242654	0.115957465887361	0.271200804912818	0.218776474590998	0.302984391366862	0.126534058326615	0.387506027254125	0.148523817979255	0.275497345267646	0.133271167706012	0.217418357072934	0.367398100616666	0.288935375210468	0.275571049842175	0.201289941947507	0.353493489889182	0.222071966050375	0.264879858934149	0.357071533882324	0.239374780160859	0.250452312669486	0.205125073974736	0.282578299014316	0.167535540973729	0.245565927268895	0.241719024781423	0.210537032117952	0.184829694643045	0.132487717399991	0.282240461035245	0.36685209320557	0.226648461908469	0.218266494648537	0.178213267333748	0.359223698163444	0.187732897458095	0.257580396492965	0.301047112961749	0.0802973707608297	0.189972993405464	0.0707985789272854	0.128203957451888	0.15154978453301	0.281697763224588	0.225384559752957	0.348189771240879	0.385951594486521	0.31669111760515	0.271727958719098	0.298555526197222	0.209614790322323	0.262854011208672	0.200609563051923	0.211080735129333	0.224200561516471	0.193172550433126	0.185381363813018	0.212898683578584	0.235779816338702	0.188207963987199	0.307682973928085	0.353984970675812	0.299408133853746	0.342381947971324	0.289289566611527
"SRR39238498"	0.119102680690817	0.256880468597509	0.231256709177667	0.238815543997328	0.249537056768185	0.29409654106459	0.176623348967276	0.185859197283251	0.180255928015588	0.216419824918481	0.20245132838352	0.10672206323506	0.132848303467941	0.338698449662145	0.14027889636079	0.309448157568715	0.084369819667826	0.230934852920533	0.326829220920909	0.176922535515957	0.144443262929577	0.319614973295949	0.205520325629876	0.260112506547923	0.123897216754266	0.215867032179301	0.4015100947088	0.297752027861904	0.135431552495191	0.217361484004121	0.29659377849931	0.173462791295627	0.264140898787865	0.223023052655642	0.274067472314864	0.135861479690126	0.13170362865006	0.20049775669565	0.220379436534522	0.319222167472579	0.258921480870072	0.246904029781255	0.194170712837909	0.180060371321546	0.276141795130777	0.335216888790877	0.161498019121466	0.256866405809142	0.146799985047071	0.387109847526695	0.178656544601853	0.248881860396857	0.36563396007907	0.110848601219543	0.123652748042062	0.0879365088626052	0.158693355836172	0.170929621479896	0.273165505756572	0.157163209258187	0.246757926050699	0.305566271247349	0.194090366662075	0.267273250134605	0.26050421797402	0.226322763699081	0.252416249260326	0.137754968994558	0.212452839491724	0.150043457659694	0.136613153024191	0.220083979015992	0.158346190325074	0.193723691900126	0.172167392444207	0.246669596532879	0.274485279929748	0.312662671011548	0.241361667213753	0.264731448384509
"SRR39238471"	0.107228214530234	0.228868123315203	0.169251937012252	0.243285434127114	0.196513775920685	0.288795410278726	0.198324609319651	0.177307561625257	0.167592432372806	0.187694540331539	0.138565716744201	0.110472312476166	0.113933270287566	0.332563813831077	0.120578418661502	0.260273093208881	0.0903329289569682	0.19028119108072	0.275352330195705	0.154374275643556	0.12156562555039	0.236964807546062	0.0707518224003972	0.269018046649965	0.114728909142865	0.182065817634277	0.376517784431594	0.243893730592301	0.108300517392976	0.278839541970605	0.214847719265721	0.165679399638058	0.255115975814141	0.158616060106187	0.159304727379086	0.0794188070131208	0.142617543335381	0.147376557751111	0.19179610952859	0.216321492051661	0.252434719785137	0.158975570008291	0.168394267257372	0.173060708837372	0.264925471987457	0.257140215225407	0.0889753658650124	0.191794329432885	0.143907204973582	0.353341695926176	0.156054551119467	0.236053022359924	0.386451965239475	0.0729129760484479	0.102254066326112	0.0622954289044611	0.1055211537862	0.0953831100006124	0.208844653249991	0.13642643576666	0.222940440451096	0.248855227063834	0.177598492209165	0.203661637741575	0.255258697612642	0.250844215070285	0.189167039396366	0.169221109640863	0.158539272791567	0.0993412399569223	0.146614234496865	0.22142000578576	0.108287620538565	0.153335580254795	0.161192191508369	0.266991450666029	0.225524414194679	0.289366685101925	0.201288580643072	0.191111008130735
"SRR39238492"	0.0784086641718581	0.207980774724894	0.135775806388299	0.129593822443652	0.164631023796924	0.226540249823715	0.173294029707892	0.152232375090434	0.114309815149379	0.181693778450318	0.151375478479592	0.0749671783648115	0.105575126347299	0.259915659997906	0.124437713988383	0.28276486295869	0.0695824409137877	0.164127545721716	0.28597820860897	0.0963474113236449	0.149714151971216	0.121718471949353	0.166155490489597	0.189031966525435	0.0972372911421839	0.136711749135714	0.322291909570089	0.25400138688444	0.0693897673744646	0.203577110145362	0.197348277641542	0.147849983769731	0.248299089392593	0.127785666447722	0.201683707650652	0.071591193811308	0.076302824403164	0.121048462692118	0.171792550822396	0.237552221433075	0.213937122659472	0.209831796700731	0.194734651653884	0.186276403541929	0.275192537308426	0.218031299345591	0.0959721121307847	0.159792433689127	0.133949607777995	0.26542846652748	0.194076813348151	0.200125309291265	0.250036484515477	0.126871699271782	0.079767470616891	0.0984825902260102	0.148910767579592	0.148867662767194	0.217841573965542	0.108348588085162	0.131776577648839	0.179241543309194	0.0912623450433369	0.211652953233598	0.137207869359416	0.15248274435476	0.233591014480353	0.0867612793104534	0.169580478658116	0.0852477971021063	0.096207658107253	0.224238994219328	0.0920363148040503	0.126790737906916	0.146572073252807	0.16774582910127	0.171098031873836	0.214531879072023	0.153568310748881	0.165340470294227
"SRR39238481"	0.568059897615733	0.581537746728639	0.524913361683829	0.536406469102656	0.437997860215215	0.736781564598063	0.585337522807771	0.529319850557084	0.458956278915726	0.494266770593061	0.453039460193556	0.470934992482194	0.419912127865692	0.773418855256581	0.560321106644964	0.605243499424052	0.388108061312734	0.677292330007369	0.574438394429098	0.645336825506366	0.466290411920995	0.525182997063997	0.121344626767692	0.698668761804519	0.521563065060762	0.503699690598549	0.698896381467648	0.649968450103052	0.554442811951149	0.768632499981938	0.586679310245768	0.556658249852163	0.532301839138443	0.573548518064604	0.478204132187105	0.511774485167107	0.633739976587308	0.428295330040761	0.604202853851412	0.401891021220534	0.685866086912672	0.438788087101113	0.626413536696725	0.519542507105324	0.66575917735848	0.470963768648606	0.441288031411989	0.426130213471808	0.527677688499316	0.670492580447306	0.458726720214296	0.588493181234087	0.763640989169384	0.270827867922777	0.429651168517162	0.28360341724856	0.245872473820773	0.352561196040951	0.585364919955103	0.50258163351313	0.510877301890641	0.637139324700689	0.714251400399722	0.51461769604275	0.611517236282522	0.668745674601464	0.540542377128378	0.721891234699518	0.443755505715149	0.447880555967179	0.522876763586272	0.634504340825199	0.442105607385425	0.533556414821011	0.53098208629165	0.625732482346106	0.592967739791012	0.627698613986357	0.531761782595666	0.468378688818475
"SRR39238454"	0.821221978395384	0.916338404885993	0.662826699823836	0.850626401469536	0.82038128760569	0.978812424619266	0.938801394166183	0.884465846265415	0.880852423407428	0.911886607012085	0.739338628268891	0.785393804684606	0.784580944263977	0.974989903018817	0.93404885388072	0.91790061652726	0.877029124508183	0.95457743507616	0.887181665516594	0.84219124998629	0.884950827834582	0.353641636720904	0.102526698963861	0.957197373335879	0.73237464064225	0.80262187205856	0.956704520630595	0.959941192429503	0.649085348477823	0.991964446984236	0.910183947166891	0.927695243590351	0.963332228915614	0.74652923583692	0.616542698043059	0.762078962353088	0.861835279285517	0.766315055573146	0.934331596433451	0.664763427232025	0.957023831630894	0.74723503650338	0.923207137401493	0.912308368345204	0.982742017426853	0.623035815482788	0.518757480566846	0.580782717880021	0.932566134772632	0.87977868485668	0.861244919494985	0.936340147809859	0.983125304268135	0.611439352731472	0.727487240373426	0.597501881674881	0.311921434210496	0.620947052205699	0.899245867860489	0.89404941986461	0.747444838187584	0.919460035789779	0.950622617476404	0.93402371252894	0.874659255960783	0.953919415509726	0.930343011372562	0.966945122349135	0.664811357333512	0.579332457185016	0.848910945373602	0.976384050314636	0.648024596053751	0.85911149740337	0.879078527695888	0.906165958711013	0.91376568136766	0.894478960715956	0.873943549073194	0.638331453433261
"SRR39238455"	0.307257120471909	0.600996319064727	0.149631508433731	0.415807019915638	0.247012225552188	0.793967882824955	0.521729245585379	0.492526439061372	0.391127170739809	0.479849380529254	0.186995365652197	0.325592915434479	0.227167848155793	0.592546337998051	0.444333768227268	0.643012029246328	0.305325587631455	0.641865952863611	0.544155200711513	0.364577111143255	0.424041849540311	0.0666123449925844	0.0313262499396636	0.708575102406347	0.245137861444195	0.263720408595332	0.803371360267079	0.637551235024654	0.165999487478732	0.919737116703102	0.436423038392714	0.383434428583789	0.687555231341697	0.253003628482585	0.196195141348935	0.157116513226908	0.368828487518512	0.169954711502354	0.51706931680115	0.174743870890517	0.687956114379757	0.205330331810877	0.480248396394492	0.533954159400787	0.7756051537896	0.19627120547901	0.0735866686445839	0.168588146213575	0.517114241674557	0.543640207979567	0.481247829496709	0.610622099667547	0.827928747206576	0.133036408652681	0.245157682079721	0.111590133092467	0.105365204833549	0.0785340442502961	0.455140552262325	0.376057290355846	0.253763325248006	0.462334016139435	0.541625673897689	0.45699822281971	0.453548145912416	0.591414061957162	0.612052006989436	0.696353604507821	0.183427845419111	0.134294640970837	0.441009740000986	0.767970901242637	0.141780427965083	0.261646359734096	0.435142955348718	0.625354485528464	0.424801498521148	0.476415516961378	0.339018505404274	0.122899494072484
"SRR39238519"	0.902832378398517	0.956927010821542	0.803100489708071	0.88561183862816	0.874339662307244	0.984090247713297	0.950648811068195	0.90626466107744	0.909056448541636	0.93704416305271	0.82763424192591	0.853142428870269	0.849128320838021	0.971111390738359	0.945734593124231	0.94824413768164	0.889945497770533	0.981565239387959	0.937212283725973	0.894167745351725	0.93645066566684	0.565565072346335	0.228588344829544	0.97200550064188	0.847839335434085	0.853446536579055	0.971744941796212	0.968455232788193	0.750309210254868	0.99548533460895	0.942698144863175	0.934548582048056	0.968045442100007	0.839005674079383	0.809806879188688	0.883233828996623	0.9245141168139	0.795107820878897	0.965963977615444	0.744166764009764	0.976266128049949	0.831742972138319	0.947980798176447	0.956876666941361	0.986489695185363	0.784214431948585	0.674269998472333	0.768860679424394	0.944141090284619	0.929344386109499	0.89939901439255	0.947298737413332	0.987299781966646	0.779130934074608	0.823842074848322	0.771050495617056	0.540934333755188	0.732919712515663	0.927844567143949	0.917078782575532	0.796580478435717	0.944792257497913	0.968540937675182	0.950429110967754	0.89737067180673	0.970062554274803	0.963230814130201	0.98161909274195	0.803980717455911	0.750410337191353	0.89359583896099	0.983112954441015	0.789463950574154	0.882147298158353	0.9228359176283	0.924397381769377	0.93315735164935	0.925079497404382	0.891802793449826	0.750792398811062
"SRR39238552"	0.186434698536044	0.342128269880456	0.210740789130394	0.319106055464273	0.317462185652436	0.458652330933895	0.173031342970311	0.261865352855572	0.286428667829121	0.271949709516424	0.246418915619649	0.132271126331445	0.149582864641553	0.467342215227011	0.208684936527028	0.422382389386798	0.114474421547435	0.328389556540068	0.429523969788664	0.241785102676874	0.17882594266776	0.215369242442377	0.181131702401774	0.352606712842453	0.193706593190015	0.258821619067369	0.576673760970483	0.445093619039378	0.159299319194469	0.335678356585416	0.426258392544557	0.194059097682765	0.412466445459263	0.295036339028827	0.307239456786938	0.190831204248635	0.132106446236004	0.269601264353758	0.28050779831285	0.360160307367057	0.321474811346364	0.283350627846918	0.368645084753886	0.188694089140469	0.397746223098344	0.291062592679407	0.173886311956017	0.23501579452733	0.213609832689304	0.432353145490025	0.23568717927808	0.364956279465702	0.532304583969891	0.10553389515993	0.165544882367039	0.0934882497886864	0.131582806431803	0.1877821916159	0.383269902891631	0.239526568867194	0.30620869469509	0.441288458351083	0.322749470146044	0.402757521984175	0.352750070736332	0.257748238158259	0.39297567978664	0.190096956335632	0.176958341965306	0.169114734026451	0.180679983824116	0.332998807890288	0.191863846113693	0.25421213174081	0.201779544615131	0.346790196066916	0.400831321771882	0.362921939687051	0.343455165585726	0.41066505305882
"SRR39238541"	0.984064867912357	0.982318840194071	0.912733536632704	0.948623915138555	0.916845442983926	0.995740704534038	0.984592830846261	0.97133118739122	0.968314385983121	0.962900953846681	0.914998510729147	0.966814288957121	0.932204694899002	0.994408562077991	0.989036859871906	0.973635415007152	0.968447625249731	0.995809180381759	0.947612305333005	0.986120251539775	0.968332756536877	0.820312814361399	0.153560088959036	0.992459061557247	0.957034629350298	0.932195569926746	0.986608585631555	0.988551910072998	0.965213775778334	0.998818372669335	0.980698998699792	0.982656441162785	0.981039954190312	0.965781336708239	0.877668164678005	0.981883005088392	0.98938491145999	0.919834907281537	0.982871383215393	0.737178312133424	0.992356071884044	0.878070955148058	0.985820951992266	0.974147794208494	0.995050040260917	0.869385521852309	0.893963526035981	0.831854109608104	0.983882336296185	0.968918164935958	0.95244113183582	0.979731881198938	0.994910530884597	0.800305009759908	0.954314920054358	0.838943930984097	0.569613840335868	0.810761120256743	0.975454396003513	0.978809232671628	0.923657726178426	0.983465474126648	0.996415284712008	0.972993341039969	0.970044285773133	0.990402514612908	0.982666344242595	0.997815663949958	0.897895355130786	0.938114591009328	0.9746304618691	0.992706595712896	0.924096645773427	0.964373096163696	0.972975669903077	0.979018369050056	0.978862001532719	0.96720757779403	0.965072817911611	0.856686217805109
"SRR39238540"	0.951402497990423	0.969987320394654	0.871955703792015	0.864177786321205	0.862546187080393	0.987878155793852	0.967567875903964	0.931873754827013	0.904609770692388	0.956848708209708	0.89275483125572	0.90855511279947	0.90287019139624	0.968063001104943	0.969188514769995	0.968159604794871	0.912096487032975	0.989407997536474	0.957980289946132	0.935602329333228	0.971863440350747	0.566632284816724	0.446201504165305	0.979312336838132	0.925527361292552	0.875977307282242	0.97442322707162	0.975287188810158	0.852716895155237	0.997153076353502	0.951426790284599	0.951721164769808	0.965781733919392	0.895136553817778	0.908179283551651	0.940526407590214	0.958104518950253	0.791006327670661	0.980612550766457	0.765700135458752	0.984235425835366	0.897643995754953	0.967302576084993	0.978967997586827	0.989753548696026	0.794815998916302	0.82541038139119	0.808779459866842	0.963983010481891	0.930687465505453	0.944584143394512	0.955510256935835	0.986526753097393	0.908545019207208	0.884394254288493	0.907634915312448	0.688018986136026	0.851630535312912	0.92988274264275	0.933482149930586	0.766353929218015	0.945234315408453	0.975375032309968	0.953561713497992	0.886609070373445	0.974337057211863	0.978172654416947	0.989359138783085	0.879135172125753	0.83342612076387	0.92637093758573	0.989625369641407	0.846224394376275	0.906316712507955	0.954741816696698	0.929682519826305	0.932229929690521	0.933319540391884	0.886020102481998	0.751983741682445
"SRR39238539"	0.805044415225632	0.911035971537773	0.558668569938678	0.744275273307388	0.658430006315831	0.968887601918447	0.817654205795488	0.83464639062975	0.833554686938222	0.815728584973814	0.6647828662365	0.662897546967288	0.561815732385353	0.945372832219135	0.880893282174583	0.919130237155318	0.642881931936658	0.964411143954679	0.848987654091091	0.845326569955024	0.78350318124389	0.457537732200557	0.270069254870899	0.936865311700494	0.633199050042539	0.650125562661486	0.963553683103159	0.947774134852627	0.641812691970628	0.982365460757781	0.927162347885134	0.817206566874983	0.919877389715439	0.806240709064006	0.708696834963853	0.826637391084313	0.769772020930731	0.650572145145142	0.856613545894207	0.550241744262588	0.935765190834961	0.661083364175627	0.897013265325388	0.814521912860896	0.968568736744293	0.679130716170373	0.523854137929591	0.565033341074367	0.854897113342929	0.875543384940011	0.808894901084575	0.899908187102391	0.963550930765689	0.395859051074835	0.704186894358276	0.35633521855671	0.320962845002047	0.434852782878158	0.89265432392604	0.836653357718311	0.622137823482474	0.904515526235262	0.944230018471477	0.894519373020813	0.828876976299613	0.873017990625694	0.943789996811308	0.936331042870306	0.622308442737171	0.667526952564015	0.758066955986609	0.94513686798045	0.614101741645223	0.750042503594871	0.794640887055584	0.87037163145286	0.879565205139872	0.82955231194425	0.807877415224182	0.546835690325901
"SRR39238538"	0.674206126146208	0.807428188906233	0.390353288426879	0.619820897778076	0.415749976464543	0.923383718621529	0.806223389862534	0.726702905256182	0.624445685750194	0.703077281777477	0.406959040598094	0.621249765149541	0.465345381808258	0.862950515679747	0.75974410482184	0.810398634904958	0.578657563114943	0.888427695429559	0.713009011907759	0.71594798001833	0.685830281355572	0.250612735087429	0.0598631120525929	0.889768953533565	0.541715513367559	0.489651633160967	0.897103549993743	0.835703046236884	0.482890764034054	0.976718217680639	0.710113698047009	0.713848955463826	0.813650643915877	0.554953658924056	0.405280276223689	0.500282239488396	0.757505434895722	0.358747836025155	0.765584196273358	0.281617293092978	0.887123603235722	0.393397094387808	0.763163555189761	0.776044354501617	0.916803251041385	0.4255411494452	0.248241606964355	0.358265158769562	0.769381640192162	0.766403647942637	0.694108892780882	0.797115949426002	0.925716945031485	0.284127243340215	0.52163471687608	0.272710475589279	0.207997997916713	0.202451984577777	0.706712538375292	0.659991134751505	0.45178755370108	0.718373598490502	0.848039370294118	0.671399143739871	0.697257823709733	0.840844815475199	0.803780833923688	0.923189743876132	0.444973962953359	0.396808880568108	0.710643332756819	0.901743204474258	0.365198793210569	0.540911615633679	0.713714796560123	0.808317168965797	0.677332217372322	0.715635812841454	0.580692037506549	0.253981093583644
"SRR39238537"	0.909437184691075	0.955725198517706	0.728931533529312	0.835793791414211	0.823590265489438	0.982293204195334	0.945141035826382	0.907142953022563	0.901318871731625	0.914500895182302	0.774324585741611	0.85602771914109	0.795320848458069	0.966543147824577	0.945502755071859	0.941415823552407	0.87312225758991	0.981586336096457	0.904652808350909	0.905984570007615	0.91850082883636	0.51053489903729	0.190754148693935	0.969039650969469	0.833701096377703	0.795417625120088	0.968171546331208	0.961073162744887	0.77723361773419	0.99501270500734	0.939527585668712	0.928898968452242	0.962237660608631	0.852083341106718	0.753318202583212	0.891619591537892	0.925104198153754	0.763313435544754	0.945217561505168	0.617263627083019	0.970864120867408	0.7639642811854	0.940354203956	0.940526164475524	0.985864279137543	0.761933610445486	0.634632779871879	0.686404730276793	0.940633624160656	0.906169482474047	0.896651917003962	0.939559518878588	0.980867229040731	0.685563236323721	0.829510252527813	0.689661553761745	0.452219029015156	0.626072140170594	0.90362170273204	0.91486128378474	0.768022399333769	0.937457833321025	0.970053157616939	0.936238552950383	0.876618886069954	0.957243572935716	0.962932114392125	0.982543937162537	0.768879802286947	0.741044211243314	0.894402316199647	0.978747898932668	0.735615286847637	0.851778453949351	0.912995013737645	0.924032879842786	0.924536909421844	0.900188135028905	0.883662874436945	0.691818208164233
"SRR39238453"	0.955626717140161	0.932940578571334	0.910611837332285	0.948805135314308	0.777069032842889	0.987685938039628	0.959948840965551	0.931058130097185	0.882799629562704	0.957116472741215	0.903594714894643	0.927170490509594	0.929341623448956	0.958290030935491	0.958012630232671	0.963105728613845	0.920686526392948	0.975746984906137	0.968506902198095	0.942987936514518	0.970887652447871	0.678508886735424	0.397565798066126	0.981963314681131	0.943056726205335	0.92250915627484	0.974768051855835	0.968835098247266	0.868948811216774	0.996686566488941	0.908140156796981	0.931261137030916	0.930854914786823	0.848825436782481	0.911674677105616	0.878384252801065	0.966562003508284	0.740983179750544	0.986417933165867	0.826312866559753	0.982471506806595	0.898862513980263	0.953225862922094	0.979567379814165	0.97420239458825	0.668727390216193	0.829142486777646	0.856226378281388	0.96041169265202	0.940226262815469	0.929097431011324	0.959996777270442	0.991929574896033	0.914470315342302	0.884395164884809	0.910066163722503	0.697094472641282	0.840639669707254	0.910912395015	0.912963429142738	0.736524172633207	0.912172659033795	0.973981347015307	0.914661967075243	0.945616009666942	0.982827480706967	0.944664157593443	0.990405001823535	0.857241553926429	0.823750356863351	0.942700343741038	0.988950428064045	0.857302529918518	0.918671542684314	0.954141913351308	0.945435791688266	0.896817072866739	0.948232823018045	0.821329483620719	0.612481287037554
"SRR39238536"	0.191419731952303	0.511509533181385	0.126013739316468	0.474825083886592	0.277077472671536	0.771099324367058	0.350281002958225	0.418321343247409	0.391127170739809	0.442103988835932	0.175341693418637	0.217010007259756	0.181938622051386	0.530041866898285	0.325808130834267	0.607498497587757	0.227065048976729	0.506856074970664	0.557694973122949	0.27088087994348	0.31578978875839	0.0531451818174653	0.030189209896641	0.642768662243796	0.157606717667331	0.27304023804539	0.81703432048065	0.620477679904918	0.104394213168274	0.861876166749308	0.428183270370962	0.272469499750846	0.687555231341697	0.202336411287547	0.181459979598096	0.102767847418693	0.20888586460785	0.181435189042122	0.479403527531514	0.237118802868461	0.579769276853493	0.204390154121939	0.363739305325778	0.397805750082464	0.704728029426956	0.154282741086372	0.0570226181362015	0.158526032190803	0.419079590353711	0.512577440019218	0.37873130338905	0.594725265938425	0.854101467308684	0.0921722107467808	0.179659645804566	0.0680828111085256	0.0712357656173165	0.0713179265275974	0.409766891947647	0.325604623942871	0.263751655335344	0.476574886432167	0.479968150345943	0.485285489538048	0.483033402259582	0.516747979445032	0.551865916994301	0.521993851384023	0.118541486262366	0.0878107478882752	0.334820390364662	0.714197771835298	0.120601625175198	0.247573689360423	0.32358943150195	0.586070505562853	0.436571670374364	0.466202410321314	0.339018505404274	0.137406958721554
"SRR39238535"	0.490426944009166	0.760093348108177	0.349902886929165	0.66482170609556	0.498568741522429	0.916767105518074	0.592154735948472	0.65374195608685	0.644461838281628	0.679416865541943	0.449600107178648	0.416634862746188	0.388263777820856	0.809149186586496	0.650907646696853	0.824486898233691	0.419738934993769	0.833109685758344	0.778077359751747	0.58295287874821	0.599266901664489	0.184135647925138	0.112618049678899	0.842288779343011	0.379414620911302	0.51064220136981	0.922613710698774	0.857958934357399	0.308083712328198	0.947022750046335	0.762108970378	0.553006193286288	0.835946533163695	0.507260809474367	0.494398377674664	0.422906534379833	0.468204753363975	0.410467407539765	0.755778612574018	0.466985062084972	0.821504225744351	0.483090330483186	0.689501687183214	0.65744478758318	0.890386123855755	0.371804359893186	0.237904444792967	0.372907225548201	0.676039223710185	0.74612106893893	0.621474171930567	0.796842830125401	0.939133165165083	0.252812955841066	0.416181057407379	0.200823068701409	0.175504519443426	0.248891561988995	0.712452580242898	0.610838148959715	0.444923696507327	0.75818504193585	0.796734677406331	0.761451433850857	0.704898350248086	0.749074530778442	0.82264972489737	0.786128863475477	0.330158893100058	0.302961025973433	0.549855246030362	0.879770333422512	0.348950188051408	0.53484613795081	0.585748177608638	0.752853813901408	0.715178258726755	0.704358459758874	0.597218144650642	0.332632231909326
"SRR39238534"	0.152576619453708	0.28246697200457	0.175476514212201	0.340721411777575	0.261253802779484	0.431910790335569	0.192291730590839	0.23860851554065	0.241195519714387	0.24644216847765	0.175774065111595	0.136579520956492	0.138725267850625	0.433933320489198	0.169286500158918	0.345845368644357	0.121786674549059	0.245996037172483	0.369302527857486	0.211046716299284	0.149601317700238	0.176475329692558	0.0657424645607599	0.353571505346723	0.165144810286487	0.240584244072943	0.523980079474489	0.358080919230115	0.132334682773035	0.380378764959632	0.301651907529859	0.182283049119325	0.369089149064992	0.208625394712226	0.189429792547805	0.10709795419831	0.148560991514092	0.20513715371109	0.260678859299605	0.272544100813303	0.301812637474169	0.195313759329719	0.273344456549766	0.18171878463183	0.34468876375157	0.216430892038738	0.104667693693676	0.188409946813694	0.19959927154641	0.39968001140996	0.192601552334528	0.337096057269729	0.560160149602077	0.0741886255812848	0.133090604638553	0.0674829664721629	0.0879919466512216	0.113857264097756	0.284370600607137	0.19999568796895	0.289343121216813	0.36294710556033	0.288614281195224	0.304417843544668	0.359673468755994	0.298369350997641	0.269591487159227	0.222417138856397	0.133466067277097	0.11034323613753	0.190450316652569	0.318105300800082	0.13916103905712	0.213540982165899	0.187144246542446	0.362654348959499	0.330102533068033	0.351296910447648	0.284459671332418	0.290761304443638
"SRR39238533"	0.203900730526369	0.310804611706941	0.152484283825413	0.219488901511102	0.192392125317135	0.383752041926293	0.265677645509374	0.253408162573326	0.201620631384043	0.23360418255554	0.14328015986753	0.180444015548297	0.129502819805713	0.365345864747475	0.188411340827165	0.319696902315161	0.132323167777935	0.267865855834507	0.286075828674876	0.238869601611123	0.171213215106486	0.162394357667056	0.0692677130764574	0.34928674377048	0.210328010771343	0.179490439174066	0.433582934057529	0.26820174538128	0.169194738969303	0.443544204739015	0.252055747128505	0.216803765987941	0.321573529881126	0.218029529065754	0.156518642848839	0.120944488419004	0.219979589437358	0.158652188024062	0.215014421628631	0.157829663534442	0.29378448539818	0.150958305015965	0.248862649434266	0.216677506475323	0.364147039845526	0.227791840827433	0.100467593401121	0.153485697786989	0.221517252136647	0.307308259233962	0.22813547324299	0.292557091362457	0.412740326497239	0.082116015805193	0.153678907898506	0.0848233993804126	0.0854741580362398	0.0930620333863146	0.164635908309305	0.195439510880584	0.240765042604471	0.289936844958686	0.271051785925747	0.228248552866283	0.267979043390691	0.272807995395818	0.272199605131999	0.299587809290755	0.156338939405463	0.106183024354448	0.226996653369866	0.308000983746045	0.126912152546097	0.16763672776486	0.219259693540094	0.349744728801695	0.265938649012963	0.290177778062664	0.242961941621841	0.229284407300686
"SRR39238531"	0.727719654437342	0.841996626742038	0.429358720449538	0.634443222512148	0.470874284905735	0.939563033622456	0.795647811997058	0.765758524295241	0.67678711284925	0.753065614196674	0.497319184498907	0.651817673068348	0.516776342935878	0.867938075014936	0.813452619017031	0.857490293164752	0.606262953070774	0.916597118928566	0.770084248197106	0.76209245228718	0.751707275090514	0.220078663503811	0.114753083365639	0.901175028071785	0.602962620561885	0.533854312620664	0.919303717582848	0.879833693423948	0.541569994500331	0.978804086300255	0.777466911988301	0.724906503935392	0.845875718508665	0.639647841270682	0.527091552074308	0.619671735945474	0.755341143415504	0.419786616769751	0.810828295095692	0.346783159124758	0.901488886057662	0.491412812854689	0.825539436244032	0.800389826655343	0.931328052487055	0.426888784318051	0.338532890581168	0.381626343936256	0.806587764236176	0.781201420011716	0.753758423827233	0.829822411162457	0.934335477218841	0.370764994408963	0.586691255820978	0.351889293750361	0.254568201727225	0.283509494552567	0.776740405027176	0.71515269504467	0.474992362802095	0.771445066111412	0.87781585714475	0.745152292601915	0.712102516951527	0.834931601093693	0.867489809048276	0.926502076623905	0.472528703545572	0.473255211739102	0.733949460391515	0.922650769319135	0.443578216714991	0.602710554853784	0.746294676627851	0.821570468484973	0.732584275368398	0.733233010873895	0.6345070478968	0.315068665739326
"SRR39238530"	0.908270143898466	0.938356301989279	0.715874932094987	0.769605021509952	0.659129996789965	0.97734840199424	0.926780554100608	0.885540896616388	0.838667787667698	0.863346971024314	0.742862355288479	0.819566513188203	0.718958986660964	0.96455323731354	0.935034453237783	0.936629902346952	0.78036632486867	0.980479093217005	0.878047598060957	0.914290236662713	0.887789538319282	0.607835358011954	0.22578353201702	0.9630838423998	0.809447435781524	0.724871680935412	0.96234374578866	0.955795033418635	0.800667586109734	0.992631159176015	0.927800853261462	0.904805141915143	0.918338355812095	0.857498732000141	0.775968914051073	0.893018095140464	0.920037869026969	0.657183065405019	0.918149149991447	0.527166475266221	0.967874391547512	0.72144122541485	0.938555853581385	0.917971799340024	0.978723943720767	0.749714207774134	0.663150517287148	0.658561923702856	0.914527510958194	0.909168058794766	0.876347251551849	0.918529549569016	0.96938658508233	0.594534352323472	0.802780029886799	0.589657111599289	0.462677342122043	0.548733303624746	0.910904151955299	0.877060083721738	0.65148977156591	0.907197441275351	0.963731481856927	0.887309246071555	0.853365324609773	0.937571377635217	0.951391071973355	0.978193161473744	0.780471070403865	0.78612299615197	0.863595525022875	0.967019772548134	0.713918151470968	0.81358842913986	0.891570769114932	0.903925254823339	0.88282451013309	0.876198512966202	0.815557903957879	0.539304127248362
"SRR39238529"	0.962785550241054	0.966083801673129	0.908762676028789	0.865687045603123	0.805519841919448	0.990012211245701	0.949341195722161	0.934225242250864	0.88713433719426	0.952202336392825	0.93111961357887	0.898875964777098	0.902984354829668	0.971010002272886	0.974513814398362	0.978500745869122	0.865731333940426	0.991729972922939	0.969167320094262	0.958419928891808	0.97401869364712	0.649400355948698	0.692304877045216	0.980424215744101	0.937087377230576	0.888553790267217	0.980728583786489	0.984019533512141	0.903067643909807	0.996089775677022	0.964106484751289	0.937994795097731	0.944440925564041	0.934634910157362	0.961049359565813	0.966317299934403	0.95407145471485	0.785071907786577	0.983387804148072	0.824291314953338	0.985888383503468	0.934008024078507	0.978160781928952	0.975497809489644	0.987079451751886	0.775925756587806	0.915722619978412	0.834905606713713	0.960273678357582	0.947125914161836	0.949744889879107	0.958384504322172	0.986854290640257	0.921590327710178	0.898745735282612	0.912636275262792	0.755187731002319	0.899322590599034	0.961127153244391	0.930974843360366	0.712414173020961	0.949072061132314	0.980614621967127	0.951443697611586	0.902903981238563	0.966618220158723	0.982432969153621	0.987216496449953	0.897211004850853	0.904403966370246	0.917159034389762	0.989076945139492	0.896403020540395	0.926030892883355	0.953501383812646	0.925788862261674	0.93138923396583	0.938248447609823	0.868870668093033	0.730534731434039
"SRR39238528"	0.991285947027628	0.992382014615901	0.949870015475783	0.95813035836841	0.962249279859728	0.997744560786943	0.988622985700224	0.98265903144823	0.984245549710607	0.981941712245001	0.964611239759525	0.974758010279671	0.960698666939045	0.996506054296614	0.994947855715437	0.988722744941169	0.97861923579628	0.998532280462798	0.976517614167279	0.990775060275209	0.986657007300022	0.857649971510849	0.51547633344163	0.995085114869324	0.975168589862662	0.95742603632893	0.993345568270494	0.995531322807522	0.975823951043069	0.999248447838921	0.993402351846313	0.989616547815749	0.991747372822461	0.984070945241016	0.959170412512168	0.99442723302115	0.990729934823339	0.961070481415689	0.991857314340321	0.873388535978952	0.995928832105372	0.954402250869422	0.994568415116466	0.98699377713967	0.99799320810156	0.933656956542099	0.957108941792868	0.908041153121065	0.991078227929744	0.980547747470335	0.977638229782055	0.988643790926372	0.996607318751065	0.924074246317957	0.975314545802591	0.93606461775855	0.771339626696479	0.934489963976365	0.99040775404141	0.98935135151644	0.944423999080074	0.992470370743561	0.99792954309033	0.990917176381387	0.975398645944493	0.992474495428816	0.995134331222684	0.99824006270431	0.949517778732979	0.972351103816459	0.980306378163882	0.996535177868216	0.963384621301289	0.980912108178366	0.984499669226643	0.982775984181693	0.990134938253283	0.978329123725942	0.982126363352325	0.939551789505139
"SRR39238527"	0.308500537990291	0.323901516012266	0.207090527773737	0.194580319727091	0.174958130552671	0.36721731613123	0.328962797232323	0.284576532386557	0.168346192645071	0.251324064740908	0.186336930195736	0.270217731851002	0.203956507252352	0.364781750921424	0.273373543625678	0.341032859590481	0.184148667812022	0.323931992997175	0.311988141906817	0.310588099379955	0.273529473841944	0.136648845124741	0.0785715196769438	0.35935731481776	0.361266906576744	0.200182563206869	0.359318803944922	0.293975906804945	0.266906896626401	0.485061130555181	0.206461164997941	0.244289857742615	0.262920209195281	0.262002665627229	0.22111086439225	0.180621095917206	0.332749317536332	0.145406354211307	0.281871539338228	0.148320482117922	0.37619382712467	0.1919001801335	0.42812212285957	0.309694114377964	0.332761606831806	0.189340733930887	0.167523998164421	0.154023716230359	0.273364373195271	0.337685741607572	0.297969874462983	0.278566828970204	0.345132943107174	0.171215937316612	0.200747411739822	0.195621273142369	0.173162852539965	0.150442525302124	0.287910914850066	0.205055265329632	0.224673167554673	0.249016893261555	0.275709176860792	0.190020525929707	0.226074846243287	0.29838732555423	0.279675304801397	0.389899016947037	0.205250199993109	0.185327607440881	0.295543778234933	0.347828953964803	0.169312354783213	0.198492546872096	0.290693005387174	0.343601334085833	0.229184015352883	0.28107799600496	0.215140423504162	0.234408728260208
"SRR39238526"	0.585268592741879	0.735430385007689	0.530961161857864	0.758339172762154	0.556528488661265	0.838373499014576	0.664432616875464	0.663463597183951	0.721516293312837	0.728620595200995	0.598043269697933	0.455834629945774	0.491727939479505	0.730794661307507	0.583702736741932	0.812798733872522	0.4845015897733	0.793779896239302	0.823724762057261	0.487155849141827	0.67918082722547	0.683838325299435	0.748235486132677	0.79786302125679	0.496781104341368	0.589944335902913	0.899042795086414	0.794824710600438	0.293792884668336	0.883502393584896	0.799099443738734	0.622373088646284	0.814121315916984	0.487364003540799	0.671801246532451	0.461178586373997	0.486970643568374	0.53818610123464	0.743956677854668	0.709512703484317	0.790156971198298	0.657874658573979	0.634982382566525	0.776553602792298	0.855784375874734	0.769317803540926	0.368254336091626	0.757488509132557	0.656479729134304	0.760512545174307	0.685500073062605	0.787894821908738	0.868999578891842	0.554748342944881	0.553701532745933	0.465185245343828	0.559500903755276	0.487893073262056	0.61750574789298	0.615461161813575	0.428857280794112	0.681039295928026	0.659456835490902	0.783486157475278	0.737645482113693	0.747938927131341	0.825358731902724	0.661679919622556	0.671280307342899	0.495221070263413	0.554675362403749	0.832947548871462	0.486176232513272	0.537201729068907	0.655183910354951	0.692069594180074	0.67617925745208	0.720993626445781	0.586062783861195	0.472078319035753
"SRR39238452"	0.85399001238646	0.890078557839199	0.582941098364527	0.756947796150604	0.57550910175684	0.966846056461343	0.886797168963434	0.849172635037923	0.785858270217076	0.807712098299469	0.606328070289751	0.793892072948827	0.638394496313239	0.928523641248242	0.887379561030815	0.889963762331515	0.747160894935031	0.948093166231015	0.808963041388316	0.88367563652476	0.816147732817169	0.391302355331264	0.0718530795271705	0.947035886700974	0.739656195319814	0.671196954716907	0.94248045916659	0.908995386342608	0.742650370493453	0.989288397097795	0.852070619776175	0.846380042958328	0.885369062924449	0.77206838219994	0.586122336325174	0.764458199638596	0.891891443724903	0.563631819630403	0.877236271313416	0.3956219338781	0.93416835748504	0.55939528895132	0.851521771576469	0.856872249334608	0.957279391459884	0.533879585647188	0.482615216083451	0.481848568100328	0.883288459434703	0.829935477713203	0.806829266077693	0.889638997154599	0.964357420881417	0.412367800392914	0.725634818654169	0.42219968667896	0.230588254607567	0.354583142616311	0.759039456049352	0.827945469836201	0.632605809120521	0.862412461098152	0.949712457978857	0.810436767820046	0.837347577641865	0.914523113636614	0.893877223005484	0.971732664529986	0.578094919252814	0.575734751309302	0.846923519823999	0.949844358428344	0.5943697684815	0.739527618333499	0.83705437179676	0.896769246442197	0.83356773632544	0.830441586295966	0.759960117851343	0.416177350449037
"SRR39238525"	0.149222327635215	0.235226756637609	0.181835312787493	0.178868964961831	0.189547769107069	0.248842901823443	0.211043732815359	0.200478956985474	0.162120791429934	0.167487919470006	0.142984032401428	0.160367210377368	0.119959691875997	0.277048913769105	0.150901273744955	0.229002978149398	0.106645842980137	0.195212175532336	0.190438890415834	0.235020822834425	0.123702386840195	0.267995402179132	0.0906198258222018	0.247352975534457	0.139074617989476	0.171247779389515	0.289250896230706	0.193143092906827	0.211268599306333	0.228145170747912	0.216464498728371	0.191260733891387	0.209610790061708	0.241161186521888	0.163648585460088	0.141007726943055	0.209253358054244	0.176228161757292	0.152292743228077	0.163907073586203	0.209421179048094	0.149490652591796	0.139021201376627	0.147998641964375	0.232515115945482	0.267744219756675	0.142436451060909	0.165254970609362	0.159820094438041	0.273971840691624	0.17101271537726	0.208997830173148	0.25658217356193	0.0769029990961182	0.146419935791553	0.0727122953226056	0.100123794445485	0.10462963429995	0.15077416274379	0.163907703644402	0.261889856944961	0.258194357556821	0.222278896405986	0.175731533164667	0.229211310604256	0.20301751601199	0.186716009187008	0.207987842539816	0.171977135758162	0.134045739655335	0.186068345805136	0.17678359021118	0.144887345495362	0.164544426021938	0.177475933730407	0.27364419051392	0.237458139273629	0.249682496890643	0.23388985404974	0.197149444146128
"SRR39238451"	0.68531586851689	0.845567975249053	0.512139884986401	0.728789655005977	0.521617636719025	0.953012301413466	0.827727465912485	0.799243807838259	0.714982314126275	0.778884314107583	0.553611474652953	0.723944252732575	0.601087803538572	0.84970165915096	0.84444799123421	0.866431986267772	0.685409208155633	0.919863017303429	0.765227132216772	0.820206882131404	0.784651906045659	0.252433322374217	0.0711121616108296	0.923025513276009	0.486000463796828	0.62693839563634	0.927284290852455	0.893713563841688	0.63239154851077	0.983491231419962	0.784051091375824	0.764768743208083	0.854482228261529	0.679886857672041	0.550984392096354	0.652526612255626	0.82282516747641	0.475190404230221	0.859838946201374	0.390935494831681	0.916283262382866	0.528792000338822	0.69386744208427	0.824977485970812	0.93279615678376	0.403478662438738	0.39840464566573	0.41372708848751	0.841538419117934	0.809169359096567	0.764489069636097	0.858281693613114	0.955964923894989	0.402198529200375	0.636284659789581	0.32828523201563	0.242599067707374	0.286605532832181	0.790648494318361	0.758628233039435	0.554800529388664	0.807742139485819	0.914045465655841	0.762264548226177	0.787283152774397	0.883195796949583	0.85767068196258	0.950341276489122	0.481035855774088	0.504730134254064	0.792701206683096	0.936726687631666	0.511470019299489	0.681387694106828	0.784487352595911	0.860828371105124	0.772347378538412	0.786362038213367	0.68029526992707	0.190637303832715
"SRR39238450"	0.952334363067759	0.954913710522397	0.870418170251113	0.91039814199879	0.813685761015295	0.990309015431283	0.949670754837524	0.931978185838324	0.916259076316695	0.928923830024566	0.874640106589477	0.896806085616684	0.84781856375707	0.980951875713368	0.961986439054232	0.960761290053597	0.873435752097923	0.985961358103283	0.937047710148861	0.963539957375955	0.930650573809809	0.773628518328546	0.252116853410791	0.982206446774336	0.894420452613823	0.884377920757695	0.979971474330519	0.974217901700249	0.907561333198245	0.995809586555283	0.961985798815105	0.945070728740832	0.947546424704657	0.926353690311696	0.875746991529334	0.944255965797936	0.960829298458319	0.824697072416006	0.967882726281192	0.738963356511672	0.977748521229291	0.847807052013042	0.945250080331097	0.94394103259036	0.985328216019147	0.789226580385259	0.836309386848987	0.789997103292698	0.952553482998652	0.938477087518902	0.904109925539537	0.959111129369085	0.990499395297392	0.700977885256342	0.884481939608659	0.703805403177583	0.419498022170436	0.738776881589882	0.905740112807603	0.938064535585305	0.820639954923989	0.960783028104443	0.987964704570962	0.942320110629902	0.946820175697159	0.973151946908039	0.963527977013165	0.990123942388574	0.828149265464973	0.836694530495374	0.924864576216549	0.982418698047618	0.872105432839757	0.921348674812106	0.934321160770973	0.950873662588578	0.947818395271835	0.944459019973166	0.90708721609621	0.724813793586037
"SRR39238524"	0.521173216289092	0.570978351803634	0.311479917301175	0.45759995615296	0.359390283612117	0.745106823286766	0.488602224899555	0.531603010774848	0.452282466405295	0.45453139205265	0.328993506002057	0.447868256355623	0.328936020196788	0.69606092455588	0.547642084838263	0.595002457586807	0.373468021481272	0.644645351424492	0.508745078116335	0.594873230718888	0.422541604163358	0.20345927748388	0.0726706409897731	0.669345233442397	0.470485902572183	0.38807370118078	0.712085335480353	0.633852129230502	0.460756565625454	0.802424063185381	0.526141925328798	0.453684341513054	0.5790518442266	0.504697490176252	0.337690849411637	0.417303356797103	0.521971474404451	0.345638872335128	0.514088226341844	0.263917304221746	0.634761938043702	0.314716217878487	0.642397020428179	0.434730908695461	0.666228451291242	0.279336908875788	0.2789235096754	0.238067055666567	0.529875735472867	0.567075791095959	0.466196767702222	0.58280596787862	0.743408586600747	0.184708226509403	0.391641483683993	0.201871952331195	0.158397383079707	0.210246486658657	0.56007527076399	0.484048693353228	0.439782862943593	0.591383772049226	0.690396866839631	0.48242835995977	0.536865856126057	0.559717131634308	0.568605073692691	0.703238774076527	0.265716205017876	0.331085824019808	0.515763964817218	0.649961395411331	0.327892387038777	0.433433693756492	0.469356942827853	0.635111021332406	0.552078206934772	0.517739537130579	0.494132037783768	0.376274212576647
"SRR39238449"	0.951515453717545	0.96272206190997	0.797233344714646	0.889158322321063	0.84929681492578	0.988609243673677	0.964203583838635	0.938531592530253	0.924877215756497	0.936870375195914	0.821412625299207	0.926606974354455	0.870560010079804	0.976590510040458	0.968829118675234	0.949653712875637	0.932031093322593	0.98601378484129	0.915118552360949	0.953180679475291	0.944791461465759	0.512889570579967	0.123304094209833	0.980397156578441	0.90684969413905	0.859263939392687	0.971814452984613	0.969203755036679	0.888174431318642	0.997208539625025	0.942752722356484	0.951836335365862	0.966472627247643	0.899297614661528	0.770753425737095	0.929364779732436	0.966156170925329	0.812870842447242	0.965073478080335	0.612528154966062	0.979730578584313	0.786148689155734	0.960020962924762	0.955610437176222	0.987747547849276	0.715566235155421	0.731981635100365	0.685711819696174	0.96443617871364	0.920776210168546	0.919974248769855	0.956140453105036	0.987712825397127	0.737700369566586	0.890040996024359	0.769106902224365	0.446478712927419	0.673956865463021	0.924394185448954	0.944579939858993	0.837887228828417	0.953316811653127	0.985314611188544	0.940771541915792	0.919906739907056	0.97458981305858	0.964140663401237	0.992779217827324	0.779439386958592	0.807377307965196	0.944173378689356	0.985712778525265	0.813888353155979	0.904453517385575	0.942662796872293	0.953593891370651	0.943602036769601	0.92514230541502	0.91377075748006	0.724522730835954
"SRR39238523"	0.611925478298674	0.631637499479255	0.494873995051047	0.438535438900223	0.482632054126559	0.727377335477081	0.469964117695726	0.561780039516485	0.521649528665677	0.489056086775309	0.518541608428211	0.470060213493165	0.39700804749845	0.74145729072018	0.635847007434031	0.650452050611152	0.364408698633743	0.743201320457447	0.542681266494186	0.705497122684463	0.474788417136578	0.458442524113353	0.346188655008832	0.64696600221042	0.526294817522759	0.469747556668352	0.703484664211196	0.707258720778721	0.64834197905238	0.668454913308234	0.701581572295423	0.524691600585079	0.560682470239525	0.716100075909906	0.596050563188801	0.716588857823165	0.559580345702813	0.527317069635834	0.538054968883112	0.426255773556845	0.644895378019238	0.509399164804317	0.706430125943973	0.429559199242066	0.675027792360131	0.491919902004755	0.591644615691073	0.384345770701739	0.537642270550825	0.633335618138041	0.51865748210767	0.587177127359279	0.659041954969379	0.301514647161558	0.515195255710126	0.312100922960613	0.303053130891305	0.444372616168729	0.701086812552055	0.57144990928811	0.534860173739906	0.706946197559305	0.753406369058196	0.600120466685144	0.553496929151547	0.509381183710643	0.681487829748399	0.646558771714789	0.444411071651795	0.588810650702343	0.506207224585915	0.594779818122415	0.534132915152445	0.565603224701817	0.512574248811038	0.598452257491097	0.665751682667765	0.561380850178239	0.616390681987554	0.572695709317475
"SRR39238448"	0.895250043203771	0.908185957278165	0.643995264486826	0.784519397879656	0.606377588256063	0.973803273135326	0.909099246880409	0.877438027856036	0.811077999592376	0.853306638760777	0.66747627728421	0.84387009109879	0.709436356792387	0.943555081580104	0.920664682721754	0.908951477761346	0.802398804215099	0.962372724193853	0.83593383864079	0.915223015849588	0.862030782357598	0.404336922637671	0.103808977426808	0.95775049558083	0.805770350498062	0.717174761869891	0.951750146152991	0.930159863984235	0.809517691547917	0.992068772435835	0.870801392548857	0.874671905142209	0.896351049814278	0.818527870995048	0.650221557707811	0.828817193434843	0.922820061850999	0.603897756405523	0.906501259681275	0.420155899567066	0.951567595311706	0.615167584300942	0.90129870534203	0.887919038946163	0.964201074837638	0.540941690638375	0.571632541174066	0.523165002786101	0.910280869927539	0.859054306847711	0.844106727715634	0.906935157845742	0.969794299170088	0.49671781332162	0.780045192020572	0.516150296620775	0.288543841168404	0.424280481841525	0.834145811154167	0.860426116137617	0.665842537419043	0.882147276542409	0.962869835592628	0.83190239012723	0.857252175905127	0.931694965279228	0.912896796153869	0.980553821138921	0.628176288854049	0.669379985763393	0.881732595341066	0.961327577338086	0.662467408567319	0.789798551146277	0.871990999921168	0.913358569205668	0.856123365840973	0.852205010289722	0.788569151709259	0.452138879122966
"SRR39238522"	0.72182657001463	0.829636566682565	0.768706149928125	0.715176109850125	0.818266877727445	0.871635629202532	0.769581938333267	0.679490736010281	0.734896272893188	0.791808124990092	0.751213176970259	0.553332338539374	0.6765729405786	0.903963593270342	0.752023746848408	0.816163604227159	0.600402543746121	0.886124024122928	0.850984123094099	0.684171381189816	0.759501537722298	0.724901584991343	0.52231240772704	0.825759281537179	0.719859613394937	0.738103719477764	0.857474562463807	0.865654779468067	0.571595008270725	0.887228209549273	0.859635345946808	0.778362001128287	0.845109111310537	0.726900089214284	0.790482012657626	0.772328220885927	0.693843562242989	0.728594459932479	0.858220319545691	0.779827364291682	0.858892520399359	0.791536387304093	0.858671320134883	0.805103887018806	0.895912841173096	0.797109916318386	0.685587764006845	0.752435022237198	0.725530314416293	0.834923813880279	0.683508608173474	0.781491953071484	0.90031320356079	0.674612936083711	0.60259196947161	0.676332135929773	0.560300735329773	0.776988637862284	0.817197286854587	0.729619631157243	0.702134576870363	0.856392466425916	0.820211437745119	0.865856902237222	0.72406686811839	0.839580981903169	0.849834263345176	0.785538926856927	0.740708771663689	0.651751344588403	0.608715689252071	0.853271417013602	0.694393830700886	0.756278982782064	0.734351172521618	0.698532613879898	0.832442260421242	0.813867845755681	0.777831531228256	0.849568636612297
"SRR39238447"	0.704955382239914	0.754941216427181	0.516997658789861	0.600456917151905	0.647565138096594	0.832424411281619	0.733956091650816	0.670547054894092	0.653533986351411	0.684529284054075	0.506253150655963	0.634017528135733	0.559475576433929	0.842318820433114	0.731033367808405	0.693534223258249	0.63734047401089	0.812899964647703	0.653008722307469	0.705851318728393	0.644235868822103	0.363984980250313	0.142567361186696	0.788100201094637	0.679112431590314	0.576899951441647	0.785633998643054	0.75733589126508	0.605972025485585	0.898904102809217	0.694702651354645	0.703646369928656	0.778243412301078	0.645300760296648	0.469506634590059	0.641953280851007	0.73148057767935	0.571991710118315	0.718663563052534	0.419774561260198	0.792813924677546	0.49853385684378	0.807742860354744	0.675515092762934	0.833221824415242	0.510018396679043	0.445593125957135	0.440375609821193	0.714776908408687	0.701083345496714	0.620656969144004	0.71077993920323	0.836289888772151	0.403102665834865	0.569576526669571	0.460530669061123	0.303327864975335	0.437334281990258	0.714883021445915	0.681803097292087	0.647454453351819	0.760436036491684	0.814410796587595	0.703855452346134	0.643943577041131	0.768919357615287	0.729105915308681	0.847706810371283	0.478910596190559	0.508733638893869	0.678139531283244	0.798638384749445	0.504679530500133	0.626338639104512	0.668801921012631	0.732243917896879	0.737283838637204	0.677766094807421	0.70070854329697	0.661357161970107
"SRR39238508"	0.98442427730933	0.986772307955138	0.938651175379802	0.919546221074558	0.923034087859152	0.995067492401705	0.986769655392974	0.968723487662721	0.957047225335141	0.975217859680671	0.94734686712594	0.961785895040071	0.950773367655593	0.989293067894838	0.989437237287057	0.983284858479197	0.961908026899339	0.996703798003981	0.973070513389499	0.978915596680243	0.986435554860903	0.778334669432523	0.49960573862737	0.991403880231337	0.968918143229774	0.933049399059191	0.98628834002509	0.989240916238632	0.950191345650268	0.998911098608371	0.981253816558803	0.982206714586683	0.981888520781796	0.961483838858812	0.951347318197001	0.984170060439842	0.986718347202248	0.899449236234387	0.990438117467619	0.827901029798103	0.99350776764732	0.942180904748552	0.987490829908277	0.989282980099743	0.995997916375377	0.896085643786777	0.929589594771033	0.887998229419106	0.984927020890137	0.964144057987051	0.971539476449876	0.978148759349542	0.993182163645813	0.945581827928885	0.952919865236725	0.951118200284213	0.780218593350442	0.922068521110512	0.96855785117697	0.974077074132302	0.873706158337362	0.977745377636243	0.993014473398939	0.97801407308344	0.944178541606475	0.988936831558774	0.990459861955288	0.996872748731768	0.943429301688346	0.937357506381081	0.967991870509178	0.995101018532406	0.933402596801537	0.959790008886348	0.979932884111481	0.965669889919299	0.971520441096031	0.965718560605358	0.94964675955115	0.86591355194829
"SRR39238446"	0.896714695929564	0.912078563104519	0.745119439519842	0.840364623152594	0.672741090758122	0.977789619718021	0.919521182447195	0.879263257941563	0.827925928819451	0.874489075051817	0.730259986319942	0.8377927880781	0.750083608040669	0.950311789335252	0.915507376183167	0.921635988595446	0.799235052213165	0.962013737498875	0.883048756603872	0.917296260595364	0.878187541851585	0.560308835380333	0.118890074983066	0.964350298582368	0.816847837433	0.787341410667284	0.957873643183465	0.93559008268347	0.809540934073198	0.992334129391196	0.893431587262693	0.891272059232652	0.903735170539433	0.826724997070184	0.731305399968393	0.830771637129959	0.928362912865457	0.655185327690117	0.934819377320653	0.558335318503065	0.954529418844865	0.703140080055638	0.877032698594089	0.909590092341576	0.967382692402359	0.624035165829001	0.638915476733396	0.634094036844405	0.912670784747027	0.878539556847666	0.843161475641433	0.920153711882269	0.979805962453367	0.565124726022459	0.782110331003909	0.56861866917461	0.29446279245235	0.52857491442896	0.786246592290354	0.867870680309305	0.702873621385436	0.902237448094089	0.966302816272402	0.863924758346615	0.892581025802623	0.949912488120087	0.915147930032558	0.980656226147243	0.693347381368534	0.654296680744432	0.87969773544118	0.966601337182123	0.712771284866988	0.827493877559837	0.884926342697444	0.917547060754704	0.877505600536495	0.89313849115396	0.80773410423885	0.518906141414889
"SRR39238507"	0.926999882896264	0.96300330631433	0.826502156483555	0.912015612519293	0.896888649826552	0.989497242613678	0.941372912218736	0.927478091843335	0.938637853025395	0.944086790422156	0.867730802276876	0.871034815690113	0.85128295412804	0.976171377892189	0.957075079083439	0.960330593696195	0.893487565669059	0.984755457022461	0.944980876030807	0.934622490452298	0.935403340029888	0.614236911940724	0.293177726906617	0.977920294941148	0.863894531315391	0.883606981427275	0.981337456009075	0.976086432338232	0.82984426810526	0.995377348908698	0.965945846620697	0.939771284479853	0.973814442318617	0.901374062869505	0.8540108669938	0.928730662894121	0.929046921778033	0.860866314721794	0.969132437824364	0.792536511437738	0.974725362125829	0.861406612023146	0.946187028882258	0.946026494078729	0.988581675518264	0.791362920153465	0.767361601962757	0.780288457117168	0.95358856506416	0.92927799920372	0.90846940609685	0.961440951277252	0.991073565002233	0.746129693821036	0.867291674147127	0.738287413884285	0.445354740428726	0.766348737331856	0.918185734452351	0.942899625661721	0.848007792244622	0.966993713504061	0.983353035607386	0.965858575170838	0.933194854666071	0.969421225265152	0.973409229936877	0.984346313479125	0.791043540198128	0.78031039329322	0.90997701330735	0.984977265801438	0.83277337841799	0.914842239362587	0.926802048105694	0.94408974862939	0.958468815203181	0.938591335546729	0.928498526053837	0.813313723374966
"SRR39238445"	0.986517446080908	0.980390301630207	0.898870868955906	0.98257501228431	0.896791521867959	0.995758741077662	0.979304542593924	0.979613932567641	0.985784869764699	0.977979128142897	0.93779710570098	0.963028365719182	0.935540880247443	0.989322877230728	0.984974835303915	0.985026889792146	0.972355389400631	0.995020332002284	0.977174804166014	0.972431249169282	0.9780409774056	0.925199481227798	0.880537526483576	0.992937839230149	0.960676632123639	0.94229598326484	0.994681503761192	0.990781136146371	0.913300525407871	0.998610876475218	0.988117930276594	0.976616106975154	0.988299936783586	0.942790849625665	0.929441481372791	0.96915826480863	0.975839592205398	0.93395368203991	0.983394237166874	0.897009884962542	0.992116445731644	0.927195408875021	0.985705464605705	0.98468587928566	0.995274472779998	0.947020212150527	0.861084972223345	0.951990959695476	0.985493181749556	0.974048832009856	0.973124338897174	0.9888993859818	0.99518077677633	0.905983033182182	0.971745681671892	0.901266764121437	0.857070587374592	0.851622172473718	0.975381754822911	0.980656739237454	0.865738714975944	0.975369190298079	0.993331303689503	0.983295137971616	0.984157886959471	0.988762487188827	0.990778832672176	0.995136254027383	0.94606106404787	0.957523897079495	0.975225220784815	0.99463478987884	0.924027052682084	0.955259338531459	0.976310455154842	0.981585176795349	0.975107435157895	0.968336412506307	0.956397728231246	0.834575416579943
"SRR39238506"	0.982767619942694	0.97932976305158	0.907958819125466	0.921015618340994	0.853129327680042	0.99481568991224	0.976119896617166	0.964544406341603	0.962172585883668	0.947341437438791	0.916833324498464	0.949526349446191	0.89480653120794	0.991845443331634	0.985852903442097	0.976887736939806	0.930557833900385	0.995686219054593	0.94524537101246	0.985561169885601	0.961214614105354	0.859242101528872	0.328445079376161	0.990474112053896	0.947129021556908	0.904209387222032	0.98677989454089	0.986903644553209	0.963777237774503	0.998098404854694	0.982742451541512	0.975400181853805	0.967397527938864	0.96988884834505	0.918957153051624	0.984205397564823	0.984461888111403	0.88911854623152	0.976053984060199	0.725380690185389	0.98971414570836	0.886141586593517	0.980307612504039	0.966338932152585	0.993873313465486	0.883113066624205	0.916460389207933	0.834685079356143	0.976661361479848	0.961262405677521	0.950191008897703	0.974362711076992	0.991724405084671	0.780084746943178	0.94715867841653	0.803886792679147	0.562204281159085	0.810421709851051	0.96021979075508	0.970660683108506	0.869769005678316	0.978526630830998	0.995292163114221	0.964883777135586	0.959677856729964	0.982388895248177	0.984625864635788	0.996381470097423	0.909335825288124	0.938371382069568	0.961048584584937	0.989790487236666	0.922513400842175	0.952309301245695	0.965759746937123	0.969983024570092	0.970879873915984	0.958472894759703	0.948015446442077	0.804422134365379
"SRR39238520"	0.96137322280616	0.969986528125623	0.839775878721844	0.864675504201822	0.810743940652385	0.990936252361428	0.948128289592213	0.941207133050989	0.929218712155507	0.930790363759339	0.881404917462352	0.893330784877886	0.828507409615903	0.985336128013547	0.974352590179978	0.97048674582496	0.86880860769662	0.993082524053581	0.933636329854892	0.966625515933997	0.939123843885735	0.746405969578446	0.496466388174633	0.981639848992347	0.896673080680668	0.845858731891511	0.983294708161498	0.983763308385254	0.913648387288397	0.996107741520932	0.976407364921361	0.949338793442113	0.959269264884105	0.948001007921588	0.902745348096203	0.971097675985809	0.954238538117789	0.838254517744585	0.959287742592919	0.707908127635027	0.983524298572593	0.861180560283675	0.976114036046128	0.944548624573406	0.990520474336339	0.844403833914821	0.860618927436525	0.778987464106677	0.957526311123605	0.950060644767686	0.931145516660333	0.960852089255269	0.985646844083647	0.725377474541362	0.90661181830727	0.725061490685675	0.575391675221064	0.757643233884804	0.965667645357876	0.948715200659633	0.793927191284144	0.966288795128954	0.988749299117893	0.956558502113894	0.926651141090346	0.962024948790467	0.982038011667765	0.989177812443911	0.864497702689983	0.911106372053104	0.920746668455566	0.983578531282091	0.889752257550202	0.918642408656844	0.938403131400773	0.946421099161893	0.954863828974803	0.931240369957109	0.919610803350393	0.754102424664687
"SRR39238505"	0.93608684214488	0.956107732878942	0.780795414290122	0.822444484748285	0.747597020227094	0.985563172729142	0.937844756509604	0.91524661853714	0.895855218938161	0.897081728624111	0.81404337680238	0.851619637996668	0.755102418377972	0.974436781998504	0.952001536217725	0.954484220448209	0.813455103838199	0.98651428000002	0.905409958756837	0.944345520748925	0.906439257606366	0.717450368107444	0.322115200634198	0.973921835251022	0.844594313471696	0.790503168953704	0.97540680647173	0.967587476701537	0.860415284185223	0.994230340340503	0.960275621390442	0.931381438735543	0.943285631982594	0.910948285230917	0.837909031471585	0.937465843039971	0.937174696131012	0.766596746730934	0.937557757345214	0.62364324754965	0.971915331871845	0.789941718843256	0.940659468137032	0.926588544163119	0.985992541641489	0.818429124281309	0.763111049161316	0.730732453974155	0.936241502390406	0.919213815683272	0.899568077433557	0.943287375410045	0.979757867155773	0.623665507814315	0.857369293305755	0.618314112478443	0.431579147699125	0.639677936361898	0.898030875545823	0.919593683659657	0.738683656978863	0.94596012934545	0.980057287016868	0.930767601124097	0.901683090114844	0.950204843469343	0.968819919139407	0.984002476383519	0.820303492747156	0.820446449302238	0.890901794558851	0.975119417363157	0.797746755925043	0.86834022021117	0.913593170216978	0.928880309256118	0.929469452914966	0.909911617617089	0.881404652439323	0.660767819223975
"SRR39238518"	0.796103257110305	0.858544116232519	0.502692460879763	0.692786169814245	0.490711016445888	0.950793388177053	0.861599420066195	0.803345252915138	0.706966179834948	0.766239565262121	0.522777724487159	0.73849754548864	0.585371062043185	0.905951239290813	0.851705076463877	0.860912221443072	0.692752590889841	0.931235901591844	0.77331896978689	0.825537387340974	0.782918307547526	0.301662471364642	0.064631647380836	0.926291401133773	0.679388135138333	0.591431074635004	0.921442304579281	0.887263894185919	0.645394609923617	0.985698311805599	0.784067534667632	0.795409440082279	0.850952429057516	0.682330167751383	0.51668938457004	0.666278449922033	0.85186154952955	0.453288602856621	0.842532190620959	0.332836352700241	0.924677622725093	0.491048112942123	0.84747354271659	0.838484433290627	0.941206537119889	0.466359157613758	0.379351831075883	0.418987493182471	0.845459485908119	0.815477891658445	0.772471529470974	0.851429782678531	0.947937017983463	0.385750841616235	0.646081903627034	0.387642129693371	0.258276048398941	0.291058908750146	0.788905344262149	0.758935052544647	0.538178044231777	0.795538513235164	0.913384997229856	0.743009732055831	0.770085394245247	0.889360065674689	0.859650632081355	0.958094048344013	0.530462878235739	0.531081106902543	0.801436881286312	0.934921358477166	0.494061036652663	0.659994099553339	0.797648520834971	0.860687796593766	0.759584802453784	0.779822778453338	0.671369198817782	0.325189688235598
"SRR39238504"	0.852284468949538	0.893529363799068	0.590365879915418	0.770612978288195	0.594320290125964	0.968365624686626	0.888934049375578	0.850693448618353	0.801438229046312	0.813640416730598	0.609591427956858	0.786891819385254	0.626981605216883	0.936507501057186	0.884788887232882	0.89043148347391	0.742935282461436	0.949654614200986	0.808396474927737	0.885631817212167	0.802808916004551	0.447988798721071	0.0790030892670875	0.949187150020162	0.726043493234835	0.678502522654381	0.94645684681564	0.911188807509937	0.741875088272878	0.989732857955245	0.867501110083477	0.854540967872441	0.89214619732422	0.779832162031065	0.581103861712563	0.769643026533786	0.891534268866725	0.588192590380843	0.873527779648252	0.410449719739751	0.933901835470053	0.558820487469533	0.843893812787916	0.850075739545454	0.960268477271198	0.576235370740054	0.481298989590473	0.504673088747353	0.881913192704807	0.838227869816183	0.799700679261662	0.894074658451108	0.966951226685005	0.382118028258531	0.72701334062864	0.389857720442296	0.216090424990986	0.348335978892088	0.75004111226644	0.83512158898097	0.65294102401982	0.87490478552807	0.953489800228474	0.82369822345424	0.851494631755934	0.918330290453141	0.895944955890806	0.971657606563472	0.589160633221954	0.575685068876996	0.844354147920102	0.94875360863759	0.641487305642691	0.746862759211259	0.834802628192859	0.900764143936754	0.847569189627435	0.840422706564918	0.777621303331353	0.437910074121514
"SRR39238517"	0.93181048087296	0.934128036294528	0.742494658160611	0.828636080919743	0.662746023642117	0.981196764139934	0.945750722412325	0.90543154439039	0.852710081613958	0.871343565399722	0.734565815234417	0.883231586927434	0.771378537897953	0.971560835633448	0.947149949841876	0.92747580330155	0.852375453480404	0.978857952946666	0.862482407692661	0.943026775400047	0.892499948203312	0.609310893600975	0.0942126296848016	0.971630392371098	0.854514718063993	0.772248588724232	0.959289680122733	0.952347569107965	0.86831765159465	0.995184223815212	0.911078849301772	0.923381782036193	0.914724297450912	0.868862240529003	0.712286006124658	0.892329933057153	0.955763394548976	0.676499160517648	0.929526517697335	0.467918840752613	0.971460726155821	0.674943555507735	0.940386936283028	0.921606543525918	0.976884209858368	0.685729968379705	0.666629395277266	0.6233178607608	0.933203360046698	0.912754831949699	0.873328724595666	0.92770856413194	0.977318034746517	0.554902135897118	0.834354617292179	0.584572665179624	0.383225336797262	0.499427893131648	0.903848567879455	0.897262644264026	0.724666083519992	0.913576033309359	0.976385213479256	0.867382392672905	0.8945698489026	0.958472557359982	0.932634651024516	0.988619019712899	0.751945577337441	0.789600869372038	0.911067473331536	0.970606173302109	0.778621124805195	0.84631679242018	0.909164244588065	0.932914819803743	0.89205144086457	0.894004209643751	0.835976501042149	0.521751798898383
"SRR39238503"	0.957040865321551	0.961051555057214	0.829449289666123	0.857660485058408	0.785290306252985	0.990371027638488	0.964167352213937	0.941996321738422	0.915938515997523	0.930784812479961	0.867149127002916	0.900840765808989	0.846830419627453	0.988516665339742	0.97720918511592	0.964043933305329	0.89812082545854	0.990037658896681	0.920455600664037	0.963352488183672	0.940614900209809	0.688214519330034	0.311482861660947	0.981182328033873	0.894596116978558	0.847079813059093	0.977091704608564	0.981954515747378	0.909645714661817	0.996252228276674	0.96620848991249	0.96153363796844	0.957253140008793	0.930844742613861	0.857059121813363	0.95720189745138	0.959559915263338	0.825013157137122	0.958320134408408	0.670821113961454	0.982904071869015	0.845310262542486	0.97461194461343	0.948246271802215	0.990697810573208	0.795605864217166	0.836617955270154	0.725431469326851	0.963222922711863	0.93969441372668	0.931209902283617	0.959966098944654	0.985263071054387	0.727636892562067	0.892277537767428	0.736798211308585	0.511128997506336	0.753746709299686	0.95873895262826	0.946093735315885	0.777601365166067	0.956345153989898	0.986484037485094	0.947694953411388	0.922012471152911	0.967804767115375	0.973518997239413	0.99026048784518	0.855236345366308	0.882809034498521	0.924860091567071	0.984880827733112	0.849503179865557	0.922298649610627	0.941778709991709	0.945192621048348	0.946424874525102	0.930208274328629	0.911282169462925	0.693323409367525
"SRR39238516"	0.835924490573705	0.89757670960325	0.804777725838557	0.869254309793867	0.732405044165704	0.97564366291495	0.870460296578823	0.840663022547772	0.807374704286513	0.890189166270009	0.815124384132174	0.730172583009557	0.767218934456138	0.940565577736955	0.88404198072756	0.937300855189381	0.711147432643781	0.954390533670211	0.936500654042483	0.862802938790819	0.888565702488887	0.586440741997154	0.2823105498588	0.955087364145917	0.770279538654443	0.82878947927212	0.965694504308189	0.951299496136256	0.689786239607073	0.986903787150993	0.906900503155666	0.84468478546919	0.903334584307286	0.788375610973343	0.853575550060125	0.795784143208795	0.851808178870137	0.666391007230396	0.95527141631253	0.773361730531788	0.952133194371653	0.826352229285454	0.877914538534589	0.916405900783477	0.960611871805353	0.646394837447705	0.691273105960336	0.743801208051551	0.881414692198729	0.904238640937479	0.828104185967509	0.919475329058097	0.984220156592431	0.693314703570646	0.712891162292394	0.642006367643054	0.417410354229449	0.69710268012232	0.84885908741879	0.829891649732022	0.660181247341771	0.903110029054916	0.945080430867206	0.899168339274509	0.889468182558222	0.943322290262329	0.924238078781775	0.953761569174489	0.721204551351074	0.641750106663377	0.803086713532686	0.967124687680955	0.728624266000983	0.840384270838148	0.860970685388144	0.881066176158146	0.874716391046986	0.90776862746206	0.78053458170789	0.589159598959525
"SRR39238502"	0.955658877074274	0.983201611319957	0.914947286608868	0.945390205942857	0.942959577227884	0.995196639927754	0.972611392907411	0.961185690337461	0.97049026166842	0.967337003885052	0.93511565122247	0.926907002077042	0.9141858336902	0.989300333833565	0.982825490721874	0.979490643127657	0.94141628508346	0.995372058581561	0.961059533234056	0.972237151162816	0.965535187453734	0.838042833946252	0.455850307510011	0.989605680656475	0.866268589950782	0.932631174220385	0.990228113135976	0.990420137071646	0.922566483939703	0.997924506708237	0.987843098177007	0.975274940874951	0.985818275147398	0.959430313091741	0.929351536084288	0.979242156626295	0.969462939823203	0.93241665653745	0.983731848651357	0.869627789485492	0.989800914576973	0.92706801185296	0.960462112913964	0.971493003562213	0.995531805197434	0.913509987710052	0.897498141585683	0.886996270416224	0.976512093440954	0.968577348416469	0.948642629708528	0.979569144918581	0.995097505525089	0.841087883220661	0.935701685786243	0.804520612002494	0.626846404006705	0.862257014185038	0.972150199140425	0.974297757975949	0.909980410691334	0.985949273318678	0.993956218150464	0.984739162223877	0.964053056366162	0.985455377865497	0.988876669172954	0.993520245019123	0.908467959109304	0.919123825267858	0.948647113732266	0.992165716727379	0.930863196384843	0.960572873847071	0.963022490575666	0.967107241560976	0.981585499439623	0.96785616498198	0.966034960637924	0.819454762734352
"SRR39238515"	0.638996776417068	0.779555024943528	0.341784393612959	0.580182498869325	0.37879723225499	0.911236713710123	0.763941080196575	0.704276054842617	0.579036821358029	0.674704079078729	0.379703135101827	0.603243948789526	0.449586673508512	0.809941579243417	0.736836794576124	0.796352920783255	0.554686556393775	0.860977973011358	0.698986540712243	0.681550952539108	0.682060146708742	0.157868832731147	0.0507854063957475	0.869081212122514	0.528104002926984	0.457296502922973	0.882291417345575	0.812932748967003	0.446529021802684	0.972930758655036	0.650649566542751	0.653815937516764	0.792041913490168	0.512081464032457	0.386435882865702	0.447195954479586	0.713374593233782	0.314054254094911	0.752081608150567	0.257448983819896	0.865324660562984	0.372805696417052	0.74390682642195	0.756631822508997	0.895850195706515	0.325115386051443	0.224219514024533	0.297073501094308	0.751722991267857	0.718197801146904	0.6853405837778	0.774182187065278	0.912954721977323	0.291615395111894	0.489876781793671	0.278804996834511	0.195023553610728	0.190118288848282	0.675071303337787	0.621799279425908	0.408550435588735	0.671940845341312	0.815258085968807	0.631267489688251	0.648254706338732	0.803993377025757	0.784964398011979	0.907647345598191	0.375664060111932	0.345951272199049	0.691710337369893	0.894792759727841	0.332770218050894	0.499969643183375	0.686446168499646	0.786531069739841	0.630237329744335	0.67019760502412	0.53184432181551	0.221919632930879
"SRR39238501"	0.97319622253046	0.986593912384235	0.893503401458829	0.939760146255629	0.953516967620292	0.995111046620412	0.980452549147142	0.966126104336966	0.974849288839829	0.97100423014232	0.9218965905935	0.944670376923097	0.925938666140654	0.992840120676557	0.986370320654604	0.977425999202587	0.963399706132979	0.996091838996198	0.96131418278581	0.970654079487998	0.971467471090804	0.755500196568999	0.341632670880184	0.989948699378933	0.937231293717581	0.926269389823979	0.98870943504236	0.990338889978356	0.92047636919159	0.998494307775059	0.986190874190463	0.9800978870856	0.990063195414668	0.955331230226587	0.898074096960364	0.979214435395037	0.975290799179027	0.934836281984049	0.983419656326503	0.827002792906953	0.991499879883481	0.911520130752534	0.986077104312898	0.977000733130183	0.996509397838808	0.908409095286606	0.866440002467402	0.861323817757295	0.981767436340841	0.967139381917611	0.956865786000221	0.980002275872139	0.99451424517454	0.857761212241076	0.942832838121305	0.870495175422391	0.663050425762774	0.86326877082093	0.979286692336841	0.97820476140211	0.920994594327443	0.985777706826077	0.993943227993253	0.985719941039433	0.956553019930922	0.987253067947381	0.990016996881279	0.995258447870597	0.904333634183307	0.921678456162404	0.960002086658303	0.993484249029272	0.910227365624349	0.958559825876237	0.968659417193846	0.970226170429028	0.982384834143551	0.963907725674684	0.970478747848006	0.910499512745296
"SRR39238514"	0.779936478929224	0.851955193315318	0.484281453606431	0.688463141434812	0.485987514313978	0.948421674508621	0.850798638032783	0.794663879490661	0.702133329427663	0.756211649682601	0.507705288942133	0.721873879955301	0.566776263340308	0.901827237082734	0.840905553499214	0.855045034284934	0.67768527218708	0.925999236857985	0.765620352943155	0.813889378354939	0.767014659473207	0.292062861515529	0.0622258889003095	0.922036797867856	0.6578116181222	0.580346769032611	0.920092407719074	0.882833255223981	0.624463192922442	0.98443727964093	0.779035877407261	0.783331780680444	0.848818366765237	0.669134211052454	0.500210170651831	0.646799098510895	0.837446962407544	0.447214819671075	0.832260563171776	0.329505885154641	0.919205500811126	0.477626196780088	0.837159474780055	0.825659258616366	0.93825888088915	0.45803600561411	0.359838998128435	0.408409276085022	0.836117251776611	0.809461784906549	0.760585094792037	0.846606458855434	0.946494112122661	0.363136858873097	0.630426385270744	0.36247665735925	0.245129390360821	0.276448243556888	0.781090194077065	0.74960352607999	0.532802834964966	0.791173647594222	0.908337814826583	0.738853470856246	0.765537837311097	0.882459793449556	0.853803866253437	0.953715319377349	0.511447975867548	0.511790546672208	0.789748986767569	0.930774899860806	0.477859440619304	0.647815393860509	0.784619365620871	0.855970049485785	0.754896893604742	0.772556611528306	0.665997051087419	0.320451924327806
"SRR39238500"	0.815632755521062	0.884936295194545	0.547592542360297	0.593578357811432	0.460353026428104	0.945719749162923	0.882726358651123	0.799055292242914	0.658226457565691	0.802620553829653	0.565852643095799	0.726770458015967	0.612034896137163	0.887675996556972	0.866082883042749	0.890936424735603	0.659231349462074	0.950354977959287	0.817785931135963	0.802220819271154	0.850996969278116	0.312137832736802	0.19421344442111	0.922703372340271	0.722331851459596	0.558072366967689	0.918828180004626	0.896687773704379	0.619307569432212	0.986958083654572	0.797166197099511	0.806323260710818	0.843882537942009	0.687096370719347	0.651519575751954	0.717531186508228	0.850031899422407	0.400743393874534	0.866314698519526	0.359723571280159	0.939013581004545	0.584705211053019	0.881045201042	0.896510816998924	0.951696283423516	0.547868068806983	0.447666829117001	0.484820851132669	0.850114708285555	0.820576887500413	0.827982148303578	0.840201109179481	0.928273653843449	0.570154459851897	0.654171320465692	0.555424797003524	0.417980968078775	0.397694597846831	0.809918859549428	0.736805734244884	0.434063501557349	0.75811160898043	0.881129549172952	0.749909623004501	0.681532360789506	0.877738011003744	0.902354488916244	0.953097036668535	0.65608993706884	0.590704685567275	0.78034679139476	0.944650883541262	0.511182876403408	0.632390380193866	0.828732840773751	0.820272267373107	0.716106058963022	0.76547309053584	0.611484156723951	0.311548615715989
"SRR39238513"	0.756110455016533	0.84165805581856	0.461001243403105	0.669971607792335	0.46620733243072	0.942644954392676	0.841835627927946	0.778365161849412	0.681368884346853	0.740508646680136	0.48147341124169	0.698431567271535	0.541862537307514	0.892781457569881	0.822655943994966	0.844466731618209	0.653667199120668	0.917914037510613	0.752868973057801	0.791298664458506	0.749067959183694	0.282383436097584	0.0594998375380958	0.914787024154411	0.630628708817705	0.556698246006594	0.914195454576656	0.871517657013284	0.589315800174413	0.98285141996144	0.761385181690184	0.767708288737869	0.839590466452701	0.640303331193669	0.476061435116505	0.610348297478556	0.820668429576035	0.421924093757398	0.817205623216491	0.315721478382668	0.91235421142373	0.455788000835166	0.820406665054199	0.815701404062855	0.933411408950843	0.451080080431478	0.329196115433867	0.396337430008652	0.820828472039369	0.799182920152913	0.745270261998089	0.834425243244906	0.941402034744523	0.344373680838715	0.603289392071603	0.3407658441921	0.237100757192333	0.25644493166937	0.762742286716259	0.727353679530232	0.510182798201152	0.77236486077315	0.894688077869801	0.720949056391228	0.747757563815354	0.873327935769508	0.841853512290884	0.947531338687885	0.497094423043638	0.482475687961871	0.771408260840955	0.924336575172892	0.447873583357295	0.620455769140582	0.768793618900619	0.844309921146577	0.73456500898274	0.758683249268396	0.642998109650447	0.300982728287564
"SRR39238499"	0.662037633352885	0.663280759129464	0.497126145831983	0.31545035262515	0.39192181968523	0.690691153578469	0.555489493548763	0.536376006788924	0.413326978639545	0.501490578840001	0.521408251320474	0.458265863934894	0.405442060195292	0.693961826371175	0.6256332081192	0.683467186170504	0.327750775398453	0.770876385608716	0.606766624151585	0.633473919729386	0.585105677613398	0.410904786709528	0.443322575717582	0.63681859737523	0.642168449162421	0.401013578816353	0.668882072169367	0.670184714307824	0.571533145819639	0.735320161516213	0.642540804201569	0.533234630790018	0.52198480714763	0.649804317513148	0.649664531801864	0.674986898189999	0.575723323221387	0.391574205469639	0.577306520377137	0.381751167716975	0.685570945244505	0.535923069175789	0.773142246252825	0.585725529864435	0.708137904625595	0.52134908689264	0.565183751823796	0.408240355575302	0.539609245781646	0.599648466004116	0.590703608759584	0.543403923796419	0.577050568220624	0.453993609789624	0.482006180322309	0.483145262723195	0.415644212488791	0.499173482168833	0.621119898587237	0.49670413868148	0.383031279532925	0.592417093653493	0.636940306822597	0.53990367596016	0.412629584400677	0.50248453597768	0.718426607880467	0.649690422196869	0.543044453820679	0.551918249614796	0.479411262611436	0.643621079791163	0.480057346334533	0.476154597355056	0.562534739942686	0.519404579658608	0.546555820072426	0.522011394144012	0.486602349856284	0.547867875787975
"SRR39238512"	0.935772957951324	0.936464127501282	0.748860006219585	0.839698853866805	0.679243883677454	0.982703608758652	0.945003232684218	0.910723017525162	0.863870131765505	0.876468845056881	0.745993705593359	0.888818980958567	0.77967958240266	0.97311948065131	0.950818132579759	0.930915682698844	0.859962025486549	0.979876682881236	0.867321195648955	0.947859180275367	0.895394035025679	0.605713135583797	0.0958007347834098	0.97302869202157	0.860497816370578	0.78436429138846	0.962052681095671	0.955943032402142	0.878137112971703	0.995003281417964	0.917671418048751	0.925240666059487	0.919743686086369	0.879114649910327	0.722844454240932	0.901643229918181	0.956907188877437	0.697358023812257	0.932869528785956	0.482744046055516	0.972163261325311	0.686432064511524	0.943183643835518	0.920639555998215	0.977722302411675	0.681491888172762	0.684427096258434	0.624675520077201	0.936925374413507	0.914779471326878	0.877156620857869	0.932338243795888	0.979135643219667	0.556720690351262	0.843956877734969	0.587672515728354	0.378566858929863	0.512751529413674	0.910477811453824	0.905080805461466	0.741382575639264	0.921396522022496	0.979039047294711	0.876924275895823	0.902477211095124	0.959513708379032	0.936552123834954	0.98919024207387	0.748375617994421	0.799400705021287	0.915720086181054	0.972025011570783	0.753413076455174	0.857393825084612	0.911557389220414	0.937215594759583	0.901384126465506	0.898248683352211	0.848703070862544	0.543080698771858
"SRR39238497"	0.65348888417272	0.608735728812852	0.457248804861253	0.70241383655831	0.513278582936655	0.724109348447621	0.553145140675019	0.617015641000527	0.691661571845805	0.58986958111724	0.497445060747423	0.491733435435862	0.413957893689265	0.720743564258702	0.520928432477662	0.652304376493012	0.480547434401597	0.647190066861299	0.651566977051278	0.554478124359267	0.487027136129696	0.70015118546823	0.619295007211437	0.693221155402953	0.599103328995757	0.530117471491525	0.792517717603219	0.641634421895603	0.435349304257686	0.720926400007833	0.71492462123892	0.560958183013929	0.697678520324472	0.538312340580657	0.497171098657694	0.48363563918673	0.511073260405329	0.57964864704705	0.538960053018755	0.566146978177721	0.621698483732565	0.495984892971632	0.643114992060683	0.547610412907422	0.707976170016444	0.698802580225439	0.383182912921468	0.630813823011278	0.573190951974212	0.636817369979139	0.553899972053549	0.690151883385768	0.736341293696788	0.346634273069246	0.567353863510965	0.361829150837826	0.397615229085569	0.398539300457535	0.486334255691859	0.597190209961498	0.523818321112992	0.649424452426144	0.674669793993712	0.661848235131087	0.716994624202521	0.620855217386306	0.670009724026212	0.61290636701313	0.539497791753584	0.499179399707778	0.561958566790288	0.649269511997075	0.461350947406551	0.507797532837075	0.550511107562586	0.674511408826258	0.654392142087018	0.618068567385739	0.614927606968249	0.640693421423153
"SRR39238511"	0.64030412395465	0.582565683930431	0.487896801869511	0.522524003252482	0.430266509690607	0.755903133983541	0.539620212144209	0.566941217693826	0.467692089668693	0.54160448028108	0.477925402211664	0.534117059642791	0.456061060624718	0.737450832024741	0.618534601318759	0.628005995701788	0.435295857682978	0.6746704137127	0.590409290850903	0.692447087158766	0.522093958233575	0.323862051454258	0.153066354118029	0.69658736236492	0.629512798198816	0.508542086760631	0.694189770323658	0.666183172746623	0.614534142056788	0.783856330858247	0.56097293186675	0.518493192552689	0.540433421161729	0.609532141054685	0.496797421556365	0.555973141801365	0.636702596755675	0.42846497984394	0.629586066549329	0.373351262693491	0.674152585326538	0.448076766056168	0.72087008999847	0.512590102485491	0.642280673796821	0.327156163875973	0.477522849309618	0.332671796188279	0.575844591076912	0.618307942665255	0.507617969691034	0.604045096292545	0.758871532720436	0.31110698106191	0.473846174956888	0.352667668080912	0.235403698124432	0.380189001784421	0.611302945770336	0.533945972394809	0.512628919515037	0.638865311795839	0.743540088871567	0.512912141001818	0.593465050491699	0.626540243395123	0.573578228311876	0.746546790987367	0.365216497616757	0.455052543272157	0.575336106532145	0.669873064502195	0.469573012863444	0.550992655875604	0.546107379626709	0.64858054981975	0.597433784401854	0.591704713632067	0.539809721123444	0.512637191401285
"SRR39238496"	0.878125019149202	0.949735364936651	0.730736148077223	0.873871071361977	0.860004256734998	0.982805159507708	0.92076015441304	0.896641819466698	0.912368926042385	0.920586941547732	0.79155946729133	0.813318489748296	0.789018712276159	0.968183794857812	0.935034096796783	0.942062480906956	0.856514057449948	0.977911109580594	0.919297221632452	0.886088047978789	0.903044480715788	0.500364345874948	0.23475493019763	0.965773315039439	0.791412688050135	0.821708315445728	0.973157427388467	0.967176672646934	0.723080329476966	0.993138230231542	0.94669674842331	0.911945925266865	0.966873275105536	0.840646511176322	0.770211254924382	0.875732872048232	0.885439345747062	0.797890391195358	0.948044790066113	0.714067276429407	0.967167092315269	0.791908766731255	0.938319285943227	0.92460820831029	0.98407958000327	0.748642662593973	0.625663012477077	0.706841409376083	0.930645549156069	0.917133758562735	0.877086313750456	0.943292552567957	0.985420476605535	0.657419551386778	0.80391852830079	0.639738511006406	0.437871703159722	0.65287580498063	0.926807525049488	0.912477241797278	0.792962584815394	0.947558132352098	0.968674023777822	0.949731239654928	0.89553714032478	0.954603643987931	0.961901195208591	0.97350434470258	0.729551187743524	0.723867479537299	0.86975409395213	0.977351988762209	0.737003079116267	0.865677967736015	0.893557547563521	0.920979729737532	0.936005672396745	0.908411940375004	0.896422552604918	0.743465150802636
"SRR39238495"	0.382860591097832	0.470204400554646	0.313001831073401	0.233095567196227	0.301906573315901	0.474891818345991	0.342296071704459	0.341936550606979	0.291532763959076	0.316420949609965	0.319588552632188	0.237277532983452	0.20918928818034	0.548261327670152	0.34109118513351	0.481288594879291	0.164903834890278	0.517382863668789	0.425085137330442	0.385079620334424	0.296848897357578	0.379490614711364	0.321505877428836	0.426697400462671	0.374016756851723	0.260730821745093	0.527365879970458	0.455897043646289	0.32200012723784	0.471323715310948	0.489060038458474	0.338253582584261	0.390655056588031	0.442746804117848	0.418335429711745	0.388994237775574	0.309567109116469	0.289474994007651	0.32054896198029	0.299985562234646	0.43998123421698	0.341707204722567	0.524378241715938	0.324351423656828	0.511932276961416	0.46569736250984	0.317080137580447	0.306130194972313	0.30368518368856	0.46067932193987	0.358214324022277	0.372119251373932	0.41293606566772	0.204333880580285	0.274053071736435	0.214246855681614	0.241684908559599	0.284625544331028	0.391545111879815	0.308146408609716	0.307927495722108	0.44868295208218	0.400609274182079	0.392002257084471	0.30888084452522	0.314276916926878	0.501976757213596	0.349878213806994	0.362291593497054	0.316923031367415	0.271223820708329	0.385983470688966	0.328810514115197	0.293017224148033	0.329423301741788	0.368808758099811	0.408609936418358	0.383172546170935	0.367860489446476	0.464467239516679
"SRR39238510"	0.357501102367849	0.510460412276608	0.349414682516192	0.441749860408671	0.498165144293204	0.588494624021112	0.469859339996364	0.402770121198992	0.394541447834506	0.48292426409176	0.33643015490539	0.331271295862003	0.357621457559987	0.596339363391819	0.388036458713994	0.489832914193644	0.349270386663501	0.48715717651975	0.542176149432708	0.352972588831464	0.412181499606475	0.227957036907231	0.111380702818589	0.534381707821741	0.418788202423737	0.408057985280222	0.58388823642838	0.513006158369484	0.266049198700384	0.668169115453057	0.426123640273515	0.413039906105315	0.58902421162316	0.339145615266684	0.325671126490942	0.265006636483611	0.384906806463007	0.353315448078582	0.528943128061114	0.3841500590906	0.543686415956382	0.367336180646762	0.542528923247776	0.474839877649494	0.58577603015627	0.351870383854342	0.226467782664897	0.319074101131027	0.425550212750757	0.522051175233015	0.386697256096782	0.483769747808008	0.677469407008581	0.284556166728154	0.280624082492655	0.299888215137767	0.224813959492278	0.307978069212226	0.455436652426842	0.380453533689949	0.449761536553316	0.517111376104367	0.45704816096725	0.496637836093739	0.425466432459307	0.547799496809984	0.468618036972531	0.500697743084892	0.297500087137446	0.229374580394744	0.386790239613459	0.575022684264632	0.273240910860907	0.380429753398532	0.413706590478313	0.489192677873187	0.492519963460806	0.500698438292259	0.453731240764118	0.516865103663187
