"Model_1"	"Model_2"	"Model_3"	"Model_4"	"Model_5"	"Model_6"	"Model_7"	"Model_8"	"Model_9"	"Model_10"	"Model_11"	"Model_12"	"Model_13"	"Model_14"	"Model_15"	"Model_16"	"Model_17"	"Model_18"	"Model_19"	"Model_20"	"Model_21"	"Model_22"	"Model_23"	"Model_24"	"Model_25"	"Model_26"	"Model_27"	"Model_28"	"Model_29"	"Model_30"	"Model_31"	"Model_32"	"Model_33"	"Model_34"	"Model_35"	"Model_36"	"Model_37"	"Model_38"	"Model_39"	"Model_40"	"Model_41"	"Model_42"	"Model_43"	"Model_44"	"Model_45"	"Model_46"	"Model_47"	"Model_48"	"Model_49"	"Model_50"	"Model_51"	"Model_52"	"Model_53"	"Model_54"	"Model_55"	"Model_56"	"Model_57"	"Model_58"	"Model_59"	"Model_60"	"Model_61"	"Model_62"	"Model_63"	"Model_64"	"Model_65"	"Model_66"	"Model_67"	"Model_68"	"Model_69"	"Model_70"	"Model_71"	"Model_72"	"Model_73"	"Model_74"	"Model_75"	"Model_76"	"Model_77"	"Model_78"	"Model_79"	"Model_80"
"ERR1624539"	0.0403570082116195	0.0294030613376923	0.0400292373547296	0.165633186922727	0.0503494793050723	0.0840639655617057	0.0258192173051073	0.0526584126876242	0.0160748088749954	0.0220728358384354	0.0286975008964829	0.0498453111839615	0.0307757300826285	0.00147092341280724	0.0184166958503676	0.0142380736467694	0.0927651473422478	0.019860528660053	0.103731334471014	0.0255731911591501	0.0501550900268703	0.0193341998120381	0.035376884437072	0.0202927378068758	0.0478524297352969	0.012342823661279	0.0191195285098475	0.0086345650113035	0.0186393410848664	0.0344965192525327	0.0215272300695225	0.0254244200746029	0.0327683182844595	0.0573526020258215	0.041040711609913	0.0313943032656712	0.0418993932673448	0.0424993198390328	0.0249132401617744	0.0231121100658161	0.0257225612998922	0.0493412111324315	0.0615945365121386	0.0558655881744096	0.0276132835699642	0.073059174122238	0.0308534579319237	0.0241871830408267	0.0354877160498433	0.0385734477286225	0.0571151743471045	0.0536052905793907	0.0114092990700635	0.0219258421311008	0.0196405999839754	0.0328151203094218	0.0290420712312063	0.0670369969915564	0.0634647453144777	0.036271445412502	0.0249472305657748	0.0281672387146606	0.0259349340605124	0.0426493689181286	0.0397394644469647	0.0183403279082834	0.018554487747346	0.0626532439839547	0.0214448343862503	0.0574351191282398	0.0224479054327532	0.0536439564161935	0.0284874928039844	0.0252308606926246	0.0218116788801972	0.0486312876803137	0.0454720881374852	0.0217433058089656	0.0188147042917911	0.0262710776280532
"ERR1624542"	0.0248977187812468	0.00647284488800222	0.0150927228493996	0.0226548731831679	0.0246027096423618	0.0209851130416681	0.0107800762442103	0.029191988484054	0.0106407824761472	0.0138906621518445	0.0139139191359398	0.0259485890840072	0.0230439488803825	0.00758111356494327	0.00970946798392285	0.00795654797135456	0.0155082621686092	0.00892497838526615	0.0335816834449034	0.0129405321171452	0.0311381425415651	0.00793491973581913	0.0143725716753101	0.0109909800878114	0.0245060825008576	0.0107691571361602	0.0135149619086034	0.00603627628236216	0.0128511331978939	0.0136368723583972	0.0128068428989066	0.015524232693362	0.00506443790167127	0.021253035198907	0.0122619964305431	0.0167065161220959	0.0178516581586276	0.0227099386430532	0.0142353363929886	0.0131400209381737	0.0273286875284094	0.0208922604437614	0.0288466707460068	0.0115037281064818	0.012100483010565	0.0176607913286982	0.0148766574216329	0.016458785386045	0.00928787654617871	0.0233672091821903	0.0101720097670427	0.0149944743092062	0.00755583997493723	0.0111298566281599	0.00654651975851997	0.0159725881577013	0.0188988947258432	0.0178518130450891	0.0246634444870112	0.0236215216059096	0.00852580593611922	0.0135639778365671	0.012632630582301	0.0151305199428583	0.0167127057918136	0.0118692854254537	0.0144284674307769	0.0153452965716816	0.0117726182924781	0.0408757748171536	0.0100259675795846	0.0155529156344826	0.0160619994343166	0.0255323426918818	0.0190420341875809	0.0153926160039996	0.0147012510701853	0.00907959043453639	0.0145670118326976	0.0110048153557865
"ERR1624545"	0.80387134459177	0.0161562004754514	0.43513258401288	0.883826184802415	0.745704529359434	0.482634978740086	0.105042762953582	0.528908968703248	0.0704689567457295	0.171457521210732	0.156409250411419	0.588960485281395	0.620986361307043	0.0677299802185855	0.0520271472477568	0.222344198502056	0.412176501393305	0.00508809851582084	0.56136744288766	0.402727452979103	0.106327091480172	0.047226565459991	0.437815353595715	0.311886172536803	0.17344514691039	0.00374673590305738	0.270714847216316	0.0111642521286501	0.0452282200696143	0.574022910631969	0.0332867640366896	0.106863230428625	0.00419525363679849	0.101769765420363	0.0342844838039827	0.305891034544812	0.259772482313603	0.321113244641218	0.0396371237653152	0.0174236407426758	0.0510113336897826	0.281378608079824	0.287529182283913	0.0325749728922317	0.44519514611352	0.147922213530024	0.0717911305869892	0.705119725081998	0.142592690626889	0.445395450967701	0.366225481342295	0.0434959531983382	0.405856670810661	0.029355114323083	0.0213183210721534	0.203514192498903	0.062880377947772	0.1739881021149	0.271157901142709	0.180086341596022	0.547991170567742	0.460876703925838	0.0113348472058035	0.519276327289863	0.419642304969697	0.357918840916879	0.510766224086139	0.221269723762327	0.00816148808133359	0.638149718449903	0.0139706291081855	0.591672070384017	0.256645439053782	0.114846187693444	0.0328151640514108	0.0549326168649456	0.534841230589338	0.156840098795612	0.0998792787952988	0.0118919995917357
"ERR1624547"	0.0975139647642547	0.0893485611150109	0.076034412573496	0.108039315725917	0.079464286211593	0.0971561651523919	0.0889030457818508	0.121089072932251	0.100362883317303	0.0890944629609011	0.0913911846222617	0.134450407898983	0.0612808854805811	0.0104371005019613	0.104185415600648	0.101251868147234	0.129117896059044	0.118315627115079	0.126792139619181	0.0833779087678211	0.100977365974828	0.0802800077509824	0.1228950932817	0.0924184092157838	0.148716677160954	0.101162641681006	0.0771757061504861	0.0751801909081913	0.108315763292413	0.0961910622084692	0.121277321480736	0.084894614723436	0.0768368503318761	0.101317256814534	0.113722142062879	0.0900138789867521	0.0796134836731962	0.106255544327632	0.127972904312041	0.130102769553354	0.137366766030554	0.123407623416519	0.11398098289504	0.116979166025499	0.108916214450611	0.0980968095741891	0.127824288440834	0.114169628154904	0.0726039434376566	0.135236051523479	0.102546727180109	0.107285147467227	0.103460829352164	0.121857042720254	0.0753554787423779	0.122411985564975	0.115283016007395	0.0701977415943823	0.0890345707521469	0.0720555503957458	0.0513283944289574	0.0913030298080353	0.143647338239002	0.102705334605055	0.119999025987689	0.111222920673755	0.0947386522759403	0.111574095807785	0.133053452046917	0.246204035829237	0.116158673967755	0.0911161797096781	0.0934970427281867	0.084110386491519	0.114822151115206	0.103150142457782	0.099344341085268	0.123804429719801	0.106114354147126	0.10560815612973
"ERR1624549"	0.120738737362379	0.0277495468893115	0.128810733146107	0.368814294948647	0.178848686612367	0.128233122585293	0.0270585663368057	0.127413952407008	0.0278376231965756	0.0364639574846815	0.0617506952385045	0.121687343541001	0.115582561979347	0.0247290669745841	0.0383612079738614	0.0263470226565413	0.12768782040422	0.0352446492323906	0.162827524648918	0.0539690129074156	0.198097193597878	0.0294137599279721	0.058399870998652	0.0392605891070292	0.08306272091324	0.02734908141759	0.0346241587427022	0.0159353651781425	0.0408570902077426	0.0888798270840205	0.0416987191046211	0.0550493749481825	0.0283858758993644	0.158976751423174	0.0761439304211079	0.0822360870206086	0.154405574227416	0.131005318228685	0.0630133539351003	0.0606939490962849	0.100165587760443	0.131843528458188	0.118656216991758	0.0848636663850795	0.0616045161501027	0.149565499992922	0.0621069682264833	0.0857518318961052	0.0678890730763836	0.0859626956560802	0.101124831984415	0.114182698756261	0.0253379761378727	0.0316171070117006	0.0277833347238942	0.0854644364622259	0.0709517488957124	0.108715255545761	0.263851399042525	0.195776534288757	0.0504119666359502	0.0665286870437311	0.0536270930331099	0.0923065381287698	0.0699339989959509	0.0386481188833744	0.0754963769356561	0.135396133522143	0.0436667093025421	0.111913791854941	0.0277850203535061	0.145599042106832	0.05640972470178	0.109147378599308	0.0478843032903611	0.0967259919339326	0.0962694716115321	0.032341013941581	0.0388867887482911	0.0472908898682047
"ERR1624550"	0.167784310546803	0.1126342854069	0.175988291934837	0.206402153744184	0.317612083134816	0.179435892403095	0.317893445511306	0.31094083562206	0.23770500573972	0.22064313426453	0.203369801517434	0.240817653888934	0.223601600075596	0.0254005035226282	0.184336422104268	0.11351966106408	0.0732158424200734	0.154034047731208	0.244512579214391	0.145266591693365	0.24440551085702	0.13708071505345	0.181397545024481	0.202339451321329	0.250947897004225	0.261465224053699	0.135549218681584	0.152923131946979	0.225192791938976	0.235622244645378	0.162773213298106	0.259884211528071	0.116528470835212	0.214926492197359	0.154177255524538	0.257601771532473	0.217246834433057	0.251729401415858	0.230744276647598	0.171875346946711	0.341689765503132	0.214523976234214	0.261859869123078	0.108016820948877	0.169434464725865	0.156757308299483	0.190699429008376	0.211642766158484	0.0384590134350191	0.29820283373415	0.0723064765194751	0.138194600236248	0.210850236742524	0.174359351587765	0.109138104441877	0.214148507183031	0.274047240506341	0.135944802970369	0.179413698636294	0.134847757114965	0.121264445949357	0.191823945945308	0.205190898572459	0.147419360820533	0.184727016185725	0.192069424438093	0.176027235416636	0.206449404138022	0.192515194587819	0.222301353909291	0.163669262212408	0.15826115899117	0.124674658007571	0.251432552209155	0.232054839158017	0.145724403586117	0.167624397604262	0.109686886553476	0.15610985457211	0.148199203344597
"ERR1624552"	0.535095201204507	0.36536137000378	0.361382001207843	0.368433770803744	0.376449755253413	0.232631922160398	0.239875650617179	0.385985009973814	0.254967461258346	0.270162964966372	0.34924251813574	0.415529629213091	0.474941131285761	0.310234153941564	0.322530874205433	0.243187773292273	0.250254998109831	0.281959835975058	0.35952843740593	0.283429820969024	0.453585126933419	0.197494075961045	0.322143937511129	0.307375149414593	0.328612376762871	0.320400246754498	0.2178272838685	0.211692867386127	0.350296971975439	0.346580724446354	0.314001230759041	0.318332877496483	0.127362505524195	0.322054311321206	0.296371485352561	0.338911157284635	0.384770663056337	0.423086641791331	0.409689410136822	0.369854101364676	0.453912908400237	0.413009893218685	0.335280554392846	0.241627249686738	0.315160717663119	0.38873991478423	0.339363265945333	0.43962613832558	0.141404054557232	0.38885078057743	0.214854893700947	0.289814517038305	0.331853722364727	0.27061071808988	0.175719284317736	0.414514250722364	0.378604278767883	0.241646563530628	0.441284676518272	0.392269568206197	0.257097011523867	0.319599112989857	0.410030336875882	0.30169315696245	0.334763152165893	0.315539304156607	0.410207122924672	0.37128960646197	0.374435543663624	0.493734235772298	0.228045767160382	0.294295693765376	0.238134956423178	0.413688685781474	0.38224655817001	0.309513001959597	0.286682167579007	0.239792434541412	0.2949405946927	0.255210887352766
"ERR1624553"	0.0351011816944624	0.0143538607010584	0.0186686227124325	0.00884908122869041	0.0124686155078204	0.0202136692388337	0.0141433122064976	0.0121103204271924	0.016572003483108	0.0210177982297343	0.0120164726026254	0.0244647041024846	0.0141415800672752	0.00790179293412201	0.0151034050790566	0.015682620925639	0.0273641164297721	0.0226737812220599	0.0168188885796394	0.0241407860434666	0.0128812385603161	0.0157119084145971	0.0201881190597649	0.0142073767074317	0.0314730927610051	0.00846178804215399	0.0255734668061232	0.0109299681447126	0.0193778307763649	0.00795716255225059	0.0221722127554093	0.0157756368526642	0.00821509869039414	0.0122112302078203	0.0179151970218717	0.0170318709616172	0.012729862220649	0.0187224575049978	0.0174502751048617	0.0230579669197157	0.0165613345724473	0.0262136467054786	0.0195086933325111	0.0257167919623104	0.0155030832138564	0.0134201152025006	0.0216989973855115	0.0186426397255782	0.0257635011417838	0.0138195344850163	0.0214435242864315	0.0179291430085875	0.00957701269222256	0.0237698414400185	0.0152157336760936	0.0261138227439652	0.0146548465004675	0.0136519405023075	0.0142758259846098	0.0183336939585062	0.0126530594306974	0.0122036116675369	0.0205028991675054	0.0229231316468943	0.0202919217490628	0.0142662367146446	0.0114990551701119	0.0190960436325102	0.0177902285269862	0.045620970428928	0.0198985561985021	0.00790333601033158	0.0216817753317079	0.0123121102793135	0.0120231459807309	0.0171147404920793	0.0132197991790698	0.0202438089182397	0.0137127482544535	0.0140777972968055
"ERR1624554"	0.854568061490285	0.22867371282018	0.828287230795969	0.823846142856783	0.783316300796557	0.592602743891758	0.352113966388511	0.423409782459441	0.586442571082093	0.622612709435363	0.40096035910067	0.512964347020828	0.660775357530395	0.543645477386802	0.443331636017228	0.216421534200874	0.547802577582189	0.268442017953532	0.486335350021727	0.480558267897129	0.560759206390043	0.375304886747879	0.442135488262809	0.274930076879066	0.556455700148041	0.248454472454942	0.346026383508449	0.368950110468598	0.452417666173381	0.504447559558914	0.277166729981112	0.640908018251192	0.160864527830724	0.496784603251436	0.516388183937333	0.738720173472189	0.82279907521059	0.671835795572892	0.607345063656297	0.270695639072769	0.228546144442206	0.731447776548522	0.450025820831754	0.541644908866387	0.461846717440071	0.475756653224405	0.443937349850723	0.641707259454468	0.345521466928714	0.319639604468341	0.529985015562669	0.573340337555462	0.326612351103285	0.33707075493715	0.32566518206415	0.687174861542239	0.454495038630415	0.367194138633434	0.782577192967225	0.768813753469624	0.508795422724453	0.420317238657508	0.380800979159696	0.549247062583886	0.411169818701787	0.273099510575389	0.42179566256336	0.731498540928434	0.288323703750366	0.718505367386913	0.279968535502429	0.580233980293958	0.336825229391894	0.53464292950325	0.115897007190673	0.431750802797586	0.512769544850384	0.203196205665351	0.085004880024208	0.304790970197372
"ERR1624555"	0.00849427404267336	0.0017112344802303	0.00503412098336851	0.00998671517216142	0.0164352769058578	0.0124702943744855	0.00962661859506598	0.0232307216014002	0.00978852134709537	0.0117293049762929	0.00717621162432725	0.010292198309989	0.0131760220410345	0.00513128188628161	0.00430658332149619	0.00287956762935058	0.00436301294182253	0.00251970669527109	0.0262026724427895	0.00585033707006859	0.0169148412849297	0.0044533575663069	0.00723077141008643	0.00436251377272004	0.0169942630546807	0.0091901954365055	0.0067457058141197	0.00429190054539728	0.0066611086662554	0.00840191308959294	0.00498202308606466	0.0129676870508889	0.00237200407501491	0.0171687901570843	0.0050160671409275	0.0102986501685578	0.0086585924351108	0.0097404019053957	0.00525301512559842	0.0042204502591984	0.0173179857745356	0.00719197992312549	0.0216449735694206	0.0037307542738088	0.00571349364913094	0.00597530148948425	0.00623265659137863	0.00693214454573389	0.0034465103053188	0.0158604527717457	0.00329829528629129	0.00627299745413365	0.00390384410286489	0.00653636659606339	0.00314788220340267	0.0055120963176362	0.0114026985111472	0.0148045958650901	0.00885319449295424	0.0106402407633878	0.00436332567511537	0.00675661765593885	0.00406836320046231	0.00522238938503608	0.00804315525052727	0.00614726675320627	0.00659707496612577	0.00463300159341836	0.00452932098288361	0.0100686059562513	0.00700559194107185	0.0111301847131785	0.00764598267564751	0.0175056381734226	0.0100290320157993	0.00603061891107671	0.00729601750934785	0.00360202035507587	0.00662414695067347	0.00596791859407669
"ERR1624556"	0.708801846795818	0.622709248424187	0.533778560114464	0.434177275696854	0.434003236204492	0.418979750355215	0.595839964406736	0.42501850689355	0.562220795285437	0.667386156770346	0.440360185700115	0.456434021497328	0.55483952101251	0.59102951463103	0.471085348964714	0.469458043930422	0.506271883055099	0.519647006950763	0.440522485931709	0.449419460768291	0.476144257064728	0.45543112663432	0.518342132265094	0.489250468440904	0.52508246346454	0.448266006118575	0.418352127356482	0.455308956905734	0.513626280683388	0.449282421019504	0.446346611645582	0.505416558460607	0.511237426733965	0.450246453035638	0.470246010182275	0.481163438282177	0.484628398376021	0.507657401738691	0.541999717159452	0.499011548166314	0.46352208400948	0.587816979910108	0.436310144530655	0.487661076081379	0.486988417507851	0.461269529466608	0.506137146180028	0.567628878606341	0.433098375133181	0.464982883071625	0.478673712019769	0.461765783114815	0.470613096052744	0.507262857896248	0.490699362951891	0.566208119015833	0.487642158474264	0.48303935277329	0.534938601034568	0.548800303224934	0.457347372560548	0.417518502687724	0.559056739884546	0.473213840493847	0.469474017591258	0.461145558969404	0.519899955841843	0.520508987257756	0.553414810527576	0.63671132212401	0.498624466881449	0.465302088278102	0.429421208422446	0.465651688909725	0.418617689273525	0.440299170259554	0.40669129157653	0.440038749283078	0.344884807419247	0.430270134704131
"ERR1624559"	0.886894780334059	0.844429311164684	0.822111128288691	0.856123759227786	0.845731401540882	0.676107472335729	0.801696061528428	0.793631255304313	0.76647564060077	0.822007005306519	0.772669748411283	0.769366219472463	0.854863880460336	0.788747369574089	0.751248542437271	0.702199838450206	0.649586252380917	0.691912720152825	0.777258238455033	0.65234650564751	0.82842841899587	0.628354618268013	0.755640985538427	0.745594587459388	0.761363217138692	0.765988310081567	0.586857324194341	0.665234670547569	0.755736109926879	0.815597855045894	0.669241662169446	0.773194341080761	0.660874914697822	0.828701797036947	0.745463055518224	0.783526976002084	0.833494456244601	0.824565823547589	0.820717892800729	0.775873111479055	0.840490792276641	0.838056020799186	0.77115036344301	0.656168022333362	0.74430447529177	0.801550416260055	0.751834582210944	0.831358048619922	0.412967194849664	0.782991786054693	0.620234427582628	0.717045537768553	0.78218516648439	0.714581054753289	0.605404568133893	0.825515841735287	0.803540325525927	0.777348643219587	0.857013646352491	0.791196408342687	0.718101104322165	0.741533659275189	0.808074472924403	0.711665834884878	0.732420327175791	0.716075101352184	0.808631712036123	0.818149137345343	0.807364152796928	0.818062896981676	0.684505175718114	0.788547957220981	0.58414216319894	0.80146951873247	0.756729836835238	0.717381576778161	0.723294139496681	0.597157088707326	0.60279535052203	0.673316808138903
"ERR1624560"	0.869735383774235	0.859768900781492	0.830538942662517	0.750146178878724	0.853245116772139	0.652772947806169	0.776997391008366	0.71790311519118	0.867547963870531	0.904918592096816	0.783807918892443	0.766842946936942	0.822733261861854	0.632596999798377	0.821095670042863	0.686074002423399	0.696440835207087	0.808347555703741	0.686278128079894	0.816958586461114	0.670251513393042	0.753690333891221	0.800711469505349	0.754982899689887	0.776979883031275	0.782153455684913	0.713379038237526	0.827268228890614	0.854554801201213	0.785158423887765	0.751882910341264	0.869152026003892	0.459886286637223	0.803823241279468	0.777428453568062	0.863903539654576	0.810494608153788	0.824712301095552	0.87675044338945	0.816131047813161	0.833464566812076	0.853901655722893	0.730800354014094	0.736512171903949	0.777190716615231	0.749425409485187	0.801814507933813	0.813309177489342	0.505386909761119	0.792326325866735	0.684950789547512	0.726949076136055	0.836433155588671	0.802361308201711	0.694858622959601	0.863687219042037	0.805517938082452	0.782168048967342	0.72886970928708	0.647096696083881	0.843635418944575	0.762423197077469	0.843376531744845	0.789388538160695	0.766339614093652	0.819728149555064	0.715967972607105	0.825555645893484	0.820628482923422	0.878441716642384	0.75682603324932	0.63434326140603	0.707131150466207	0.69615254999096	0.645275117918159	0.743069131717465	0.720569213647097	0.689975133000939	0.576332245026695	0.709439725530817
"ERR1624562"	0.756456141912368	0.716920839592199	0.632776739189156	0.740858014535378	0.690567261406886	0.519705602073348	0.589747285714642	0.658992833851188	0.631935640171772	0.625389103115066	0.646429137193904	0.646607777718247	0.682214208351806	0.251492091935254	0.641883613750873	0.489641805478349	0.544341967392934	0.524864456814966	0.66799740965498	0.522351093185894	0.635111295109594	0.482634726048537	0.636840667487421	0.546154824574461	0.635941519360279	0.637620900756822	0.424063262726402	0.551687007168046	0.641569745655122	0.682984089708592	0.550651426704983	0.661514480336169	0.379990026037973	0.649283323338247	0.62553037328805	0.669161969703319	0.683069775874022	0.676034739981616	0.728384644821134	0.603316069479256	0.654282713869424	0.68177589099682	0.632627984985876	0.529760305517132	0.609656501065398	0.665657151325611	0.620451000536726	0.684548155952733	0.259772707121365	0.671905000198784	0.475415156200118	0.576352588592967	0.676003806449824	0.60435502669403	0.417549177579748	0.701190627896302	0.66343178621841	0.564605902886001	0.71280094549455	0.527141100218784	0.591874288104063	0.604873773869859	0.685633912335655	0.562551015468126	0.621335776778902	0.613136670973354	0.61381478247203	0.69545657913269	0.651384572865397	0.77496285337966	0.561463349606022	0.605395658889884	0.444064377384558	0.601925788759269	0.577672775035135	0.581578063342685	0.593249016844056	0.488553485189711	0.449493628258052	0.541653057865221
"ERR1624564"	0.273073628345954	0.0272402381849874	0.439291191331019	0.453520199479827	0.415642813182694	0.344617515051688	0.279728517661038	0.42099547073292	0.330591992823218	0.309785132212664	0.370004766113755	0.429024097755821	0.377370354738083	0.355845120044805	0.0804812746153566	0.147463970009883	0.477214032889069	0.45680846138718	0.365522691485858	0.44667865282707	0.407353688446015	0.362604948426255	0.390292448882469	0.351750095506316	0.406533628740713	0.361851167409635	0.340906387164252	0.355947153167829	0.359862806645933	0.405656091337771	0.407202697667343	0.43292072435762	0.219394449221525	0.424030437772916	0.40015905746516	0.438228237703399	0.486669077383251	0.432934533409425	0.458787604411352	0.484249475697832	0.499175290428128	0.429621279690337	0.372027803320105	0.452024742712892	0.352985751071471	0.434383164819881	0.413365122329543	0.398803328359603	0.457823837329288	0.454606432808022	0.496916741653873	0.445140316903931	0.133683639208671	0.36327386921592	0.36330963547606	0.425710122281546	0.388460540769265	0.171594327458729	0.347760696043042	0.395839477010573	0.355758691499601	0.391085546955556	0.453998230287064	0.447369715735635	0.401530763268627	0.394452428093616	0.248022239247302	0.444313429395926	0.396021334095552	0.501142471765366	0.343894094658044	0.395253452502623	0.26535942853676	0.357641098652825	0.353828394911543	0.421854325270821	0.388399327489746	0.210935616213897	0.364536015736902	0.399238908654268
"ERR1624565"	0.0264814524154196	0.00599175806977603	0.020738915080507	0.0384211430779904	0.0645050852432259	0.0392223387816645	0.0263997433542027	0.0595116501689209	0.0253803242039516	0.0343415108135471	0.0260183452981747	0.0363453805099432	0.0582741395637043	0.00356589660144034	0.0155338730236672	0.00966607612296025	0.019598033654864	0.0103940114663357	0.055717340648665	0.0369080859836417	0.0497161333590471	0.0187820239186873	0.0224748126351053	0.0170311752876332	0.0392482475201052	0.0233729092897901	0.0341381690058717	0.0171062061117292	0.029454574629065	0.0293039581258054	0.0188133413803028	0.0550391201390807	0.00515360353795531	0.041164636021438	0.0193029743788667	0.0476082342379964	0.035329463060198	0.0403030823611326	0.0225735501979231	0.0174516301483321	0.0456202675725975	0.0289877295600428	0.0666140121693109	0.0172387061343544	0.0212542962988488	0.0271363620323206	0.0218657258445378	0.0234396956351298	0.01968464020524	0.0579960685047213	0.0175017396200817	0.0253422724460836	0.0132128759359335	0.0218642420939096	0.0135794218590899	0.0237623264448913	0.0338229455024479	0.0496110970030305	0.0370517833616486	0.0382647531514248	0.0283895278480041	0.0264155855519727	0.0153977662393283	0.0271988967084934	0.0267830683451407	0.0311141713115905	0.0210817992803998	0.0229091017175813	0.0151240162786488	0.0339061352070823	0.0203378171627295	0.0280087566535668	0.0368426523549741	0.0479634884399449	0.028330000995835	0.0268653601335505	0.0254254222787973	0.0123284814305517	0.0210482664049507	0.0196230672247603
"ERR1624567"	0.446165739762988	0.311842080614536	0.510263304575878	0.391968338206384	0.439555586684988	0.352237110501815	0.462948755085659	0.373521409685199	0.415314957175004	0.379353343844176	0.350990949359897	0.422070025652056	0.357988840968302	0.385584780972818	0.398444032317964	0.296108265231105	0.343958005399719	0.408506439711144	0.330853598086612	0.369574876446012	0.369030066228843	0.350739752540622	0.383514627282824	0.397599548767305	0.4431039225398	0.363211559304432	0.294449217713472	0.34832364079135	0.43574317353753	0.381444387897493	0.373042093312657	0.416673083814599	0.339859312893509	0.355325194464652	0.376152303182733	0.444472817897883	0.415951408650956	0.437216983923165	0.493009740652028	0.426896638685525	0.438709126475358	0.461458032244478	0.339812663541433	0.389438434647718	0.388108068531196	0.342032119101929	0.408416827303619	0.445349594418964	0.232239987308015	0.395907400213726	0.332365165108054	0.365430293691251	0.39343486363571	0.366367242078067	0.352604378573939	0.474105670157783	0.40363554018729	0.244040020266271	0.386899815921782	0.348826475479257	0.318431230818126	0.3534829084453	0.453932595467658	0.382872895495799	0.37206371926381	0.362376785827988	0.359081337165773	0.484846337278026	0.398860251786039	0.591072681664258	0.343709245675314	0.315798445628411	0.320895058552558	0.35534873338349	0.30394139905773	0.348645598050832	0.344691458489984	0.328265902122265	0.282255111754604	0.334302644733152
"ERR1624570"	0.366994236097989	0.296436896549877	0.387117550930332	0.351062059457128	0.309620150192322	0.289219164436314	0.283501404337606	0.331900259055614	0.424842055090084	0.495899205131305	0.301674211638775	0.359501639184949	0.274416829040957	0.346681051661717	0.348967455062478	0.295952586496484	0.382184068146736	0.407354528401609	0.307562052001016	0.334038576437074	0.312849855164162	0.310318196125689	0.383025343311009	0.314627136871497	0.430346431541604	0.327366052012408	0.258915384964361	0.329578172715061	0.38801115331996	0.340905667311197	0.347502092494388	0.364380320871759	0.224698147415693	0.296706655550775	0.354939872937552	0.373287213434734	0.334077577487382	0.381026328370653	0.42339254826903	0.374178707384526	0.333682898360266	0.456418511655616	0.302157069002184	0.377032760990055	0.366276842617824	0.30774667827045	0.399563708398981	0.37744766174633	0.301629442325922	0.357554355501185	0.374255987237269	0.356818272816315	0.341486583119523	0.352934235585409	0.300205673099627	0.414281992548506	0.373841881016875	0.264766132164791	0.349879033001213	0.308946340846764	0.257617987475264	0.310842128678007	0.429410293946494	0.378897425202643	0.344682684620904	0.335469718735021	0.314339861539923	0.377939589950227	0.413340035350301	0.533829859948885	0.3347704332549	0.317005040333505	0.334628126034473	0.289157870883285	0.261425158228798	0.329360236535578	0.318629289217878	0.346705833550331	0.261772133368288	0.33479943648499
"ERR1624536"	0.0173819027050465	0.00380329288950972	0.00541998316337646	0.00549621919792388	0.0107283467861421	0.00985677998920846	0.00846370944672076	0.0139654761638064	0.00925138684579687	0.011587349639913	0.00731015789131487	0.0130137097232037	0.0128456424716047	0.00173116639128466	0.0061156155836397	0.0050235065097617	0.00576550067454403	0.0054211277054836	0.0160253317995515	0.00737578743316588	0.0137827109589256	0.00517442805002555	0.00869179399660683	0.0064694135148871	0.0164702728773284	0.00767883027102516	0.00923044202331975	0.00461728671994647	0.00849890603163123	0.00589057411783614	0.00810123044672502	0.00986381556165629	0.002703876323983	0.0102924484642938	0.00599941388382131	0.00910619691973972	0.00788084699914616	0.0108339872245666	0.00740911910512549	0.00735916667211552	0.0164782512911392	0.0103762362113045	0.0147181812611677	0.00534214882821763	0.00660572370401257	0.00620343489415396	0.00866606769179967	0.0103651038964128	0.00467387875870215	0.0127050919099475	0.00413242858823624	0.0065670837514042	0.005162364423478	0.00826152516922043	0.0041829526888209	0.0090228364630651	0.0109415253644091	0.0085799364395787	0.00925464312621494	0.0122520055113872	0.00454216106787312	0.00677762095486897	0.0072095602731113	0.00701066345855757	0.0093870886962522	0.0078236831366857	0.00861429649394501	0.00615290325042625	0.007065713201263	0.0188339165457145	0.00757832214891039	0.00645549813368317	0.00859509799972435	0.0149344679855017	0.0109648795321655	0.00666225038837545	0.00659053288295352	0.00574622758192153	0.00849150415090827	0.00617475608754404
"ERR1624537"	0.0301068882340698	0.0217552687341127	0.0151403650862213	0.0145032745440075	0.0167779411469771	0.0208706132167888	0.0163452068868968	0.0181577456701204	0.0090659159278069	0.0136259243389807	0.0149929001983652	0.0293425039078066	0.0177638872044311	0.00174472034522887	0.0123582099337893	0.0113526771802188	0.0212590533289346	0.0166057628447827	0.0265700205262394	0.0165509204693941	0.0173170702300472	0.00988050340487127	0.0177038225094265	0.0171315936771662	0.0224048631660198	0.00827546760869695	0.0154165210228492	0.00583455739687221	0.0147638536089751	0.00967214461908906	0.0183744802699327	0.012030770850829	0.00873621909249305	0.0156199952813744	0.0152380278299127	0.0135789059635683	0.0118929152891267	0.0207938879930728	0.0169025943335801	0.0213030622969161	0.0257091315417526	0.0240120459582516	0.024962573334738	0.0170306270951024	0.0120763422507785	0.0219792842772611	0.018678118021018	0.0143296245999662	0.00894981696132822	0.0183152530785064	0.0115654642905047	0.014342685165804	0.00856760098541582	0.015647381861367	0.00911703379553907	0.0211119100668045	0.0166912202683899	0.0181230247953065	0.0159551198787623	0.0115580206720992	0.0118121872545677	0.0132636491177287	0.0201296028203711	0.0190715630594621	0.0202777805585239	0.0128098581606099	0.0103117230366476	0.0214023875106113	0.0183817791705028	0.0546703002917124	0.0129575169647884	0.00732921130103967	0.0161322653152863	0.0132782501081538	0.0194511199147899	0.0181763927055033	0.0133301628011677	0.013462741733002	0.017569112402827	0.0111146241222953
"ERR1624538"	0.00830843285127415	0.00133103555129269	0.00295607300512685	0.00789103323998407	0.0174479950992945	0.0121185988559628	0.0127387198124211	0.0214576743130566	0.0157841011733799	0.0171761447551773	0.00605025251945734	0.00743196961170275	0.0116757529996634	0.000573066809650329	0.0040114642730409	0.00300783726225405	0.00287923755561427	0.00173527825134373	0.025801833686371	0.00454974413132173	0.0132253052017619	0.00461410228984968	0.00684704133239409	0.00323524175635684	0.0224782434717401	0.0104668806650374	0.0085590686732808	0.00534396231592624	0.00621502147467185	0.0077083759936816	0.00376929414455235	0.0158461800496829	0.00234103325966666	0.0209757716368316	0.00425441497790689	0.0110057627967465	0.00832078254859068	0.00775029398754315	0.00425097229937809	0.00319563166357802	0.0155407732060178	0.00574559331378184	0.0202688811051347	0.0028893236803412	0.00509869836521659	0.00362369495671157	0.00522201090389919	0.00670255710922888	0.00259967796236429	0.0151340644717893	0.00243868427148637	0.00512097511731014	0.00406017887045403	0.00696079173932517	0.00303958958104069	0.00462365484818877	0.0107110730604912	0.0160236651834001	0.00742094549515303	0.00953361500573371	0.00395041885910416	0.00557586071521398	0.00293164077431918	0.00374922062407236	0.00685244902986336	0.00620818228476651	0.00585656978185095	0.00345542653076017	0.00313254688426248	0.00632874761356127	0.00814445916921749	0.011779507986923	0.0058149428147862	0.0168745697028856	0.00863333696531547	0.00428109880434826	0.00630462457928585	0.00287032034550248	0.00414869682599307	0.00555383074826053
"ERR1624540"	0.0418433905292489	0.00246788610087338	0.00864120736153059	0.0664784137023182	0.03662997716634	0.0596572222561489	0.042225336973287	0.13385886516472	0.0144805669117896	0.0221880698534007	0.0181351086942091	0.0721960641675372	0.0376369395299987	0.00860367252230467	0.00646329812389422	0.0585990467109093	0.0554277914168903	0.00125057960405482	0.134397808648978	0.0476839626611375	0.00721693860377105	0.0117425432421198	0.0950609879063651	0.0533912039886684	0.0327239119867054	0.00230218966013502	0.061341586904579	0.00401941697866811	0.00752034978946987	0.0905540075070767	0.00871733163272143	0.0115914929593107	0.00288303075667175	0.0119110951518044	0.00381301937961884	0.0159387767304071	0.00494154092932035	0.0136574684374343	0.00245824051068371	0.00340291208069944	0.0138585347952899	0.00946859873104828	0.0643404379390507	0.00348457956906077	0.0828914576798317	0.00830915832643682	0.00995056893090058	0.0896473684996039	0.0450495364813389	0.141799782428387	0.0522205561376244	0.00388169409977138	0.0936364003080756	0.0145687819714705	0.00640420909267959	0.00938886987238898	0.00844785963290611	0.0355203542892446	0.00492356982195935	0.00592092285051422	0.0383428766843696	0.0661468306802957	0.00179093051513287	0.0488616630305544	0.0847042068967557	0.100936360481376	0.0838796230948543	0.00546173680878503	0.00198573310789132	0.0703531794254466	0.0117474596662454	0.114159258813339	0.0652512310748417	0.0103822304801148	0.0191370552304709	0.00591141348565401	0.0717392562758613	0.0778542130944896	0.0668969194937361	0.00418062972590094
"ERR1624541"	0.00694447030835077	0.00198007419134248	0.00214071472105079	0.00186888417624354	0.00357146327858989	0.00557870755998433	0.00591822521525847	0.00525322017562108	0.00812735167243947	0.00880640579319113	0.00282282585164851	0.00463360826705636	0.00332026134419404	0.0015310374452693	0.00311724792668525	0.00304571903240549	0.0032864265944794	0.00281893349681413	0.00801884561847767	0.00322240239149909	0.00366434972018202	0.00342420111909591	0.00507342602097789	0.00252987106538806	0.0113408757429234	0.00400718946924427	0.00533245302621129	0.00318418537670345	0.00397735015459889	0.0022265624083294	0.00391745034265542	0.00500225721122696	0.00256128891514698	0.00592210216428137	0.00308692616022063	0.00391701950155544	0.00261171237899526	0.0034163795403932	0.00301252909026338	0.0031076394425845	0.00627100876703303	0.00400192697996103	0.00627389707926793	0.00322863555364457	0.00325078162112835	0.00181760209465918	0.00430038830169121	0.00461093526828484	0.00305014746593154	0.00673944615908692	0.00239797145839881	0.00312867105871352	0.00294491419942955	0.00588845549391245	0.00286263201414252	0.00372153557541478	0.00457011499792982	0.00486309094043873	0.00237744564061517	0.00382884182888029	0.00241435096472556	0.00262070270885264	0.0030883284603893	0.0028694374537996	0.00467802580296103	0.00565668901206048	0.00337655474928149	0.00225428054829632	0.00309644478299465	0.00769631071468578	0.00632086481590549	0.00309656991363091	0.00396325577905012	0.00464642354096889	0.00383728208800145	0.00268154207897042	0.0030097544739869	0.00379343558203068	0.00314333612966828	0.00350743444493711
"ERR1624543"	0.290950455772154	0.216912207115999	0.2122430994591	0.184959231462113	0.211907337222269	0.181822678152139	0.286106885318495	0.189739368403683	0.190030365597051	0.196764893016699	0.179407695429612	0.236677825986714	0.18908775678468	0.0335764174549075	0.191593158178929	0.151541989055735	0.144357236570897	0.167964173304859	0.203699614112853	0.151341554651725	0.17601557190767	0.141668055511976	0.199167245054209	0.199637992726523	0.251400273201488	0.160644129326691	0.138887925957797	0.126682646486201	0.200822903833169	0.164211688133739	0.179316273254028	0.18467803005111	0.153832265105602	0.162143358019578	0.187153867100824	0.201070583873814	0.18771934374858	0.224447469738071	0.240210106297658	0.209448359059614	0.216352546240637	0.248529057314123	0.214794733932725	0.166984975454411	0.166700967440215	0.182257620092596	0.204853440987131	0.217413335965942	0.0627000528052506	0.194987505467853	0.113706682868503	0.154434066588488	0.182687598497626	0.204364820126158	0.13011252695205	0.262265772587353	0.208836422412223	0.131729198986354	0.223490285930362	0.133070774533014	0.137955161420377	0.162300192011347	0.237863096200838	0.172951609313853	0.19506663808776	0.164776097754492	0.155702789419095	0.261756557055805	0.22152611365709	0.337466951781906	0.180574870457483	0.11928810701446	0.122103041461876	0.163278027561177	0.175081729506192	0.160383776554358	0.156071586771521	0.140338709615298	0.129764033929452	0.141147946414969
"ERR1624544"	0.488804847581436	0.451698085909766	0.430937981699516	0.424252752637595	0.392011815925316	0.406612209576277	0.541437734869763	0.391907208129389	0.444579185078968	0.424039611195917	0.39632603856388	0.417418075979263	0.41206353576627	0.120769091515825	0.424879003418147	0.339042713359529	0.487152857830347	0.406897716873732	0.404846113758307	0.429348098825096	0.365297027357248	0.432496917216766	0.448700930303864	0.410403596432952	0.454566440270565	0.386500652324438	0.369779789038127	0.41968722844572	0.475968874074998	0.38367035420537	0.412163729144748	0.473950964872094	0.409455222257452	0.381802405336021	0.44217839819451	0.45544300795376	0.402500338501915	0.422209250863196	0.427204929682837	0.438353271739322	0.385782004315774	0.449937508347946	0.414499620522719	0.477837351775074	0.4391871016316	0.424013045917281	0.436094582312404	0.438840382362754	0.381783154146697	0.431565960995042	0.45935662078466	0.42951443090076	0.412268998242363	0.474146327230782	0.447979553696328	0.482825324799484	0.40399456762095	0.381803010768827	0.373997463517954	0.359504050580205	0.426015636540723	0.385377866681128	0.477708317383153	0.424956880462732	0.433926133566377	0.41684051382736	0.371158498249612	0.469575210328808	0.43117088108648	0.586614422777744	0.466778999528597	0.381151524114328	0.397402810890729	0.326356430087031	0.346880476165486	0.419477319979421	0.384752058538811	0.413992571814689	0.312357198248863	0.401421484708689
"ERR1624546"	0.0276329911063819	0.00894356336408442	0.018721887994281	0.0181431174440247	0.0399673925957832	0.0245454443325842	0.0236921874590866	0.038959098839485	0.0266338873063351	0.0455451301268642	0.0317764403492801	0.0265134801817729	0.0416947486891844	0.021280508938773	0.0138983180091793	0.0214855817153939	0.0112525337782335	0.0220980177943004	0.0521511039345872	0.0283534639165584	0.0294544498953279	0.0154799508239448	0.0259985578616198	0.0199087970930696	0.0337925762579478	0.0199981341298338	0.0450953022839475	0.0159979483951018	0.0256234070422416	0.0173937777542835	0.0163534380158755	0.0427673901829117	0.00416416544525979	0.0256748005848783	0.0135631437919004	0.0351464029885546	0.0256587669905473	0.033327709079672	0.0203721539805239	0.0239890351345433	0.0405047179636409	0.0231760949487179	0.041180721841845	0.0118167527095707	0.0158562768636751	0.0182821330784094	0.0180224103592504	0.0205910321261642	0.0120852335596996	0.0390826358680214	0.0103731874826453	0.0157674640888358	0.0130306941770274	0.0197360250899099	0.0110825075838408	0.0201419865148407	0.0262251259695478	0.0423313546364482	0.018916679461952	0.0259848229110322	0.019913694241815	0.0275911125211609	0.0210965914218944	0.0197973006006481	0.0274701660306325	0.0252198812024365	0.0165298861797092	0.0147541306777119	0.0407941385929428	0.0282975171611683	0.0206000967337959	0.0174314961373456	0.025453330646121	0.0542445604663601	0.0571795459030781	0.0191690151941872	0.023560932704712	0.0104500908970083	0.0156479311482046	0.0167812902920665
"ERR1624548"	0.0531224261680948	0.0167426679232295	0.0407955705411144	0.098136506021236	0.036669605965155	0.0853871369075716	0.0437483128680806	0.0290714216707317	0.0314837108382548	0.0314396394221549	0.0173101277914713	0.0331971224234773	0.0158288496012844	0.00179191348400059	0.0193249609746626	0.0195453196363737	0.0888200321812536	0.0200189542600723	0.0618407951705834	0.0174801099004625	0.0303527138514704	0.0252852273557815	0.0342044318422542	0.0160575198974428	0.0593414139454605	0.0110508108368332	0.0202457182537101	0.0125548396873646	0.016592763122598	0.0226625742969029	0.0186585009612463	0.0224086395425913	0.0631064021726125	0.0527467817321565	0.0414269083230826	0.0285519085384018	0.0387235903470221	0.0296873827934349	0.0239735676345802	0.0191279101095192	0.0168512569290699	0.0464680242253498	0.0429499087547278	0.0648370222228788	0.0271958858509776	0.029546949582968	0.0293062908869862	0.0308678280926969	0.0462546360512045	0.0231724499071865	0.0624721515164144	0.0490224306334234	0.0123032127710249	0.0310544769688937	0.0293974464615915	0.0360592301275539	0.0221786400133483	0.041231166017221	0.048983012636438	0.0445687586068577	0.0192907354169575	0.0187896136941733	0.0214092961862157	0.032860003888513	0.0309483887684738	0.0160924280347326	0.0187372287096806	0.0534454211696965	0.0185648053680363	0.0688113833782618	0.0350332689308816	0.0530619267952133	0.0222946554149803	0.0201216262137062	0.0103638162739949	0.0303616365965153	0.0364075250620714	0.0238530881730792	0.00974783403321462	0.0244801168146032
"ERR1624551"	0.0430092576883706	0.0186193924432671	0.010686788100373	0.0046716895067693	0.00599781513991107	0.0113943241033124	0.00822349391202331	0.00684242352194213	0.0122665855658144	0.0161752182551988	0.00735107501465543	0.0139461417077438	0.00884430952138838	0.0150832943761065	0.00966092014910864	0.00996666606320637	0.0165591446568103	0.0132915586018554	0.0137350764831356	0.00996006457129274	0.00722081061916561	0.00788283948420783	0.0143229846286033	0.00771901590689559	0.0231003577311499	0.00539443912003541	0.0117061201369199	0.00582394318362979	0.00993602441943666	0.00414526455313775	0.012464404921423	0.00803161979602216	0.00651936522830581	0.00857621038807269	0.00981004335802566	0.00803723328262276	0.0069063807162594	0.00970672270357892	0.0101272089937026	0.0118437796285416	0.00931706331754051	0.0155403901876214	0.00898303464603367	0.013446636448778	0.00864632726794366	0.00760272866953145	0.0131244063030614	0.0130183671170148	0.010051078189555	0.00759479107473067	0.00961391553732118	0.00934182641924932	0.00649518872590487	0.0129416920270639	0.00779025800896001	0.0147990941309132	0.00893133374291586	0.0083369459516648	0.00805893028592411	0.0103660358192432	0.00654555890728275	0.00637524728523766	0.0129548556128127	0.0104659589673143	0.0131973196226767	0.0079617134584005	0.0076221048506836	0.0100276284184453	0.0109133229469548	0.0374252296864652	0.0114823192074266	0.00498098135979885	0.00927792139391972	0.00742150661539493	0.0072097315380094	0.00869665907567732	0.00735922334009688	0.0121241437164373	0.00713612804300935	0.00796255783431088
"ERR1624557"	0.294644133457689	0.104577084086758	0.201075782526187	0.311847369927292	0.425498676473037	0.267688555360975	0.457564677999732	0.408457170261669	0.604189099694277	0.506791081818559	0.254329779419203	0.230653081403417	0.256626971855901	0.0473544437261371	0.290123381008473	0.168278858083498	0.116964560595248	0.124728719168747	0.381435633198592	0.163626476291936	0.27863814682784	0.24510294824037	0.300264192644851	0.168573040150536	0.490028130512342	0.46303784639766	0.188000608531794	0.381202844274113	0.315873258570028	0.365210784750635	0.182541976592771	0.473058300206846	0.151915430107587	0.429285615058916	0.24382501331198	0.412632146752827	0.347947928804915	0.277599350400326	0.315930643064524	0.170806872045856	0.342946751389736	0.261206796822714	0.35397405020013	0.157981180883471	0.27508923869989	0.133654960693857	0.256558996883484	0.342278269647963	0.0697373189003828	0.376249984435403	0.125514475500142	0.216034375587205	0.366078659361445	0.339981937182069	0.177989436031679	0.281381402143116	0.371644272109973	0.251036300906392	0.268079566325293	0.225340805838334	0.190737036762048	0.241491177550129	0.218937352582873	0.160017264922501	0.252078709051434	0.285440218246949	0.263949755652018	0.221339680181291	0.216969290197638	0.296108708414563	0.363143711650591	0.381796096795483	0.155068320405673	0.352477172302033	0.203860447144286	0.162381658309802	0.256364858250726	0.165744542620399	0.122529608555382	0.25521657591566
"ERR1624558"	0.133451382532252	0.0718359480387553	0.0654660152507401	0.0660976359607076	0.0678164963654692	0.0489449870834736	0.0267096842212636	0.054675575011251	0.0230818079049996	0.0391278258912966	0.0471691720212319	0.0797484433754877	0.0866696682104577	0.0420039582182671	0.033420358553397	0.0282598920790174	0.0524529955444529	0.0330551003358335	0.0799544951615459	0.0476486721770037	0.0633367572932807	0.02038835739389	0.0447534530887758	0.0353548796179099	0.0575517281490622	0.0214695908278891	0.0388146394651683	0.014717078072123	0.0392005443671714	0.0338028235578843	0.0385551798306042	0.0405781973795936	0.010507061867834	0.0474147135979307	0.0412441260496334	0.0478924651914994	0.0531504821321887	0.0718559984943682	0.0529767389146335	0.048431297931289	0.0598969479466768	0.0760910687719443	0.0709662742495438	0.0367187921651422	0.0323725086713705	0.0771891640913947	0.045467481310007	0.0455290523522928	0.0170679317205825	0.044952424337334	0.0275859583721584	0.0402410881445462	0.0225074165514098	0.0335304230947223	0.0158538137426798	0.0651079379950308	0.0481545437889813	0.0562442831689955	0.0694065433695636	0.0460962975718392	0.0448002695510712	0.0395199271858536	0.0498445356486481	0.0513939919733539	0.0518770077015935	0.0274461399579192	0.0317461232758512	0.0644544515587013	0.0449895542884228	0.143819210834846	0.0248031971927142	0.0256914676994178	0.036327245837965	0.0475949037812681	0.0487716863462008	0.0501739611842059	0.0390322457083357	0.0239648196979176	0.033264546995549	0.0259780384752933
"ERR1624561"	0.271867472238355	0.0462540916749966	0.127678297389689	0.0520190818869596	0.109208065213032	0.0739954111148225	0.0639503756037942	0.0539670828603431	0.0696571926061472	0.0900555094375327	0.0575257352250126	0.107870503764614	0.12534006209052	0.0329958076527674	0.0666825109279272	0.0448684379841402	0.0754736013353901	0.0667096881816977	0.0570926375349449	0.102291388701844	0.0830459117630315	0.0548973605442846	0.0683658948971978	0.0712282013998413	0.0900359706290156	0.036132208625075	0.0792440336298978	0.0443520571111306	0.0862587277313821	0.0425469917985159	0.0713164016960533	0.0840264428904152	0.0301896499662457	0.0556733049346655	0.0605298116690558	0.103438676494232	0.104215433334502	0.116156353970558	0.106723701667005	0.0789746793912236	0.0797803163091827	0.139478601719482	0.0594170664108846	0.0764682530726441	0.0620217522174962	0.061343668798019	0.0802544534177873	0.113511786033015	0.0532657813893699	0.053255593626034	0.0569408024234611	0.0666516904586203	0.0449487293513268	0.0549886549467225	0.0546812875318943	0.130513046785217	0.0706983375752324	0.0412163801063553	0.111220003701893	0.13593868623805	0.0620143336795797	0.0569740729510664	0.0808246804556517	0.0911251585223464	0.07036098018273	0.0523036972138461	0.0682381992163259	0.11396530861025	0.0622063323159133	0.269330886993352	0.0422189490586005	0.0358101972382791	0.0735799432757386	0.0877240485862943	0.0409576656264505	0.0637872295809676	0.0535556223781367	0.0457304857921109	0.0382174136599875	0.041941537233942
"ERR1624563"	0.699605549449689	0.0817152951143911	0.644741515840549	0.826226206128168	0.857247179496814	0.50278320750114	0.392681111806738	0.565941336859336	0.558138976203388	0.586559421337687	0.366331914202712	0.420978269246802	0.64389423365399	0.138494442415245	0.307845143987467	0.0889183382376512	0.189164257869678	0.0855634848884914	0.568807526334811	0.269931439567397	0.585241162378335	0.202319332642159	0.306762748872676	0.180167791561098	0.533273351876454	0.313771547831984	0.173601204912065	0.263320780778192	0.326208124619567	0.538857755362965	0.13903137439629	0.634718474009577	0.0671160767215607	0.585157561975374	0.340464042105326	0.704811987240033	0.789755786544003	0.613730903023407	0.487786874888701	0.144479844937746	0.325735529757872	0.575143360356457	0.549722893393636	0.206915807569821	0.303762446093268	0.339908555248883	0.289120808060511	0.502942837165778	0.0513510148889409	0.388207233217033	0.159136323108903	0.356563483883388	0.28232552608504	0.228094500933987	0.118338634991418	0.507302016742838	0.483425607108687	0.380407387329748	0.691344206107015	0.586286828563243	0.339392912853095	0.358174431494709	0.211374087427267	0.308925870046693	0.29094411478787	0.212895900980835	0.325150930312061	0.548630930193745	0.182848285915997	0.569606879601047	0.192684655032549	0.553149337952472	0.174608955625984	0.596386237807445	0.127924412249056	0.263856558940648	0.418240493138521	0.0698400425982569	0.0592514012402631	0.197905806643936
"ERR1624566"	0.0177711657444643	0.00858204203924854	0.00836322269143168	0.0158663113548485	0.0210560620097598	0.0179648924671118	0.0110472837551505	0.0246309304851831	0.011730640058081	0.0163169766105281	0.0129055384540782	0.0204476351759392	0.0175192561768423	0.0007680587167877	0.008946671578294	0.00721846055737979	0.0114000615658416	0.00742216495865488	0.0332172270183431	0.0120897753888344	0.0181309904406466	0.00738730809006412	0.0138857982384289	0.00920996025837788	0.0259276893732019	0.0104005315831501	0.0128281680433784	0.00602448733633928	0.0119633436724483	0.0112756430728779	0.0109582961490619	0.0159820653795736	0.00408235443844487	0.0204487814977142	0.0102573881823477	0.0150822111620248	0.0121847276253008	0.0169804479592596	0.0116586132665384	0.0112488252519861	0.0237789656346669	0.0157488106115276	0.0247743480752475	0.00921924852120488	0.00973295887732872	0.0143578237036024	0.0128456523731019	0.0105836947263347	0.00547575704769482	0.0190381407058495	0.00703997117541135	0.0111853432636554	0.00690231702235837	0.010710208725635	0.00547886517003549	0.0123982518185281	0.0166585866245875	0.0199691117546548	0.0128595784133265	0.0104106436634691	0.00947530238139961	0.0115115251284327	0.0107806004923928	0.0120063573224646	0.0154910750008833	0.00949319995216581	0.0081320061123188	0.0118924887920736	0.0103430828270605	0.0276459374404093	0.00989200325850199	0.010223558654486	0.0124714377083742	0.0159827812021243	0.0164862752358009	0.0126733997507357	0.0121075791961677	0.00788101080012008	0.0116386437490458	0.00977739120916172
"ERR1624568"	0.107657595199325	0.0393102223638887	0.100581833004687	0.0639174885404838	0.0934679249812317	0.0632814717875075	0.0409299661955252	0.0604414161749378	0.0309903664063984	0.044037277913982	0.0509485469647958	0.100398940057141	0.0929864150676279	0.0348439169985137	0.0432006590332023	0.0350411026076796	0.0574583754034401	0.0601023838262283	0.058374502264004	0.077798874731999	0.0801261574395409	0.035683998199363	0.0486558132731998	0.0618234629870983	0.0597430624417992	0.0271686948937766	0.0635040455994364	0.0230776214812849	0.0607382962271116	0.0404023675501557	0.057112894236918	0.0561568731295961	0.020786974146167	0.0470218002573702	0.0463506556286323	0.0718464164380583	0.0705748471469417	0.0972235931024798	0.0694902431401439	0.0689776308545083	0.0861073880544904	0.0994293794123716	0.0613547813866815	0.0571790304812419	0.0454932092253582	0.0723513648066759	0.0603204486180645	0.0683678872138693	0.0380666130800803	0.073018113639494	0.0446796605755535	0.0545962316320051	0.03174333651048	0.0345386700071716	0.0345897064203266	0.0829728088738784	0.0586829934394802	0.0405854759626077	0.0889461240092061	0.0780734113417568	0.0470505761238147	0.0513948123381511	0.0643016309568401	0.0784212101841093	0.0577868657176439	0.0586082413824953	0.0502574647513081	0.0931674526063445	0.0496888044863268	0.144292259747877	0.0265367830978828	0.0285686021209989	0.0621003766014021	0.0653828369939667	0.0534001919705588	0.0627030124541247	0.0471655796017038	0.0346507851017016	0.0470923478903225	0.0342374883267002
"ERR1624569"	0.727542322168626	0.8262644850434	0.821205541572586	0.812949305269264	0.758241454416837	0.737000821824646	0.89152339301056	0.786193801785026	0.850399958059129	0.785812772784943	0.780362532290823	0.747529550585908	0.704811220262941	0.875852311262111	0.822994609047261	0.81052123127446	0.787208315777591	0.779448037623396	0.759860207923758	0.725335691358894	0.71583625601636	0.811945243656402	0.816576218101622	0.788847903916472	0.818494808271207	0.850653182417206	0.732035054582627	0.843758981292586	0.832818262991717	0.838606730584557	0.779302222874311	0.82467758426046	0.864565050805927	0.808206397406058	0.814360636892276	0.802925733658855	0.75832812762235	0.756348940136722	0.859967610387214	0.822932832668509	0.806330695408373	0.770578598427879	0.756554002443581	0.809208789853655	0.823585663082394	0.761077294764805	0.802423494418341	0.808549771804014	0.671667169403415	0.834670510465146	0.796373930644065	0.785323360042907	0.863424991328002	0.842317746512962	0.821423033158718	0.81153862332519	0.795936534831278	0.735166925132627	0.697723321849544	0.643360584836965	0.813506915024597	0.772949963512298	0.84473382108426	0.747381073888962	0.790470932206098	0.834728101647968	0.777668896510696	0.821335815002547	0.824264149171486	0.845220919176127	0.85263317134976	0.809000583252406	0.714896757373791	0.697777881846954	0.78228168774226	0.767129008800518	0.77237238449587	0.807549339205375	0.697762475518112	0.8104466999825
"ERR1624571"	0.848092400382072	0.787588656753273	0.657788169846561	0.514782426875625	0.603339874485416	0.421233210734884	0.537161322056967	0.567565150788851	0.634011324235717	0.646276779872227	0.627293355351925	0.624947952227777	0.773672101940518	0.784299930769924	0.649449695262995	0.493864169895698	0.507124544138637	0.66052362782832	0.552493031597959	0.607506911775557	0.619799460448498	0.509612948361941	0.622907364015831	0.572793185464206	0.592263390328639	0.626585494883455	0.485607065982141	0.597136670726685	0.690656168150153	0.597814460415259	0.593092230931667	0.678202293255112	0.339034816708714	0.527318708756349	0.560955600975607	0.659710647485876	0.6536967190454	0.663149065465564	0.728393393986921	0.617763284150615	0.639281574710707	0.671360587944051	0.512384151797129	0.510845326076903	0.608556089145818	0.609337073616234	0.617177730114271	0.722881114102022	0.365342076857418	0.607990892221049	0.471955646276791	0.537089586826548	0.662068338555237	0.58061364529287	0.47821949016497	0.707968866987282	0.631332140772399	0.471285315263442	0.630114105447983	0.639250077243401	0.680387507067934	0.579844410583795	0.70614771869024	0.563197679119543	0.608494095256681	0.594039666692407	0.662519647044037	0.630180190831754	0.653345163440316	0.760420186094898	0.524499417312833	0.509933626051579	0.497747206411504	0.639176882116946	0.559162661706793	0.552771337397319	0.5168318528504	0.517635419227393	0.478781771837987	0.519783825782467
"ERR1624572"	0.0396072551689805	0.00250761876556834	0.00755186273629744	0.0670572562487087	0.00988378284263367	0.0497187200566948	0.00442424349198164	0.0201745058077817	0.00215283501009169	0.00540479493985556	0.00446655164891536	0.0234347278951216	0.0160252061867935	0.00414030147203314	0.00154901253831029	0.0136733543126634	0.18411879061912	0.000971143904788845	0.055012040766718	0.0302710140078674	0.0026706139688074	0.00528135535434159	0.0321069318756965	0.00983589084252188	0.00950350307713166	0.000167699736643618	0.029817623564225	0.000751526656279147	0.00179789314027205	0.0167121352321189	0.00281463640522307	0.00317127885429726	0.00190082053456638	0.00486987154847041	0.00245902957980787	0.00526778649252136	0.00283289131265426	0.00511107888199621	0.000764560451555174	0.00118817058045587	0.00128837283743127	0.00593685811873648	0.0152845052912218	0.00740132118641002	0.0273558574653261	0.00839087719952348	0.00357620092207705	0.021900711683044	0.205305314582115	0.0193076183961272	0.137598444799073	0.0046782858520711	0.00696510600801762	0.00342997266936163	0.00485053518725621	0.00399988164853386	0.00137286018146978	0.0307832313959303	0.00505029586338933	0.00785150290002575	0.0382850859149829	0.0164160345451028	0.000613941022187723	0.0387194983192373	0.0311177033778372	0.0152114710878935	0.0161258820550978	0.00486197442791777	0.000439632448594399	0.0341954267256417	0.00288972016685434	0.0543194139404919	0.0421335467628851	0.00200786630760505	0.00192868355442429	0.00526797942024103	0.031517926138835	0.0312128104525534	0.0101868757567982	0.00168787545958978
"ERR1624573"	0.841156200025789	0.0475001832939983	0.152464240087081	0.18175875185333	0.195411876020711	0.151206447431109	0.0700066606845677	0.0916700900223874	0.12313499274865	0.3683066355961	0.0471467169832194	0.185655300966839	0.237981147269312	0.118036513406969	0.0358070454518407	0.153620564205197	0.179449148672259	0.00859813501019231	0.175299774711928	0.156869620100327	0.0174539042178226	0.032327730182943	0.259892915650899	0.113192140336073	0.121538233610872	0.00300934390432682	0.133555105945184	0.0137186865666199	0.0278431592451896	0.11005881917795	0.0208274061123611	0.0508808798311159	0.0045718442673149	0.0305712970567426	0.0172430478896045	0.101573263780571	0.0670367939434594	0.090487335717105	0.0227000197466973	0.00942858467382957	0.0133642951406672	0.155045082044416	0.0579089577509822	0.0197464766089754	0.165545153482399	0.0251157932076127	0.0446232969190883	0.40774329547975	0.0604493060406398	0.0780457178696631	0.115755721049471	0.0157544337079446	0.180434443234135	0.0300970991277923	0.0185078729935983	0.114669156776233	0.0275003340469044	0.0676960196325346	0.0595159045980311	0.066894345836145	0.183847437653388	0.115494008774881	0.0105830124013443	0.184006932813186	0.174576965404458	0.102691139362531	0.175156571639276	0.0604886892022946	0.00947445005593221	0.516659373983682	0.017045710949228	0.138269775304222	0.0860228522331134	0.0323159534418107	0.00863969575523926	0.0158848763248711	0.142081907558747	0.0867269759175546	0.021735247303843	0.00702627254351152
