"Model_1"	"Model_2"	"Model_3"	"Model_4"	"Model_5"	"Model_6"	"Model_7"	"Model_8"	"Model_9"	"Model_10"	"Model_11"	"Model_12"	"Model_13"	"Model_14"	"Model_15"	"Model_16"	"Model_17"	"Model_18"	"Model_19"	"Model_20"	"Model_21"	"Model_22"	"Model_23"	"Model_24"	"Model_25"	"Model_26"	"Model_27"	"Model_28"	"Model_29"	"Model_30"	"Model_31"	"Model_32"	"Model_33"	"Model_34"	"Model_35"	"Model_36"	"Model_37"	"Model_38"	"Model_39"	"Model_40"	"Model_41"	"Model_42"	"Model_43"	"Model_44"	"Model_45"	"Model_46"	"Model_47"	"Model_48"	"Model_49"	"Model_50"	"Model_51"	"Model_52"	"Model_53"	"Model_54"	"Model_55"	"Model_56"	"Model_57"	"Model_58"	"Model_59"	"Model_60"	"Model_61"	"Model_62"	"Model_63"	"Model_64"	"Model_65"	"Model_66"	"Model_67"	"Model_68"	"Model_69"	"Model_70"	"Model_71"	"Model_72"	"Model_73"	"Model_74"	"Model_75"	"Model_76"	"Model_77"	"Model_78"	"Model_79"	"Model_80"
"SRR39238494"	0.349436950623677	0.263311411777092	0.353568627508792	0.165397920283711	0.322750001626059	0.517839855603453	0.572579643942687	0.348211150090337	0.639527197249092	0.0372920538027918	0.361079165549288	0.28508182219885	0.0565539256601618	0.405440075753676	0.296749838544016	0.224176303616103	0.256298896394753	0.345017715275823	0.207281152893537	0.337935491035919	0.336945606297854	0.51897806995876	0.34904089576184	0.347184678934371	0.225076244990747	0.30318825196616	0.0565539256601616	0.299386818313261	0.470427770169016	0.356735730077665	0.422229520277827	0.391824662996704	0.399122213093534	0.253336335164636	0.329059336495702	0.282111804909554	0.302307978749901	0.28251046375457	0.400980066056141	0.300045894396663	0.308279630982573	0.575006586341678	0.275515366787438	0.294553271044794	0.382067423636893	0.251112120303667	0.289279347571692	0.432447348726578	0.282099006198558	0.202148382033115	0.427026452775453	0.311215421472076	0.269362219395688	0.324718441059115	0.310313854192068	0.357295061766807	0.289677259890885	0.499544392318138	0.114751526206634	0.324718441059115	0.429692280564427	0.0198072592414083	0.307539756746375	0.29520284846479	0.325355640024861	0.265915078852291	0.310174601754734	0.278376556232291	0.277862494614577	0.35532934619471	0.182204219488707	0.382390124530344	0.306245571584604	0.229356721984283	0.182204219488707	0.400749789950333	0.478888655940693	0.304203450273594	0.230125989376036	0.397610958326941
"SRR39238509"	0.238149454851526	0.214205417733071	0.459457657906417	0.154083414411437	0.197862705233292	0.314842885468139	0.418062492522717	0.348211150090337	0.548600639514851	0.203767758624308	0.268022784291422	0.182067581075172	0.15557765567366	0.249084614027745	0.260589664193687	0.192987442840666	0.150023922407775	0.320499398534111	0.30654640867595	0.202819496234435	0.347409614737064	0.450998757622554	0.292879262372403	0.202389976747574	0.229642198103523	0.208120967312827	0.15557765567366	0.198900457439225	0.287476109499562	0.258105931463332	0.333902613546645	0.212202927828577	0.32430105707292	0.371725244277758	0.232674795988976	0.237369180345027	0.321330779082986	0.251882195889869	0.330976703785466	0.228923057400119	0.191288876763759	0.696644707888662	0.158779139547551	0.243831501886696	0.238672544969581	0.353973866301244	0.196008782383946	0.356686400375223	0.211356401256497	0.156276102681513	0.323183630059907	0.178967023342648	0.163334663539015	0.250445607919484	0.268564995247569	0.228584804766158	0.383433894927513	0.333732388098665	0.113367611137291	0.250445607919484	0.266142533603032	0.216004303395537	0.186706301580777	0.196327951259315	0.276732838247695	0.203113185077954	0.197472896564142	0.153653326607122	0.178486280747629	0.261862378694448	0.144990022906974	0.24339637639457	0.255843096523495	0.186006505156685	0.144990022906974	0.240918224784375	0.388167663486264	0.319174664560958	0.211501588656753	0.25504389111881
"SRR39238493"	0.45514602481292	0.414180334990773	0.585345730315917	0.252423480772039	0.435841874568712	0.659349163961992	0.743167424663729	0.348211150090337	0.836214236151038	0.05103129889472	0.553998213934262	0.441266755908502	0.0712249171252516	0.553351191043829	0.437603954182393	0.316821284914049	0.550692356698942	0.498852530788089	0.40810973183518	0.440724912298787	0.453683533412955	0.680984296524847	0.367767860083814	0.554667716551724	0.369875739883108	0.532177578997504	0.0712249171252514	0.508241036868138	0.750570052454233	0.443749834926667	0.39831075596213	0.50866988912195	0.523357748987479	0.5393555948654	0.573194093960794	0.371060240467075	0.399545417989721	0.296699555090172	0.459108083723586	0.545989056608646	0.469115012018552	0.647300365088155	0.582155667042383	0.414302065889195	0.414448503782641	0.44713098869104	0.481205690671135	0.573608962439159	0.394328845904482	0.168424109360963	0.643895902869389	0.407746214873324	0.415686414643273	0.357684014840039	0.229211299340723	0.612043074622279	0.429429854607345	0.623004844845538	0.199833984647024	0.357684014840039	0.631461916718628	0.0174334862902311	0.467745761346764	0.322749576165409	0.626581070983646	0.352045016333828	0.400883206607139	0.553431031973355	0.424845987332312	0.563298753456999	0.259197839444605	0.581436451379778	0.421450827762708	0.34237728913413	0.259197839444605	0.621326801443045	0.628905170259108	0.533073101381455	0.298236620911547	0.619332538723214
"SRR39238551"	0.610111150704573	0.365778796328083	0.379931297742837	0.34096927478207	0.325348987328344	0.541924633507765	0.63714866467639	0.413289588304136	0.556535050943738	0.253444843048923	0.304017487697192	0.379638319192469	0.214109719101737	0.387869456046933	0.347216138396467	0.304159363381698	0.373570289077083	0.180328688558927	0.257398648512627	0.344450599171871	0.151497749085726	0.32608132132086	0.707924261235592	0.419664851619516	0.210351340996263	0.41156702773012	0.214109719101737	0.408157970847986	0.445077998220358	0.199562688022614	0.330395929870637	0.2974341376311	0.292104269214738	0.325489036827102	0.441729303836472	0.175718704612188	0.214834726697484	0.472265690371236	0.141777236548869	0.382935389188344	0.296666309771491	0.417957414990207	0.383079083297646	0.191025674519577	0.29139812680472	0.280836330371949	0.272895149387005	0.311522208604167	0.383180477583685	0.317164949576892	0.36908937011704	0.315861490677118	0.281841544760761	0.430589045819561	0.406658169994798	0.4718006060731	0.368839934338619	0.440986335633315	0.202711851252976	0.430589045819561	0.370460369404826	0.252404608237064	0.298289131654761	0.421549640431787	0.471721968826868	0.35494952859566	0.262005606301516	0.294283299671947	0.316022876813212	0.357575685963188	0.303595574795193	0.416106955586499	0.211182662319898	0.267061675458957	0.303595574795194	0.399380343789162	0.34255322791292	0.380410685371376	0.307771615662874	0.515448446166878
"SRR39238476"	0.673983178189344	0.471836616143304	0.589117896497548	0.411774964560096	0.351317729837796	0.542325278337995	0.768695950510625	0.435266270222844	0.721214762389802	0.158335918278711	0.408655196421186	0.4566865891515	0.157098859762383	0.479503160214637	0.424252906014446	0.385640256602194	0.559005993322489	0.380647416071441	0.419768326718776	0.355466898735077	0.456346646606408	0.453636941824424	0.774392922226888	0.455974156088827	0.295910236942381	0.596118002032893	0.157098859762383	0.498124006096081	0.605883185796262	0.354046841441111	0.344045295826999	0.413031926093305	0.383700485458129	0.513407528906134	0.523166267621536	0.295391950123377	0.558871534208838	0.493203128533563	0.428678869216363	0.481978811183132	0.368336934249026	0.781072610372377	0.50340655042223	0.332342825214873	0.351319915278704	0.455041735943295	0.400695871964852	0.415721980317406	0.452096970638921	0.280651013586708	0.436463630118084	0.336139088038387	0.36686676814588	0.457640717702604	0.386788237269679	0.531325721850337	0.452435055585675	0.55135627565455	0.268006722260411	0.457640717702604	0.537828123551612	0.0670014632219294	0.367582272376404	0.464065682342685	0.56438656527668	0.449232382886006	0.306558294124932	0.413639321319681	0.398145902739564	0.460930792889997	0.361987940375884	0.537381513708508	0.355409228040182	0.331688732499545	0.361987940375885	0.523735326554185	0.445708165515892	0.520652549734483	0.279464617691505	0.609621573166065
"SRR39238475"	0.586049196120154	0.533871178872074	0.640503530076543	0.510461886953275	0.507358488453861	0.736591631825403	0.81422336803971	0.44136351707385	0.680921842367375	0.407995251974216	0.425838101631062	0.573456635186805	0.32263493089595	0.569198518087293	0.586402123596509	0.411903947193907	0.756189027723829	0.370863452982429	0.457050365957332	0.519418880533361	0.362240193291643	0.374336997234434	0.616512386492259	0.656681142148576	0.342560656580316	0.623273888666296	0.32263493089595	0.664446885151522	0.727837187466103	0.419942981410729	0.410492386859793	0.53414334451605	0.392149590453762	0.62248917973695	0.54171138378359	0.342576369096555	0.47504760520234	0.237767142206372	0.397819463763728	0.584371266548799	0.493730960111849	0.621506875957324	0.755073210943962	0.385367538030342	0.461137577113017	0.506998738149407	0.437213706486368	0.40786862506781	0.568166060091083	0.104739915900016	0.559094393470832	0.503723940299631	0.470918303731819	0.55610727738756	0.111355931525466	0.581941731367134	0.527039842895951	0.637993379314627	0.40101431924713	0.55610727738756	0.634685730539514	0.283100472443226	0.504984236674312	0.269962198935639	0.68346216577826	0.545133211537051	0.414898559731936	0.587299381649984	0.513035269587377	0.504227447498365	0.478384479236465	0.637081323200751	0.404374919438577	0.349316899440718	0.478384479236467	0.634189011761783	0.430081166332067	0.598555231620415	0.47523127912857	0.704493416220188
"SRR39238550"	0.761011529438956	0.53042833810579	0.625197464598126	0.479247415966362	0.387068925616965	0.619311309681064	0.738509102206606	0.432911704031138	0.751679767976493	0.352458377173047	0.425576818935507	0.49952545864089	0.309820399583517	0.425363392333417	0.436815496504651	0.389569880825251	0.673698679591943	0.297307704300271	0.480788205606723	0.388602091961576	0.285692005254737	0.471761647490492	0.739352657706397	0.571315657280462	0.349362949860737	0.612748260977929	0.309820399583518	0.603016643361894	0.613219208206549	0.254188099996245	0.306351819954928	0.340388920189965	0.423644344290197	0.598121526078702	0.519493970791429	0.238376945663996	0.352131467602247	0.448761666120283	0.197837951025676	0.477439852561578	0.39793606412919	0.608518650378857	0.661654059376696	0.275624430245901	0.295276435935847	0.509663501701761	0.40499530156745	0.455901373754927	0.502845177945082	0.28041773160462	0.523213017241555	0.381381395345249	0.377857796581487	0.491858026414877	0.327209679223515	0.536332320562502	0.510698256169589	0.496863356194253	0.367002130870419	0.491858026414876	0.482920730193448	0.283100472443226	0.400336789856235	0.434476296669189	0.678184044783067	0.487373824279698	0.296050265284368	0.495418350877288	0.41057359537978	0.494923597801007	0.436728583114688	0.529544175810795	0.294939640059046	0.332320325449968	0.43672858311469	0.513673335869123	0.456660850286268	0.58903845890971	0.348839483186673	0.653448724888336
"SRR39238474"	0.741887201583552	0.487655087492392	0.466755678991192	0.378855656070379	0.254573819762856	0.413758876788346	0.635261942210365	0.409929513603553	0.754141026313775	0.230257619130641	0.388903538768334	0.4395292607547	0.223013916320093	0.296915458306139	0.288734371027319	0.370031941627446	0.576326724751207	0.276390468764804	0.375516588558735	0.242125819639833	0.26225167925166	0.478940935507339	0.718817767366093	0.414511063250436	0.329316711245326	0.536538706470679	0.223013916320093	0.499561204286032	0.576347817750888	0.167696702167535	0.221270854937888	0.187058014445814	0.379900347646425	0.472871636478985	0.480564696476501	0.192046044494096	0.300042645393719	0.502474907499168	0.124817472083119	0.587303230843828	0.29204087995658	0.554734185915548	0.566730690670776	0.225593728651818	0.170928355343437	0.360625431131063	0.342337314150458	0.422175776452396	0.404513341252252	0.337775968643708	0.620523335053848	0.223627215231072	0.265431354572214	0.435036968061981	0.40791211072701	0.490094904862202	0.431713148142715	0.360401070541995	0.290588254621027	0.435036968061981	0.352649544747851	0.175899821256114	0.286521825752222	0.430893844506578	0.564326441638726	0.382990225656808	0.202257036543765	0.424035755030778	0.306036982640476	0.425830762174647	0.345786682112974	0.415505953177657	0.24275819558478	0.311987904607896	0.345786682112976	0.395248843812231	0.424891031157487	0.436588384651847	0.20825215849114	0.522871438956686
"SRR39238473"	0.509925062310544	0.388729240884597	0.594220508759821	0.354038175808009	0.333030685897221	0.536450036510364	0.665454632798728	0.421205098536239	0.581739658386951	0.135656996643785	0.322203985337195	0.382927751514018	0.128097471101903	0.42691931542573	0.316288156091605	0.319257261605371	0.45712268707138	0.264176404871645	0.440700714772217	0.347320103411296	0.24751441411176	0.33969826405032	0.644685640194396	0.431676095311927	0.222508607201875	0.441272744074209	0.128097471101903	0.444542753837032	0.473064240712919	0.25842807618464	0.330388180146606	0.313576720608571	0.303910488819718	0.549943091359415	0.523178727336128	0.23353191296296	0.330353217033297	0.351147838165287	0.231661401915739	0.406932989579007	0.313421332677633	0.571772586085797	0.467767321178261	0.256353724589282	0.299885310601252	0.471204283846474	0.292341829167306	0.324732910317581	0.409294598536391	0.192108597520827	0.354490134352621	0.312528013214203	0.293716837436002	0.421210300878413	0.247149762925422	0.518655387821877	0.463509430981693	0.45802976003023	0.230182932043716	0.421210300878413	0.41552800704374	0.0653570017433416	0.314983737474643	0.309561385652317	0.561724151323938	0.377225657744621	0.272951413912196	0.30989019761784	0.339047188929658	0.377321416418035	0.298220251902677	0.44406034211726	0.277511059076412	0.278093023313711	0.298220251902679	0.42602126346298	0.356629808286443	0.509189587532657	0.248632930982147	0.528807376904301
"SRR39238472"	0.320049544427731	0.382758193675007	0.492468218460337	0.354586061668255	0.27063307869952	0.44519179234015	0.601164337934139	0.420461154452021	0.535460016163592	0.282779457588568	0.275901848967499	0.325488720476937	0.229592275668419	0.30157080649778	0.306607969116756	0.297960945828862	0.34798457665709	0.224135688654195	0.36552274952758	0.276452077144458	0.218476344629127	0.294176483108028	0.46258397703366	0.365645747256899	0.263986050052782	0.384331836784067	0.229592275668419	0.395375614074001	0.353619867430465	0.19853725507518	0.285976512617302	0.226840223769088	0.271513780619639	0.448695132884864	0.347998249118409	0.195904811852922	0.307999287358962	0.187123987651701	0.170615049313315	0.288440565725035	0.258991631776325	0.542354880827173	0.346489353854723	0.215657370792798	0.23131008760859	0.380093041898911	0.108086560908887	0.289604824606538	0.376155133393621	0.0884791903695508	0.278827925969525	0.251167214729664	0.242701956291934	0.379096109067799	0.0820954672793443	0.380906154275851	0.412332679009982	0.377956772232964	0.232123253005863	0.379096109067799	0.330490798836762	0.252753801559498	0.258860758967833	0.139051489078352	0.484223736041425	0.355921176423075	0.219011388173197	0.252721548118764	0.284942368935249	0.324106852711623	0.315440859683087	0.374102344805418	0.23538317641939	0.257966185433809	0.315440859683088	0.347918370835046	0.306341160697689	0.422598011415286	0.25152567451957	0.458010732467704
"SRR39238470"	0.636339971937599	0.48512630920049	0.555329895247693	0.450030412058023	0.382455875077001	0.585989927615501	0.750941872974874	0.434600740164418	0.720077270086273	0.348637434296679	0.418384833768201	0.556777738915394	0.274788488967584	0.445977897711465	0.442785415565877	0.408172961925895	0.613523020473906	0.232850117901357	0.418254048195451	0.387089218318896	0.188381932180562	0.439894583122073	0.724196570535293	0.528537678740204	0.330943726804195	0.586446637109972	0.274788488967584	0.564426237755779	0.650670424556297	0.229489750290463	0.320531449064717	0.358252509130849	0.378491643615949	0.533165397011836	0.514290292968506	0.205771089357997	0.268289656823165	0.435191584320124	0.148927643439527	0.631529476895861	0.391010345631154	0.360649256593696	0.62160228177807	0.235237514873642	0.317347784913784	0.419100861150844	0.389091642038974	0.409917775429088	0.492187779800417	0.201981946811701	0.5393048021021	0.346753886884242	0.362337992957244	0.554755384778513	0.229655004665643	0.539563832093413	0.411836152924886	0.517814551725659	0.309246419756269	0.554755384778512	0.48680202010376	0.283100472443226	0.3922042547238	0.379233413654986	0.622916264429298	0.450742358833251	0.312048069155211	0.480529903200882	0.421745244119496	0.458718640324069	0.394165246304223	0.54575797446187	0.25814167574373	0.332080214998038	0.394165246304224	0.531565211936936	0.441472206559113	0.500493206786694	0.355058441264311	0.630259474257319
"SRR39238469"	0.176059514909805	0.390165766864429	0.537055793771311	0.263860144194543	0.24886151074228	0.445170906436538	0.576030784090936	0.348211150090337	0.706629731661284	0.299346455828572	0.372945699730151	0.354133816702648	0.224272631051737	0.296915458306139	0.321270289572572	0.315928183457661	0.47993440450102	0.314679254937733	0.452679089689836	0.249124531730483	0.270950386269065	0.438972186156245	0.187895401607781	0.388058120635682	0.341660341844811	0.377065142149156	0.224272631051736	0.399488153210641	0.612362799615805	0.189563796541451	0.221270854937888	0.18454562223215	0.312666593271945	0.556545121795366	0.465452570788274	0.216610949188439	0.265954405685238	0.119413016734164	0.161061067012055	0.51602447640832	0.271954697995282	0.557223189865573	0.502793002600048	0.251660441619092	0.160572470024044	0.414194585111275	0.309836120309399	0.35443552909244	0.294002288753222	0.0408288850537327	0.663757187871312	0.225743067603629	0.249828821259994	0.307028712661205	0.0412584158573835	0.497743671817527	0.433610615102659	0.360401070541995	0.198903722302845	0.307028712661205	0.363096086216114	0.283100472443226	0.265302989353795	0.0773908024252133	0.643743355361199	0.256077814332973	0.202257036543765	0.375687532871991	0.262692694509595	0.417502454264416	0.186607889765994	0.38545946967103	0.263946949790382	0.317739856821323	0.186607889765995	0.395248843812231	0.399557981735796	0.494300982943924	0.239174195001192	0.498496640313867
"SRR39238468"	0.816963141366383	0.494544175924637	0.532441572934656	0.275846800780384	0.222040624356892	0.344065819142418	0.576030784090936	0.348211150090337	0.721473872018723	0.320710427128485	0.362693897349602	0.354133816702648	0.302698518570921	0.296915458306139	0.32886000869489	0.324721355608483	0.647004051678797	0.353725106865106	0.422206663727099	0.190345300845085	0.373583353337073	0.413320524674239	0.537749920906695	0.369233585743727	0.288629995875875	0.457887114880062	0.302698518570921	0.487858720700029	0.577003519500365	0.211104092053098	0.221270854937888	0.18958303310625	0.363827891518066	0.554102391898291	0.475127170037087	0.242229756978883	0.340048074125796	0.483392267875666	0.200644228227846	0.480190869860303	0.292747178620986	0.729759622995123	0.624473699682366	0.287431729125537	0.160572470024044	0.428266134590092	0.338190542185597	0.397384939658463	0.335394219522794	0.444660381337782	0.631305450529387	0.192600727443609	0.25038492270893	0.307028712661205	0.542486765157554	0.496112588141785	0.513414475846721	0.360401070541995	0.319387281448285	0.307028712661205	0.372630756649755	0.283100472443226	0.28862184417513	0.452429989298679	0.514312412850366	0.344194149609331	0.202257036543765	0.451345093382353	0.268654073554879	0.401720702363688	0.329430158166749	0.38545946967103	0.292125279181227	0.305189278354054	0.32943015816675	0.395248843812231	0.383329498006175	0.445853456686604	0.214258337739353	0.38998037691344
"SRR39238467"	0.31111552191083	0.445409127913063	0.467339185521644	0.296836236235883	0.440293708162237	0.686949026779252	0.732978873979753	0.348211150090337	0.737592682999363	0.331534809063228	0.460071622346208	0.499523389439958	0.269085200112427	0.534740047963176	0.541444486369544	0.349819305620962	0.637110923669131	0.320636857502759	0.328028300942237	0.44498222778726	0.263801229726262	0.478420615053433	0.208231623298964	0.581957099218699	0.338263430462905	0.480812907220914	0.269085200112427	0.542814986288783	0.751304578598646	0.342396010697403	0.384267138925325	0.470939671740225	0.415082268247226	0.45404734035829	0.542114777971268	0.279095295913209	0.241947078276957	0.119902902895189	0.279449752004422	0.58476765439941	0.456756768914899	0.322111331437999	0.65268956555596	0.317151690862822	0.392497890959656	0.319499841330645	0.432193161584067	0.445948066724532	0.401432463687519	0.0593849013278121	0.66087226898939	0.437891143753291	0.419481002867852	0.424579410327953	0.0493336641853671	0.592743403121264	0.340156020127544	0.605230511513906	0.269078631728404	0.424579410327953	0.588512538359114	0.283100472443226	0.461412215623268	0.138488293592453	0.611763261013717	0.375570743737152	0.384747227788242	0.57158077210761	0.41521770276757	0.479814793662249	0.286144232192758	0.56788766169831	0.326876943365731	0.344358971539514	0.28614423219276	0.606114275355441	0.489821291938945	0.443108016712983	0.439200034713876	0.613532331575952
"SRR39238466"	0.0695461888176852	0.263047879786562	0.490399662697237	0.183684461961271	0.16201359746706	0.287554580844909	0.391631496393748	0.348211150090337	0.496205616567655	0.108267716464616	0.22816907598455	0.170974307757345	0.105762187882818	0.18377098278254	0.162487605431256	0.209535644422591	0.221485327477846	0.239421958630448	0.397721340007967	0.164773238472833	0.238090396784948	0.310909271878271	0.107691611079221	0.213249647509222	0.219758533051873	0.198723480858719	0.105762187882818	0.227626278362448	0.327010183838531	0.148540713960973	0.221270854937888	0.115173466926876	0.229142275216111	0.434620524026755	0.262075395892284	0.174159590073535	0.256741946577758	0.0607065331113337	0.152714596834491	0.287028885902788	0.159962962652901	0.603082387897065	0.23057496673318	0.188745280649345	0.129579667852192	0.382702024740717	0.175500518634148	0.254726635220101	0.205589764461796	0.0233443307769065	0.446151611687632	0.148586255288783	0.146517103057045	0.203993713966631	0.0227224668314078	0.26060229825872	0.358662809255079	0.245693014550975	0.120799581637246	0.203993713966631	0.206906630978507	0.0867869112054979	0.154824855198321	0.033930743590391	0.426120760819895	0.190671435059396	0.13981403933595	0.168834103977471	0.158088784069366	0.254225461210293	0.138766771446646	0.222627605585893	0.201158881182789	0.218473207115407	0.138766771446646	0.214189900924286	0.280782979123701	0.380979701785991	0.130469015657222	0.290678182211157
"SRR39238465"	0.277020540692774	0.444315643870195	0.532412703134084	0.288943221130003	0.253400198023722	0.455490566109533	0.576030784090936	0.348211150090337	0.692663654424811	0.290462633551673	0.354629553650284	0.354133816702648	0.258912860645802	0.296915458306139	0.32415224646764	0.316957388377187	0.547961871711349	0.321837850411027	0.445129293553234	0.244090878692201	0.307618115106573	0.393246463029606	0.187963617821362	0.41771931247537	0.282440157968307	0.395905943628741	0.258912860645802	0.448523471638275	0.581467331024108	0.197704787942372	0.221270854937888	0.185332323519095	0.321260191551882	0.531609156982037	0.465688725362645	0.226291818651276	0.305325496946703	0.108924448191051	0.175596812959733	0.480161982500419	0.28541726035	0.600200330274123	0.545784358652434	0.266031861006822	0.160572470024044	0.412827013141774	0.317189344970486	0.355498904112909	0.315359204560801	0.0611492301461857	0.622968029399289	0.243353588875842	0.263921449887225	0.307028712661205	0.0462572119987628	0.494815641383629	0.411463096696009	0.360401070541995	0.247501438965105	0.307028712661205	0.366778606883567	0.283100472443226	0.281509617013836	0.0852581113367378	0.632335053464379	0.300466630603609	0.202257036543765	0.411593347625457	0.266074061417681	0.406711531274034	0.264339937079444	0.38545946967103	0.274657278699158	0.316079671066274	0.264339937079445	0.395248843812231	0.370606066107598	0.490004296047071	0.238823178971265	0.487513080813044
"SRR39238464"	0.361343633572151	0.416663771888193	0.509655174415364	0.27597801015653	0.234280461448483	0.392633627815309	0.576030784090936	0.348211150090337	0.704937912884875	0.335933129641364	0.364508370162535	0.43601832957864	0.249832314399426	0.296915458306139	0.315959575376549	0.357620725967096	0.474456189914985	0.28105475001343	0.422642035161967	0.221999231060477	0.243554114423988	0.41785253566603	0.291229487783287	0.366875828131683	0.33874096587704	0.397088569588211	0.249832314399426	0.412150190826907	0.57483810359215	0.175509335504388	0.221270854937888	0.183983553499593	0.317782389143834	0.558037077489882	0.465815200423415	0.199905638161466	0.248913502646135	0.199536492801007	0.137279143391293	0.629050686580306	0.274734123349598	0.500099918160431	0.484398614416429	0.233958149151373	0.160572470024044	0.387468770782411	0.313826925171905	0.35602726803964	0.304446822927824	0.0999409762900901	0.614143381185367	0.203285172789333	0.243872151104198	0.396417131104279	0.11096117815147	0.496402669411393	0.463544862789379	0.360401070541995	0.240731909556976	0.396417131104278	0.356482557853141	0.283100472443226	0.268659058179019	0.154827116040315	0.578764698945291	0.277459145495463	0.202257036543765	0.387484352328364	0.264125246083657	0.396068814498714	0.279291293359143	0.38545946967103	0.24528562004089	0.311698435003371	0.279291293359144	0.395248843812231	0.386197908559584	0.443797976694044	0.227380176282439	0.447522385745832
"SRR39238463"	0.816475728889459	0.494544175924637	0.479112615086154	0.312948675994813	0.262337116212382	0.480883157698795	0.576030784090936	0.348211150090337	0.851818102115422	0.128070958066217	0.465808717193019	0.354133816702648	0.150712850739933	0.296915458306139	0.261954670159306	0.333032717138092	0.556215237740915	0.505191988787377	0.395687392983253	0.246456227381017	0.559544740777446	0.660422381413529	0.537749920906695	0.46454767360904	0.369875739883108	0.516996154620234	0.150712850739933	0.487305507577331	0.521704604630176	0.256987479488329	0.221270854937888	0.18535174295612	0.513505831229627	0.548890455348464	0.512119339607349	0.296635187542089	0.458072401563455	0.524739865869513	0.295031067842788	0.41365907613514	0.316819224529595	0.73556583397307	0.530805825315032	0.349155561988466	0.160572470024044	0.365453983936272	0.398004576252628	0.569762714697779	0.335394219522794	0.473316599741342	0.53998800814588	0.269696329880569	0.289871079140366	0.307028712661205	0.566116982632046	0.511896635346604	0.502128617745629	0.360401070541995	0.327320845704181	0.307028712661205	0.39108412205787	0.0469118250886848	0.309671091578196	0.492121020579293	0.616233337559175	0.344194149609331	0.202257036543765	0.436762062043639	0.269223475531347	0.477909857403947	0.357239734908921	0.38545946967103	0.350412763677049	0.31494215942403	0.357239734908922	0.395248843812231	0.545859309589521	0.46136452726507	0.172472167145782	0.532897333113694
"SRR39238549"	0.330952820551552	0.421949815840118	0.528522797530219	0.272437690537696	0.251899905162349	0.452495813906511	0.576030784090936	0.348211150090337	0.710891760802487	0.118964509538117	0.369511673116856	0.354133816702648	0.129651078270603	0.296915458306139	0.269931329681657	0.316808612783425	0.540283926790549	0.408718443580818	0.4323443772654	0.246673800031752	0.154313191745675	0.367775222827822	0.259778335142255	0.406819256966598	0.124469313254088	0.399964678711122	0.129651078270603	0.431413073429193	0.605552723091046	0.23635308900307	0.221270854937888	0.188970210728649	0.327807769699032	0.54819986450629	0.468364011768235	0.272365652694224	0.174050973918039	0.159875467964764	0.128412385762115	0.66856870317598	0.28096230126737	0.767565456931921	0.548535817130379	0.316800299835913	0.160572470024044	0.4224541437827	0.318362340210688	0.367162098788207	0.306530186907107	0.0851882076608028	0.65626115242147	0.236733648888459	0.258886559894936	0.307028712661205	0.104189579171369	0.497199409686756	0.496824394606351	0.360401070541995	0.215454380188712	0.307028712661205	0.383053059448699	0.0670562179719831	0.275573420536101	0.132840095046317	0.635174906611335	0.281801414535213	0.202257036543765	0.39978136714354	0.264693823946226	0.433552975375415	0.262807262586664	0.38545946967103	0.324494182192104	0.316956736776215	0.262807262586664	0.395248843812231	0.394116418322641	0.509539754656939	0.181727323202817	0.311650269074146
"SRR39238462"	0.366941333988348	0.494544175924637	0.47122113612218	0.317021158057717	0.265872504763895	0.492632868059718	0.576030784090936	0.348211150090337	0.771821874992028	0.311122572389033	0.396313291783951	0.354133816702648	0.300333008352665	0.296915458306139	0.300960767345937	0.323037603055074	0.701932150962253	0.218991926227772	0.399228580696196	0.251562229374421	0.196367574679321	0.49741443051284	0.173745191482853	0.467083477074957	0.314659217278772	0.445369072280512	0.300333008352665	0.512320807836316	0.612523187518416	0.139285172474714	0.221270854937888	0.181586432037561	0.412498311528946	0.477123544417892	0.48749991713168	0.156664624817313	0.16338151349637	0.097929951778374	0.0843796691165025	0.659347853701129	0.308122151051131	0.321168857445727	0.681912950760658	0.187431331514382	0.160572470024044	0.345618010349089	0.357749943167052	0.454384995334022	0.335394219522794	0.0632292401369089	0.669377420355723	0.276874086588286	0.287850947201987	0.307028712661205	0.038141188346069	0.501396946022973	0.352152629462321	0.360401070541995	0.314030875562586	0.307028712661205	0.337555431738796	0.283100472443226	0.304425729181857	0.0905748316874466	0.623551309175621	0.344194149609331	0.202257036543765	0.461008468503997	0.269270599810663	0.420304787297335	0.284909556836178	0.38545946967103	0.196215944853172	0.318190833384706	0.284909556836179	0.395248843812231	0.436664614927949	0.442701223583824	0.244101885769702	0.519243744778966
"SRR39238461"	0.519133499483792	0.49642942830925	0.611455182902077	0.457589014494271	0.236954421720704	0.329041571402307	0.673276870810987	0.453537101392057	0.843821853472145	0.390589559909485	0.465808717193019	0.433938502762347	0.286456761996603	0.296915458306139	0.301172706254181	0.390702457173264	0.585633061341695	0.247651647738054	0.496667626393224	0.218613143845436	0.0694644394070352	0.59907356473519	0.686125141534742	0.369026447807476	0.165798888475006	0.615413960010023	0.286456761996603	0.512213561654948	0.593290481162135	0.139285172474714	0.221270854937888	0.190529206761696	0.484313222366085	0.64616451359494	0.506711567915843	0.158784806000652	0.105636446401074	0.350373857482994	0.0386538281401161	0.467220704972466	0.293436097992646	0.544331800725949	0.580367875121318	0.185469585064995	0.178237881093882	0.506944982982789	0.3831508785248	0.544592790471586	0.459808105421735	0.112731162883907	0.645514986348882	0.177227651579852	0.251135748481089	0.452468439195268	0.14295568557262	0.511896635346604	0.586586057575739	0.360401070541995	0.341766838479643	0.452468439195268	0.337555431738796	0.283100472443226	0.282941925787805	0.25158425000115	0.547376232584855	0.42314919587377	0.202257036543765	0.42116705777913	0.333212342980678	0.470276862746319	0.438778126289811	0.436230994142153	0.208027143726533	0.305562516342338	0.438778126289813	0.395248843812231	0.545859309589521	0.498235690605634	0.21286557370145	0.33208096382345
"SRR39238491"	0.375309659845852	0.494544175924637	0.355511537212323	0.313711877194583	0.265668782830601	0.491958187917539	0.576030784090936	0.348211150090337	0.73409469722646	0.299389484211784	0.37061365355031	0.354133816702648	0.297419924070476	0.296915458306139	0.300879608245153	0.320959990604847	0.556215237740915	0.208666735587068	0.304111479608668	0.251267295972311	0.186235454227012	0.433129285900901	0.178494658396379	0.464759427385318	0.294728056695638	0.431122617567021	0.297419924070476	0.488383381993087	0.521704604630176	0.139285172474714	0.221270854937888	0.177846631755956	0.375238748988084	0.366904731743855	0.478079181161004	0.156609026492618	0.16338151349637	0.111210198021541	0.0843796691165025	0.41365907613514	0.304463780854236	0.241174573161526	0.530805825315032	0.187431331514382	0.160572470024044	0.24143792926065	0.342813670460042	0.410803748021875	0.335394219522794	0.0662277870699482	0.555001755502405	0.276458968153353	0.285849221731122	0.307028712661205	0.0358739154104337	0.497374288108201	0.274888189496664	0.360401070541995	0.307469415630423	0.307028712661205	0.337555431738796	0.283100472443226	0.301996876141991	0.0906494018169269	0.576164332627307	0.344194149609331	0.202257036543765	0.436762062043639	0.269267895126681	0.387382748361296	0.27003128012479	0.38545946967103	0.196215944853172	0.316029904536602	0.270031280124791	0.395248843812231	0.395862078131458	0.355507941761015	0.243965109452531	0.509983331086967
"SRR39238490"	0.817183832196947	0.494544175924637	0.62873049798771	0.3262041079915	0.498396718520856	0.758815714789303	0.757837154525729	0.348211150090337	0.7363589392406	0.324289039507022	0.466831949939291	0.450611523249259	0.303570758429012	0.580731394997367	0.571054286944488	0.32534147038988	0.707542351567719	0.257686182755043	0.446911797400769	0.502028753248696	0.206100414692394	0.462196175362663	0.537749920906695	0.658388749049085	0.295849362784575	0.544183927775817	0.303570758429012	0.607081127489219	0.75834273062421	0.33226257543088	0.419496053400213	0.548123210852866	0.44752964984871	0.566782032916175	0.557757259709574	0.250453705464512	0.180973238462432	0.502070212991926	0.230840980210661	0.627823012681216	0.509655607509486	0.394690801821069	0.706318658570634	0.286794142228689	0.447694747088345	0.488701607704428	0.464667806329676	0.470618168967856	0.440146581260276	0.437775447127153	0.626846035354439	0.528015139923437	0.478474927785989	0.363146424879149	0.494137409623411	0.584956553755524	0.436063699322437	0.64881779712175	0.321368516168945	0.363146424879149	0.615378097089093	0.283100472443226	0.519718754163526	0.556524301302543	0.69306542686982	0.4377145798143	0.425265267322082	0.632528026893522	0.44989394698463	0.528500209598353	0.307749747230959	0.601348855850907	0.295496162197587	0.351277625275042	0.30774974723096	0.643501538539063	0.491517102234588	0.593333660366479	0.490966707295029	0.653740560113673
"SRR39238489"	0.761227376518956	0.462489260400911	0.462766075863945	0.308704071715048	0.260215351824855	0.476768810383934	0.576030784090936	0.348211150090337	0.74441696349388	0.326918403722983	0.381375808359654	0.416101609383233	0.280352782092843	0.296915458306139	0.310320366618738	0.35010637608425	0.626161672934425	0.258982857984449	0.389735200636809	0.250188343140544	0.234143640899433	0.460101539021899	0.537749920906695	0.441324540775577	0.3030469828616	0.451264120247645	0.280352782092843	0.475477757951526	0.604438328772609	0.161164152915504	0.221270854937888	0.182137275338506	0.369975157442173	0.495872982547757	0.477964563725811	0.182679044669878	0.213799713295766	0.504398303236295	0.114831351619251	0.482202748718504	0.295725830457861	0.406343762901995	0.617077791184358	0.216558467439553	0.160572470024044	0.340344160180403	0.33842504795048	0.410255901559419	0.322564827997124	0.389013823575567	0.667898296986353	0.259816188166572	0.27510844499736	0.374316483129886	0.470346506181935	0.499071333182878	0.396524217723709	0.360401070541995	0.28562911120734	0.374316483129885	0.349348793941645	0.283100472443226	0.291428005917028	0.440671345252155	0.617545347537623	0.315991701203014	0.202257036543765	0.432524396698256	0.267264011616559	0.412703337591999	0.26876961331113	0.38545946967103	0.226018107352038	0.317746187910154	0.268769613311131	0.395248843812231	0.412933776608979	0.439137812409735	0.242310208609899	0.509188901734952
"SRR39238488"	0.310345085093485	0.426491455926041	0.496925578933612	0.2806606936681	0.238523040571552	0.406312722487162	0.576030784090936	0.348211150090337	0.838725105482484	0.329639139624982	0.465808717193019	0.354133816702648	0.255314566773114	0.296915458306139	0.327484516759262	0.322986110570093	0.561126257295028	0.399782595667369	0.413411628255	0.226142708575161	0.171495038858015	0.609887318424432	0.237362833875673	0.386659362631049	0.193121927903282	0.454158587230897	0.255314566773114	0.433223987757157	0.611619854197829	0.206147862957186	0.221270854937888	0.183310582305672	0.466377377042383	0.540577620858724	0.503380690771166	0.236328461362455	0.154186555742067	0.155476441503812	0.106295178771523	0.454856410065813	0.291763342290566	0.572101545726336	0.567454147688685	0.276448589901224	0.160572470024044	0.373834250429667	0.374109667048577	0.528970974388294	0.308320829967108	0.0701085763123121	0.658076091844329	0.212466986893201	0.25578702386868	0.307028712661205	0.0825195656141538	0.511896635346604	0.437669218210337	0.360401070541995	0.24800891529704	0.307028712661205	0.370494720268027	0.283100472443226	0.28149708948215	0.13368543218778	0.582578500502364	0.285553075773538	0.202257036543765	0.405098775076777	0.264785643501316	0.458199618348185	0.221529531574193	0.38545946967103	0.285687415904197	0.313370477228179	0.221529531574193	0.395248843812231	0.545859309589521	0.437808002827177	0.229715224640888	0.334533435301349
"SRR39238487"	0.873006373724925	0.527983617194557	0.570208491542814	0.503293296844469	0.248310346220915	0.333016466197991	0.713696225423758	0.503732322127336	0.845988455067214	0.233272257526408	0.465808717193019	0.471866996826722	0.257089133438775	0.296915458306139	0.343369941284222	0.387259902935591	0.385284776779875	0.501229335389723	0.391565541935694	0.232500057989893	0.560146893868227	0.660422381413529	0.947770003577257	0.386280527122765	0.369875739883108	0.702797190521738	0.257089133438775	0.535482494669917	0.521704604630176	0.254961744514975	0.221270854937888	0.188761601160959	0.443030904685492	0.456518383616868	0.459642402743663	0.299224512244253	0.690922359116522	0.78275819255864	0.290642960624281	0.396667809462084	0.296952664662345	0.795013727599774	0.475889053695708	0.344330241959408	0.186803878084979	0.46055939404685	0.387092753933931	0.509750403928694	0.533294447656415	0.557974163477021	0.539674494183044	0.124734995630274	0.258247774586201	0.523524365727124	0.699382832054341	0.511896635346604	0.301032211090364	0.360401070541995	0.28238008821752	0.523524365727123	0.390312559112912	0.283100472443226	0.286848624393898	0.693856841767939	0.530174868194699	0.396371257078956	0.202257036543765	0.411608632565201	0.367414141228583	0.462453592826577	0.436639434449869	0.459956427099681	0.372479520134304	0.17428192772286	0.436639434449871	0.395248843812231	0.545859309589521	0.464005055029504	0.21323641658548	0.567392326892892
"SRR39238486"	0.880164751802104	0.536946390094452	0.536363015755892	0.501349731614441	0.292364518200277	0.505655210432296	0.669410846666724	0.448948539290137	0.704320101166393	0.313129029675801	0.352386779449601	0.430479116955782	0.300255658938052	0.296915458306139	0.324962475474765	0.376549574272794	0.628122394817764	0.325336602385337	0.441613929327932	0.290414048745134	0.352295506678849	0.387688490036158	0.876258802642095	0.493655279165608	0.280722069230898	0.592105776355321	0.300255658938052	0.563376721783442	0.442017970034974	0.20000626093278	0.221270854937888	0.18906913086325	0.349046425991677	0.514597829046242	0.471245844834911	0.231872841425037	0.464735760788406	0.678278015413844	0.179802135968821	0.456811568315689	0.302810242796799	0.693735655577583	0.604859284536947	0.272213179401293	0.177465082130985	0.43002086006787	0.228180516519398	0.379964886447396	0.472643545216283	0.547347583506321	0.362370757405647	0.284959922244921	0.295729908513289	0.445980874480539	0.622561084991087	0.473866181572789	0.437611651851239	0.360401070541995	0.349906639716122	0.445980874480539	0.367801600149394	0.283100472443226	0.301422617126703	0.598782674373724	0.657695231087859	0.459480581480142	0.202257036543765	0.362467134374157	0.333948684735187	0.42795049362653	0.421603922353872	0.434060088079891	0.291963889669023	0.318119918824303	0.421603922353874	0.395248843812231	0.367075780338376	0.526478911619658	0.246751561368629	0.609654182695795
"SRR39238548"	0.645253514198633	0.409835277330655	0.497076618890151	0.254990666214142	0.181454758910679	0.393911585128235	0.576030784090936	0.348211150090337	0.837942548088508	0.0586007672464245	0.401619530703049	0.269476331145305	0.0852199724669978	0.362008539996082	0.175791470829416	0.34010425267244	0.370678651278647	0.171327960850256	0.404178606747216	0.185216353739568	0.276855936385468	0.660422381413529	0.537749920906695	0.282845966593847	0.369875739883108	0.14206331904254	0.0852199724669977	0.274649607511481	0.405693349933673	0.115046516374139	0.221270854937888	0.189032398568599	0.454676861437021	0.382333452600761	0.683059947467677	0.1006158549072	0.211661008214098	0.524739865869513	0.129768346874286	0.205938896181897	0.213558414984993	0.61376715237524	0.228028998729615	0.116596556991115	0.156493730427609	0.352787469367178	0.368231740756708	0.518708904259259	0.210299078897457	0.397899442024792	0.35075780825073	0.24036443821435	0.0423592768610891	0.26268290194099	0.514614330117013	0.574471222466341	0.326588074986524	0.360401070541995	0.178153806443486	0.262682901940989	0.283874227681131	0.0139253840786111	0.202275156365326	0.440746982250468	0.547907838786142	0.271888146816248	0.148436319577856	0.225820060382887	0.183095852338479	0.418643514990521	0.214382762237044	0.30811377095093	0.129433527900755	0.316233906223999	0.214382762237045	0.310328126070511	0.511384108157983	0.459426246263607	0.117872667031797	0.525730412031795
"SRR39238485"	0.830423304050912	0.540080921791163	0.617437434284503	0.496391935022005	0.272541218494166	0.437386541449132	0.675933870908896	0.45671153974667	0.756362892300079	0.327759886888703	0.385380715894199	0.436332028679018	0.303782430093845	0.296915458306139	0.334102621112539	0.383373594232739	0.556215237740915	0.398094745205117	0.512806951188865	0.261092787724116	0.447510596530362	0.470130856152385	0.848166553579078	0.45401479749361	0.306152629168282	0.614261345838483	0.303782430093845	0.550235487476817	0.431730591262893	0.226530860683544	0.221270854937888	0.189976043842339	0.396613267449429	0.593696902810325	0.48351987233854	0.263916876062711	0.552913386813719	0.589068859031762	0.231045368641295	0.444339268367042	0.302705997663308	0.768023822710208	0.530805825315032	0.308408387551873	0.178773267235312	0.51081820273982	0.351406303055576	0.435854283465165	0.48328337625329	0.41340627085952	0.36462135555058	0.244004136810031	0.282349769301149	0.456959628260312	0.486964699364117	0.483681116157308	0.471202534331931	0.360401070541995	0.361121297930592	0.456959628260312	0.379084040384255	0.283100472443226	0.298786191906844	0.506921179371916	0.633630355217984	0.468384672993958	0.202257036543765	0.374079112391295	0.338735954790698	0.438716432070983	0.422564031279671	0.437732087511394	0.328393769877405	0.311671996584837	0.422564031279673	0.395248843812231	0.419294304522423	0.546813317391886	0.2330123090664	0.576181849330864
"SRR39238547"	0.664996719139	0.496041253277996	0.440490425098892	0.42781132892548	0.247622451012795	0.366371268155155	0.668659801495672	0.448061277089001	0.844175197452672	0.0861556638236284	0.465808717193019	0.429810231609735	0.105665361913215	0.296915458306139	0.227454000478536	0.380021683623731	0.518576928638886	0.375646817571546	0.349601633009376	0.233513807134082	0.383370190254864	0.660422381413529	0.76924178386681	0.393588334268987	0.369875739883108	0.618625983556233	0.105665361913215	0.503936555982026	0.551879965197946	0.195204086463852	0.221270854937888	0.186499103918521	0.485576275039508	0.472934900139606	0.50694572797978	0.225996900586189	0.448862771129142	0.461765892970464	0.171074825737353	0.418257264569378	0.296785608058232	0.622099785597332	0.511397485068309	0.263190289167187	0.177315789893801	0.336215730298534	0.383789659485861	0.545688156742543	0.453164320325697	0.254408220251986	0.582020015627997	0.196787282035359	0.260286270620141	0.444727083914692	0.29771375307484	0.511896635346604	0.453724433026199	0.360401070541995	0.296030998249154	0.444727083914691	0.365658210680387	0.0287555554782651	0.286842729333044	0.386392756687405	0.512441260931637	0.418767665052761	0.202257036543765	0.411774518323965	0.329949581911982	0.461091378807137	0.41620700255844	0.43364013985906	0.285349547890333	0.307536453090919	0.41620700255844	0.395248843812231	0.545859309589521	0.396383720260962	0.142870950015411	0.546880941399125
"SRR39238484"	0.486620791388291	0.302864850608856	0.482256412532487	0.197332585334604	0.150041864788328	0.326418174134757	0.512474086542559	0.348211150090337	0.629232468168513	0.255145862452043	0.233671027365887	0.0574655155039489	0.218679487816432	0.338048178631301	0.243339081897414	0.198150755075487	0.327513074009923	0.115061095842228	0.310778365002802	0.154781692761084	0.402525283179649	0.495035506586548	0.329556317376916	0.14414936966889	0.25892157348146	0.298150994837678	0.218679487816432	0.1501696531635	0.220758285975567	0.177239901930093	0.382937606010534	0.311351561134774	0.417532205402954	0.261968542162923	0.299372825127253	0.0903229573388452	0.277199658131813	0.290766780698106	0.392719162372101	0.205337129700536	0.157954083067871	0.660369135864812	0.114630566760698	0.0919084800994881	0.305927582960506	0.296814737256522	0.271695594982535	0.446222378198667	0.142640890527287	0.239046512054726	0.12681581457841	0.274576219713781	0.239540736315059	0.0860920050719896	0.333824224141724	0.220049262506077	0.243954833314769	0.430334683762739	0.199729930330749	0.0860920050719896	0.245647395674159	0.0643927752968439	0.153383189390594	0.290083871452831	0.203925412872636	0.296317983872792	0.1549379623296	0.0984908157940791	0.121859512749078	0.210371179189398	0.243362688828454	0.209090943269483	0.102878357186439	0.211778598887364	0.243362688828454	0.207047399224717	0.385795468668828	0.292381769593776	0.174000962860946	0.311654370834391
"SRR39238546"	0.166816861004926	0.256992612361552	0.346946754858391	0.359183891942565	0.0811279712368416	0.163022267840099	0.435015882817957	0.482734755469421	0.562236341649579	0.226473726856955	0.165501627443933	0.0828102854017289	0.158665321958909	0.143762380306143	0.089138091981081	0.259643324462241	0.153437562952606	0.0416346237678654	0.275453365841627	0.0937152917027489	0.0620304818445543	0.401496859329273	0.649261439919249	0.077911899681465	0.136292103979198	0.308033218617597	0.158665321958909	0.104865285253827	0.119953095413426	0.0441162387865729	0.221270854937888	0.0896046438349553	0.289549037801819	0.182336486029008	0.209168104600378	0.0326806551936734	0.10182837436742	0.223223426617045	0.0390947672404167	0.0607697999556994	0.070723464750455	0.344326896768363	0.0535027941655657	0.0316295030692097	0.128759834065161	0.206006092827466	0.157371477513904	0.329001290860434	0.169377537990478	0.0624868500473466	0.134549560337709	0.125747124275545	0.121490027310351	0.20493026881014	0.0809583077020279	0.143414137229971	0.169742434616346	0.20143155022209	0.143027567137905	0.20493026881014	0.0854884865151583	0.0680040295628265	0.0650904322126891	0.120131928335104	0.186608304176857	0.275074547643379	0.0672254828059508	0.0391685828006865	0.0892033554117001	0.144987444892411	0.316577615968379	0.129642520195993	0.0419371651475268	0.181449387988646	0.31657761596838	0.0901800623535999	0.294835832246236	0.213612689023147	0.0790113503472787	0.220901638002224
"SRR39238483"	0.246053110326509	0.349059389735745	0.540229445616782	0.382880072987955	0.406482583603615	0.618790866501272	0.71827662328605	0.453180175600829	0.529953957090821	0.283887070107896	0.322184204343949	0.334451498924038	0.208605940087006	0.453183244287302	0.43180657106893	0.281377294226571	0.368653559548446	0.189025033608056	0.356484621137152	0.441965084204655	0.156303471196391	0.337640321065819	0.553815939046986	0.46096671220229	0.199151550816381	0.437569676566061	0.208605940087006	0.435494437468555	0.56736769641714	0.274161607197235	0.423515051377451	0.435787294421888	0.311060529380707	0.440737016859127	0.361543087819702	0.205951663170375	0.242924900719403	0.174239986685184	0.209409499599758	0.458046505351085	0.348267947200211	0.372253495328794	0.38934051229324	0.216330642222308	0.432333930777982	0.407080243348877	0.292175482363602	0.326396310604137	0.458339307376261	0.0654184898336803	0.486577349254382	0.385926888715148	0.329238586931294	0.401007724095091	0.0643644513737352	0.411369491180691	0.377681358699177	0.54214701794459	0.211151889507759	0.401007724095091	0.45306370649919	0.244386783580332	0.353818408770237	0.160910862022128	0.496756449268886	0.414801290292708	0.340708157287676	0.361243572279077	0.393296728041637	0.365590490824195	0.274707691585141	0.492389631527038	0.243241577034952	0.261181050635909	0.274707691585143	0.466363303551111	0.373556895554963	0.459442315721762	0.38954282563846	0.568949288719119
"SRR39238482"	0.680018023481284	0.424323425208299	0.643099551669385	0.293552377355141	0.488410585299902	0.73184568866779	0.764731295348106	0.348211150090337	0.840752969474367	0.317719463991504	0.567404235687495	0.536167416936319	0.251207713114162	0.593821471257845	0.583916344318964	0.352840071900256	0.600801556579637	0.304194974158371	0.448767812519125	0.502411027676484	0.0617474135960804	0.618985886330219	0.537749920906695	0.614055295943928	0.172411534955414	0.562093537167599	0.251207713114162	0.540865733847487	0.779342380260387	0.343689686828426	0.429865627139479	0.571023641933497	0.540562878033786	0.593718202916126	0.585278342044313	0.255623111635647	0.0575655641892274	0.524739865869513	0.113627217141185	0.7711545781503	0.506423953783034	0.458375892596226	0.630073191921559	0.287551319995279	0.463979646057127	0.512027480066687	0.502638538908604	0.587605794639636	0.413742541870126	0.357243326514343	0.65719113442006	0.481665734518662	0.460062242444575	0.455584227987896	0.503537611172533	0.626848749142387	0.505212242067462	0.661019522579556	0.240177858794973	0.455584227987896	0.627615765389721	0.283100472443226	0.508067523470817	0.554524691485551	0.682861216535117	0.374315676753014	0.437209512492716	0.589901983911332	0.453221464792369	0.598513979369107	0.250978239862561	0.610874483487663	0.300645455316518	0.351587022298738	0.250978239862562	0.654026827131167	0.641153913555181	0.606814051465193	0.494219492139767	0.462033274096839
"SRR39238545"	0.338388164660428	0.395758865903291	0.47116776315239	0.249993668511834	0.436147082531374	0.647529245045117	0.75004859060242	0.348211150090337	0.721045568238749	0.249167440162026	0.469174126629204	0.510858165009405	0.216941828857262	0.566111539899295	0.587208144749813	0.331981784685833	0.528358859603735	0.414486226158297	0.317954212432249	0.44206113753087	0.149268707874526	0.424043914476082	0.313414594938955	0.531956090185473	0.149257181064087	0.471019119558482	0.216941828857262	0.493141344155231	0.764415110616569	0.430897114063291	0.408102569235325	0.515697979342686	0.387077170549994	0.391001146001639	0.543642568502137	0.351827935331824	0.170821797492834	0.226774994608582	0.26851166378909	0.655009567188793	0.455996104808278	0.429821227497078	0.56953961230357	0.391678162151611	0.429803314150489	0.321374602849817	0.426297320624048	0.419925891449033	0.390691227190328	0.117984531339011	0.659315165367175	0.394434558177688	0.404330921914677	0.431834014922976	0.120182623806719	0.604123669916971	0.254760487782562	0.63508414555809	0.182212555409386	0.431834014922976	0.635882305263308	0.283100472443226	0.458646447090564	0.22961589011968	0.567090179143815	0.338766801253502	0.412147915462441	0.548298260570291	0.431785068472781	0.478793978467396	0.213553630262664	0.590716824533249	0.401584034571831	0.343306086526536	0.213553630262665	0.631689688274408	0.497971625435085	0.423093849255493	0.450505225601677	0.422318819738584
"SRR39238480"	0.279372158873153	0.44017301115948	0.585500189648936	0.44586175931247	0.404587387271185	0.645206194172686	0.825644846343717	0.449395326358064	0.706002736813521	0.351193560277827	0.40987433425278	0.462606084710686	0.240100232923658	0.585397713009768	0.546389866652094	0.41539987174502	0.533902969189288	0.271480116703578	0.39571240351573	0.438316666727282	0.379418706081202	0.45359024583872	0.586649888429725	0.467385237394468	0.293104211197638	0.599849382627713	0.240100232923658	0.450234912690566	0.694298963229474	0.365820813213483	0.423173807368457	0.557099519665622	0.378562533482731	0.472143192570281	0.545448141755745	0.23860562506848	0.483731332520059	0.20492884861238	0.463626944988579	0.590296164408286	0.386928115515318	0.659680933283865	0.419565518414642	0.262436134819835	0.477067984307354	0.414415402534225	0.151480337042385	0.40787530510423	0.439170079882351	0.0691965521783857	0.480840503998227	0.441508736265297	0.43715076400101	0.48036645851611	0.0648881210799294	0.553049389144998	0.396508157110308	0.653177663798926	0.258124566584323	0.48036645851611	0.591725498224677	0.162981010557215	0.387701794932214	0.190915179155964	0.568774369266977	0.463494782156917	0.353745831355902	0.415530920359804	0.422911201762176	0.456962328927356	0.323898188504507	0.58319252185226	0.292829789503646	0.348485406453589	0.32389818850451	0.571864969445416	0.45781476361859	0.521034454121736	0.403414985055419	0.694648611616952
"SRR39238479"	0.474754736317048	0.439968945559888	0.448525032803743	0.415955328173153	0.440315235971376	0.625192240329211	0.804800453629654	0.451367957179486	0.73536063236405	0.132183351443547	0.467649185438336	0.588447287888472	0.120428112947648	0.534215390079838	0.47082454820775	0.40699715328778	0.527251844376865	0.393856282688175	0.308697355149229	0.458767032137276	0.342156447640318	0.49690116967177	0.749104021387267	0.538946454146614	0.307760068772186	0.611885210284038	0.120428112947648	0.548785747424716	0.748620806023777	0.38898400708171	0.383875138956135	0.470197412685479	0.393293149922726	0.420358295241059	0.538460700722146	0.328678909849835	0.464163557691402	0.3948290419099	0.367076478959641	0.694637278550936	0.435553613000579	0.407113682019832	0.56517588793289	0.364202462923267	0.421591800322315	0.304295496411093	0.418974426535282	0.429412305543213	0.524674329934001	0.160778821533553	0.659299960373272	0.373125865599839	0.39569808090578	0.584880325260827	0.17451006445889	0.593663190333507	0.310102739743421	0.604726727952337	0.235532589235499	0.584880325260827	0.602923081296757	0.0624598147015454	0.436525133093517	0.359935527514111	0.562626906823918	0.447647529996243	0.384297235831092	0.530353260080323	0.488622744138435	0.473876133854039	0.326229844748733	0.617150997971574	0.39184825696973	0.33967266757584	0.326229844748735	0.605683632181959	0.501690667786465	0.408979903603683	0.337928522878254	0.668661328110545
"SRR39238478"	0.576745786120929	0.46706551454667	0.618460887502764	0.553316495594198	0.448265175524664	0.647730196727459	0.819435805006947	0.499555914114253	0.834362034015372	0.385687351152419	0.537632102810959	0.542756131725177	0.251367941029936	0.503346002405858	0.497633554910625	0.411929815714898	0.543240356382006	0.286768747904209	0.451537945661894	0.47928030192771	0.222531893775335	0.677197374589622	0.881300811998323	0.572078920625861	0.369875739883108	0.471809186697128	0.251367941029936	0.580319480001228	0.734679386351418	0.270243223890377	0.361159555620156	0.443337304243344	0.504765510421428	0.602948898357551	0.558847928416388	0.226720515133109	0.339025267967506	0.523031039558664	0.18033288209937	0.707099641911082	0.432884989727858	0.474133488974419	0.575302438377339	0.252611897990674	0.398562188302536	0.493730193777647	0.456552296671442	0.558497710347099	0.581772054454376	0.179176047759966	0.660608711200011	0.388840075777101	0.16314551076355	0.56377158997148	0.273252723190193	0.593804173822966	0.533679693754933	0.574819596073509	0.297153660096327	0.56377158997148	0.542163769701778	0.283100472443226	0.429572894981499	0.476404882108122	0.669809852238557	0.50025771874151	0.35826984917995	0.518602759308087	0.503999962230003	0.567946083459296	0.390551187931555	0.617336340276214	0.287565546634146	0.340993242024245	0.390551187931557	0.580156151233423	0.613822918243498	0.582494459172778	0.409799197827394	0.74755228128476
"SRR39238544"	0.879994058832996	0.536898730221822	0.463813689739949	0.528116902116498	0.519063673155491	0.754129122511655	0.819203681740802	0.448830743856135	0.708390544938636	0.396448669360751	0.442343721962776	0.614323266686457	0.319958435595163	0.570832768979282	0.573585992367405	0.429498506558226	0.744676905714821	0.303264807865947	0.298619719320903	0.536348243104746	0.275523659064862	0.411349546708935	0.876037652334991	0.672300556980041	0.280676699778539	0.249259828675903	0.319958435595164	0.668704484749501	0.773948912919196	0.366821649288867	0.411760957509334	0.535515143566199	0.41500817718978	0.465319375110669	0.547747206121599	0.29009631199207	0.378834787953334	0.688853508388681	0.296400478333106	0.663135183262218	0.499254177125602	0.504780190061355	0.743462163999814	0.327751779060405	0.465297162545428	0.341309599966906	0.447592970514387	0.434071701868123	0.578839506903965	0.485598055855738	0.6685139235444	0.521703964828443	0.0903587409507624	0.607040517697768	0.595358208569674	0.60181454633965	0.496912557877271	0.639531494101954	0.397323041752949	0.607040517697768	0.61986171796389	0.283100472443226	0.510073038346644	0.687558964236337	0.633670988465484	0.554232816635275	0.416358847941134	0.633767911620991	0.519767037952772	0.516822438008893	0.397949460667743	0.641540122040058	0.350137445650445	0.351090283464261	0.397949460667744	0.63551099345062	0.455383874448899	0.500818794151799	0.482647020012299	0.728606212811144
"SRR39238477"	0.468730397321842	0.467238927148906	0.487153126854639	0.460736084153814	0.257606231311681	0.395015658937091	0.677007125669467	0.457998654054694	0.743067762296332	0.319079978082089	0.39001381613023	0.437302597753015	0.249145786815258	0.296915458306139	0.300941058528961	0.378672042016766	0.535736927042648	0.216451312270943	0.399423901887956	0.255039836535885	0.0890193756126221	0.441943434857819	0.71982573737942	0.39451005903104	0.18860416761217	0.564571477971373	0.249145786815258	0.492508576502681	0.603301135074448	0.139285172474714	0.221270854937888	0.184876867375742	0.355762922124134	0.485565975257158	0.475859248570187	0.15887416484769	0.162012330496762	0.365681366554685	0.0527451866398837	0.449168284915884	0.279710249489563	0.400446641269314	0.544060494342103	0.184044821764853	0.178990532419613	0.370804717155407	0.329789422444214	0.400644600476842	0.451947153664857	0.120434343413019	0.653927994659464	0.205528592052907	0.255121932505622	0.458781232643931	0.12877855816934	0.479269006564921	0.395590679984946	0.360401070541995	0.270402985045174	0.458781232643931	0.337555431738796	0.283100472443226	0.272635320552264	0.240897341833027	0.56991773999414	0.39828419073876	0.202257036543765	0.3989785087176	0.334325463443736	0.416184380971497	0.403341665105092	0.438340569620782	0.208520371561138	0.312395876790453	0.403341665105094	0.395248843812231	0.426655145770642	0.435552426298242	0.227643790528949	0.444060325930062
"SRR39238460"	0.279132903824911	0.406075603959227	0.633708797101878	0.282522976517299	0.407590469384849	0.646160344804628	0.715820063828603	0.348211150090337	0.834532225629174	0.309286089667453	0.537911160980594	0.424834823529083	0.236945120605268	0.504199671139981	0.498445169487542	0.318466953404638	0.551293713219261	0.286928382395768	0.461851234689734	0.417409054456065	0.0491986282220631	0.603955205127159	0.247543034914119	0.539851571526519	0.136525892147411	0.1939051614822	0.236945120605268	0.489968023058269	0.73791720600537	0.270880558939874	0.36177894672389	0.44737609157461	0.505554360086185	0.603912600407349	0.559179067156782	0.222941000525527	0.0484996635073331	0.166189471710397	0.0747918870093738	0.663035300636143	0.433568854274968	0.51928725417149	0.58300947877038	0.25296225741444	0.357643852147084	0.515459466598031	0.457220665236622	0.559162679575855	0.373322817120103	0.071140180523149	0.678120509543275	0.387938334397682	0.0959079368021579	0.348107894141148	0.0914493209960154	0.594116623403312	0.542532621394563	0.575653747526823	0.218190557117484	0.348107894141148	0.542980171964007	0.283100472443226	0.430286855265634	0.174935851933138	0.673246223342752	0.32985312436994	0.358978106278779	0.520771209654698	0.392385110446831	0.575355604318009	0.271622358295331	0.545578662839803	0.267050837740791	0.340935928655176	0.271622358295332	0.580867378785657	0.614081293083138	0.599356067479511	0.409829929858953	0.390973767705812
"SRR39238459"	0.222798129353593	0.403883424833233	0.669001550049118	0.265390097226849	0.49528751785274	0.729216064176189	0.774259736786677	0.348211150090337	0.712693575687779	0.291295214216204	0.477356150773706	0.535897797554299	0.231615810467382	0.612129259697957	0.632173678461525	0.344208938494718	0.571428420468703	0.432744615154574	0.469640732749883	0.512011750092537	0.365409771261494	0.46460717999236	0.207004857617435	0.596985065883431	0.295728534494923	0.473925451932315	0.231615810467382	0.525625267082641	0.792966423146454	0.483510112340131	0.444654309811766	0.596726314995963	0.39352214587407	0.598808105949229	0.554753819493013	0.381786591111814	0.354243736814772	0.115908503523688	0.48484312726439	0.713511628354452	0.496191768674038	0.672602976657825	0.611756489747334	0.422434189033366	0.487165290334112	0.536685700227676	0.444848222063445	0.422135001765414	0.411424343105259	0.0495242380004257	0.675619268016383	0.475583138619738	0.452522619354986	0.451939566868917	0.0580683189294453	0.620215391938268	0.469550410214106	0.677936443872577	0.208142039988028	0.451939566868916	0.679320773520253	0.283100472443226	0.502520263656189	0.136423683943235	0.683198037791368	0.360769041325492	0.454246453530073	0.586286792191298	0.464243151768706	0.54276679035061	0.165052156352147	0.624219160359992	0.430828826853204	0.35282163826595	0.165052156352149	0.668675993463217	0.501671726743171	0.617297889026928	0.506981791552956	0.63712903457004
"SRR39238543"	0.652615920017694	0.356115480829062	0.48494954139221	0.434094233123931	0.207717495560885	0.446147997571878	0.669561638182861	0.47946585281557	0.463156628916503	0.278129825481801	0.178469106621862	0.125910235704223	0.2248601713634	0.380811395079554	0.242736975714041	0.295154704974263	0.428677220277231	0.0403091557784554	0.316654110733189	0.240664536286489	0.158626497131138	0.285059742859989	0.838188706630827	0.199363478829829	0.19234324537276	0.0630037020763214	0.2248601713634	0.216202451819216	0.279874156046051	0.118735063228593	0.413809241817154	0.362097939640869	0.301562056036436	0.225904602452004	0.286797300970206	0.0516226239196358	0.223340132670083	0.469872224697135	0.190551060020137	0.162639199887809	0.16763702405429	0.314518593672549	0.159050147510036	0.050503613120716	0.387285660379535	0.282602583236228	0.244851081324421	0.308557131267318	0.264980598022672	0.29461002717191	0.157465621066186	0.368995366587895	0.0191421461503799	0.248374155916907	0.371558478741884	0.221895290959874	0.170027373665819	0.475656034368608	0.248208110344635	0.248374155916907	0.24086881581952	0.060188650709549	0.167275129888093	0.45798231883272	0.259585413546481	0.456860086778339	0.17233355263256	0.11050657986187	0.184097734553546	0.183003072077853	0.315891870037433	0.27780915576954	0.0643899034284581	0.224804288681144	0.315891870037434	0.230037198797336	0.266331058050962	0.318118041344806	0.209472039419527	0.490458256056962
"SRR39238458"	0.295754088391528	0.391849746005619	0.586385625800103	0.264685651773077	0.468417839110711	0.696188387506232	0.762641567309155	0.348211150090337	0.702724377440771	0.276540076185589	0.465984004774726	0.52052736820614	0.220522943979545	0.589839329390326	0.602952628676954	0.337782572317258	0.54574224112359	0.376530004850082	0.399844573153773	0.48334169272322	0.296329061090651	0.453702579298391	0.2863007419815	0.565180750863301	0.293018864521734	0.466729531653206	0.220522943979545	0.503780919381957	0.784868428341191	0.427830206329715	0.426693660183262	0.560260049171488	0.374853972179357	0.516510415161301	0.545722693604481	0.33712678520145	0.312444493312032	0.187699799101316	0.395174923408976	0.56786941211198	0.473022388437219	0.546231233983746	0.590408720338654	0.374692123579622	0.458999397175988	0.444705060871509	0.428338577135834	0.404426752386771	0.397593989325628	0.0869765451862251	0.6764090699628	0.437848100228755	0.427488792808962	0.438527117751028	0.106706265148166	0.611342903168419	0.400309894274736	0.657317049991986	0.190732560019691	0.438527117751027	0.650084087704926	0.283100472443226	0.477681784576812	0.202954501460992	0.640325371015435	0.342367239383707	0.433555504311544	0.563079276813915	0.447718218481624	0.516717789967527	0.208504792688929	0.607975673798146	0.38612087973914	0.349161747266843	0.20850479268893	0.650829698754077	0.488431045656057	0.543400356668865	0.481567274530589	0.615219506918855
"SRR39238542"	0.816475728889459	0.494544175924637	0.559870368292995	0.330182103779933	0.271100447025546	0.50983780574704	0.576030784090936	0.348211150090337	0.854553199099391	0.342020405526764	0.465808717193019	0.44683046785108	0.307833179015427	0.296915458306139	0.326712593585323	0.367133639248758	0.717773549205449	0.394936305015708	0.469627909753319	0.259159627872041	0.414687966682535	0.660422381413529	0.537749920906695	0.483011815248989	0.369875739883108	0.516996154620234	0.307833179015427	0.516903470528844	0.623208711773366	0.203934322906916	0.221270854937888	0.187159192906091	0.513505831229627	0.589338647760217	0.512119339607349	0.23380370384041	0.321434908577276	0.524739865869513	0.187074117546587	0.728588187169759	0.318893373977594	0.660544096424212	0.698579385101649	0.277611497709813	0.160572470024044	0.444909713144411	0.265029830921411	0.569762714697779	0.335394219522794	0.404146209691692	0.692309613056355	0.287587401029697	0.296848609511855	0.408498503527643	0.559595148232872	0.511896635346604	0.498039663043672	0.360401070541995	0.331095663826425	0.408498503527642	0.369530111692096	0.283100472443226	0.312131124584111	0.492121020579293	0.670019204660315	0.344194149609331	0.202257036543765	0.463980913209049	0.269339568268368	0.492326038933007	0.256481239435214	0.38545946967103	0.282803292991623	0.319826504054431	0.256481239435215	0.395248843812231	0.545859309589521	0.532603994581901	0.247606851847583	0.555225484245814
