"Model_1"	"Model_2"	"Model_3"	"Model_4"	"Model_5"	"Model_6"	"Model_7"	"Model_8"	"Model_9"	"Model_10"	"Model_11"	"Model_12"	"Model_13"	"Model_14"	"Model_15"	"Model_16"	"Model_17"	"Model_18"	"Model_19"	"Model_20"	"Model_21"	"Model_22"	"Model_23"	"Model_24"	"Model_25"	"Model_26"	"Model_27"	"Model_28"	"Model_29"	"Model_30"	"Model_31"	"Model_32"	"Model_33"	"Model_34"	"Model_35"	"Model_36"	"Model_37"	"Model_38"	"Model_39"	"Model_40"	"Model_41"	"Model_42"	"Model_43"	"Model_44"	"Model_45"	"Model_46"	"Model_47"	"Model_48"	"Model_49"	"Model_50"	"Model_51"	"Model_52"	"Model_53"	"Model_54"	"Model_55"	"Model_56"	"Model_57"	"Model_58"	"Model_59"	"Model_60"	"Model_61"	"Model_62"	"Model_63"	"Model_64"	"Model_65"	"Model_66"	"Model_67"	"Model_68"	"Model_69"	"Model_70"	"Model_71"	"Model_72"	"Model_73"	"Model_74"	"Model_75"	"Model_76"	"Model_77"	"Model_78"	"Model_79"	"Model_80"
"SAMPLE-1"	0.146293711633851	0.257819383867566	0.225628759801181	0.212279030153679	0.189035573416993	0.308868742090721	0.202724603196747	0.343897187380283	0.218573326670812	0.418415542147943	0.481821441080811	0.233879846016209	0.364653941815425	0.409176483291316	0.169541484804729	0.215402528305256	0.417444701578575	0.267938711897569	0.261180235959025	0.300681018066251	0.169682331868219	0.17159324776356	0.151938586854629	0.271081296011222	0.152023511907159	0.152450230188999	0.305851025478027	0.112273577280293	0.16445880839014	0.247745305327644	0.2828836678731	0.182517704468448	0.183346720106139	0.298809863663879	0.399241990948958	0.141334301267404	0.236447634043201	0.423464292194536	0.268279231009363	0.250636414272921	0.490806232450959	0.226560730732228	0.413317239517637	0.306877380044392	0.341545033787888	0.462303829997217	0.255815421058395	0.226792621634026	0.17045395204492	0.343031879245871	0.231523623948916	0.473877659451473	0.38091712615197	0.170173726426012	0.524455863445851	0.303153497226628	0.330055434178964	0.327005017247326	0.386372428650105	0.22413328581309	0.39151009172443	0.303741788882389	0.371567024237474	0.277936430645211	0.396341876295646	0.289866621250021	0.256505233587603	0.226449164497794	0.234375817510049	0.439624908216417	0.163735169680853	0.493070869535921	0.227217237148695	0.378778664753398	0.33184647655722	0.267627502445069	0.33302280192612	0.365393581561671	0.251967873615743	0.207359449520671
"SAMPLE-2"	0.283573056862045	0.264755874760308	0.259213798960204	0.196777039114642	0.171099238364896	0.401522983450836	0.252048053787666	0.376872616849206	0.264507752785904	0.411131694614748	0.355365884316435	0.233879846016209	0.353667099230417	0.407125436840105	0.171013745318964	0.221758041039177	0.360679468251575	0.201040840447024	0.266343255100267	0.423309309153553	0.169682331868219	0.148752556346502	0.189385333776938	0.200357449988442	0.203155152342502	0.16347070693203	0.237101763869351	0.143378527986337	0.209099280404731	0.247745305327644	0.288286785355453	0.239780035535379	0.246577463810436	0.312770369528106	0.397779802859881	0.162189172241	0.23426452195342	0.314584241278559	0.264676449076085	0.239698813557869	0.57573175915931	0.20184946074356	0.405540672997277	0.300179018562835	0.333944841828942	0.42433068449737	0.255815421058395	0.21840387997086	0.12804717126859	0.30264258217776	0.207601790501298	0.49297905851301	0.378334816704928	0.231774073242102	0.508077717055147	0.304363662986805	0.328193489786771	0.334973212818026	0.37926500061205	0.306745295612495	0.466155879708193	0.294366261510983	0.305213036023227	0.261188740500291	0.427269980036999	0.348458626320384	0.240761104119078	0.229704509420175	0.221404967227755	0.541781327716716	0.151228958361507	0.513325865702777	0.230570144919511	0.435693970822825	0.394147362533175	0.301730828830766	0.358954469880342	0.410395524580331	0.265761826235197	0.245584081756612
"SAMPLE-3"	0.127412353682879	0.232736594794814	0.180866477999663	0.195368983585514	0.167900263973558	0.266322906905165	0.121795406775329	0.288916586347788	0.173736735345986	0.326107619829238	0.278514039468845	0.214948826168003	0.344058627691986	0.265457206146879	0.146102856802817	0.200969645732725	0.302791468157463	0.16507316766572	0.261618568737702	0.159101151464824	0.124082736762571	0.175504833972384	0.147245052153458	0.253743271131674	0.0622706282176832	0.151333975754067	0.184522989452723	0.113935964717316	0.111656617650211	0.208338974001782	0.262867945718381	0.10279376411772	0.103643245738591	0.245950876962316	0.294624609749748	0.11783709674975	0.130404692739384	0.2300793608232	0.149264759736261	0.192860135058832	0.495185123077016	0.119630552508913	0.306708475085289	0.210602096447518	0.218806420513802	0.300775517974121	0.253904429006502	0.143255374318694	0.105940963274113	0.210225520436842	0.151875708315203	0.456076540626222	0.29128990750087	0.14413914184347	0.405143912049145	0.138527641070029	0.333841518266716	0.327005017247326	0.182028966720245	0.180494268070654	0.272429073231786	0.241849250635656	0.225031429722871	0.186716308920033	0.265500610153066	0.222850628696064	0.200615189287795	0.187202192949118	0.232372137834165	0.441061361521922	0.114328467314914	0.25095953094738	0.126337394214226	0.158151326540174	0.187507960342993	0.160362435765227	0.168013332320994	0.182944611431837	0.242289506098168	0.155391069929933
"SAMPLE-4"	0.551789882164067	0.399336797627804	0.361372912635767	0.397610100902754	0.387346302550933	0.615278479108287	0.314623031360028	0.631748273017732	0.569482508370381	0.498143273556574	0.574444746681124	0.513423732713731	0.66591100440682	0.500087492240722	0.501321668115394	0.401391396384004	0.516926585409028	0.471849606192031	0.459098763738659	0.336715284167253	0.371847221473342	0.444160257055714	0.435214970296392	0.477988627798571	0.400088850012168	0.421896254936945	0.511039535942249	0.340275340111343	0.314982589622025	0.417412848861736	0.411625467936603	0.464531151874917	0.767777792813579	0.767072617865215	0.5626806701887	0.60590090987083	0.435593287309449	0.530869204975594	0.451234699143859	0.57656017915149	0.656853732810338	0.366282404265117	0.541470372427604	0.522592824927602	0.509700751943255	0.645954530970164	0.466732084597434	0.495071552860655	0.894223381641055	0.854534519286079	0.427620161194116	0.607102873705713	0.532708301286753	0.500426467235469	0.654308358393645	0.500613735229739	0.522476703000716	0.48427108695776	0.394169262703751	0.669348212261934	0.477997537305819	0.599647918387801	0.49357168529202	0.51167812727798	0.513307284643457	0.485684384398811	0.626365344520298	0.57781589893133	0.548833286910059	0.681442544355054	0.804775326097631	0.500103822215622	0.405304469721884	0.431181309968402	0.533528980032358	0.371752167965671	0.450956943933742	0.453938466343314	0.394767260210665	0.508106519696363
"SAMPLE-5"	0.336752068462476	0.325134362613967	0.290624351359301	0.29001241001673	0.283770680840962	0.761022246226897	0.324904782762379	0.63918501125491	0.396588525603221	0.485546042954038	0.371878750523055	0.589837446862079	0.646566184596237	0.523161175384883	0.167327034053364	0.291681660802094	0.519466102749012	0.439173801178466	0.500357359813961	0.595253433837619	0.532825746397133	0.454189161726712	0.411998332251673	0.263520902694128	0.880878070650758	0.16347070693203	0.376486336685082	0.172879093643881	0.394688633532023	0.485108687816503	0.298834036335647	0.415882562489105	0.860673663274684	0.70882637489875	0.629801833098706	0.666222316547878	0.637231843527589	0.535782043177291	0.36549548329754	0.574842794151404	0.745204409336845	0.357373921859798	0.423663335406209	0.569151829167014	0.626618359545492	0.627857467779712	0.278343682108973	0.494498783025787	0.471740371086576	0.741023325126683	0.418531200366108	0.633922616018037	0.485269612496276	0.368539415945684	0.537187611461031	0.618301481175044	0.446727420040738	0.34435338613409	0.710216276656459	0.684260887329981	0.576971242175281	0.49017787167603	0.470372384340422	0.458924855216017	0.622331567144052	0.656896539840357	0.703541976222992	0.511455720848271	0.55614681421282	0.815999232598481	0.666743858766967	0.608827651364358	0.453490270610272	0.849410132668922	0.72947080416229	0.420632276030784	0.641731518510965	0.720083365557912	0.303353408868708	0.342509011869014
"SAMPLE-6"	0.23317632185613	0.235081522262578	0.255328770935175	0.188143698107968	0.180227915464973	0.387534088423705	0.315740703504095	0.33884559380853	0.259582688996643	0.417481061341663	0.232908059375283	0.318352509441563	0.339008357427362	0.299079967394856	0.12267103278052	0.20920723890604	0.299983284649144	0.177449697476007	0.260467251048367	0.582326976690157	0.296545971661689	0.131934183690375	0.278064994881722	0.0853820243415607	0.836836172295781	0.16347070693203	0.187814074977569	0.113020795692999	0.352697258525046	0.312537754281422	0.228396644917626	0.374313874259105	0.498897454486147	0.334420198848316	0.337980102975915	0.354961558695762	0.275956938093384	0.323700149836146	0.234594360363343	0.301690731457207	0.335168463472203	0.271743083069239	0.372797448314436	0.330592684094317	0.34921046478243	0.374208724872884	0.208247011889582	0.318404583349542	0.374855494238766	0.344044781440199	0.295787150646178	0.308594071393402	0.26248296873052	0.273144694705985	0.28305375528207	0.49585906994029	0.268221514706396	0.226877720505911	0.601442669934345	0.360748148139073	0.405406298813658	0.253919747678694	0.220855205896872	0.245769866614155	0.402666250362352	0.407309017069043	0.322699442414818	0.304913791044432	0.229138367738416	0.411861472526546	0.352771443737864	0.440122475744939	0.306056139198486	0.808544583833364	0.44487079626013	0.284638504105006	0.501414646806582	0.460016547625436	0.238980255101236	0.2496495345264
"SAMPLE-7"	0.159831193198413	0.233612510951564	0.183294421683354	0.194912084014678	0.167484703333944	0.695610375740266	0.12473379755182	0.506475081809805	0.317307607819495	0.307601153709895	0.314217019122316	0.61281899338668	0.573593843772537	0.380941364716725	0.161585163537343	0.251086117509464	0.367092711155568	0.455123367891816	0.537846224733343	0.16617372255141	0.525088321296462	0.540892713534829	0.286038504458004	0.330053604736988	0.0955737739065983	0.130581058219175	0.35282824371462	0.118746874660959	0.111385820237207	0.441526577749048	0.262525764061739	0.184178174416236	0.821249452990956	0.697302377540862	0.396687252856921	0.121369690532215	0.55265983749377	0.289436587631396	0.213436345290226	0.19138584246606	0.651930127769006	0.122091859713451	0.23210800766236	0.448758514842494	0.505333530289926	0.449423683574951	0.280651656757637	0.199550081510633	0.510270469322275	0.715342585079846	0.132033284169059	0.570885680026699	0.36520229104158	0.178558950172075	0.422716820652651	0.357441516931209	0.406869750708068	0.327005017247326	0.225802369783922	0.531380145911977	0.322200067542845	0.382841772397523	0.423563656361844	0.37359576266384	0.391958973173832	0.464504139403279	0.222751297985423	0.506064734872244	0.571642363835577	0.704349512585148	0.665385359003862	0.286601951533077	0.144505585237003	0.132381002785285	0.559496303208294	0.219039172213471	0.368680558492866	0.511767654894072	0.238958385145119	0.212077727074848
"SAMPLE-8"	0.262172677039405	0.222233883351711	0.218481585174537	0.170693475534259	0.150763784915592	0.469280784951422	0.219195914492375	0.43037972640751	0.295627459308704	0.376870827030831	0.284873246846785	0.414602086682181	0.544667064464483	0.301691519550864	0.125437130388871	0.264731873792872	0.392789542334906	0.293917426644256	0.361158886214548	0.348318115759792	0.359070417813978	0.311520450771972	0.327686968550393	0.168125085657134	0.442903791581482	0.144219545732929	0.263030534164393	0.108617862382513	0.231163926923869	0.331447123555833	0.251661519943981	0.269823431969023	0.624438452908037	0.474917464951164	0.363870425985132	0.199185457645562	0.352660964875645	0.317462853188818	0.225766553261755	0.246717578855447	0.455213946130495	0.14107777862887	0.284074106390597	0.425459087464161	0.486459441151919	0.536410149762861	0.235688840666807	0.252246153306101	0.273271995076851	0.468146051397994	0.147633569999239	0.459413128493968	0.371128345233141	0.24261922113922	0.382113874386569	0.465421631849112	0.298327197135192	0.266298395418453	0.418012528327987	0.566662000323579	0.415281643570687	0.379875288440931	0.297406098592597	0.437683738646713	0.469458251797466	0.491130329939331	0.233170227180869	0.364881563471015	0.369415959388553	0.550976207904542	0.44622803159116	0.459416064328074	0.202250750920247	0.374559712663538	0.516510884517323	0.242672600553717	0.484002550907176	0.501968034087213	0.270975314151165	0.246158708856122
"SAMPLE-9"	0.206889903890266	0.25889853765826	0.234019582646496	0.214637831895091	0.191797808093091	0.593235199534948	0.205734899951466	0.490105984168178	0.285617176230122	0.375630017960289	0.445783397304042	0.455358797730361	0.593195313377699	0.633055211545069	0.149271045110996	0.255424701640118	0.571516055407187	0.389315731826065	0.412360119191755	0.301029312894955	0.404023962548022	0.349063712408228	0.236454993615749	0.256916144818643	0.236212980747812	0.144067441300866	0.363950017354617	0.105084553073417	0.194021392379391	0.373968573158088	0.285486179024633	0.194288491825843	0.649389786025951	0.552065107880446	0.468147023924648	0.215087180742988	0.509421986801807	0.409215822425238	0.313849428957666	0.510729844831695	0.554203087883639	0.24405911844567	0.337064192010479	0.489040559896288	0.529478719161818	0.637935889773079	0.271400293701099	0.324077178275237	0.526378980955092	0.600451919611809	0.243978950076572	0.508295171186528	0.439089885732233	0.16927338201539	0.556533247215964	0.516284754943206	0.352926184103544	0.327005017247326	0.401756486549706	0.49775289890443	0.437535137134397	0.408849902671946	0.424693193857737	0.441718813854437	0.459510344574921	0.441934481802668	0.310174400344118	0.409034520962948	0.403255748103864	0.584925896670905	0.480004210995044	0.58912988272879	0.282708895864778	0.321610098816918	0.596298954835815	0.307603639201153	0.492745883063351	0.591954074097616	0.258286442447652	0.206203193082112
"SAMPLE-10"	0.22628237400167	0.259577604665897	0.210067482316103	0.218030442488873	0.193482645656975	0.234510837127978	0.136225318553125	0.200914068581842	0.185633973668116	0.189840620493371	0.100937270564517	0.209559546921786	0.368092271429444	0.332488086798978	0.174135575630923	0.161310510366097	0.145720465532144	0.0728622725265431	0.252485279454781	0.263905239672716	0.112758453870663	0.0768839074456529	0.164630018047272	0.11787563539767	0.13958854888378	0.16347070693203	0.0922610181508823	0.130831448237889	0.0942132751158418	0.197593078551842	0.247205594518696	0.108827888974	0.106167171518069	0.176747351536435	0.196370090078441	0.21242307914019	0.0796230559053988	0.103236256001387	0.0744149627164466	0.40545056131662	0.457067448735962	0.12180105510296	0.220116231772145	0.129893819632948	0.0900593555053043	0.157436317442207	0.253340173758622	0.111642997999001	0.0808811955636229	0.120610360987607	0.16835576686475	0.295936629683588	0.129130646252021	0.196875044760925	0.280843130851392	0.0792285611380707	0.314824021861785	0.339632080482955	0.0715340388573206	0.153133607467521	0.173632799658601	0.110533576213015	0.103392663260565	0.0654830025907588	0.127608494502289	0.151894437561201	0.247055938816236	0.171780337881531	0.146688433849453	0.46581092954078	0.0809310567446902	0.0838026444504006	0.0808050031082279	0.252404942613195	0.127298446853769	0.140364964034929	0.0819473313118974	0.085337758786074	0.222234427718914	0.150990356390311
"SAMPLE-11"	0.25016562245	0.259258491247303	0.199622982847346	0.206265194194481	0.17966857231039	0.274139603069953	0.165326554049405	0.258206657593736	0.180384639412376	0.342948471579548	0.246481577239691	0.207557917847826	0.598524672334448	0.215611707827833	0.177979378954113	0.214412716715691	0.227305842638128	0.130504943088496	0.26909615610547	0.299104011658454	0.108737171722768	0.140510880625398	0.234528074031216	0.219839921889163	0.205884974342587	0.140624705865296	0.148601210933639	0.15883778272072	0.164589721263678	0.193660020194882	0.268028843147056	0.194021146692517	0.110000296099169	0.25345556464749	0.331685443717923	0.161123219502106	0.0871184264612715	0.246544431989403	0.13445308126515	0.185146380294098	0.636742355746268	0.102992618983686	0.261660652181102	0.233905743908104	0.218598377590375	0.367111043119736	0.253128108999991	0.177260941604033	0.109995140760504	0.201789279870246	0.141320683290304	0.534944242439161	0.271529694330722	0.276967539487962	0.36546292960312	0.199961529493309	0.324986568444139	0.343672622664466	0.238484971620398	0.280710323509928	0.296586812785962	0.240921049873929	0.185961265431705	0.129788868108264	0.354157986660275	0.301953923157822	0.261331431693697	0.176531706975126	0.30552522354302	0.631783237105257	0.108841714979418	0.165507087633891	0.115375975505061	0.36214757906966	0.170984426983945	0.159811460676669	0.218107727268533	0.15644699292048	0.277849781370636	0.224328383520754
"SAMPLE-12"	0.320171601850367	0.25923852257735	0.234019582646496	0.215383565827958	0.192672828417067	0.38333444783041	0.175985235088501	0.304897982430491	0.355584108736025	0.330673777268971	0.1582423613777	0.233879846016209	0.426079587644237	0.388110067597583	0.175660451281984	0.157494383059197	0.270398734204731	0.10555921605901	0.269596586760913	0.301138893988886	0.169682331868219	0.086989447772026	0.111857678942282	0.16526116875522	0.136505396141633	0.16347070693203	0.127280189843277	0.1467846039792	0.134413301952317	0.247745305327644	0.259093736854902	0.220353649514694	0.343918103079617	0.295303393671823	0.37710491680123	0.224871365694671	0.238028178713479	0.192648756949764	0.281367179217918	0.239431568751938	0.573554073908925	0.242153170563397	0.335547288064532	0.263968564587921	0.218424935931624	0.336291404277252	0.255815421058395	0.232557816984218	0.130724641425089	0.272508103514372	0.281084947023922	0.380070377016953	0.282946978871088	0.15731795438555	0.41216487368419	0.354636371309197	0.330180821079872	0.327005017247326	0.282621031830768	0.215156072654309	0.346712450686139	0.196623405494964	0.193143277109769	0.0948055206636176	0.256580573174671	0.212039421976853	0.298364628611251	0.231751703163773	0.22299857474835	0.464840573605193	0.162158894353851	0.33747848319474	0.217449114076296	0.33669070971544	0.371924920137864	0.266128677561494	0.29798528821642	0.34368402308048	0.199576844090202	0.190565841056757
"SAMPLE-13"	0.182012857551661	0.132383656425781	0.10366975583311	0.127255586962902	0.117093104615564	0.0371388935910412	0.0665140436084126	0.0487915302535749	0.0569841874116383	0.131390507798703	0.0333237430216124	0.14252157854838	0.0759774513299559	0.0969023413248172	0.114947846044959	0.107416963483151	0.0226082792272513	0.0393365235843697	0.122793785681496	0.0895913240215916	0.0944040524384141	0.0428170402979497	0.0955578216579289	0.0458259684035177	0.0122734470999397	0.132313609973622	0.0423511018874434	0.0680858612744317	0.057019912071332	0.155026327796979	0.140065657671512	0.0438987570775936	0.0692262252181416	0.0508983699264818	0.0411999033483986	0.0872036706919929	0.0436667356661051	0.0436459259499788	0.0478008650029959	0.0723760416980865	0.0328407651076045	0.0801885814123512	0.161795885374195	0.0491049033009951	0.0290607539468807	0.0361546510391806	0.16064042449844	0.0384615955218512	0.054232295461672	0.0351881686278538	0.139329878334499	0.0506269782934669	0.0496231220122553	0.0521741219622879	0.0920241158350007	0.0344707326350801	0.189162679500848	0.14648745384275	0.0117401474191507	0.085512456316136	0.0387771086087429	0.0621131808694029	0.0378010146168792	0.0297588768961232	0.0291691548670012	0.047583134967711	0.066347881791239	0.119032175441968	0.0418520104588636	0.0415087539721147	0.0578564909198197	0.0107170744355783	0.031052597846312	0.0790597883186986	0.0782766299840218	0.0680901091207418	0.033532562039257	0.0359831537160431	0.137513564692651	0.0519259915718876
"SAMPLE-14"	0.341035515926452	0.254087478371382	0.234019582646496	0.204219728868385	0.179662600990032	0.49401481684511	0.201964146416011	0.446904711939158	0.416815732421012	0.301204038602293	0.272008287406399	0.466340839499629	0.299835993225194	0.694905920909587	0.159255024789257	0.244900791046217	0.416112704476423	0.336885993154088	0.383435538407283	0.299470940809297	0.396244787114721	0.341947255508273	0.225667889871155	0.219697416356019	0.106195237450897	0.16347070693203	0.318162917545759	0.111511036404097	0.167778643596367	0.401933037927228	0.282223973453117	0.147995862177801	0.700264282520599	0.431626357384575	0.293211430111917	0.19688083491624	0.520986743071074	0.220828390664189	0.213009398359377	0.539698979806493	0.359353212584074	0.218763358309702	0.420461089575822	0.326234851657508	0.327916854468659	0.394511307623111	0.270971324282991	0.151217978083708	0.240321857643602	0.492834268928228	0.250355645531672	0.327280109200491	0.335764899517024	0.170539276433446	0.520145471147095	0.20144525206867	0.415932177318901	0.327005017247326	0.153058256630084	0.503254242506179	0.310851249668231	0.323473695336702	0.33580451651052	0.3684673406921	0.250703609964417	0.329543461939571	0.211231479074962	0.386435516115577	0.208987651784381	0.448908432487736	0.382037292159953	0.408044052792891	0.158780768932845	0.278446654326339	0.628804853996035	0.330563213459308	0.240243623289127	0.496618391385997	0.249682069280368	0.191704897851895
"SAMPLE-15"	0.136040027082775	0.213912840058067	0.221934082936269	0.162430666853355	0.146997442239628	0.498596900675582	0.252517347015715	0.316981850127136	0.168703474230353	0.294544341607935	0.437780494172554	0.464658060825927	0.192362030906187	0.572086413790287	0.16768985130675	0.220305811179115	0.387884365639924	0.444337235247649	0.3630217749921	0.447158120604141	0.481202333015436	0.271358274412506	0.284771156931977	0.176430754774042	0.38642176321209	0.120637703723294	0.389028416181347	0.0963288235768855	0.275085198452937	0.379087671443587	0.228575191120167	0.279066932647745	0.696723318900786	0.513117608225157	0.284183603402912	0.134111825449372	0.490739787746709	0.377688315943785	0.232122739789482	0.286369841483574	0.335039619521035	0.213042169797437	0.243861627781046	0.335983058895005	0.426177078784469	0.278525583906596	0.223722212697061	0.189665377282565	0.675096540408782	0.625817660940389	0.192358375913745	0.355121898066222	0.256275391541366	0.195424651562624	0.350562170167066	0.360286506940478	0.252485915436708	0.23333853622819	0.411691441901855	0.36798615534311	0.340529057160564	0.258713798433852	0.439284900957584	0.344346071881059	0.392947472730638	0.432018630014136	0.147346896636113	0.435756793796662	0.263102665460847	0.436534085257783	0.578253301975403	0.336180799541469	0.202733803085104	0.48880175394611	0.517537731885656	0.297091542889508	0.436793247340203	0.542072427576056	0.220700664409396	0.221460865614613
"SAMPLE-16"	0.1771661133915	0.202292176119483	0.181403559033667	0.155014101047748	0.134643210482805	0.410434190650311	0.168706288456895	0.379417480405823	0.231897290984716	0.375864268785934	0.239098316198457	0.454246379563497	0.452049254539765	0.265757645373487	0.132444557568945	0.243690586129502	0.267307692472764	0.333328831133881	0.370955259526165	0.280872956743189	0.356442564047883	0.544052650860315	0.342288178348691	0.322010944189259	0.252006244310908	0.146575077501824	0.238283088465939	0.188758793416633	0.154645412682881	0.360372044917339	0.227884267899603	0.232462888531732	0.566125884357514	0.45446388452094	0.259315052973314	0.0962226754294475	0.409463725890983	0.242776153414273	0.251755728857866	0.141223025357315	0.409445595375617	0.103142601280192	0.291257776641936	0.325923573416135	0.372225139270546	0.347672777158164	0.227950674918667	0.157247985474397	0.317492027995366	0.433428414764773	0.138426606471049	0.420728967471633	0.346481553606147	0.252632312988228	0.308516324680433	0.294931700511335	0.387815739650884	0.250521983431845	0.239335124390946	0.468639869724887	0.302805890862278	0.381980145086551	0.303609545267525	0.309918596494477	0.365500482720429	0.431351747534509	0.146781619429848	0.359808485019638	0.537393690645124	0.532495494400971	0.44989677544437	0.194313965742111	0.126245454360219	0.325220126620304	0.388543431007439	0.267097564398137	0.334614501661858	0.340133126441154	0.251500859280938	0.221511446132394
"SAMPLE-17"	0.171870343385766	0.202684390027878	0.163818067232149	0.193054964258239	0.189370864096582	0.501546256097631	0.164612545060131	0.293552311164699	0.161863852873867	0.201835503228284	0.14837677474118	0.63656857320543	0.270103669527602	0.257365869266363	0.123965287490768	0.238429542976565	0.146391863086892	0.423120207371419	0.460050880086295	0.30812287008592	0.619173808343554	0.810889770449429	0.438478006983117	0.224949829470704	0.503378549494091	0.109030505227475	0.257755931113617	0.170951254381837	0.210731076632584	0.447130656762081	0.193679756480115	0.210113662476723	0.866384526122419	0.581206332725673	0.226732454792092	0.34057055033994	0.6041376350676	0.248952496991617	0.178586323328393	0.251499782174728	0.255033088953672	0.169708577031406	0.146416410702218	0.311942084126255	0.348599304973782	0.188582337899139	0.212646254381144	0.179840049037896	0.543219530580873	0.588017358487207	0.205827698610236	0.28910064269446	0.220129337902435	0.222074865190262	0.212056511463363	0.234551175021328	0.305180361794014	0.20036840217864	0.189202726050977	0.569305851172585	0.201426700053792	0.287820181648407	0.294942194501225	0.29644012103873	0.259152208290933	0.464447691234309	0.330517471695314	0.525488433605837	0.544032831498038	0.473821172182155	0.742554590448507	0.0838016877919535	0.154995291803644	0.448028496346552	0.49548976293211	0.261876349370778	0.292705109590283	0.399433215473919	0.225341791043534	0.178624186463514
"SAMPLE-18"	0.200620944698364	0.235139219318337	0.191754456579317	0.191352834152025	0.16375419767774	0.220172440953884	0.132074268699684	0.218634419636894	0.347966656977012	0.211713741897149	0.171044771166543	0.219630648348539	0.200806411403653	0.533894498491094	0.141928124437885	0.183694506294814	0.279718472467362	0.113277796623056	0.242813976829472	0.187946634055823	0.134514383446068	0.121797112021431	0.133612170547637	0.153249405398629	0.0389108228217738	0.151993666952708	0.141969957693815	0.0989747399420298	0.133892751044962	0.217852565463857	0.259722084491381	0.0893273305947167	0.15254881834958	0.176141189621365	0.183090382804337	0.132268321763628	0.134069983385213	0.109457957397846	0.0947138994134455	0.427132928394122	0.312402679975	0.141805732435378	0.307160568961897	0.143803957351127	0.114988211013413	0.190530223134303	0.254386984616257	0.0893101936922644	0.145654743439553	0.154958436349493	0.175844685355253	0.260262628101631	0.187307011137616	0.1459082731074	0.386030089514283	0.0647676131140291	0.324819740193178	0.327005017247326	0.0733635368005413	0.173939326648708	0.180110483181414	0.155896460292487	0.14577849528606	0.122546921540301	0.126909283202577	0.150235924493528	0.135432174739706	0.185943484309524	0.104352860944314	0.314161499495741	0.0966560484065844	0.165280143370002	0.0872858041697626	0.152246578050969	0.208628606152279	0.169602184801452	0.0832268886340888	0.146604709373572	0.225094233993624	0.141878144107665
"SAMPLE-19"	0.221791398203947	0.15821281918422	0.146552873594572	0.127010373826538	0.112835083903865	0.0702049922673212	0.136932596775991	0.0996999414781894	0.179058964183833	0.21643918246021	0.145196378312368	0.158621525843721	0.0944670486205276	0.283768772570957	0.138142405905677	0.168885155499592	0.136627189065462	0.0991825797384506	0.140238901484821	0.216398246082017	0.11004373039656	0.0729322925035013	0.177896268206818	0.0598133712186704	0.0900499013381931	0.140744179661418	0.119606426782728	0.0727896726440323	0.126043373250464	0.173747510791336	0.181308756460694	0.1273596249398	0.103953717672458	0.0785274295649436	0.0712498032730139	0.0835750126032158	0.0496073515467985	0.121647199561343	0.051578093703159	0.234293812150236	0.0608807907967085	0.0811157947797309	0.247174542769682	0.0862809086941156	0.0805633184281137	0.0950796582608791	0.175933055514454	0.0533008513697314	0.0813984950803682	0.0809404608160852	0.124145279578445	0.114910101872056	0.0913325475116168	0.150324640535191	0.185323759886578	0.0519798356331374	0.195720015302299	0.178546264810425	0.0595568107889871	0.181082485584065	0.0986579862354239	0.119308533976397	0.0940316974882103	0.12770379128984	0.10005021618541	0.124865739890622	0.068614826769594	0.136951842089955	0.0563598156147359	0.0943507230497771	0.0773275008519961	0.0617935864070324	0.047338524418231	0.236770116583354	0.136186319390417	0.0929703000212617	0.0754717531784411	0.0829247585724823	0.204816679608913	0.144170395967369
"SAMPLE-20"	0.291072733603225	0.182218447717183	0.145512891623362	0.158288033689033	0.139803003892678	0.105752703104992	0.111487463999681	0.141908435623643	0.235255643035443	0.257079300176999	0.249938225524762	0.181521264965504	0.231194694447394	0.295766821578503	0.180173574684479	0.181352638428019	0.104881460068008	0.151367571893159	0.179037244443372	0.140427811771505	0.116630715848307	0.108625481220357	0.142409403003541	0.108149426731865	0.0152106079911676	0.139538326339185	0.175431818831263	0.0824887470709527	0.0978187614752557	0.188689993500777	0.211910591364799	0.119685650699626	0.149228243954905	0.116481086245536	0.127235038901463	0.107229009766938	0.0773300579397808	0.198774864608917	0.0831076592513585	0.246573746750493	0.119686762704018	0.103231509637388	0.281403196034063	0.136887420626903	0.125670271950846	0.208505321293308	0.206912322440706	0.0820651736363707	0.0909414814399569	0.120964243810389	0.151819549674669	0.191372600909192	0.155355815514232	0.127263448392659	0.288625761611768	0.0867135439968935	0.250222156258305	0.230441292750473	0.0381214014950379	0.247948461549434	0.121508012367612	0.172389208331109	0.155716511987016	0.165127581124591	0.134322461431323	0.131050687053353	0.119849684658475	0.15369917261936	0.0997507015766542	0.142365466811891	0.0742910052676934	0.0851512015685879	0.0643301232340112	0.106541219190114	0.206317804530994	0.107987557862279	0.0988332711586606	0.123222487088265	0.214073731280941	0.157568674276596
"SAMPLE-21"	0.524970590766513	0.308083499690553	0.284044255244122	0.259582689850864	0.245875662722941	0.87377644435219	0.457484763625944	0.76843526111405	0.414315258422348	0.532022289125204	0.633155372281861	0.701905360340367	0.695007885654908	0.565142905723329	0.258462779268502	0.325953875669333	0.594591970255146	0.780520103249381	0.574579109443966	0.559317252787476	0.663410456893619	0.901103989269923	0.473353980233219	0.547971457146084	0.903644508818216	0.16347070693203	0.73274808038824	0.374626504856353	0.635162893726176	0.568279119625936	0.303219314158034	0.499167232520363	0.955638954758153	0.866163321193829	0.7364009210598	0.623321242979922	0.782216154225209	0.653136393111816	0.439879170216881	0.504726573294604	0.847195767764714	0.511560869662271	0.64360910549212	0.77460128482412	0.819704551782113	0.731987103154927	0.285761549777292	0.532710161916993	0.710944211283435	0.911836114398847	0.575688257478492	0.732672836318299	0.632851508064543	0.433261338089009	0.569421888617037	0.658578215899742	0.497273186712402	0.34243188461454	0.710105255799719	0.854482269308335	0.594817177653965	0.690006681842137	0.738697997961336	0.749326277839288	0.743165812977763	0.819929444851993	0.734102776977636	0.605610130729853	0.861840561964668	0.889959854794187	0.829414372323971	0.687636471426118	0.546308454473948	0.889820380231107	0.863669561940789	0.633349928558071	0.696463941391446	0.823209176632399	0.311155071187914	0.466843274053044
"SAMPLE-22"	0.350665551384616	0.294599004534473	0.228859326527398	0.285563245522336	0.276444308970785	0.767886170776437	0.198413589542626	0.67068130326164	0.34512912230021	0.464693201627383	0.394552061746671	0.651463800216908	0.679713948212619	0.431591903637141	0.188691609104157	0.29958567637796	0.529294399230239	0.524976736797256	0.554251812738435	0.332946938620423	0.55843787262059	0.653283560778991	0.407697784746775	0.37142532975394	0.753400750204935	0.16347070693203	0.408496344337758	0.187068257347916	0.219962942364571	0.500843520140277	0.283382198706603	0.31065243365314	0.889710376945417	0.747646735306352	0.592097044889843	0.621079962358466	0.624693580368309	0.533827114977313	0.294725447553086	0.58801940339117	0.734824827772097	0.255801187474248	0.364597204412746	0.552386950173534	0.639149031059451	0.587235761308726	0.281967317638818	0.444728825389347	0.549613917195317	0.789474761877329	0.322812812588765	0.672879631786915	0.481938679358455	0.295134570425085	0.483611680259036	0.496096697936118	0.486150496937671	0.337528479153888	0.573994927891789	0.746392332708165	0.483579466032316	0.526601038288286	0.495803380334327	0.53584058468152	0.57188308455044	0.629408373729127	0.725200866152762	0.533614696421199	0.690789511167867	0.809464477122708	0.71600246927416	0.488228131796081	0.376424770702937	0.62322490374197	0.724044233739385	0.307365465070299	0.534035836264951	0.663039769546895	0.294795897003192	0.312716843226931
"SAMPLE-23"	0.290099172774089	0.232630251379108	0.161267797324094	0.208024320611751	0.181800870897838	0.215789699900723	0.087389707889883	0.158816413039527	0.258638730457004	0.170378814397486	0.0925861333763312	0.208729239959056	0.216986238778366	0.210397762832276	0.194288817999744	0.145658094720587	0.0680191117666582	0.0773900938935344	0.25132267211385	0.126475978283197	0.11107829448593	0.0877198868779229	0.109285360069272	0.150680363981565	0.0130613645229325	0.141485143537635	0.0913767394602109	0.127062477385668	0.0841893202513862	0.195957697168252	0.235384203861706	0.0868529846042017	0.157946839563641	0.171560833177172	0.168730141739132	0.17388235633849	0.0927958797714761	0.0822369078111408	0.0741237364890972	0.14931857345746	0.39271033293639	0.114795121225823	0.216582432116318	0.103778049134837	0.0712364742631221	0.0992594669190699	0.253252373575014	0.0740877611625267	0.0768655052003624	0.130037936303938	0.164923895465767	0.268414850587787	0.130008709161116	0.128146709896028	0.26462925537871	0.0459374413049942	0.328045851829415	0.327005017247326	0.0317523466251044	0.148430918149236	0.121100945960446	0.102535557020681	0.107879537796514	0.0472401012357984	0.0876818963868285	0.107572422958886	0.191477286775617	0.169596658990923	0.119100542385849	0.349543434154984	0.0753193932638041	0.0472221451064609	0.0618018242583851	0.0894907163564694	0.159824575039724	0.122442799120017	0.0533211496579901	0.0913091966766061	0.192960535784073	0.131094910251002
"SAMPLE-24"	0.194898710736645	0.25393088381112	0.226231702135493	0.203884907468428	0.17927542196884	0.623674390631632	0.207406735391008	0.53661439832229	0.402605715990442	0.439812235904308	0.549715711570931	0.493819696945157	0.332256254306526	0.498694101952198	0.177579182008244	0.262349521324556	0.484343034825654	0.497381201614721	0.426429416489463	0.299419971428512	0.425808834287058	0.422583299229267	0.247229197747504	0.339522249348281	0.173769354074801	0.153230663878823	0.45012515656602	0.118073211465835	0.227827237185211	0.420009315309843	0.286925485064822	0.257503158326867	0.723492360513304	0.587874221217576	0.436932887419477	0.171164963322193	0.552904472657185	0.429803302294843	0.294896850432855	0.241100500363249	0.571164166138765	0.229701627690672	0.437073459766163	0.422505703752741	0.52343315275796	0.463679299990864	0.272590463914722	0.243018140929077	0.617815657414573	0.679837649482781	0.249589443689346	0.550140862995466	0.44717363759551	0.212574618625944	0.538619358600819	0.324052800984698	0.422836701018415	0.327005017247326	0.410908985608006	0.474746098660725	0.438688080031536	0.424156854307615	0.524247964453532	0.46959570615932	0.47254628132002	0.467491741308515	0.249558874614048	0.425788752260839	0.367579375717366	0.60482527365976	0.506262357465213	0.544753142608724	0.262285737373624	0.35862144974089	0.631170612082879	0.326254180562969	0.42341707893807	0.619199377073808	0.260661576275639	0.274293195634676
"SAMPLE-25"	0.15613445222106	0.254974192576306	0.210982990629603	0.203683371961639	0.177579777104816	0.505825824497921	0.15271842025588	0.347887114315601	0.289737318912392	0.248374765973624	0.104634558010605	0.442605297342971	0.402268978230877	0.329676276763341	0.140069018792021	0.18671460320002	0.209496835753565	0.151399763945728	0.41027175475222	0.2870397495195	0.322168458473435	0.194785874625221	0.225311256306856	0.161157936221211	0.180843114471291	0.150629826153064	0.143141762418131	0.124387919881953	0.129711528756265	0.355504792398484	0.251849638045248	0.16054741506501	0.512070534873987	0.45669774400728	0.28333679892997	0.140315439500688	0.293632428425515	0.114704299453618	0.132671356819185	0.159398189725963	0.610725003952255	0.134688453758345	0.261111473207421	0.249856321321295	0.206487934616735	0.21568855844211	0.269225261910165	0.137604204462979	0.246863901318063	0.388030226347349	0.158177842507812	0.392860894304044	0.198433419340384	0.205871137392134	0.32021896902686	0.180540860741618	0.396111359017867	0.336539953602438	0.166750883409204	0.257144894026834	0.240415929725483	0.192140082781718	0.180657782366763	0.100728045735325	0.209554491672746	0.294113539299662	0.192302789259547	0.355043625372017	0.298928166487032	0.643616785729573	0.379056545796288	0.137489876101054	0.102504921138733	0.311725133275637	0.313820379252154	0.204073217521632	0.195106661607134	0.259157505069546	0.215902579796787	0.168143303733306
"SAMPLE-26"	0.183380768172704	0.23793901271768	0.174939723253564	0.203651288703534	0.177489104285243	0.243788965487081	0.118617162057079	0.23957096347652	0.159319312127117	0.324505978978679	0.205845784084949	0.216542532843262	0.496048030820324	0.337528215811922	0.163076818816945	0.174439142692636	0.214266793303297	0.117832433887194	0.267569707253541	0.164088046908113	0.127571454322575	0.116832994081083	0.127871434656215	0.192961403546018	0.0431455141717784	0.13749575681841	0.139294955374372	0.120900977202706	0.121084798594279	0.208733090106297	0.253623461397759	0.116447368448684	0.13654845837526	0.259542640160009	0.323915374228476	0.130773434164132	0.119721402328147	0.208652224878641	0.15506518842405	0.264877951658182	0.553976153508685	0.133432478608795	0.282359795851164	0.232277301422976	0.197297202647935	0.340622472789877	0.254069469819361	0.167385842075108	0.119821182610845	0.221645197617413	0.150210423909041	0.436445146647973	0.255788082370139	0.128302983499975	0.325606416351967	0.229454388907459	0.323580168226313	0.326475053901358	0.17038801517967	0.187064192703656	0.239260676497769	0.195335208961008	0.182114037911304	0.0939318200176385	0.251717329176661	0.201520062678895	0.216193236225541	0.19370277947064	0.267750862861803	0.465785559975697	0.127175938265978	0.163317552259332	0.118793934318636	0.167319756256648	0.20974742333938	0.148725251912518	0.206856624058495	0.193631828576676	0.218371808022336	0.138492045449325
"SAMPLE-27"	0.125147551180958	0.232667850596222	0.146273505718196	0.219193004707262	0.194258086991667	0.213384096458389	0.0748532093514441	0.160996308911257	0.149543615980214	0.199417355731748	0.0773392827949619	0.203706953834031	0.375971422127267	0.181725477222611	0.139989443943925	0.143267675423847	0.107914646294478	0.0576465366121294	0.26173899941084	0.104085023429197	0.101278666117758	0.0734119141459679	0.108751676814604	0.137586668930817	0.0270870916965844	0.133503117917673	0.0711181443064533	0.0984534731544769	0.0568401977429707	0.186184511566363	0.230599394017168	0.0651461260600789	0.0820819897086678	0.192506441345251	0.219345460825277	0.116533635008444	0.0645146906828858	0.0920610589754566	0.0717354828226093	0.145230038615788	0.496387538487939	0.102688101008272	0.195879441072369	0.130145021062651	0.0836970002704951	0.14513336786318	0.252716161545914	0.106077556728311	0.0798923610941646	0.122272669839474	0.141446045591851	0.332305301244425	0.134896233814974	0.106166161630341	0.251915409220256	0.0819193305180971	0.316579028739471	0.327005017247326	0.0640396205609265	0.101057554459739	0.123407611999122	0.114916875759186	0.0867785993452781	0.0366837226694132	0.10994060223474	0.118705330291986	0.227087470697239	0.165402330569801	0.171768695628231	0.414588502940459	0.0917522068659371	0.0489451168638015	0.0674505364341196	0.113643103037244	0.0982774541695564	0.0879876987412699	0.0752157278884132	0.0743414558124374	0.192553932462957	0.0958589254028292
"SAMPLE-28"	0.48449018707533	0.29274135476944	0.255107357511154	0.248048747774307	0.230595292904881	0.619851063505958	0.234410549198475	0.522485599783099	0.34931223752449	0.383950400590467	0.23741821011002	0.498963910671545	0.587302284914532	0.550898951938306	0.203480564769178	0.24599870510541	0.456210767328176	0.284778898621996	0.45030813117322	0.451484429752718	0.39700209976777	0.332540482144058	0.336637839342992	0.231529301325008	0.677447668824309	0.16347070693203	0.248670862765011	0.195182948675391	0.253575131766243	0.402359505805621	0.277966361077976	0.327451547433958	0.779183606099068	0.589471888409415	0.47821064419361	0.498727479897928	0.433635720848884	0.320146135828974	0.240340150806116	0.594617649277603	0.715133438399575	0.22137949280521	0.333926789262292	0.411282193010479	0.432157073708446	0.44357972856005	0.272667167921037	0.317263608539958	0.354627613070027	0.612321444763457	0.278180237363315	0.564107430780704	0.354473954259817	0.315446654333117	0.428132615925442	0.399548519906646	0.421087862987717	0.343037936663354	0.46712119882812	0.625065706505707	0.440061239567656	0.35029243591117	0.322889674575247	0.278393730187573	0.451675229218889	0.506730366528467	0.531209080409534	0.415487530891727	0.468833539221182	0.769118175047426	0.496877271491419	0.362036520754617	0.265465781434282	0.637104705613093	0.619330238588034	0.303308277925174	0.424291130848397	0.53343275515277	0.271863854488862	0.297313294288086
"SAMPLE-29"	0.226130262809803	0.221726018555056	0.182408179539544	0.183844731898433	0.167291006868958	0.184598138025136	0.191365807716044	0.232770493316921	0.243601763773822	0.46042969966071	0.36646963835517	0.191216568141614	0.520743721622114	0.477021679026564	0.162529393422835	0.214696976681125	0.258687928440619	0.175654662351775	0.217770401427036	0.320237268124329	0.126704462765959	0.206803237215093	0.218884866610974	0.148864312886018	0.123769672956658	0.131961042076229	0.19556805373638	0.172580648637593	0.209594036446329	0.200114787086323	0.238189656054089	0.326343592873835	0.172081694523851	0.239902599713437	0.353207571248029	0.156646101106573	0.100367399055319	0.41841854385778	0.203683804267813	0.457995029954827	0.441194103940173	0.140150108406838	0.317419989984268	0.288922510196112	0.316153814479086	0.465494661157866	0.215667527404387	0.243448031116446	0.130113303217265	0.204016217737895	0.180623046457894	0.477290156867815	0.314047336253916	0.272227441357745	0.359160616529685	0.38174647798953	0.263320563327715	0.257499349053134	0.289124752185153	0.307677409660435	0.328461197829339	0.307086398864821	0.23851416743146	0.194948900271723	0.454430734685585	0.33359108045366	0.264841166602259	0.182181292087162	0.427597853975173	0.432178703669218	0.12291699050575	0.204045707038644	0.178438687624432	0.405608797362923	0.24225153327025	0.165611742874737	0.391349014675567	0.261745689089751	0.260935964234715	0.269834630083405
"SAMPLE-30"	0.373020609361247	0.27322168278042	0.235141313029412	0.223251969523459	0.200309046541872	0.227104451273126	0.178194418807356	0.192843844380904	0.30351554614464	0.17179217496732	0.0854681656684307	0.21671742485916	0.34383590050257	0.384951453923175	0.177273830352487	0.167885545409246	0.183743092894651	0.0697524366148715	0.242813976829472	0.365544148661082	0.127958210160728	0.137472640364722	0.17766304259937	0.110776095759199	0.282642820329642	0.16347070693203	0.0920911887746442	0.208163867027623	0.128969221954951	0.211913775991796	0.256241106087711	0.134105988567046	0.17243023414257	0.157773787808782	0.180486814401217	0.268698694710955	0.107014236155281	0.0889750243290937	0.0818492555832104	0.426315873786019	0.369532495055947	0.1586186002025	0.251818861493907	0.132080489226474	0.0807737457146906	0.170682417831689	0.254087531914856	0.106248085972858	0.0781211868348728	0.133609633725575	0.205241385364399	0.225663060434202	0.128911459926447	0.246688314880195	0.317956562966898	0.0791882803092814	0.316641714570897	0.34190654226063	0.0896662177983	0.211834614713207	0.174660032933586	0.108720566793018	0.0959584257716143	0.0664811769677825	0.110906207789793	0.151835370712015	0.245137212489695	0.180276479261399	0.201483179076157	0.420967380955295	0.091327269426429	0.110939954903513	0.082480908013002	0.411497106856642	0.187894341220395	0.190491540197353	0.0808910676188092	0.10731408315694	0.229990901311124	0.169777343277098
"SAMPLE-31"	0.405234276358659	0.31216014150332	0.24794021702246	0.286968236854411	0.27875251399008	0.384281616946279	0.2589213129076	0.438043271464749	0.264647024624529	0.381996344107138	0.289928937469814	0.394466005012923	0.633522445024933	0.38732335172343	0.170406136356757	0.26362160065783	0.251784895416976	0.259179557260488	0.377688710273647	0.481556532959281	0.294186807583291	0.468542427938931	0.329592206402646	0.204028776346706	0.517170375764894	0.148239195080154	0.249841389981726	0.250533100340296	0.306723153431123	0.337355324510704	0.289619565843206	0.267233741766158	0.489031539006136	0.418511374736757	0.451697113331732	0.589204340994465	0.258161413385466	0.345957138743324	0.248579096539891	0.499762645182673	0.623048039667066	0.263359785106325	0.366458164292088	0.374395577366366	0.377399183987688	0.495227150041333	0.266480280487336	0.383946367216506	0.207646043344992	0.434422813663222	0.344350505244864	0.459226837742568	0.2965097850574	0.303294124854248	0.486769339584336	0.37382570062501	0.390023916944392	0.343815608703873	0.312473146909306	0.564262626911731	0.37418436339594	0.382272147846315	0.28711401527195	0.226876940963945	0.423584224977816	0.489821726459496	0.618946731162888	0.334193766860709	0.601603395615828	0.589205221469903	0.286725559221701	0.269169613635396	0.307683921413233	0.627394383882099	0.475212017650215	0.30646294573684	0.390759876803374	0.414182676768037	0.302490321753727	0.230332158077537
"SAMPLE-32"	0.131389841173822	0.166380485583348	0.129333352740755	0.147712722715711	0.130846213136101	0.30843385665211	0.100384447983575	0.331039382223189	0.104414984237191	0.442592844606762	0.260291759980082	0.388220369545757	0.439285663388097	0.214310936987508	0.118993697573576	0.218942556748492	0.176249125448074	0.256829156364822	0.325707035754406	0.115769680266184	0.295621637678558	0.379951029256179	0.233419332694624	0.126408184705776	0.0349317889772792	0.135451410397009	0.215667727454941	0.102825814125478	0.108428267102471	0.315675995949093	0.200631817606621	0.143648741987427	0.426094539335981	0.41923502101431	0.282351701748512	0.0891975104062803	0.186011152035757	0.306933133293696	0.153664706962842	0.125951811427311	0.342092893369092	0.0825779201241159	0.279413528012556	0.331485268191883	0.404203744692761	0.367186284249536	0.208398997960268	0.188406575424223	0.265861099925451	0.351496976976194	0.113919858826898	0.43598522163958	0.281964198183455	0.114232855731016	0.271740058437939	0.361321215995108	0.302191028347826	0.207731864333235	0.162032344711512	0.396711751449344	0.236481995755634	0.370813143592919	0.241899883936719	0.30014091721273	0.36832916071695	0.358261164239282	0.172235579361391	0.31501147982162	0.516894787763059	0.369682174250987	0.371057318191535	0.146870515836857	0.126991835017277	0.116139708484962	0.354689739840559	0.0999591582408265	0.371772640584376	0.33894207709753	0.217998029598915	0.142071955228744
"SAMPLE-33"	0.294423982632699	0.231125819175676	0.186740936623192	0.193612315182094	0.165835752023094	0.259593151921755	0.102447109115025	0.214501089505585	0.302353327631135	0.208460018569927	0.1631275068018	0.214059962906484	0.272237431205771	0.4479080078129	0.233178229207375	0.148184554340297	0.224214394881973	0.105539786094376	0.253962564981634	0.153754468782458	0.122164793678918	0.0929347442527568	0.109844020223351	0.150845928300707	0.0443777287720107	0.16347070693203	0.130872316409223	0.134296899031441	0.0970809832870515	0.206551237673579	0.240443700317878	0.128725674795155	0.193986365228016	0.195546169563173	0.187340279913686	0.1950633479157	0.0943013750267893	0.12346831240307	0.0841599178015321	0.412339778751442	0.418716449165349	0.113742871058167	0.239796407111961	0.129638608424176	0.106039895623354	0.144978522085026	0.25381202502429	0.0921707151735227	0.121322938105317	0.194775785899559	0.145764700898288	0.30163713451036	0.137521341303399	0.14838141410227	0.296017312432076	0.0779513930336714	0.314107633649497	0.327005017247326	0.0706574793818227	0.161948237226911	0.163818939400177	0.112316433816469	0.150767787421247	0.0811172714944936	0.122304784862791	0.122877827024641	0.176440445404512	0.181261348910507	0.164487150196037	0.365702016531937	0.0941210699051183	0.112318780287882	0.0753634576569984	0.115604312540667	0.193654799579343	0.12310741090903	0.0821020001686746	0.122581109263002	0.193123258530731	0.175669765775304
"SAMPLE-34"	0.286331403726115	0.186939788837681	0.201637512157075	0.147085718324399	0.131618891806654	0.343697814364662	0.207161593543133	0.311864077557434	0.197326274359042	0.265873970166676	0.284797133024854	0.4554285662169	0.295856773143105	0.412450077922844	0.132503916478545	0.233495691916958	0.275447716123672	0.362904924046795	0.316019511794608	0.299726857525039	0.474981708804119	0.288948675958691	0.247352838597541	0.0995742620897658	0.143632185503511	0.138189934090984	0.331724374278296	0.0691761687643151	0.22056816184362	0.381405901160156	0.222294715359364	0.15120880472331	0.743236080900801	0.366242614956644	0.193279477883749	0.172139874052586	0.470000405172803	0.262699213923685	0.19483772133377	0.20039323078916	0.117107381385693	0.183239377857274	0.297367694494803	0.351455357688911	0.374090329449123	0.420433417301938	0.21480951442654	0.150640570402238	0.331435430995637	0.467166338417201	0.173876970952265	0.183246266275848	0.247554014295451	0.116766794913021	0.404823978242368	0.358074136245695	0.252727976714143	0.21022872059771	0.153287356134154	0.546523212300685	0.242326390135687	0.301284261805088	0.300106122599899	0.462579806139958	0.242295230160305	0.317990823672751	0.115202719270964	0.405073733247132	0.185983644500236	0.204254127021507	0.490980571091052	0.373162253949838	0.135265372839498	0.242580207029686	0.634424752536552	0.250872211884449	0.349926730730612	0.521911556741942	0.218275702007139	0.148909122013386
"SAMPLE-35"	0.484911408420316	0.280020655651356	0.264499717623465	0.201737420122006	0.176796426359086	0.554993890446227	0.308676638633535	0.465811771483102	0.238618671234412	0.366260141338226	0.386815369556044	0.526245630160878	0.610993141244269	0.500960289570282	0.18482897001617	0.285630465422832	0.388123050646094	0.406003380185378	0.450428314512661	0.54240125720435	0.476529057964423	0.626942030927244	0.374109486251059	0.27010934073991	0.38788469425109	0.129742121562165	0.358451851343974	0.271830024247812	0.325303575005227	0.425433633029187	0.298240979460565	0.272546662781593	0.800447170069745	0.598051264159641	0.433587848332452	0.182279684731991	0.597097113731677	0.331715281829993	0.318776599606473	0.200713433639843	0.606822124023376	0.229304196635449	0.356023034486528	0.493118515927483	0.50539112217244	0.601035159606887	0.27532128584413	0.258866374615494	0.609042472679746	0.681044111022002	0.225830526173564	0.507032174548606	0.436107134959373	0.29995110447121	0.546161950561489	0.493682982333709	0.392715578216906	0.341989854275673	0.413662262911629	0.712101698061542	0.451318422705769	0.420422493425134	0.419304962973115	0.365105946818727	0.501856258119012	0.560229271338651	0.230333868125911	0.458681510015185	0.648546247633645	0.720038654071411	0.57094400128408	0.439107501081316	0.216219272455708	0.578338876268727	0.722504567309006	0.421083945568833	0.513314076392495	0.655371247191886	0.292840869194201	0.248854784284764
"SAMPLE-36"	0.258041936626535	0.273774072306276	0.277592866519347	0.194685825669054	0.16870973716283	0.647393183721784	0.294992637729021	0.552006363750605	0.249664481678775	0.406287436001866	0.394071054774787	0.541449732604475	0.574989336919514	0.653378727569084	0.151905511022255	0.278227154187461	0.561793529425867	0.414409366777316	0.449321622839766	0.516499441085005	0.478217608591117	0.669014227027271	0.35707869657484	0.286052795648054	0.517359125081052	0.16347070693203	0.362849009671151	0.255317994165214	0.292353728987479	0.45183359616304	0.295222135556593	0.234800422477954	0.720168392034366	0.590390459480184	0.406757972982605	0.1726103638654	0.611052443508919	0.313513489561505	0.322335553770116	0.403657214503106	0.585716708189764	0.219315761499225	0.422382686263875	0.476940873913079	0.505400068574453	0.584226335957686	0.275411724177292	0.258013393340762	0.633442426080928	0.644831724910031	0.220524175185763	0.486932630821725	0.431764817339565	0.289641180960124	0.537952453344706	0.468693276213634	0.440289640768502	0.340526827382907	0.435811011759129	0.581929286228997	0.46729677281377	0.430405696981635	0.424620182129087	0.426081965097514	0.472824033372655	0.534168806196755	0.201581530178282	0.458447073161945	0.679010406232806	0.6998356203119	0.570834987900084	0.547996431664642	0.228023021037072	0.586922893455282	0.639936580049273	0.420426797307861	0.485620128118045	0.598243230170387	0.284153235340569	0.233402745469991
"SAMPLE-37"	0.359094109328646	0.260349182204919	0.212953376311903	0.206651352780314	0.180818382543377	0.21459400468602	0.16072313663086	0.161224071964153	0.293980942321884	0.188609291863332	0.202882125386527	0.215201512989817	0.340286803384059	0.3467804244284	0.267361875765597	0.164512844825214	0.102982730919358	0.152311559745	0.242813976829472	0.31716335369681	0.124631606456349	0.205495483246456	0.166701426142789	0.291625190712453	0.0774017485336332	0.147158521438456	0.158189937231696	0.269076642679897	0.108558329057778	0.208848284100102	0.252939084100372	0.178161900733292	0.178117114591989	0.164348311555346	0.163683928518078	0.146072042263121	0.161615345253706	0.148291150467242	0.136751498530295	0.260980607130192	0.361548778930314	0.14763836255491	0.24492539218184	0.126973650820834	0.0894249280176524	0.163030494240276	0.253930651042935	0.0831230896723717	0.129525622133147	0.180199013768486	0.200039005233105	0.259642865490862	0.165158115421847	0.263573010258074	0.309955624155516	0.0737163556673291	0.351446280832633	0.339873196519992	0.0537279953537448	0.202121730317752	0.160034422402106	0.121908619475764	0.226980122697383	0.0698315121722101	0.127805578106406	0.141291832656722	0.164477664309849	0.177360068905733	0.253359628954053	0.4037102543389	0.0831723004436181	0.0703491679064696	0.0680942271062701	0.280653803146067	0.179449546117209	0.255253277762261	0.0783571228077983	0.100436788436984	0.223366815553155	0.218078062134466
"SAMPLE-38"	0.222778977634421	0.131529907840253	0.124070974554189	0.113207002506635	0.106098212328921	0.0312944583737654	0.120027097382665	0.0480969247687	0.102613932611131	0.185230245964609	0.0527495507646131	0.137856028838845	0.0673515634404706	0.113444723873397	0.128355838262493	0.11270452948915	0.0166234477636163	0.0513983978167389	0.109479323601292	0.220446544084905	0.110365918572416	0.0773795069439701	0.129830910515034	0.0345859906497102	0.0262786770599081	0.128356517810224	0.0545197790784016	0.133473321913467	0.125174683986871	0.164169118897691	0.135456892093858	0.143381804211436	0.121708020557987	0.0576408184727694	0.0489063601145103	0.0937762522802384	0.0538611163865935	0.0746133729741738	0.0770745723488188	0.0578449464879161	0.0330953156166366	0.100705945671837	0.188131202813094	0.0619376329400487	0.0442691505897463	0.0432663228357688	0.145007978233335	0.051647419589634	0.0727329241160644	0.0420277052010742	0.165341200057659	0.055701185374146	0.0580747256416264	0.11069672565571	0.0895251834302458	0.0757296651458184	0.162572354077701	0.12468163220518	0.0233974625634044	0.108406814412894	0.0623205096862091	0.072983861948807	0.0533636577173218	0.036122403972913	0.0569120922715753	0.0772693150784005	0.0594685008331664	0.129247094777812	0.10097207700657	0.0464146335813353	0.068100599040331	0.013318684243072	0.046258812282562	0.205476636894712	0.109216973127804	0.101547924766919	0.0782885414482235	0.0639910744833446	0.144802600633568	0.0999584997912814
"SAMPLE-39"	0.132198472153688	0.138613017883446	0.106949208206748	0.125721862075133	0.111928470610193	0.0603442183357738	0.0674478105577535	0.0670939234942978	0.121418992593586	0.160074582116505	0.0304209963074528	0.149970484631354	0.0700214973563928	0.105870717915676	0.0981009002382334	0.111867113828972	0.0421910235300433	0.0295815976218392	0.145773219816744	0.0901618209161303	0.0951900366087922	0.0329762133556422	0.0973011971032477	0.0283687848922977	0.0155824040214473	0.128755310742711	0.0381555835897082	0.0573906474598211	0.0611039445998949	0.15896392233615	0.150576619923396	0.0668607726488255	0.0849652279542528	0.0791377845767683	0.0634640473724381	0.0592570196578777	0.0289735263791143	0.040174208425884	0.0342097801439957	0.0544398449815015	0.0843396492315554	0.0636062256036228	0.165957372494592	0.0581680361964512	0.0395812000056952	0.0364879558728037	0.171636984248893	0.043739464403848	0.0551369594778539	0.0469290399186201	0.0994855138026516	0.0945264105486733	0.0508389510442549	0.0693146023725749	0.102028433152467	0.0416645806542764	0.18199784374324	0.165592659506996	0.0283199289859555	0.0738797197278056	0.0558237323321564	0.0645292315478803	0.0345654924854213	0.0275482630878643	0.0466541090369765	0.0689440551990142	0.0642606685347036	0.129913158095347	0.0519096321683121	0.0828470069964335	0.0743565379286997	0.0165100619056231	0.034281449357713	0.0840955386524715	0.0787476465410539	0.0458949723871477	0.0475096360701363	0.0497976290145139	0.143237141769136	0.0696756655414452
"SAMPLE-40"	0.187140248147254	0.238621210887066	0.180148224482799	0.201938693479088	0.1756653564783	0.504576997291321	0.128777427952171	0.360645276145611	0.322227928244318	0.291263980585128	0.184148934007118	0.421777575563417	0.310616495926147	0.345529018265349	0.140566419003711	0.215417949499838	0.181370863507905	0.222785111023208	0.390898105749979	0.179304361823813	0.304699348640487	0.261230682268964	0.201256730474194	0.193145235605771	0.0307441809422034	0.140092371457976	0.209109279978924	0.101487355231431	0.0989031090116553	0.344218728641343	0.260816807612026	0.126381395351671	0.51065281757182	0.44045190616487	0.30182577953605	0.101140160334711	0.312245136744692	0.16970374217251	0.141865024393677	0.164874513853912	0.521568925288178	0.137062137009345	0.314804220053063	0.26683392082892	0.260953831781638	0.264812449505052	0.268006837027067	0.131689546067675	0.19993349539515	0.386298361342248	0.167912569782344	0.426499946590024	0.27360473267916	0.155018750801634	0.396030765955844	0.154188948912317	0.398938136061317	0.327005017247326	0.107848304125817	0.332827468478385	0.243777250967895	0.266661939300157	0.243496367409226	0.185884227459573	0.239599938660169	0.300429390561644	0.199979556846208	0.337940489853934	0.25193568077137	0.541803716369031	0.317215874153504	0.174419226932901	0.114067115615505	0.156154174329672	0.399997275984463	0.190694042412742	0.190720698062967	0.328136287305017	0.231569575282786	0.163008357033757
"SAMPLE-41"	0.173353516953812	0.251924344833404	0.234019582646496	0.199618854405082	0.174358187540727	0.579111127936805	0.192988929087801	0.368935381471253	0.255449050474404	0.276773685760174	0.286063626533114	0.35497939435007	0.249864978777248	0.633128725534148	0.152727979201512	0.211178096079336	0.448906340404738	0.260405595425469	0.343427866230587	0.298765466969591	0.296716620022002	0.22580159411382	0.177229641448058	0.201966813292793	0.130497412749499	0.146417281861813	0.27046247029433	0.110371285344196	0.173152595764819	0.312662295369462	0.274366910599432	0.142113935571795	0.431131546239467	0.407825753156332	0.331840866021296	0.16206415792271	0.376476822533967	0.239096218974549	0.206936842064231	0.445593208374345	0.485513279325615	0.205315320714342	0.311391723969448	0.289254453653618	0.309656538989168	0.322478993511559	0.265165923589288	0.16636619241901	0.220221448531718	0.428528324213449	0.204469483168242	0.40035007522146	0.300687619699505	0.151343226875479	0.47305340424781	0.221766797517229	0.324255392419296	0.327005017247326	0.255157745858791	0.27880079244467	0.349853058300897	0.24287057353297	0.320466811485229	0.263675722998324	0.29085324221246	0.305517379055688	0.200961918173079	0.326500487726617	0.223917079138113	0.487007140220596	0.30003172168234	0.443182054917545	0.180670643844561	0.27325568706193	0.435512675307642	0.278229779845204	0.266634436997333	0.423273750217065	0.231331797209457	0.171404708919973
"SAMPLE-42"	0.252934613239805	0.184405644469311	0.14231131863379	0.161716155894555	0.142643997813123	0.099798848022674	0.0952623746627621	0.108850326139442	0.203106469735363	0.181347471695247	0.118899578151128	0.181976127298927	0.148206045204149	0.180775884189284	0.172177867939506	0.146517730219993	0.047966506086615	0.0911991705674836	0.18313503676166	0.131259565914165	0.11302145002735	0.0674102465289327	0.116092353041239	0.0890178637464541	0.010365888722099	0.137335449522679	0.107960940847481	0.0809408717680897	0.0759330680081532	0.186257600175526	0.20034739711979	0.0904835165693118	0.136658423182659	0.10657719750472	0.0984218134669283	0.0950272749895668	0.0723058597624268	0.0992458947236316	0.0640253099961031	0.109208031008801	0.12910104539373	0.101628994822838	0.231363814157597	0.091687654046556	0.0680159717617858	0.0962335419517157	0.209870430887619	0.0576707774426584	0.0779378588799005	0.092957887987836	0.152589127881719	0.146529539527731	0.101575631483947	0.107491792153227	0.219131581709035	0.0495018206628707	0.254822763143909	0.236651050385966	0.022082590115422	0.15225979400969	0.0871084642877101	0.103690349209129	0.101581817084214	0.0698006610291532	0.0746251703770595	0.0914990737849011	0.102541301285105	0.151801620464062	0.0665635496726464	0.142086905026188	0.0685750050667133	0.0387225720064783	0.0477141535197747	0.0897146088905417	0.152433937264391	0.10234958285363	0.056655850684399	0.0825173865913207	0.183417722279445	0.120305291229405
"SAMPLE-43"	0.176562092562337	0.274761074752356	0.267178143676065	0.208195515863644	0.184273748568126	0.726650190430886	0.267197510754123	0.606015624419763	0.388735088016247	0.377422838092465	0.341687442339569	0.643021226585761	0.351848331417763	0.537310491460085	0.149029663589426	0.27697804767969	0.477757710162077	0.497715800382599	0.517879770264971	0.466157776105521	0.594195618160135	0.490602018817053	0.366010048080042	0.285147377531531	0.498037748268735	0.16347070693203	0.417772009093493	0.123884664161882	0.245440628119722	0.523271454917173	0.289023028233321	0.266976215973742	0.856866544159685	0.692178732818028	0.409377566125095	0.192697410246517	0.696177335555899	0.309304801845154	0.267280934789927	0.266627393554961	0.610001803850664	0.218729210700934	0.415899272546595	0.447908476483553	0.517896880082411	0.412331221607264	0.281716901390153	0.212661303214799	0.505916175091669	0.743629656551686	0.23738730060008	0.505197527030343	0.392325299481968	0.281327158690047	0.503358697671223	0.342429214452351	0.467339845664486	0.33740397323731	0.42582346223367	0.544080608682149	0.447593443008332	0.406020632422953	0.480235873346969	0.456698648348743	0.440691442473957	0.55913277648423	0.243187634042649	0.543524421284185	0.392653634902919	0.727167586220933	0.700512710643545	0.498512154499885	0.217611837034867	0.560032357160254	0.678672290913842	0.40010119586197	0.428838266147628	0.646100915109937	0.26944553021381	0.268073575316965
"SAMPLE-44"	0.276216162695177	0.261573904278817	0.161651002146059	0.281886842702148	0.270428705870892	0.198912123026007	0.084715299095997	0.148041936807494	0.256390461072616	0.152984145739183	0.079902106659137	0.207708274839527	0.31801335674865	0.204354429217732	0.179230530899895	0.14517297531898	0.0631507335246249	0.0782064185163921	0.242813976829472	0.126623395029287	0.109035789208113	0.224222368121031	0.109177459552702	0.209191178912473	0.0404145069292165	0.145422800174521	0.0837445500018013	0.226731688477178	0.0920543186107824	0.193954345123954	0.234412954575736	0.070838732852071	0.136463173401369	0.1435498014417	0.195798013706984	0.500710982420414	0.12232025815211	0.113830701587339	0.0986418840302345	0.371332845275161	0.312402679975	0.204012651666264	0.212279780907914	0.110302990879458	0.0622589162032423	0.129256317119813	0.253144086869849	0.124883844000307	0.0685493816591402	0.105564409392883	0.317467524932587	0.218934228642595	0.143267061032678	0.13195636070286	0.271543032103458	0.051166750559352	0.351446280832633	0.327005017247326	0.0317373601941878	0.149944017235653	0.105677780496297	0.109801132719627	0.100980100234923	0.0463941774807539	0.0693203954518021	0.0905976184600545	0.474395174767689	0.163277897807053	0.268606270494957	0.299048101861928	0.0694151326661384	0.0446945375341979	0.100827036330116	0.169762862024172	0.141503651276924	0.157167869331758	0.0474110835318161	0.071532560915595	0.197872024636866	0.113921711307845
"SAMPLE-45"	0.180586189172765	0.275432180657853	0.234019582646496	0.25228090513528	0.236920695951019	0.301418612519752	0.189982029637089	0.307692125027696	0.375106952714527	0.323702244133428	0.197820347623921	0.233879846016209	0.452466267140754	0.399374830979368	0.126939207549087	0.186846778574205	0.343027067204269	0.135519821609405	0.254612812384966	0.306280305851883	0.169682331868219	0.212759466460224	0.132082130458666	0.202567885095942	0.264875750902657	0.16347070693203	0.159882483233686	0.165468984341452	0.177276779817489	0.247745305327644	0.271704246534744	0.161842364577938	0.229408884043849	0.245851077995498	0.380035551699475	0.364280552850712	0.264156547348487	0.259518257308637	0.27821080634195	0.400576404507057	0.425170349392161	0.307667650397181	0.376498424563729	0.282389185360001	0.227516931697637	0.438337166888796	0.255815421058395	0.271036692661612	0.106124805509773	0.224201945337764	0.350173757091042	0.330290607950097	0.323969502663227	0.171145368783758	0.481892422483804	0.311566898252105	0.340123785276773	0.327005017247326	0.29622753186409	0.203571066574478	0.327217211214916	0.244993661206184	0.206699280078268	0.158872236797995	0.244214742640317	0.215391484560655	0.413006699759352	0.222295994822617	0.313862183932033	0.384611207096488	0.151885613717468	0.412590718923022	0.255986469734727	0.458060949801906	0.309865425044819	0.296837143843164	0.266402316959433	0.29363501850119	0.229745981166931	0.169810426924947
"SAMPLE-46"	0.387676129040587	0.297289610304227	0.219275848288456	0.28522301282257	0.275886113981703	0.227243375676127	0.183608148235211	0.192590759943976	0.30955059800361	0.207818150160612	0.109069226097892	0.21823791974287	0.415657296481043	0.278945135984926	0.159308738710478	0.189018235568338	0.102989620826924	0.0905511731076232	0.242813976829472	0.353894208011618	0.131353241744163	0.119126084597699	0.187025521068377	0.153524745909513	0.215476067813734	0.146523518421562	0.107929138045241	0.154698303523762	0.186842220043905	0.21500566119504	0.265308272767647	0.132079860599717	0.180581425837772	0.167034520727175	0.266935405260909	0.528916319081629	0.152295831959636	0.165096394035877	0.129951614418791	0.428393942708081	0.360489794369357	0.26049942128299	0.286260266793607	0.172092427985459	0.10623957282427	0.257114964795787	0.254244155442508	0.182757614130367	0.0658143056685145	0.12803389692726	0.360869724920168	0.259656938606235	0.199501135447287	0.224670504635212	0.375840449128676	0.109253000427823	0.33812804381273	0.339602493263831	0.0918377793101468	0.27204215666827	0.194666116983392	0.16254204061601	0.119948177613575	0.0827769996615664	0.144354586099035	0.179933475023055	0.510644046074876	0.183224081454976	0.139777267363581	0.413015196152444	0.0873348360517497	0.113905608547853	0.150204072581596	0.510633758391465	0.229079265045723	0.241698754638186	0.109184975944338	0.139917224735221	0.252657284741003	0.16516940899784
"SAMPLE-47"	0.15085846232092	0.254402203416654	0.234019582646496	0.204893478973944	0.180442253620797	0.335626014024191	0.23668854115924	0.357705987749483	0.385928606270809	0.354891147940727	0.381490370071447	0.233879846016209	0.278948776876282	0.403540864882602	0.163584148747509	0.198639683806037	0.371966851590837	0.244594739735249	0.257511194341401	0.299573331897882	0.169682331868219	0.161821940304511	0.140257455180896	0.245120169234806	0.172539718666117	0.16347070693203	0.311741401995423	0.109089130328438	0.250386085791948	0.247745305327644	0.276432565226975	0.205797538180687	0.225677722058113	0.31228641045077	0.387926756546197	0.183340257673423	0.219432073367401	0.30506443995874	0.219069758613683	0.248727888405838	0.522724775817066	0.278152397137046	0.473378709119626	0.307707588205951	0.305904748741448	0.370786093279444	0.255815421058395	0.203783198099173	0.145450854929861	0.310961992687663	0.308457897992404	0.425932638603411	0.33833068354926	0.195208059858893	0.486199182839176	0.222156873242006	0.32382841994493	0.327005017247326	0.294940871916865	0.193471290711564	0.354332282700119	0.276027007660455	0.333302735435131	0.270987375400844	0.325931727226115	0.290859703620221	0.262305234537633	0.224130676188589	0.174639652524397	0.454022128292751	0.158358331951671	0.455679620604575	0.232668001964846	0.40006067090228	0.309262871310568	0.308583526906869	0.254194420706371	0.31905170798125	0.236464972948521	0.240653815060751
"SAMPLE-48"	0.120333716060612	0.233182263184125	0.178157430573476	0.20611795028561	0.179746470694817	0.198862078842845	0.0914053284926902	0.181050955866766	0.265681604978705	0.153272192555957	0.117589280166098	0.210216955594777	0.17211240381327	0.219396294089275	0.168453700469796	0.146364267061496	0.156619354708043	0.0900424807208816	0.242813976829472	0.133878399059831	0.114100916557141	0.0823349687512204	0.109442062099006	0.149383013430806	0.0617252926831294	0.16347070693203	0.113341866549537	0.0922759585655898	0.0643646176121799	0.198891797224122	0.236798179814798	0.0745223848596483	0.100354689013847	0.151566359908425	0.13910951140381	0.148933343598983	0.0818658060353639	0.0875512429661483	0.0547329615025721	0.202126194277414	0.312402679975	0.112686659477859	0.222935994612109	0.0924436519632451	0.067734919914402	0.0891010186832832	0.253409523967899	0.0676972963778928	0.0929586055807762	0.131943040647471	0.154724096861167	0.226789255678696	0.104360542000944	0.134164986287978	0.270734838923016	0.0345082399242495	0.315708574848335	0.327005017247326	0.0508705180656824	0.0869783313547063	0.11664960145403	0.0882674939373083	0.115888995578122	0.0707391517750888	0.0738345061785748	0.0944979470511888	0.164733016639494	0.167929940290363	0.0942891694024367	0.298843284502417	0.0823770393830113	0.0811741094504054	0.0590184033121851	0.121733029289251	0.104293693327248	0.111195234742418	0.0419863200956603	0.0663659241425603	0.193179927913451	0.13158869186563
"SAMPLE-49"	0.280727975869713	0.274630811967843	0.229293491785049	0.242228495730679	0.223541452756242	0.27618754648975	0.180089804614719	0.281484434236496	0.340827250533886	0.296787671430845	0.191654372555106	0.222685712232986	0.475131939565903	0.421697239723309	0.166452608872254	0.18908280258949	0.254697828158778	0.117292541037544	0.257137528818552	0.318026474330844	0.141621010150603	0.112832667848755	0.165487483012241	0.145081495184126	0.218142877073381	0.16347070693203	0.145649910248881	0.1349546725662	0.201507829199491	0.224146127811712	0.26701310155033	0.18758698213948	0.206573101320653	0.231600317345225	0.333018367867255	0.421113946482281	0.145382315853488	0.231547254857665	0.161849080182221	0.512785945700204	0.483611511735077	0.211483334049499	0.313875179253338	0.23290938759852	0.19222987593152	0.354384278744858	0.254698213133742	0.223169198161696	0.0987518561216301	0.191960432484042	0.255679525368621	0.370431994981202	0.243821041053924	0.216776355594137	0.41080200951655	0.217608365824663	0.321680314750847	0.334785667393119	0.190099602566652	0.247003241166517	0.28940598063337	0.201441969854026	0.173665275788227	0.137932980826416	0.24260636174141	0.223853051228111	0.401416022244464	0.200351597987472	0.207837064041267	0.467898533386343	0.113793495109565	0.249285026918186	0.183035212493482	0.392837268593207	0.259573324340283	0.207864428772367	0.205342074630319	0.214334759307003	0.242586406347102	0.206655137537364
"SAMPLE-50"	0.24438707537168	0.240700061836849	0.186529549333171	0.205923658264604	0.180272954178553	0.268836851842649	0.127158028138377	0.267096070162733	0.221891703996207	0.294922218693255	0.183413306033543	0.21843263366394	0.275023680286883	0.436576574204858	0.163373145465737	0.181351971776704	0.297887067371285	0.117144618960036	0.26421750140565	0.181731920037879	0.131792236531546	0.121864565714494	0.132274767165115	0.174699727832276	0.0572051328490399	0.1483040428977	0.140930727476593	0.123243258616355	0.129190369081941	0.215402832233701	0.257871115877286	0.11719436915833	0.17226700070052	0.251753647650028	0.299116432703262	0.179639064649976	0.128446141789937	0.174845545008079	0.134619195893844	0.362427120373565	0.521044172559322	0.143601015124044	0.298994375236965	0.189947970452686	0.179455419863668	0.232437314197002	0.254264160237251	0.142834542366002	0.0981855870758018	0.215673506835272	0.176587955249978	0.418792053395581	0.244356998886803	0.138889980676828	0.376693510190841	0.129719153432607	0.323618168812267	0.327005017247326	0.169415465447158	0.206091587764555	0.259890597212236	0.193911480764099	0.177423365618428	0.120441346633693	0.225138547647665	0.206420906763592	0.246963058579798	0.195693116271122	0.186255693066237	0.447262402007713	0.118032054642647	0.200060905900364	0.133711835571694	0.18465440358543	0.251166305916071	0.158497827958727	0.157816473475425	0.216521852807876	0.224532343516108	0.154488067464011
"SAMPLE-51"	0.115237202367545	0.192032465194518	0.140955532518876	0.179333050353998	0.160674495776736	0.120646425382624	0.0912791415749794	0.158646175164629	0.129904387044444	0.219602594123719	0.165203303009667	0.181384163360882	0.196298093467203	0.16897196230892	0.119584039290568	0.182789355497938	0.18925821352902	0.119750287738369	0.191284343864008	0.108507335791782	0.103173440526072	0.134148316019573	0.143711962155944	0.171917245348247	0.0689512312371577	0.146606974337446	0.131611138050488	0.076583795951261	0.081403291771869	0.178595514126269	0.215865038135575	0.056331543545836	0.0614338735198956	0.114887222701414	0.131423552864077	0.131840617708871	0.0677457811354171	0.14767874994112	0.0733983837019074	0.198168634914679	0.14914478636473	0.0996068146595639	0.251854989559525	0.115801857642333	0.102122808510129	0.158154010740439	0.215537345240041	0.0823317092558112	0.073914989090065	0.101064023199475	0.144552737374788	0.207995834519184	0.159687838395569	0.104224260562075	0.271892562069282	0.0496795303594034	0.277138047144033	0.249013067764586	0.0705162779196971	0.146136007954794	0.119281431322677	0.165926514946074	0.122803626505192	0.150857249560967	0.109203949874967	0.123839238128131	0.162418871605018	0.145424780930212	0.100924632794858	0.172223606418887	0.0805661357163095	0.101546871088481	0.0699447925048849	0.14000327703774	0.110700689548657	0.105297357870443	0.065693657173249	0.0756878731784015	0.220671193425305	0.102886990370299
"SAMPLE-52"	0.294944836228526	0.231497507995847	0.19443083220644	0.187807379183358	0.159583524512201	0.267988804496915	0.112950946748476	0.222617686108121	0.313341421394226	0.192441065792763	0.0878935531363372	0.217430005364563	0.189788128671822	0.460495546109614	0.170945888088134	0.149776420117687	0.250793300641488	0.0715514111919923	0.254280186799905	0.173376775087294	0.129542006877212	0.0845121805429638	0.110193253687159	0.118947772405413	0.0513703164675531	0.16347070693203	0.0926804215220853	0.125476838016282	0.100698130332739	0.21336066943719	0.24363241621868	0.101269552210009	0.201843407177029	0.196000065762012	0.184813231971073	0.16476216661602	0.110622753479535	0.0730046676210852	0.0855148160438603	0.364326476602491	0.421866967703336	0.120057941731026	0.255091119277469	0.122973864488015	0.0937100394871757	0.120935498934317	0.254161024133107	0.0830827238275488	0.0826716896129484	0.163650591553119	0.151035222555197	0.271917889381636	0.143046841059103	0.13386705664418	0.304352103823956	0.0647300508061466	0.316219484387535	0.327005017247326	0.0818984328397638	0.1568099731258	0.179816863294776	0.110968567853498	0.109057091184549	0.0694878679530198	0.107994664983197	0.130311141336528	0.155698167440549	0.188089287623075	0.122692386322974	0.367684604473758	0.101479837301188	0.131084576331219	0.0791907318255876	0.132112960276673	0.214621369846304	0.141236633232485	0.0786729070654617	0.142346992400509	0.193458631728987	0.140527178348525
"SAMPLE-53"	0.415226686010253	0.264998669660896	0.232954510400646	0.197387993776566	0.170280158950933	0.671883252755685	0.189321314622618	0.423408539579021	0.234162529890879	0.207861113922989	0.0825590116093989	0.628417388814591	0.399147701160662	0.372201871731514	0.177350661567059	0.218676861684373	0.178038128573574	0.225746614511351	0.517758363368896	0.395968765236387	0.519775073130742	0.383156953588408	0.359405881514968	0.174946062742105	0.293081881674154	0.152790833970393	0.176839830906355	0.184571579846237	0.157782509760665	0.477053851615088	0.25790470650635	0.158742926067275	0.83735103602688	0.588156650713193	0.23921155399372	0.175053206331266	0.504602829830027	0.0833077663540186	0.120659921682726	0.158576564020952	0.593852389690662	0.126629134603172	0.260926041371947	0.275104154150414	0.226618978244217	0.189138773091624	0.280392306431192	0.106440431889716	0.382343338436359	0.579486370250479	0.164006052790779	0.356982128580709	0.190179532477416	0.250317516258668	0.313944042604423	0.155446991915272	0.463476698211507	0.344591012323825	0.120823455544567	0.555662498924676	0.231399822414571	0.214980805389174	0.205326125295779	0.137000969065453	0.194732115258511	0.392977001932587	0.176711959440059	0.490044971831899	0.373291177597621	0.736637012357999	0.602755700391973	0.111659976945751	0.0792827619982631	0.395994842845044	0.560109528045274	0.275041366277673	0.180916176887537	0.368010994627879	0.233930730650685	0.175045655851268
"SAMPLE-54"	0.422328487204217	0.270707914907895	0.269850464602847	0.196967130549019	0.171316810656367	0.796812333304965	0.259062404379602	0.59866245482424	0.210410291910731	0.371323098429217	0.239671057603288	0.661123630291142	0.514628244476368	0.534241264070383	0.191062067925174	0.250302500149556	0.471641204008973	0.415519712454386	0.538072982319533	0.477760938912428	0.615353425019512	0.470257397118729	0.348204883926614	0.273978392342064	0.535956938402226	0.16347070693203	0.332176872851113	0.180813435426208	0.223610645522259	0.536752652186906	0.279697331798691	0.239215388002556	0.907917802536664	0.71930258441303	0.415003399704688	0.199387165697656	0.723189140726972	0.23886973766344	0.315940910681938	0.215515127406015	0.67140537481656	0.206786646599011	0.383687993374654	0.47892176167902	0.502435388151885	0.444460991346242	0.282918170824348	0.223550191611981	0.557822969891429	0.792359665154513	0.219131583903617	0.492490217969208	0.378538738263593	0.224743663607079	0.467240651421837	0.472749662246355	0.476095390606473	0.338211102423783	0.446701585268522	0.672340437167265	0.441830600854763	0.38464735843715	0.419890032661031	0.3320383941771	0.423405178234476	0.544977220748434	0.231526229482957	0.564445877582033	0.502398588437174	0.760840769533881	0.74860829145119	0.466618771514076	0.19814644957443	0.564457997725191	0.777383972891177	0.414008891457224	0.48474321070601	0.69741542072008	0.246607351955189	0.21661896542835
"SAMPLE-55"	0.272252612482118	0.189101957564379	0.150387026110505	0.178483229345303	0.16456618140084	0.105706361506331	0.108131462035502	0.141720757806762	0.166617451840696	0.235653664417203	0.162611932966766	0.179703812374897	0.267096169735285	0.275806098842633	0.155112332677895	0.166735071062745	0.107122334077813	0.104848551646892	0.175001154305481	0.144074541283231	0.117102927261289	0.0837037480927043	0.13189651791752	0.0758632690232233	0.0356406587686773	0.14953673327394	0.128304108209947	0.075847113286543	0.105945427821439	0.18823380784972	0.204104507760961	0.0908800109117458	0.129753364524524	0.107729902310776	0.134012393528484	0.223826750885214	0.0702157598930529	0.17364398419395	0.0776153300774516	0.345052432783625	0.110849490481978	0.128942173567174	0.265755727266548	0.135542912125004	0.108370781289879	0.204845932923451	0.203839274944538	0.107962641021186	0.0786558996416526	0.0980795776087922	0.19453474211624	0.158946672865207	0.131430342757328	0.103162856381387	0.265058876794365	0.101365861100538	0.240268452939558	0.224330938651635	0.0431653408506947	0.217952506439152	0.114204151700516	0.150317531031283	0.111397979141123	0.134147077722164	0.108976518697263	0.114621974042587	0.196305756499753	0.152953927112712	0.0946803035623559	0.130070481565246	0.0755309751854669	0.0863360632594116	0.0804650511993976	0.144959504688174	0.188064214266355	0.0994445244013035	0.097217906557806	0.109690780601478	0.202253288073442	0.119891228408571
"SAMPLE-56"	0.305834233745082	0.249600078391007	0.231456608202659	0.258862399363691	0.250422353366109	0.0875748357114272	0.19664381781807	0.209857955918579	0.22762142606058	0.400351286504881	0.316688832914863	0.18191328291734	0.184099336070213	0.412072359995543	0.348579626916734	0.282580912800805	0.275377602000319	0.161924128367961	0.170959517431712	0.147442266598038	0.116371142835966	0.137585613781463	0.216937988300899	0.12137574834403	0.0412693771706242	0.389385278879179	0.228687036416405	0.134418445355132	0.193291223668838	0.200923962265441	0.293755182830966	0.202970460145771	0.135778210912918	0.270531566638343	0.203936249523959	0.216677163509823	0.0600352795886113	0.276176329593014	0.19724782974484	0.434966229312537	0.122010219245149	0.210056592991506	0.460413488544422	0.197981793103306	0.167495768660512	0.271163889974018	0.346725354301958	0.218240438079269	0.574815767286115	0.318775565887599	0.273693697126294	0.218702004683897	0.234919870977391	0.204312267605724	0.397914136593119	0.206196498499444	0.272871518375821	0.292445777741008	0.120968111821628	0.230530515009494	0.188659757571839	0.330562370284652	0.164722558712111	0.232506663054068	0.201504406405382	0.161128340881755	0.213764225589292	0.279229579559686	0.100854492972057	0.108614161117309	0.364798978928118	0.158771712478741	0.179713995511913	0.14780601097219	0.15377434240206	0.124542171708996	0.188921868144041	0.128102940548505	0.296469067704886	0.238127995289632
"SAMPLE-57"	0.268317908812575	0.262496476754275	0.232359852315393	0.188236745078617	0.159934927579973	0.315921498666649	0.229025439105004	0.314103974704193	0.202669451114054	0.381822029365405	0.416079386661994	0.215850882135583	0.372414376786474	0.274989569678084	0.203507123806093	0.244181243942513	0.297905367405743	0.26303944046556	0.266803974486611	0.413093470883425	0.126049513319422	0.429999776363104	0.271528350393019	0.46681901408012	0.254995810511318	0.147811932238189	0.247318110434472	0.332106196779314	0.190305049077272	0.210159341052647	0.286118451949759	0.260374203561701	0.139102388717967	0.279845727279687	0.33078699935591	0.108613239770707	0.210230338369251	0.319911109941926	0.261247060899912	0.175366248229932	0.624174571687008	0.126984031838247	0.325093029478825	0.233198000223599	0.281494284284869	0.331033634027899	0.253997943792138	0.152096779917564	0.132139606931321	0.269638808404654	0.159732983484308	0.573709591435949	0.409325872462535	0.368900888531588	0.428657584986448	0.158721447387704	0.368205194515415	0.345823876707913	0.321137684019995	0.319062646151223	0.422553266057953	0.310258854947937	0.390871895437526	0.243385958305946	0.446676179694603	0.37924649447596	0.200248768965309	0.191870455535029	0.478314592312685	0.644181371528033	0.116386039041293	0.290115356596295	0.156612621121668	0.438240463424406	0.236832797151176	0.333079325181931	0.245853156527834	0.236759646156443	0.30362949768785	0.301932796890043
"SAMPLE-58"	0.156455187685553	0.269250777503099	0.186264554746488	0.251804845152802	0.233478760187411	0.267905468315372	0.134553815744904	0.266614810314918	0.130987436435412	0.323460404317941	0.258611044095687	0.207618751239484	0.320415519117914	0.21321886999322	0.183713834081569	0.19423463544535	0.252611882725581	0.169850683068254	0.274778693223498	0.230488908423047	0.108857922911442	0.29840142690732	0.188316006676156	0.432696402521641	0.282779274194387	0.142638209499474	0.15852115869954	0.263030271536427	0.13443060919496	0.193779080059924	0.258488867851995	0.153381243951629	0.0921753992625433	0.275463450293374	0.372220742420547	0.2929120169395	0.144822558180412	0.299066792374661	0.193543561539495	0.300756285963214	0.665003698629452	0.164614014798748	0.250122701885728	0.1814067645031	0.196611443967894	0.199946197098989	0.253134574483043	0.201608796955987	0.126667097615041	0.227604115379568	0.239479841371042	0.567129063202963	0.311504468564189	0.229926879048963	0.32261001272971	0.113131867121786	0.362104861128319	0.337940393179415	0.31207484072064	0.175417068948697	0.310803527203966	0.224799439342438	0.248564825245634	0.120657966714252	0.317394067266373	0.269401350588535	0.476945359483009	0.179572983350617	0.428831569866277	0.613209436884096	0.112905384054657	0.149890830390122	0.199379246578139	0.395438292720813	0.145334232673108	0.215123842125962	0.163974034705227	0.15050986138817	0.255870811312444	0.198823368406659
"SAMPLE-59"	0.293128827835136	0.269775490104842	0.229715822694019	0.20612318898474	0.180560406111976	0.442875106652761	0.19673186476815	0.264504312818952	0.299874121468957	0.222975924186731	0.119665543962753	0.371722930779085	0.386643321433418	0.32431262341666	0.17921775924695	0.189247821185873	0.106626241457376	0.167411163532966	0.35333078564956	0.406930608022489	0.260235188157051	0.200467561538509	0.243855338180718	0.26266317078453	0.130625173095684	0.143964544952824	0.146162954059676	0.18657071460242	0.126087489691834	0.314565570856569	0.259670910939474	0.192233804261039	0.442668853688795	0.345605617654283	0.238440547647061	0.118090432881033	0.357814827407685	0.117037585445929	0.196563060257379	0.150761602855568	0.530424437622394	0.163169700897018	0.268005767482496	0.209183801746121	0.155978521278007	0.204130392466194	0.264986278890364	0.114299332412767	0.185366265363775	0.298019428807349	0.205662800007403	0.332240677345652	0.227953110323064	0.265882174355648	0.330504966550588	0.148245175373433	0.411149323422517	0.343154877094537	0.0974971413869765	0.299165740654631	0.236363670460498	0.184925060461242	0.201178222037532	0.0837220325291016	0.190316775518785	0.268015929488443	0.177846157927256	0.29977808372338	0.232252171455853	0.604298927838659	0.243573652325747	0.0998821134097595	0.0963853069929785	0.391897704015586	0.311239978322043	0.336994503627352	0.158729614925775	0.219180298800038	0.23213813306748	0.196888326167409
"SAMPLE-60"	0.214110599504992	0.254959888028768	0.222265323168201	0.205668515217722	0.180196082116989	0.325365363585115	0.179062740440307	0.331085708049447	0.194984404027677	0.377868619540821	0.339558703112758	0.220852974517593	0.57366716016278	0.307557855300376	0.168123142283372	0.215689327893584	0.292796797097969	0.180607594745411	0.26146467189741	0.284662677430424	0.137329295554633	0.151222466948734	0.184578088178142	0.207617267240249	0.147474157360781	0.16347070693203	0.209489209531713	0.125945564374934	0.136322159732937	0.220362663822367	0.275527401494538	0.169143505256535	0.144812474911734	0.260761070423261	0.354472028345833	0.169703715314119	0.149502753522531	0.316215175946527	0.19951466763269	0.275085068009829	0.523614404592636	0.152424410659877	0.338351149115945	0.288629529837203	0.288057834286741	0.484088881339539	0.254511846373705	0.220025996993078	0.11783754211227	0.228189836820029	0.174917960125273	0.47045036772695	0.327760468855263	0.200960744615057	0.460240420351918	0.289109542961774	0.327511758939353	0.33398122149996	0.23115041673847	0.276714461749541	0.351079530904915	0.282617509628317	0.251011267078006	0.236630258066633	0.35695789102383	0.280033526381605	0.267893049604141	0.19909064061085	0.270353159998079	0.502775103225106	0.119012381534123	0.360372967449952	0.170463893716171	0.291137325820838	0.255674858082848	0.206402682881226	0.280622997370549	0.244544077629946	0.263359624074141	0.204986884237827
"SAMPLE-61"	0.262136688999205	0.175575099058057	0.132553479648587	0.149465037805765	0.129945959613146	0.106057372290016	0.0970601133938063	0.100619171352833	0.149649516236023	0.220838240628371	0.205422410527782	0.178556578846788	0.244124996190312	0.243411357102149	0.19881497675364	0.155921905822245	0.0830742502054748	0.123361315219712	0.177307276845851	0.127354454074918	0.111771412453426	0.0744675457155716	0.124094682950471	0.101647002563754	0.0125374677521173	0.125879734521069	0.147900350347689	0.0771882720378819	0.0957426706616437	0.18385914500999	0.199882159383874	0.0980701168697466	0.122743052368721	0.106911945055434	0.101587603235068	0.0727242798462259	0.0609013326572498	0.154125577924076	0.0660174758509898	0.124925605253518	0.11584606121193	0.0869866060770954	0.241582295021359	0.114846470438137	0.0890063590673925	0.15953049911618	0.205373558416034	0.0607529376790606	0.115304794087933	0.12781259541837	0.129522001640266	0.161708294622499	0.109515505371094	0.104302677483598	0.23726658166644	0.0794619446898403	0.240427223576938	0.227821449463261	0.033311674437042	0.187782420008319	0.0826866198352262	0.125293693269441	0.129822395100571	0.0847257134406845	0.0997907026815052	0.100077422742397	0.0761612301300171	0.149152965632449	0.0914769518841161	0.132426799855635	0.0807291280459872	0.0472355696720869	0.0397942424959526	0.107254560198852	0.161598882118385	0.0878912612103705	0.0785542486917547	0.0890355343771095	0.190459442512073	0.124038697266047
