bugName	pval	pT2	pT3	sT2	sT3	Adjustedpval	AdjustedpT2	AdjustedpT3
Fusobacteria	1.63293950250498e-07	1.10698947384158e-07	1.22663259093673e-05	1.79422921338437	1.34864945511664	1.95952740300598e-06	1.32838736860989e-06	0.000147195910912408
Synergistetes	0.00122531694670946	0.0073096392313075	0.000483644799400703	0.59457921834033	0.756310356692305	0.00735190168025679	0.0388379427881281	0.00290186879640422
Proteobacteria	0.0106524711900229	0.00970948569703203	0.00901783612496082	0.368096670171143	0.355969937539484	0.0426098847600915	0.0388379427881281	0.0360713444998433
Euryarchaeota	0.103097332165297	0.10974272043567	0.0466253240820622	0.292307639775241	0.347967023017465	0.309291996495892	0.263382529045608	0.139875972246187
Verrucomicrobia	0.140420548827466	0.0795852817616288	0.99161657524357	0.640616689842973	0.00362547861675715	0.337009317185919	0.238755845284886	0.99161657524357
Epsilonbacteraeota	0.425977944066478	0.207487329286173	0.752408757792875	0.182155957077375	0.0435991283441218	0.763300714046984	0.400791759825828	0.99161657524357
Tenericutes	0.468843247751747	0.233795193231733	0.41516420063371	-0.32128179194847	-0.208944658570241	0.763300714046984	0.400791759825828	0.99161657524357
Actinobacteria	0.542065661320425	0.337743736898633	0.976687889321284	-0.201872821881258	0.0058859431214906	0.763300714046984	0.506615605347949	0.99161657524357
Lentisphaerae	0.594342215520021	0.387720052778348	0.946138917990202	-0.185654936165362	0.0138736714776627	0.763300714046984	0.51696007037113	0.99161657524357
Bacteroidetes	0.636083928372487	0.456928177732778	0.859789633695987	-0.055799880894609	0.0125724627225448	0.763300714046984	0.548313813279333	0.99161657524357
Cyanobacteria	0.759028256467273	0.748026094185457	0.663224605469884	-0.0978024830870105	0.12773161046997	0.828030825237025	0.748026094185457	0.99161657524357
Firmicutes	0.942564078217399	0.738276590754505	0.928175329261625	-0.0153885771584843	-0.00396366540304745	0.942564078217399	0.748026094185457	0.99161657524357
