Actinobacteria	Alphaproteobacteria	Bacilli	Bacteroidia	Campylobacteria	Clostridia	Coriobacteriia	Deltaproteobacteria	Erysipelotrichia	Fusobacteriia	Gammaproteobacteria	Ignavibacteria	Lentisphaeria	Melainabacteria	Methanobacteria	Mollicutes	Negativicutes	Oxyphotobacteria	Saccharimonadia	Synergistia	Thermoplasmata	Verrucomicrobiae	others	BioProject	sample_title	env_material	time	ID	prepost
SRR20283928	2.5818146876499	0	2.17749162020844	4.05672001045146	0.480015587226544	4.09211536279095	2.72860202960748	2.25716323411736	2.50947079812554	0	2.52414926148162	0.480015587226544	0	0	0.702440895827279	0	3.15753616666494	0	0.480015587226544	0	0	0.848815794091451	1.23452945394979	PRJNA859272	04A	fecal	Pre	4	0
SRR20283917	3.12453048539009	0.661911515077029	2.85613164942861	4.0699383186377	0	4.05444197941815	2.5506152581379	2.448863134536	2.55786973862095	0	2.38950458720151	0.762532987921409	1.45532220267666	0	1.59444201189253	0.530715645610628	2.78038823664688	0	0.530715645610628	0	0	1.8010246427524	1.15128291097979	PRJNA859272	04S	fecal	Post	4	1
SRR20283896	3.32356849878577	2.12786607148014	2.56482488389604	3.9684913592552	0	3.96583780650993	2.7849560618875	1.67357554677547	2.89873494355351	0	2.8096569793345	0.491108112008496	2.56233574972055	1.58846699166334	2.59825294130761	2.98880874811335	3.18006715826824	0	0.617763952862485	0	0	2.76819036055746	1.16548880325503	PRJNA859272	06A	fecal	Pre	6	0
SRR20283895	2.31638472259262	0	2.37165045276512	3.83732421264551	0	3.99761998145843	1.73014390655685	2.59878298038763	2.3236899551737	0.654631959228392	3.35721100553685	1.01588839352546	3.09809527243699	0	2.5187944497617	3.02821949565823	3.17796244853618	0.654631959228392	0	0.904686537369052	0	2.89669148848925	3.29404236180171	PRJNA859272	06S	fecal	Post	6	1
SRR20283894	2.42911478973372	0.534714699903787	2.22830519756421	3.91950103693447	1.1686178432132	4.07989719110006	2.73518927454514	2.67052314687774	3.19797692893489	2.66977272886706	2.82529682572863	0.626740851763397	2.52804963504082	0	2.91721848146186	2.47024157238006	2.89944079936627	0.534714699903787	0.873192968035861	0.702635409077802	0.823430494894169	2.323035799208	2.16830323831631	PRJNA859272	08A	fecal	Pre	8	0
SRR20283893	2.33185862571321	1.43988276397859	2.6178390375894	4.07896536422203	0.498513807931866	4.00132073418828	2.27622148860611	2.62675718769645	2.70527657659255	0.779604235260446	2.89558176942208	0.912306138931562	2.03858395073873	0	1.91020654238491	1.2603527914753	3.33553480790509	0	0.779604235260446	0	0	0.661414253904895	2.1868283859018	PRJNA859272	08S	fecal	Post	8	1
SRR20283936	3.18336650215017	0	2.14126297741632	4.20059093925601	0	3.77883887478625	1.96017896532158	2.38976581839091	1.93988755885322	0	3.31089441813176	0	0	0	0	0.577098066422765	3.04050224385978	0	0	0	0	0	1.31039636389549	PRJNA859272	10A	fecal	Pre	10	0
SRR20283935	3.24534098741283	0	2.48420794977634	4.08406884657256	0	3.99647194966786	2.08482443105163	2.10241027856433	2.28022698741328	0.99085020274071	2.92813866795027	0.678317585720817	0	0	0	0.678317585720817	3.22987725398327	0	0	0	0	0.545537617423749	1.09002462804589	PRJNA859272	10S	fecal	Post	10	1
SRR20283934	2.18613194649861	2.00921890188309	1.64019039594712	3.955868557912	0	4.07789843083903	2.71745486418565	2.75341620076344	2.53748713073084	0.949486906929034	2.82575578090301	0	1.90319778720518	2.64535428887352	2.09159937469769	3.16308847615745	3.05918377305612	0.527706675278965	0	0	0	2.66285731770623	1.34899299956282	PRJNA859272	11A	fecal	Pre	11	0
SRR20283933	2.34379583094023	1.62690132425251	1.72879917897514	4.01846911106437	0	3.94681829438915	2.39792192164204	2.41695623310673	2.56485673273949	0.847010283979834	3.67272731952603	0.72491277845985	1.57037173479598	0	0.72491277845985	2.62739026830039	3.15752122783991	0	0	0	0	1.46880999295699	1.08636779397826	PRJNA859272	11S	fecal	Post	11	1
SRR20283932	3.12689465607282	2.10462166572594	2.4288737441437	4.1012661765823	0	4.03436191625406	2.39840767349415	2.39091754481188	1.8614048334309	0	2.76565745692486	0.624228106635883	0	0	0.802714067545407	0.496881390529424	2.8811426997111	0	0	0	0	0	1.4431947297215	PRJNA859272	12A	fecal	Pre	12	0
SRR20283931	2.41128063457644	3.28037768641792	2.89537684580494	4.07524374420616	0.517571297028085	3.92694215301231	2.3535292818987	2.50057721227344	1.89316482434496	0.517571297028085	3.02542647625108	0.517571297028085	1.82925555988763	0.747076839562546	1.00737989118605	0	3.24879917035135	0	0.802771798186212	0	0	2.42146062062609	1.49929201880648	PRJNA859272	12S	fecal	Post	12	1
SRR20283930	2.17278985971776	2.42178656871346	2.58970474860123	4.03610303074227	0	3.85165257928121	2.38317154018173	2.60638356469992	2.03452388435761	0	2.75420474277662	0.783458111055471	2.61639647862221	3.1451997278425	0.389103620891918	0	3.24015038938642	0	0.501671428569187	0.66502901324938	0	3.5340253413353	1.78129250446178	PRJNA859272	13A	fecal	Pre	13	0
SRR20283929	1.29929471856777	2.9856006955474	2.19715890675853	4.07526860342697	0.502851022097853	3.93395962846273	1.87214392856243	2.7890024370918	1.28313257134219	0.390122890619144	2.78174999048681	0	1.60526083380828	3.18692985222361	2.30969148392117	1.21170076036596	2.9878815322425	0	0	2.71098827500439	0	2.95093043932495	1.28313257134219	PRJNA859272	13S	fecal	Post	13	1
SRR20283923	2.38494848261201	0	1.80405492282399	4.1535162326686	0.645355838121188	4.04268884915431	1.76334361652449	1.98046377986689	2.3704275979689	0	2.59068934365138	0	0	0	0	0	2.63760415939138	0	0	0	0	2.49595797507304	1.43480541788983	PRJNA859272	22A	fecal	Pre	22	0
SRR20283922	2.15017743131708	2.12209460022813	2.16544538186099	3.96245498346013	0	4.08380573656932	3.20310172446081	2.08760562553324	2.42972366675777	0	2.02496808982908	0	0	1.71233559905192	0	2.90712906777901	3.19230727393889	0	1.24136902901677	1.61752616016409	0	2.92965044898182	0	PRJNA859272	22S	fecal	Post	22	1
SRR20283921	1.91363275295588	0	2.6689013838007	4.25066977941587	0	3.68130035328032	2.27795363752104	2.18759230951449	2.67115654606747	0	2.75105759045816	0	0.418187940213571	0	0	0	3.40526384530488	0	1.38881293709046	1.42989853163085	0	0.535164242980801	0.418187940213571	PRJNA859272	25A	fecal	Pre	25	0
SRR20283920	0	0	2.1293555655654	4.03254147701218	0	4.06229896990192	1.41001330530671	1.83153791049198	2.04705959012053	1.32929787601963	2.75637923016949	0.729137316385078	1.94543519331036	0	0	2.23673873579797	3.50626918176645	1.19123306162079	0.729137316385078	1.35790255363502	0	2.56491629592244	0.591781227861418	PRJNA859272	25S	fecal	Post	25	1
SRR20283916	2.8800032472867	0	2.14628339115984	4.15385255561938	0	3.81522937196734	2.2191193881006	2.58858877509198	1.87227714168339	0	2.95154965088303	0	0	0	0	0	3.59026256386521	0	1.5386216687119	0	0	0	0	PRJNA859272	28A	fecal	Pre	28	0
SRR20283915	1.88060597871101	1.49613281295044	2.49105191100296	3.9304440009439	0	4.03289444817914	2.85858482248296	2.6143860651572	3.12116200042016	1.82633031160722	3.02433412108647	0	2.4235042745365	0	0	0	3.53615870745591	1.23207180931555	0	0	0	2.06156693760325	0	PRJNA859272	28S	fecal	Post	28	1
SRR20283912	1.29840408524456	2.6080544383976	2.17023208838745	3.94958530617626	0	4.17250508685201	2.15819450312071	1.82658030089589	2.16625651751306	0.805781116458219	2.5735018592367	0	0	0	0	3.08494308840038	2.86605150849761	0	0	0	0	1.94770093122468	0.805781116458219	PRJNA859272	30A	fecal	Pre	30	0
SRR20283911	0.441919085227818	2.93557414843016	1.7178897505473	3.99486190226724	0	4.08234622768418	2.30615167711571	2.22512123704756	1.93342885379403	0.856275127682376	2.71775013454999	0	1.95522830891568	0.906642317835546	2.09875806481176	3.15049269567024	3.05501331135227	0	1.24995737071205	0	1.46631615829113	2.64947057527817	0.65637157303854	PRJNA859272	30S	fecal	Post	30	1
SRR20283905	1.86758212262412	0	1.72380418833623	4.0656355710114	0	4.04674135111035	2.59233850875627	2.3608713604924	2.66747105917709	0	2.73979506205488	0	1.59207837684392	0	2.63386325619365	2.16906631761755	3.24411547059157	0	0.519638248749233	0.74951279939279	0	2.3608713604924	0	PRJNA859272	36A	fecal	Pre	36	0
SRR20283904	1.84790561989619	2.15375499996783	2.6853884194077	3.95519352670675	0	4.1320524913598	2.26091076008582	1.53707338298909	2.47995992820334	0	2.16535982772525	0	1.74051879694578	1.88584116508237	1.87106216145315	1.76995547288712	3.33713298847351	1.33403053560762	1.27890423189972	0.788503533969894	0	2.85809404203689	0	PRJNA859272	36S	fecal	Post	36	1
SRR20283903	1.37015591929479	2.82773680744997	2.65416713822834	4.1109314856041	0	4.00465329321316	3.02051633870456	2.91068095498799	2.42090528081619	0	2.22509238392483	0	2.01490826038899	0	2.30761658109714	0	2.53607501303601	0	0.893918341690892	0	0	0	1.33240756457846	PRJNA859272	38A	fecal	Pre	38	0
SRR20283902	1.50717522755995	2.46369011380266	1.59186232990833	3.99747553021095	0	4.13674452744766	1.88240008334177	2.74139519816781	2.20468673514862	0	2.86511286042811	0	1.6707939021901	2.44521545471011	2.35404914848427	1.6865435696641	2.99866079396675	0	0	0	0	1.11772601790311	0.649438436125052	PRJNA859272	38S	fecal	Post	38	1
SRR20283901	0	0	1.68611586770774	4.16831109381357	0	3.96096855884946	2.62058463916209	2.70970619182675	2.36815029397324	0	3.02173558595183	0	0	0	0.441036105757384	0	2.99161999788127	0	0	0	0	0.90543045982457	0.798127113035727	PRJNA859272	41A	fecal	Pre	41	0
SRR20283900	1.80796977186774	2.67131709862669	2.02710689643052	3.89974176787919	0	3.81964757174616	2.21876434582032	2.22316931676468	2.64806089299268	2.27670495899582	2.78293835841164	0.640888303012922	0	2.41066133350092	0	0	3.07905368133536	1.23113700469464	0	0	0	3.9474184699259	1.69091222523477	PRJNA859272	41S	fecal	Post	41	1
