Actinomycetales	Aeromonadales	Bacillales	Bacteroidales	Betaproteobacteriales	Bifidobacteriales	Campylobacterales	Chloroplast	Clostridiales	Coriobacteriales	Corynebacteriales	Desulfovibrionales	Enterobacteriales	Erysipelotrichales	Flavobacteriales	Fusobacteriales	Gastranaerophilales	Ignavibacteriales	Izimaplasmatales	Lactobacillales	Methanobacteriales	Methanomassiliicoccales	Micrococcales	Mollicutes_RF39	Mycoplasmatales	Opitutales	Pasteurellales	Pseudomonadales	Rhodospirillales	Rickettsiales	Saccharimonadales	Selenomonadales	Synergistales	Thermoanaerobacterales	Verrucomicrobiales	Victivallales	others	BioProject	sample_title	env_material	time	ID	prepost
SRR20283928	0	0	0	4.05672001045146	2.2164954423953	2.5818146876499	0.480015587226544	0	4.09211536279095	2.72860202960748	0	2.25716323411736	1.20818465000567	2.50947079812554	0	0	0	0.480015587226544	0	2.17749162020844	0.702440895827279	0	0	0	0	0	2.19182701245298	0	0	0	0.480015587226544	3.15753616666494	0	0	0.848815794091451	0	1.23452945394979	PRJNA859272	04A	fecal	Pre	4	0
SRR20283917	0.661911515077029	0	0.530715645610628	4.0697612694029	1.89655910298004	3.12100387081611	0	0	4.05444197941815	2.5506152581379	0	2.448863134536	2.09444503688327	2.55786973862095	0.762532987921409	0	0	0.762532987921409	0	2.85249636337896	1.59444201189253	0	0.912864213519314	0.530715645610628	0	0.661911515077029	1.64436507442144	0	0.661911515077029	0	0.530715645610628	2.78038823664688	0	0	1.77563759720981	1.45532220267666	1.24939914577979	PRJNA859272	04S	fecal	Post	4	1
SRR20283896	0	0	0	3.96785402120655	2.74341034038084	3.32356849878577	0	0	3.96568991044551	2.7849560618875	0	1.67357554677547	1.63310277878689	2.89873494355351	1.16548880325503	0	1.58846699166334	0.491108112008496	0	2.56482488389604	2.59825294130761	0	0	2.98880874811335	0	0	1.70163252658788	0	2.12786607148014	0	0.617763952862485	3.18006715826824	0	0.617763952862485	2.76819036055746	2.56233574972055	1.16548880325503	PRJNA859272	06A	fecal	Pre	6	0
SRR20283895	0	1.21033202249433	0.654631959228392	3.83665770250576	2.84898276306605	2.27520159088078	0	0.654631959228392	3.99761998145843	1.73014390655685	0	2.59878298038763	3.1826653649344	2.3236899551737	1.06236367300228	0.654631959228392	0	1.01588839352546	2.24443797654736	2.36511478769618	2.5187944497617	0	1.29546233879313	2.95064243593633	0	0	1.42772461535367	0.904686537369052	0	0	0	3.17796244853618	0.904686537369052	0	2.89669148848925	3.09809527243699	3.29404236180171	PRJNA859272	06S	fecal	Post	6	1
SRR20283894	1.1686178432132	0	0.702635409077802	3.91857027592466	2.70923314071802	2.40215114998167	1.1686178432132	0.534714699903787	4.07811162322889	2.73518927454514	0	2.67052314687774	2.13616197996889	3.19797692893489	0.534714699903787	2.66977272886706	0	0.626740851763397	1.57265559757255	2.21780113026469	2.91721848146186	0.823430494894169	0.534714699903787	2.24460051761069	1.92568839851191	0	1.34282453686502	0	0	0	0.873192968035861	2.89944079936627	0.702635409077802	0	2.323035799208	2.52804963504082	2.3313008658335	PRJNA859272	08A	fecal	Pre	8	0
SRR20283893	0.587557506105471	0	0	4.07891342566551	2.62454476000141	2.295570056771	0.498513807931866	0	4.00132073418828	2.27622148860611	0.386377022132122	2.62675718769645	2.02409592518505	2.70527657659255	0	0.779604235260446	0	0.912306138931562	0.661414253904895	2.6178390375894	1.91020654238491	0	1.14329114414036	1.16512573687114	0	0	2.41479643275215	0	0.828483664616932	0	0.779604235260446	3.33553480790509	0	0	0.661414253904895	2.03858395073873	2.24900481531896	PRJNA859272	08S	fecal	Post	8	1
SRR20283936	0.713058712075371	0.96986878516964	0.816450054256438	4.20043895146471	2.94300418996886	3.18217906126603	0	0	3.77883887478625	1.96017896532158	0	2.38976581839091	3.06402033048312	1.93988755885322	0	0	0	0	0	2.12348345430861	0	0	0	0.577098066422765	0	0	0	0.577098066422765	0	0	0	3.04050224385978	0	0	0	0	1.4147924314065	PRJNA859272	10A	fecal	Pre	10	0
SRR20283935	0	1.23872618841735	0.779865269565385	4.08366415297751	2.89885510907022	3.24534098741283	0	0	3.99647194966786	2.08482443105163	0	2.10241027856433	1.45682889648898	2.28022698741328	0	0.99085020274071	0	0.678317585720817	0	2.47699347662378	0	0	0	0.678317585720817	0	0	0.931233559198483	0.678317585720817	0	0	0	3.22987725398327	0	0	0.545537617423749	0	1.37303658311329	PRJNA859272	10S	fecal	Post	10	1
SRR20283934	0	0	0	3.95120905585264	2.81116092507198	2.17937290656471	0	0.527706675278965	4.07784106137184	2.71745486418565	0	2.75341620076344	1.31712200533416	2.53748713073084	1.97059434518374	0.949486906929034	2.64535428887352	0	2.09159937469769	1.64019039594712	2.09159937469769	0	0.527706675278965	3.12491968354927	0	1.86745730036962	0.527706675278965	0	2.00921890188309	0	0	3.05918377305612	0	0	2.54830166039285	1.90319778720518	1.79130664575815	PRJNA859272	11A	fecal	Pre	11	0
SRR20283933	0	3.62211265255064	0	4.01692442896898	2.59535222524799	2.34379583094023	0	0	3.94681829438915	2.39792192164204	0	2.41695623310673	1.79358402857951	2.56485673273949	1.54976600277919	0.847010283979834	0	0.72491277845985	0.435065398565259	1.72879917897514	0.72491277845985	0	0	2.62562182432733	0	0	1.81127410945399	0	1.21769451416316	0	0	3.15752122783991	0	0	0.942206593152987	1.57037173479598	1.78752350190828	PRJNA859272	11S	fecal	Post	11	1
SRR20283932	0	0	0.722576524699707	4.1012661765823	2.72648538819098	3.12689465607282	0	0	4.03436191625406	2.39840767349415	0	2.39091754481188	1.40834153397008	1.8614048334309	0	0	0	0.624228106635883	0	2.42189514660553	0.802714067545407	0	0	0.496881390529424	0	0	1.42611766985078	0	2.097256492059	0.496881390529424	0	2.8811426997111	0	0	0	0	1.4431947297215	PRJNA859272	12A	fecal	Pre	12	0
SRR20283931	0.973455695117172	0	0.936655311973263	4.07518791622399	2.87770629465647	2.38882180730979	0.517571297028085	0	3.92694215301231	2.3535292818987	0	2.50057721227344	2.23215854976718	1.89316482434496	0	0.517571297028085	0.747076839562546	0.517571297028085	0	2.891132788682	1.00737989118605	0	0.747076839562546	0	0	0	2.13198280986701	0.402873843622812	3.28037768641792	0	0.802771798186212	3.24879917035135	0	0	2.42146062062609	1.82925555988763	1.51982577556562	PRJNA859272	12S	fecal	Post	12	1
SRR20283930	1.26471801295222	0	0.916361196523053	4.0352911773027	2.64654343545785	2.11882100859649	0	0	3.85165257928121	2.38317154018173	0	2.60638356469992	1.97209841678391	2.03452388435761	1.3282790123046	0	3.1451997278425	0.783458111055471	0	2.5815315469481	0.389103620891918	0	0	0	0	0	1.4663949625647	0.66502901324938	2.42178656871346	0	0.501671428569187	3.24015038938642	0.66502901324938	0	3.5340253413353	2.61639647862221	1.78129250446178	PRJNA859272	13A	fecal	Pre	13	0
SRR20283929	0.390122890619144	0	0	4.07367118431495	2.77010280389404	1.26634562783586	0.502851022097853	0	3.93395962846273	1.87214392856243	0	2.7890024370918	1.01953681162854	1.28313257134219	1.64993922132578	0.390122890619144	3.18692985222361	0	1.21170076036596	2.19715890675853	2.30969148392117	0	0	0	0	0	0.666378406722173	0.592266409047492	2.9856006955474	0	0	2.9878815322425	2.71098827500439	0	2.95093043932495	1.60526083380828	1.28313257134219	PRJNA859272	13S	fecal	Post	13	1
SRR20283923	0.515814164088707	0	0	4.1535162326686	2.51903330087876	2.38084896302644	0.645355838121188	0	4.04268884915431	1.76334361652449	0	1.98046377986689	1.78008881060863	2.3704275979689	0	0	0	0	0	1.80405492282399	0	0	0	0	0	0	0	0	0	0	0	2.63760415939138	0	0	2.49595797507304	0	1.43480541788983	PRJNA859272	22A	fecal	Pre	22	0
SRR20283922	0.680535119920778	0	0	3.96233525720506	1.63057250525563	2.13836356945049	0	0	4.08339817327594	3.20310172446081	0	2.08760562553324	1.80755780679523	2.42972366675777	0	0	1.71233559905192	0	2.90712906777901	2.16544538186099	0	0	0	0	0	0	0	0	2.12209460022813	0	1.24136902901677	3.19230727393889	1.61752616016409	0	2.92965044898182	0	1.17332442852083	PRJNA859272	22S	fecal	Post	22	1
SRR20283921	0	0	0.703144352667451	4.25066977941587	2.34642470643751	1.91363275295588	0	0	3.68130035328032	2.27795363752104	0	2.18759230951449	2.51061684436735	2.67115654606747	0	0	0	0	0	2.6651165601183	0	0	0	0	0	0	1.29274630534267	0	0	0	1.38881293709046	3.40526384530488	1.42989853163085	0	0.535164242980801	0.418187940213571	0.418187940213571	PRJNA859272	25A	fecal	Pre	25	0
SRR20283920	0	0	0	4.03254147701218	2.70848916643649	0	0	1.19123306162079	4.06229896990192	1.41001330530671	0	1.83153791049198	1.67672149516431	2.04705959012053	0	1.32929787601963	0	0.729137316385078	2.23673873579797	2.1293555655654	0	0	0	0	0	0	1.04815200337714	0.591781227861418	0	0	0.729137316385078	3.50626918176645	1.35790255363502	0	2.56491629592244	1.94543519331036	0.591781227861418	PRJNA859272	25S	fecal	Post	25	1
SRR20283916	0	0	0	4.15385255561938	2.94765198993023	2.8800032472867	0	0	3.81522937196734	2.2191193881006	0	2.58858877509198	0.95382656805827	1.87227714168339	0	0	0	0	0	2.14628339115984	0	0	0	0	0	0	0	0	0	0	1.5386216687119	3.59026256386521	0	0	0	0	0	PRJNA859272	28A	fecal	Pre	28	0
SRR20283915	0	0	0	3.9304440009439	2.79636428694456	1.83774167187906	0	1.23207180931555	4.03289444817914	2.85858482248296	0	2.6143860651572	2.63642126035324	3.12116200042016	0	1.82633031160722	0	0	0	2.49105191100296	0	0	0.910592275164675	0	0	0	0	0	1.44361875659821	0.659887585748279	0	3.53615870745591	0	0	2.06156693760325	2.4235042745365	0	PRJNA859272	28S	fecal	Post	28	1
SRR20283912	0	0	0	3.94958530617626	2.55268311141798	1.29840408524456	0	0	4.17226881629073	2.15819450312071	0	1.82658030089589	1.26789665256044	2.16625651751306	0	0.805781116458219	0	0	0	2.17023208838745	0	0	0	3.08494308840038	0	0	0	0	2.6080544383976	0	0	2.86605150849761	0	0	1.94770093122468	0	1.160927862671	PRJNA859272	30A	fecal	Pre	30	0
SRR20283911	0	0	0.441919085227818	3.99486190226724	2.61828552100947	0	0	0	4.0817428922764	2.30615167711571	0	2.22512123704756	1.89610026635538	1.93342885379403	0	0.856275127682376	0.906642317835546	0	2.67371428017222	1.70294666886951	2.09875806481176	1.46631615829113	0.441919085227818	2.97469051560957	0	0	1.47923015439072	0	2.93557414843016	0	1.24995737071205	3.05501331135227	0	0	2.64947057527817	1.95522830891568	1.32866294465856	PRJNA859272	30S	fecal	Post	30	1
SRR20283905	0	0	0	4.06546314411349	2.73520772155083	1.86758212262412	0	0	4.04674135111035	2.59233850875627	0	2.3608713604924	0	2.66747105917709	0.74951279939279	0	0	0	1.0564662872303	1.72380418833623	2.63386325619365	0	0	2.13736897475179	0	0	0.830677533339631	0	0	0	0.519638248749233	3.24411547059157	0.74951279939279	0	2.3608713604924	1.59207837684392	0	PRJNA859272	36A	fecal	Pre	36	0
SRR20283904	1.27890423189972	0	2.00015740811124	3.95488377113663	1.53707338298909	1.65060174010825	0	1.33403053560762	4.13180514233287	2.26091076008582	0	1.53707338298909	1.48546953119422	2.47995992820334	0.871042901261797	0	1.88584116508237	0	0	2.58610249067599	1.87106216145315	0	0.94037255010472	1.76995547288712	0	0	1.92072760382662	0	2.15375499996783	0	1.27890423189972	3.33713298847351	0.788503533969894	0	2.85809404203689	1.74051879694578	0.94037255010472	PRJNA859272	36S	fecal	Post	36	1
SRR20283903	0.690592134015954	0	0	4.11063585778161	1.98960840826579	1.29106312191512	0	0	4.00465329321316	3.02051633870456	0	2.91068095498799	1.85297055768672	2.42090528081619	0.990563440308728	0	0	0	0	2.65416713822834	2.30761658109714	0	0	0	0	0	0	0	2.82773680744997	0	0.893918341690892	2.53607501303601	0	0	0	2.01490826038899	1.33240756457846	PRJNA859272	38A	fecal	Pre	38	0
SRR20283902	0.436247256079273	0	0	3.99675679103393	2.20935270698503	1.48314553899501	0	0	4.13666223655009	1.88240008334177	0	2.74139519816781	2.74815840605114	2.20468673514862	1.24154780380371	0	2.44521545471011	0	0	1.59186232990833	2.35404914848427	0	0	1.6865435696641	0	0	1.11772601790311	0	2.46369011380266	0	0	2.99866079396675	0	0	1.11772601790311	1.6707939021901	0.848611605115232	PRJNA859272	38S	fecal	Post	38	1
SRR20283901	0	0	0	4.16831109381357	0	0	0	0	3.96096855884946	2.62058463916209	0	2.70970619182675	3.02173558595183	2.36815029397324	0	0	0	0	0	1.68611586770774	0.441036105757384	0	0	0	0	0	0	0	0	0	0	2.99161999788127	0	0	0.90543045982457	0	0.798127113035727	PRJNA859272	41A	fecal	Pre	41	0
SRR20283900	0.934079904442035	0	0	3.89974176787919	2.39619245850934	1.75337300539834	0	1.23113700469464	3.81964757174616	2.21876434582032	0	2.22316931676468	2.55467588232272	2.64806089299268	0	2.27670495899582	2.41066133350092	0.640888303012922	0	2.02710689643052	0	0	0	0	0	0	0	0	2.67131709862669	0	0	3.07905368133536	0	0	3.9474184699259	0	1.69091222523477	PRJNA859272	41S	fecal	Post	41	1
