Acidaminococcaceae	Actinomycetaceae	Aerococcaceae	Aeromonadaceae	Akkermansiaceae	Atopobiaceae	Bacillaceae	Bacteroidaceae	Bacteroidales_Incertae_Sedis	Barnesiellaceae	Bifidobacteriaceae	Burkholderiaceae	Campylobacteraceae	Cardiobacteriaceae	Carnobacteriaceae	Caulobacteraceae	Christensenellaceae	Clostridiaceae_1	Clostridiales_vadinBB60_group	Coriobacteriaceae	Coriobacteriales_Incertae_Sedis	Corynebacteriaceae	Defluviitaleaceae	Desulfovibrionaceae	Eggerthellaceae	Enterobacteriaceae	Enterococcaceae	Erysipelotrichaceae	Eubacteriaceae	Family_III	Family_XI	Family_XIII	Fusobacteriaceae	Hydrogenophilaceae	Incertae_Sedis_fa	Lachnospiraceae	Lactobacillaceae	Leptotrichiaceae	Leuconostocaceae	Marinifilaceae	Melioribacteraceae	Methanobacteriaceae	Micrococcaceae	Muribaculaceae	Mycoplasmataceae	Neisseriaceae	Oligosphaeraceae	Pasteurellaceae	Peptococcaceae	Peptostreptococcaceae	Porphyromonadaceae	Prevotellaceae	Propionibacteriaceae	Puniceicoccaceae	Rikenellaceae	Ruminococcaceae	Saccharimonadaceae	Sphingomonadaceae	Staphylococcaceae	Streptococcaceae	Succinivibrionaceae	Synergistaceae	Tannerellaceae	vadinBE97	Veillonellaceae	Victivallaceae	Weeksellaceae	Xanthomonadaceae	others	BioProject	sample_title	env_material	time	ID	prepost
SRR20283940	2.98597933851318	0	0	0	3.14002953993294	0	0	3.6433500164178	0	2.58354007766609	0	0.777490339161064	0	0	0	0	3.04803758178925	0	0.844418230827189	1.83172737387765	0.844418230827189	0	0.844418230827189	2.09958363192939	2.08911835193443	1.87427863487075	0	2.09958363192939	0	0	0	1.76264846770566	0	0	0	3.69081882146924	0	0	0	2.43057349041793	0	2.44168942101484	0	1.94369847984515	0	0	0	0	0.601465216506002	0	0	3.28588816541299	0	0	2.52034726083401	3.82953889654823	0	0	0	1.51774478372497	0	0	3.02818523365521	0	0.999286172404444	1.46163215999915	0	0	3.30862440090848	PRJNA859272	01A	fecal	Pre	1	0
SRR20283939	2.92854911415689	0	0	0	3.18386036780413	0	0	3.61435388259332	0	2.60794446804645	0.928904552414467	1.9062304873801	0.676233409580783	0.676233409580783	0	0	2.40286156225955	1.05302715742817	1.5037361813735	1.64411493712797	0.580779844307539	0	0.754440969854714	2.1864124214614	1.96732210576002	3.31065444954426	1.05302715742817	1.94018911958407	0	0	0.676233409580783	1.89082254855841	0	0	0	3.69113940518508	0	0	0	2.16191073828671	0	2.96485452903709	0	1.25169568421128	0	0	0	1.92595927303261	0.458257718809652	0.458257718809652	0	2.5936728764991	0.458257718809652	1.58489287987447	2.08888527622026	3.82691155444954	0.458257718809652	0	0	2.80838805872433	0	0	3.01634648766793	1.20357344078794	2.71885298603262	0.974335774356381	0	0	3.07658091580317	PRJNA859272	01BP	fecal	Post	1	1
SRR20283906	2.69433219947262	0	0	0	0	0	0.797687432302665	3.41783268225559	0	2.36762957015294	0.931317271952102	3.11609253518136	0	0	0	0	0	1.20613670046944	0.399231786447835	2.55237314258042	0	0	0	0	1.89142485082011	0.931317271952102	0	1.34447597968728	0	0.846942262784177	0	1.62014722772666	0	0.603674114079878	0	3.3439799136278	0	0	0	2.10849494711024	1.37312738739192	0	0	0	0	0	0	0.513373533206176	1.98213173814032	0.513373533206176	0	4.09743336767149	0	0	2.99293133353387	3.64468905463072	0	0.513373533206176	0	1.66486202079755	0	0	2.44696832888813	0	2.8228415410507	0	0	0.399231786447835	1.14029746586977	PRJNA859272	05A	fecal	Pre	5	0
SRR20283897	3.19945990623728	0.819743570700327	0	0	2.86073266802926	1.462625161741	0	3.17250714177636	0	1.05200984298638	1.27283777956396	2.74847458032252	0	0	1.05200984298638	0	0.579956969233628	0	0	1.5026549979908	0	0	0	2.29470030683511	1.20252715408904	3.58916393615156	0	1.8949174808263	0	0	0.579956969233628	0.579956969233628	1.25064206265035	0	0	3.60364665357097	1.27283777956396	1.38642721373018	0	1.65215383733334	0	0.579956969233628	0.457530413089767	2.32451661519179	0	0.579956969233628	0	2.45324683696877	0	2.4112926009873	0	3.95919072820768	0	0	1.99175428982463	3.1161117587798	0.973338105079549	0	0	2.73225312002335	0	0	2.16636764050125	0	3.08690331833065	0.753521431504406	0	0	2.79833283228111	PRJNA859272	05BP	fecal	Post	5	1
SRR20283938	2.97480986181642	0	0	0	1.57162047338156	0	0	3.99325075738444	0	2.09745948735383	2.01364515282107	2.76325458917241	0	0	0.683069914044558	0	1.73626543314974	0	0	2.92355002415525	0.683069914044558	0	0	2.55642778381053	0.683069914044558	0	0	1.71280423651435	0	0	0.463911934326537	1.61397563872345	0	0	0	3.78294594195453	0.683069914044558	0	0	2.41467625784531	0	0	0	2.78827498641049	0.463911934326537	0	0	1.4279194371614	0	0.683069914044558	0	2.66491981404589	0	0	2.27017162365023	3.5392260630869	0.7615758546373	0	0	2.91606670846019	0	0	2.87047955210058	0	0.8280396395214	0	0	0	2.96413046601385	PRJNA859272	09A	fecal	Pre	9	0
SRR20283937	2.79030074196755	0	0.455043855608729	0	3.00648870237839	0.284578051041097	0	3.87426686228365	0	2.54860292252063	0.713107229510176	2.94237626335907	0.378121542893837	0	0.784695159080642	0	2.00019487071901	0.378121542893837	0	2.15419542260689	0.873876725967189	0.873876725967189	0	2.37904372133927	1.09935820569776	2.68791287828999	0	1.73047724357225	0	0	0.899951655995925	1.54140871010189	0	0	0	3.56277923059676	0	0	0	3.02452500266592	0.284578051041097	0	0.284578051041097	2.83660645061439	0	0	0	0.57714230176164	0	0	0	2.15560245288611	0	0	3.11260120611641	3.73969188220806	0.627343917776297	0	0	2.22431950486498	0.57714230176164	1.80893466688231	2.45370023771429	0	2.38488266316111	1.42251531724804	0	0	3.3017216308463	PRJNA859272	09BP	fecal	Post	9	1
SRR20283927	2.82709491684513	0	0	0	0	1.75072449193724	0.393647823323191	3.17844030173226	0	1.57847127194718	3.29785494742195	2.22075213349719	0	0	0	0.393647823323191	2.74141113681658	1.7333168602422	2.98060800368444	2.37351612654406	0.671037136642147	0	0.923092115682821	2.79286343657521	2.05358337481802	1.76746118777148	0	2.77333193548767	0	0	0	1.91067805852172	0	0	0	3.72973809419104	0.734499131880903	0	0	2.41115152102825	0.671037136642147	2.85704683209806	0	0	0	0	2.84668298962377	0	0.838953280940063	1.0541493000187	0	3.56636332859071	0	0	2.00888046261527	3.6308890124898	0	0	0	1.49479421607939	2.8539187185521	0	3.17822781387314	1.51483185844997	0.596688098577685	2.38948680957352	0	0	3.08440750426327	PRJNA859272	14A	fecal	Pre	14	0
SRR20283926	3.13284196364311	0	0	0	0	0	0	3.04291220424404	0.357823338892079	1.84959198841583	1.69563713166706	2.33175567671516	0.738618170377043	0	0	0	2.14356679782114	0	2.34325024106577	1.92180216536077	0	0	0.551307162210793	2.56531914802818	1.70120057690675	3.34197927426978	0	2.64139488875761	0	0.357823338892079	0.969238586668747	1.58819025074478	0	0	0	3.51478988099946	1.47402428770369	0	0.357823338892079	2.32785554002244	0.86905992504665	1.24631120046516	0.786585242740861	0	0	0	2.49490209498046	0.684687767444234	0.357823338892079	0.623097951025579	0	3.80765288841606	0	0	2.15343471615381	3.64373153922413	0	0.465252246614567	0	2.95475767268101	3.38204187818832	0	2.84123620061258	0	2.79479134502961	1.87993129693094	0	0	2.84243584005929	PRJNA859272	14BP	fecal	Post	14	1
SRR20283925	2.91945201980942	0	0	0	1.68705603099576	0	0	3.78391068951468	0	2.11659775053542	2.03916811522817	2.82694507919465	0	0	0	0	2.40487129847119	0	1.03574980762578	2.16311361520487	0.632052141630673	0	0.879210576905062	2.56706399430278	1.95289891356901	1.19829957833336	0	3.48970496404727	0	0	0.632052141630673	1.55026502066175	0	0	0	3.70764439289172	0	0	0	1.95289891356901	0.772981423155209	0	0	1.98359919506893	0	0	0	1.28041897778495	0	0	0	3.09850836596557	0	0	2.48889037235186	3.77597568060335	0.964495310398273	0	0	2.31810088396417	0.879210576905062	0	2.79382805442333	1.68705603099576	1.03574980762578	1.71544337901895	0	0	2.95012423773392	PRJNA859272	21A	fecal	Pre	21	0
SRR20283924	2.47414062800381	0	0	0	2.61834438630341	0	0	3.70723383698442	0	2.51790593551832	0.447956964821936	2.3501253194486	0.569108508892543	0.807228273067026	0	0	2.61928725900912	0.447956964821936	2.66484616807727	1.90540105313413	0	0.447956964821936	0.447956964821936	2.24575959903154	2.25018877463006	2.40281007663843	0	2.98165331517059	0	0	0	1.35529570293023	0.447956964821936	0	0	3.58704083825433	0	0	0	2.58296106149234	0	2.84708228965052	0	2.7514396742681	0	0	0	1.93824391878185	0	0	0	2.7373175105725	0	0.569108508892543	2.80985625934154	3.90487993426876	1.03855483818793	0	0.569108508892543	1.13468984580528	1.33764472104627	0	2.81827648697071	2.53424753831105	2.16260159899646	0	0	0	3.213668723345	PRJNA859272	21BP	fecal	Post	21	1
SRR20283919	2.11582921663576	0	0	0	1.02919683285957	0	0	3.63829578875209	0	2.84177319852011	2.06288998787638	2.32562749356639	0	0	0	0	3.11341524507533	1.17904576412493	0.905860423179855	1.51495110044155	0	0	1.0635883303123	0.950977692207342	1.37869559838351	1.24911495383789	0	1.76560129046737	0	0	0	0.798539974744485	0	0	2.31091262827163	3.74403984493527	0	0	0	2.2103081336027	0	2.42823859947222	0	0	0	0.950977692207342	0	2.7752059616173	0.991845856842851	1.02919683285957	0	2.73343636419152	0	0	2.83286581810257	3.86551191898895	1.20367983131191	0	0	2.72269719829409	0	0	2.28786105544111	0	3.02908180193286	2.24213306014637	0	0	3.3522465313075	PRJNA859272	26A	fecal	Pre	26	0
SRR20283918	2.89568632930923	1.13225685820966	0	0.832309747873002	3.51945457506739	0.890031226548474	0	3.59783079858937	0	2.728580462262	2.2947479859853	1.88286290300664	0.467207525352955	0	1.21638636589579	0	2.82579842299355	1.26459700432038	2.24280587057127	0.765723320824904	0	0	1.10015556963875	2.36350479734837	1.59819808226315	3.48156259992821	0	1.40060146513001	0	0	0.832309747873002	1.34743218472145	1.55365603822272	0	1.91971859092435	3.53306823364197	1.4169702328846	0	0	2.42757793204603	0	2.75885529292722	0	0	0	0	0	1.32815705646104	0	0.765723320824904	0	1.79819063624778	0	0	2.77955570216629	3.77526046732265	1.13225685820966	0	0	2.52541655682089	0	1.43274439698464	2.49563520499633	0	3.03233174532248	1.78462525712835	0	0	2.75665645886199	PRJNA859272	26BP	fecal	Post	26	1
SRR20283914	3.02085838722931	0	0	0	0	0	0	3.8770139712465	0	2.67407288799371	1.880078365427	2.67574939459852	0	0	0	0	1.28468623757091	0	0	2.62240513480667	0	0	1.00563792167276	2.39362421770116	1.57429358282955	1.63347911576851	0	2.49337799409697	0	0	0	0.811467661700963	1.8475297716899	0	0	3.64741514506467	1.73205465720942	0	0	2.52290850849823	0	0	0	0	0	0	0	1.07761485901568	0	0	0	2.3205183827087	0	0	2.96270957623121	3.76170674251818	0	0	0	2.74232608814979	0	0	3.22652115424589	0	3.25915794439572	0	0	0	1.19337682734309	PRJNA859272	29A	fecal	Pre	29	0
SRR20283913	2.8780879469348	1.01091625796161	0	0	1.40957435310026	0	0	3.90833388036321	0	2.64098390047263	2.61251075959662	2.36904130201111	0	0	1.01091625796161	0	1.9489904022575	1.01091625796161	0	2.50969507696116	1.2902368679209	0	0	2.94609166779348	1.52362807494026	3.35718653978415	0	2.031114378544	0	0	0.611175821339955	1.35399179370341	1.2902368679209	0	0	3.16530891568371	2.49494669882397	0	0	2.57496710859628	0	2.59072010147078	1.07177030510137	0	0	0	0	0	0	0	0	2.72809278171504	0	0	3.05250605485592	3.83093010462642	0.855500651163805	0	0	2.35743220912458	0	0	2.9668239431776	0	2.75126726363736	0	0	0	2.01846075091686	PRJNA859272	29BP	fecal	Post	29	1
SRR20283910	3.02008952195058	0	0	0	3.31191947290964	0.593892068977101	0	3.70374206641927	0	1.67054660800052	2.75994570253409	2.26788676608022	0	0	1.75269364338344	0	2.59224690122905	1.69686199532729	0.469868502394773	2.63745981174345	0	0	1.3697469213892	2.45745989956638	2.03449757911078	3.67284449234894	0	2.41562763559604	0.469868502394773	0	0	1.52087913559833	0	0	0	3.42348821595039	1.10386850774635	0	0.593892068977101	2.29232603626572	0	2.55377114872325	0.690252052857591	1.48079337809551	0	0	0	0.769066225435354	0.690252052857591	0.769066225435354	0	1.7954277482571	0	1.61258756979462	2.75026992651625	3.74058695023329	0	0	0	2.39223918812987	0	0	2.52186176183103	0	1.88684205410016	0	0	0	3.06934976331964	PRJNA859272	32A	fecal	Pre	32	0
SRR20283909	2.94894355585705	1.15629281172994	0	0	2.8712600249913	1.51574925183687	0	3.97226189102091	0	2.26372960534198	1.18630755381604	2.03614087891584	0	0	2.48072231878657	0	3.25619661507427	0	1.39069790947167	2.04826431655559	0	0	0	2.57438849094731	1.77417865638822	3.44677732260546	0	2.17223042637733	0.707741460082323	0	1.18630755381604	1.37219491718701	1.74313062296005	0	0	3.25197886636746	1.79608965968192	0	0	2.66892457468463	0	2.36499756306481	0	0	0	0	0	0	0.963977725084521	0	0.484443048618514	1.50195007129587	0.484443048618514	0.963977725084521	2.70901581680552	3.469722042069	0	0	0	1.96985960663346	0.484443048618514	2.70814457047785	3.0241851052618	0	2.97800499883591	0.707741460082323	0	0	2.91347017747992	PRJNA859272	32BP	fecal	Post	32	1
SRR20283908	3.21889380121599	0	0	0	0	0	0	3.85850664931656	0	1.66108067943631	1.12137508505005	0	0	0	0	0	2.73312485032834	0	1.57603157196936	2.91383131937627	1.04871275949939	0	0	2.48658535346298	1.32988488536765	3.036202289952	0	1.90557151863167	0	0	0.961401248723579	1.04871275949939	1.90557151863167	0	0	3.56615143789981	0	0	0	2.940002132826	0	0	0	0	0	0	0	1.04871275949939	0	0	0	0.852003131627231	0	0	2.98894894958306	3.84632643447779	1.12137508505005	0	0	2.90621174724169	0	0	2.80112410512001	0	2.37907928194186	1.9164319382057	0	0	2.48368986904122	PRJNA859272	34A	fecal	Pre	34	0
SRR20283907	3.43848926907429	0	0	0	2.39640240842617	0	0	3.96494092277462	0	1.66227259024065	1.6268815312124	2.10942368563285	0	0	0.662369681911728	0	1.27828369121889	0	0	1.87341220228496	0	0	0	2.9104489842786	0.913378343534733	2.84311115263902	0	0.913378343534733	0	0	0	1.18705691708621	1.64493746728589	0	0	3.2691105668732	0	0	0	2.63599301182948	0	2.63599301182948	0	0	0	0	0	1.13307936977822	0.999553597832267	0	0	3.5731646132771	0	0	2.72541653447096	3.52721133295214	0	0	0	2.51378753582242	1.66227259024065	0	3.05173649958056	0	2.49671172956882	1.94987438765579	0	0	2.24846038245441	PRJNA859272	34BP	fecal	Post	34	1
SRR20283899	1.80245430869143	0	0	0	0	0	0	3.91034273638874	0	2.78115738257075	1.88423659386987	2.3848831246356	0	0	0	0	2.37295189994804	0	2.59163378105059	2.93725971881239	0	0.773093125256959	0	2.8884316165806	2.47250996785751	2.28988753852602	0	2.34160583192991	0	0	0	1.80245430869143	0	0	0	3.33522853110529	0	0	0	2.19170183957314	0	3.09406870014821	0	1.93682743510191	0	0	0	0	1.03587179582285	0.964615092565598	0	2.79625032264497	0	0	2.92044432476071	3.86807708122475	0	0	0	1.19842542953581	0	0	2.72579175089241	1.86518906854504	2.74675038495355	2.10004859252476	0	0	2.7835137883561	PRJNA859272	42A	fecal	Pre	42	0
SRR20283898	3.0766079756363	0.999315549969841	0	0	2.07661370872584	0.928747906646288	0	3.7117209187224	0	1.95107097396713	2.10304914821298	2.73364057905035	0.73974050678749	0	1.784581747399	0	1.44642465072275	0	0	2.55674874391681	0	0	0	2.20336417367382	1.77376919271007	3.26014561844423	0	1.68945104845614	0	0.601489691238532	1.66201381324795	2.33869435853402	2.75358910924547	0	0	3.28208843306095	0.928747906646288	0.84444620731454	0	2.9846666946308	0	2.7076618231625	1.1606599312293	2.97924360202319	0	1.27803309733873	0	2.048464252678	0.601489691238532	1.39720989026338	0.84444620731454	3.48574100212334	0	0	2.57788065183137	3.56744136314313	1.53074073900945	0	0.84444620731454	2.54946993070572	0	0	3.0208428736592	1.66201381324795	3.42026749773354	2.01208404859175	0.73974050678749	0	1.92093502528867	PRJNA859272	42BP	fecal	Post	42	1
