Actinomycetales	Aeromonadales	Bacillales	Bacteroidales	Betaproteobacteriales	Bifidobacteriales	Campylobacterales	Cardiobacteriales	Caulobacterales	Chloroplast	Clostridiales	Coriobacteriales	Corynebacteriales	Desulfovibrionales	DTU014	Enterobacteriales	Erysipelotrichales	Flavobacteriales	Fusobacteriales	Gastranaerophilales	Ignavibacteriales	Incertae_Sedis_or	Izimaplasmatales	Lactobacillales	Metakinetoplastina	Methanobacteriales	Micrococcales	Mollicutes_RF39	Mycoplasmatales	Oligosphaerales	Opitutales	Pasteurellales	Propionibacteriales	Rhodospirillales	Saccharimonadales	Selenomonadales	Sphingomonadales	Synergistales	Thermoanaerobacterales	Verrucomicrobiales	Victivallales	Xanthomonadales	others	BioProject	sample_title	env_material	time	ID	prepost
SRR20283940	0	0	0	3.96157620800389	0.777490339161064	0	0	0	0	0	4.10986388484798	2.30240679310196	0	2.09958363192939	0	1.87427863487075	2.09958363192939	0	0	2.53068803790471	0	0	1.53070905331739	1.51774478372497	0.476592606228294	2.44168942101484	0	1.89131156703103	0	0	0	0	0	2.42409140710798	0	2.98999028852563	0	0	0	3.14002953993294	1.46163215999915	0	2.77445437760455	PRJNA859272	01A	fecal	Pre	1	0
SRR20283939	0	0	0.676233409580783	3.82246724643869	1.9062304873801	0.928904552414467	0.676233409580783	0.676233409580783	0	1.05302715742817	4.08039508251461	2.14767665660172	0	2.1864124214614	0.820690930687171	3.31065444954426	1.94018911958407	0.87815952135224	0	1.08760070762615	0	0	1.77803011555939	2.8152860659185	0	2.96485452903709	0	2.45578507050396	0	0	1.58489287987447	1.92595927303261	0.458257718809652	1.98027830240714	0.458257718809652	3.13694955186811	0	0	0	3.18386036780413	1.38749764452273	0	2.43538288420574	PRJNA859272	01BP	fecal	Post	1	1
SRR20283906	0	0	0.797687432302665	4.22407979123204	3.11709360238697	0.931317271952102	0	0	0	0.797687432302665	3.83084262800421	2.63712666107011	0	0	0	0.931317271952102	1.34447597968728	0	0	0	1.37312738739192	0	0	1.66486202079755	0	0	0	0.399231786447835	0	0	0	0.513373533206176	0	0	0	3.0639782797535	0.513373533206176	0	0.846942262784177	0	0	0.399231786447835	0.846942262784177	PRJNA859272	05A	fecal	Pre	5	0
SRR20283897	0.819743570700327	0	0.579956969233628	4.06077949077256	2.75064038697621	1.27283777956396	0	0	0	0	3.74683310897749	1.87374648083096	0	2.29470030683511	0	3.58916393615156	1.8949174808263	0	1.61442346132334	0	0	0	0	2.75422623453148	0	0.579956969233628	0.457530413089767	2.30082958129576	0	0	0	2.45324683696877	0	0	0.973338105079549	3.44769298855599	0	0	0	2.86073266802926	0.753521431504406	0	1.38642721373018	PRJNA859272	05BP	fecal	Post	5	1
SRR20283938	0	0	0.463911934326537	4.08741341419903	2.76325458917241	2.01364515282107	0	0	0	0	3.98336552195545	2.92748902000519	0	2.55642778381053	0	0	1.71280423651435	0	0	0	0	0	0	2.92007385028781	0	0	0	0	0.463911934326537	0	0	1.4279194371614	0	2.95869064767154	0.7615758546373	2.97743917679038	0	0	0	1.57162047338156	0	0	1.09554458989556	PRJNA859272	09A	fecal	Pre	9	0
SRR20283937	0	0.57714230176164	0.672339181263993	4.0532912483146	2.94237626335907	0.713107229510176	0.378121542893837	0	0	0	3.96822869657754	2.20844353662402	0.873876725967189	2.37904372133927	0	2.68791287828999	1.73047724357225	0	0	0	0.284578051041097	0	0	2.24194462007929	0	0	0.284578051041097	0	0	0	0	0.57714230176164	0	3.29392577567607	0.873876725967189	2.93379978065246	0	1.80893466688231	0	3.00648870237839	1.42251531724804	0	1.23550140588194	PRJNA859272	09BP	fecal	Post	9	1
SRR20283927	0	2.8539187185521	0.393647823323191	3.85220211318375	2.22075213349719	3.29785494742195	0	0	0.393647823323191	0.393647823323191	4.06168598504093	2.61010259527622	0	2.79286343657521	0.393647823323191	1.76746118777148	2.77333193548767	0	0	0	0.671037136642147	0	2.30777770906202	1.55233021554062	0	2.85704683209806	0	2.86191736513649	0	2.84668298962377	0	0	0	0	0	2.82899897793925	0	0	0	0	2.44232671557178	0	1.56993123137011	PRJNA859272	14A	fecal	Pre	14	0
SRR20283926	0	3.38204187818832	0	3.96628665406965	2.33175567671516	1.69563713166706	0.738618170377043	0	0	0	3.90966750955684	2.1231317188832	0	2.56531914802818	0	3.34197927426978	2.64139488875761	0	0	0	0.86905992504665	0	1.15938230891061	2.96901240175398	0	1.24631120046516	0.786585242740861	0	0	2.49490209498046	0	0.684687767444234	0	0	0	3.29672100745592	0.465252246614567	0	0.357823338892079	0	1.93490768452186	0	1.35698234364484	PRJNA859272	14BP	fecal	Post	14	1
SRR20283925	0	0.879210576905062	0.632052141630673	3.93327547230294	2.82694507919465	2.03916811522817	0	0	0	0	4.05634623877753	2.37583178078477	0	2.56706399430278	0	1.19829957833336	3.48970496404727	0.632052141630673	0	0.772981423155209	0.772981423155209	0	0	2.31810088396417	0	0	0	1.71544337901895	0	0	0	1.28041897778495	0	2.88644782496397	0.964495310398273	2.9245754032767	0	0	0	1.68705603099576	1.99817208956184	0	1.71544337901895	PRJNA859272	21A	fecal	Pre	21	0
SRR20283924	0	1.33764472104627	0.569108508892543	3.91481745444388	2.3501253194486	0.447956964821936	0.569108508892543	0.807228273067026	0	1.03855483818793	4.11733484943782	2.41049396928711	0.447956964821936	2.24575959903154	0	2.40281007663843	2.98165331517059	1.31924584854972	0.447956964821936	0	0	0	1.59004190711778	1.13468984580528	0	2.84708228965052	0	2.71899346862549	0	0	0.569108508892543	1.93824391878185	0	2.85317108549639	1.03855483818793	2.64577639692817	0	0	0	2.61834438630341	2.53424753831105	0	1.41949609729156	PRJNA859272	21BP	fecal	Post	21	1
SRR20283919	0	0	0	3.82058917259977	2.34160680283963	2.06288998787638	0	0	0	0	4.15503981414203	1.74543997985197	0	0.950977692207342	0	1.24911495383789	1.76560129046737	1.43841554885277	0	0	0	2.31091262827163	0	2.72269719829409	0	2.42823859947222	0	2.40325829393657	0	0	0	2.7752059616173	0	3.28105870491451	1.20367983131191	3.07875470264897	0	0	0	1.02919683285957	2.24213306014637	0	0.905860423179855	PRJNA859272	26A	fecal	Pre	26	0
SRR20283918	1.13225685820966	0.832309747873002	0.832309747873002	3.75868598629912	1.88286290300664	2.2947479859853	0.467207525352955	0	0	0	4.01556341365557	1.7411849742044	0	2.36350479734837	0	3.48156259992821	1.40060146513001	1.3835915049275	1.55365603822272	0.832309747873002	0	1.91971859092435	0	2.57503194894009	0	2.75885529292722	0	1.76344802840094	0	0	0	1.32815705646104	0	2.56142494287423	1.13225685820966	3.27015815263494	0	1.43274439698464	0	3.51945457506739	1.78462525712835	0	1.34743218472145	PRJNA859272	26BP	fecal	Post	26	1
SRR20283914	0	0	0	4.04711470462946	2.67574939459852	1.880078365427	0	0	0	0	4.01069240606633	2.65868577501614	0	2.39362421770116	0	1.63347911576851	2.49337799409697	0	1.8475297716899	0	0	0	0	2.78207826380144	0	0	0	0	0	0	0	1.07761485901568	0	0	0	3.45703007241429	0	0	0	0	0	0	1.19337682734309	PRJNA859272	29A	fecal	Pre	29	0
SRR20283913	1.01091625796161	0	0.611175821339955	4.06440119953315	2.36904130201111	2.61251075959662	0	0	0	0	3.92201447976307	2.57318097626508	0	2.94609166779348	0	3.35718653978415	2.031114378544	0	1.2902368679209	0	0	0	0	2.73922444314982	0	2.59072010147078	1.07177030510137	0	0	0	0	0	0	0	0.855500651163805	3.11999111752339	0	0	0	1.40957435310026	0	0	0	PRJNA859272	29BP	fecal	Post	29	1
SRR20283910	0	0	0	3.79796252468529	2.26788676608022	2.75994570253409	0	0	0	0	3.95025985898542	2.74951663007116	0	2.45745989956638	0	3.67284449234894	2.41562763559604	0	0	0	0	0	0	2.50099234097157	0	2.55377114872325	0.690252052857591	2.94955783462989	0	0	1.61258756979462	0.769066225435354	0	0	0	3.05053702220392	0	0	0	3.31191947290964	0	0	0.893545683476632	PRJNA859272	32A	fecal	Pre	32	0
SRR20283909	1.15629281172994	0.484443048618514	0	4.06554901785604	2.03614087891584	1.18630755381604	0	0	0	0	3.86814725756084	2.31407923671706	0	2.57438849094731	0	3.44677732260546	2.17223042637733	1.42549466676591	1.74313062296005	0	0	0	0	2.65927265556243	0	2.36499756306481	0	0	0	0	0.963977725084521	0	0.484443048618514	0	0	3.26451118161217	0	2.70814457047785	0	2.8712600249913	1.15629281172994	0	0.963977725084521	PRJNA859272	32BP	fecal	Post	32	1
SRR20283908	0	0	0.961401248723579	3.98882028208742	0	1.12137508505005	0	0	0	0	4.05317192944186	2.92972227026799	0	2.48658535346298	0	3.036202289952	1.90557151863167	0	1.90557151863167	0	0	0	0	2.90621174724169	0	0	0	0	0	0	0	1.04871275949939	0	2.46286223103891	1.12137508505005	3.27732044314279	0	0	0	0	1.9164319382057	0	0	PRJNA859272	34A	fecal	Pre	34	0
SRR20283907	0	1.66227259024065	0	4.17892939287081	2.10942368563285	1.6268815312124	0	0	0	0	3.72172652731333	1.91332387420843	0	2.9104489842786	0	2.84311115263902	0.913378343534733	0	1.64493746728589	1.71047674406037	0	0	0	2.51854551006277	0	2.63599301182948	0	1.58834848626259	0	0	0	1.13307936977822	0	1.91332387420843	0	3.4853674609941	0	0	0	2.39640240842617	1.9670572936541	0	0	PRJNA859272	34BP	fecal	Post	34	1
SRR20283899	0	0	0	4.04356804035802	2.3848831246356	1.88423659386987	0	0	0	0	4.01728594188122	3.06495072097233	0.773093125256959	2.8884316165806	0	2.28988753852602	2.34160583192991	0	0	0	0	0	2.29353377031361	1.19842542953581	0	3.09406870014821	0	1.28054629508276	0	0	0	0	0	0	0	2.79281360096487	0	0	0	0	2.29714964392112	0	2.16324705325943	PRJNA859272	42A	fecal	Pre	42	0
SRR20283898	0.999315549969841	0	1.71525741582233	4.06779639341697	2.74781640839847	2.10304914821298	0.73974050678749	0	0	0	3.7692442420022	2.62966909110603	0	2.20336417367382	0	3.26014561844423	1.68945104845614	0.73974050678749	2.75815265192342	0	0	0	0	2.62506794835448	0	2.7076618231625	1.1606599312293	0	0	0	0	2.048464252678	0	0.601489691238532	1.53074073900945	3.58249509874259	0	0	0.601489691238532	2.07661370872584	2.16950629216844	0	1.5494892290472	PRJNA859272	42BP	fecal	Post	42	1
