bugName	pval	p6M	s6M	Adjustedpval	Adjustedp6M
Bacteria_Firmicutes_Clostridia_Clostridiales_Lachnospiraceae_Roseburia_196	0.000477901084913412	0.000477901084913482	0.8331711157147	0.194324693399736	0.194324693399733
Bacteria_Firmicutes_Clostridia_Clostridiales_Lachnospiraceae_NA_147	0.000707922380326909	0.000707922380326897	-0.741679750945999	0.194324693399736	0.194324693399733
Bacteria_Firmicutes_Clostridia_Clostridiales_Lachnospiraceae_NA_214	0.005140485365418	0.00514048536541807	0.653367396117556	0.549076545168094	0.549076545168094
Bacteria_Firmicutes_Bacilli_Lactobacillales_Carnobacteriaceae_Granulicatella_664	0.0107997259293856	0.0107997259293856	0.386285430493309	0.549076545168094	0.549076545168094
Bacteria_Firmicutes_Bacilli_Bacillales_Family_XI_Gemella_712	0.0109676768403495	0.0109676768403494	0.403512516118456	0.549076545168094	0.549076545168094
Bacteria_Actinobacteria_Coriobacteriia_Coriobacteriales_Coriobacteriaceae_Collinsella_16	0.0112238560718665	0.0112238560718666	0.446352667645526	0.549076545168094	0.549076545168094
Bacteria_Firmicutes_Bacilli_Lactobacillales_Streptococcaceae_Streptococcus_333	0.0118256048973371	0.011825604897337	0.563738966208504	0.549076545168094	0.549076545168094
Bacteria_Actinobacteria_Actinobacteria_Micrococcales_Micrococcaceae_Rothia_1262	0.0119444015794745	0.0119444015794745	0.335589626705322	0.549076545168094	0.549076545168094
Bacteria_Firmicutes_Clostridia_Clostridiales_Ruminococcaceae_Faecalibacterium_29	0.0127185000548509	0.0127185000548508	-0.676918716771457	0.549076545168094	0.549076545168094
Bacteria_Proteobacteria_Gammaproteobacteria_Enterobacteriales_Enterobacteriaceae_Escherichia/Shigella_28	0.0131176874021757	0.0131176874021757	0.840513282696549	0.549076545168094	0.549076545168094
Bacteria_Firmicutes_Clostridia_Clostridiales_Lachnospiraceae_Tyzzerella_3_1006	0.0173372655407065	0.0173372655407065	-0.280210868329339	0.549076545168094	0.549076545168094
Bacteria_Bacteroidetes_Bacteroidia_Bacteroidales_Rikenellaceae_Alistipes_710	0.0174671824025716	0.0174671824025716	0.338430526805573	0.549076545168094	0.549076545168094
Bacteria_Firmicutes_Clostridia_Clostridiales_Ruminococcaceae_Ruminococcaceae_UCG-004_94	0.0189964463956243	0.0189964463956242	0.410451883167692	0.549076545168094	0.549076545168094
Bacteria_Firmicutes_Bacilli_Lactobacillales_Streptococcaceae_Streptococcus_737	0.0224683833267713	0.0224683833267713	0.204215305823046	0.549076545168094	0.549076545168094
Bacteria_Firmicutes_Erysipelotrichia_Erysipelotrichales_Erysipelotrichaceae_Turicibacter_57	0.0228775260305847	0.0228775260305847	-0.6106905721157	0.549076545168094	0.549076545168094
Bacteria_Firmicutes_Clostridia_Clostridiales_Lachnospiraceae_NA_244	0.0231595139813596	0.0231595139813596	-0.351613168967669	0.549076545168094	0.549076545168094
Bacteria_Firmicutes_Bacilli_Lactobacillales_Streptococcaceae_Streptococcus_559	0.0234525498840844	0.0234525498840844	0.397170613382551	0.549076545168094	0.549076545168094
Bacteria_Firmicutes_Bacilli_Lactobacillales_Streptococcaceae_Streptococcus_685	0.0245737245839091	0.024573724583909	0.325992712063822	0.549076545168094	0.549076545168094
Bacteria_Firmicutes_Erysipelotrichia_Erysipelotrichales_Erysipelotrichaceae_Erysipelotrichaceae_UCG-003_185	0.0249726379772388	0.0249726379772388	-0.293510314863064	0.549076545168094	0.549076545168094
Bacteria_Firmicutes_Clostridia_Clostridiales_Ruminococcaceae_Faecalibacterium_180	0.0250980321905331	0.0250980321905331	-0.413778179293144	0.549076545168094	0.549076545168094
Bacteria_Firmicutes_Bacilli_Lactobacillales_Streptococcaceae_Streptococcus_3	0.0253679596172539	0.0253679596172539	0.6615813683612	0.549076545168094	0.549076545168094
Bacteria_Firmicutes_Bacilli_Lactobacillales_Streptococcaceae_Streptococcus_300	0.0260848027592088	0.0260848027592087	0.449785356864173	0.549076545168094	0.549076545168094
Bacteria_Firmicutes_Clostridia_Clostridiales_Lachnospiraceae_Blautia_7	0.0264895019410734	0.0264895019410734	-0.503696602501752	0.549076545168094	0.549076545168094
Bacteria_Actinobacteria_Actinobacteria_Bifidobacteriales_Bifidobacteriaceae_Alloscardovia_1617	0.0268623027439685	0.0268623027439685	0.223654518219566	0.549076545168094	0.549076545168094
Bacteria_Firmicutes_Clostridia_Clostridiales_Peptostreptococcaceae_Intestinibacter_86	0.0269267346419864	0.0269267346419864	-0.588565639363979	0.549076545168094	0.549076545168094
Bacteria_Firmicutes_Clostridia_Clostridiales_NA_NA_1610	0.0272359113275559	0.0272359113275559	0.213282516316807	0.549076545168094	0.549076545168094
Bacteria_Firmicutes_Bacilli_Lactobacillales_Streptococcaceae_Streptococcus_51	0.0278604098772959	0.0278604098772958	0.708606088203932	0.549076545168094	0.549076545168094
Bacteria_Firmicutes_Clostridia_Clostridiales_Lachnospiraceae_NA_175	0.0293727337502213	0.0293727337502213	-0.354317372304754	0.549076545168094	0.549076545168094
Bacteria_Bacteroidetes_Bacteroidia_Bacteroidales_Bacteroidaceae_Bacteroides_374	0.0327810228933798	0.0327810228933799	-0.320589102936358	0.549076545168094	0.549076545168094
Bacteria_Firmicutes_Clostridia_Clostridiales_Ruminococcaceae_Faecalibacterium_87	0.035952672326178	0.0359526723261781	-0.399310736860577	0.549076545168094	0.549076545168094
Bacteria_Firmicutes_Clostridia_Clostridiales_Ruminococcaceae_Ruminococcaceae_NK4A214_group_265	0.0375131257261014	0.0375131257261014	0.314701511233121	0.549076545168094	0.549076545168094
Bacteria_Firmicutes_Clostridia_Clostridiales_Lachnospiraceae_NA_191	0.0375395123776134	0.0375395123776135	-0.483101105804304	0.549076545168094	0.549076545168094
Bacteria_Firmicutes_Clostridia_Clostridiales_Christensenellaceae_Christensenellaceae_R-7_group_356	0.0413182217672627	0.0413182217672628	-0.2987374417397	0.549076545168094	0.549076545168094
Bacteria_Firmicutes_Bacilli_Lactobacillales_Streptococcaceae_Streptococcus_493	0.0428007039969429	0.042800703996943	0.381925069177729	0.549076545168094	0.549076545168094
Bacteria_Firmicutes_Clostridia_Clostridiales_Lachnospiraceae_Lachnospiraceae_FCS020_group_1087	0.0430766241359245	0.0430766241359245	0.280767213545771	0.549076545168094	0.549076545168094
Bacteria_Bacteroidetes_Bacteroidia_Bacteroidales_Bacteroidaceae_Bacteroides_2499	0.0442506056307298	0.0442506056307298	0.138397657744219	0.549076545168094	0.549076545168094
Bacteria_Firmicutes_Bacilli_Lactobacillales_Streptococcaceae_Streptococcus_365	0.0445325804619215	0.0445325804619216	0.343248839176878	0.549076545168094	0.549076545168094
Bacteria_Firmicutes_Bacilli_Lactobacillales_Streptococcaceae_Streptococcus_458	0.0446215802475847	0.0446215802475846	0.383804137974925	0.549076545168094	0.549076545168094
Bacteria_Firmicutes_Bacilli_Lactobacillales_Streptococcaceae_Streptococcus_1	0.0452581004605963	0.0452581004605963	0.584829181363211	0.549076545168094	0.549076545168094
Bacteria_Firmicutes_Clostridia_Clostridiales_Ruminococcaceae_Anaerotruncus_1599	0.0464496959046912	0.0464496959046912	0.227195714663513	0.549076545168094	0.549076545168094
Bacteria_Firmicutes_Clostridia_Clostridiales_Ruminococcaceae_NA_1654	0.0465026037270531	0.0465026037270531	0.197738834381698	0.549076545168094	0.549076545168094
Bacteria_Firmicutes_Bacilli_Lactobacillales_Streptococcaceae_Streptococcus_511	0.0470752698114134	0.0470752698114135	0.359236179025933	0.549076545168094	0.549076545168094
Bacteria_Firmicutes_Clostridia_Clostridiales_Ruminococcaceae_Faecalibacterium_306	0.0489147275621056	0.0489147275621056	-0.367474986959554	0.549076545168094	0.549076545168094
Bacteria_Firmicutes_Bacilli_Lactobacillales_Lactobacillaceae_Lactobacillus_2263	0.0494253971339431	0.049425397133943	-0.157710519498735	0.549076545168094	0.549076545168094
Bacteria_Actinobacteria_Actinobacteria_Bifidobacteriales_Bifidobacteriaceae_Bifidobacterium_168	0.0499851947253669	0.0499851947253668	-0.444170566026345	0.549076545168094	0.549076545168094
Bacteria_Proteobacteria_Gammaproteobacteria_Enterobacteriales_Enterobacteriaceae_Raoultella_8	0.0509489162658621	0.0509489162658621	0.68890574637619	0.549076545168094	0.549076545168094
Bacteria_Firmicutes_Clostridia_Clostridiales_Lachnospiraceae_Dorea_314	0.0510684334201167	0.0510684334201167	-0.298657242392579	0.549076545168094	0.549076545168094
Bacteria_Firmicutes_Clostridia_Clostridiales_Family_XIII_Family_XIII_AD3011_group_936	0.0524595642341225	0.0524595642341225	0.272423917544829	0.549076545168094	0.549076545168094
Bacteria_Firmicutes_Clostridia_Clostridiales_Ruminococcaceae_Subdoligranulum_237	0.0526218588931338	0.0526218588931338	0.144878658136541	0.549076545168094	0.549076545168094
Bacteria_Firmicutes_Clostridia_Clostridiales_Ruminococcaceae_Subdoligranulum_273	0.0527256246810208	0.0527256246810208	-0.276857280587469	0.549076545168094	0.549076545168094
Bacteria_Actinobacteria_Actinobacteria_Bifidobacteriales_Bifidobacteriaceae_Bifidobacterium_81	0.0536755897404043	0.0536755897404043	-0.214533498242362	0.549076545168094	0.549076545168094
Bacteria_Firmicutes_Bacilli_Lactobacillales_Streptococcaceae_Streptococcus_769	0.0543643751828247	0.0543643751828246	0.282742285800621	0.549076545168094	0.549076545168094
Bacteria_Firmicutes_Clostridia_Clostridiales_Ruminococcaceae_Ruminococcus_1_26	0.0556031644020203	0.0556031644020203	0.472939294259694	0.549076545168094	0.549076545168094
Bacteria_Firmicutes_Bacilli_Lactobacillales_Streptococcaceae_Streptococcus_121	0.0558762787683653	0.0558762787683654	0.544293688720236	0.549076545168094	0.549076545168094
Bacteria_Bacteroidetes_Bacteroidia_Bacteroidales_Bacteroidaceae_Bacteroides_181	0.0570059066346429	0.0570059066346429	-0.266416082909426	0.549076545168094	0.549076545168094
Bacteria_Bacteroidetes_Bacteroidia_Bacteroidales_Tannerellaceae_Parabacteroides_98	0.0573034815723917	0.0573034815723917	-0.325087836403196	0.549076545168094	0.549076545168094
Bacteria_Firmicutes_Clostridia_Clostridiales_Lachnospiraceae_NA_173	0.05762223665761	0.0576222366576101	-0.285068918855936	0.549076545168094	0.549076545168094
Bacteria_Firmicutes_Bacilli_Lactobacillales_Streptococcaceae_Streptococcus_984	0.0588998122222227	0.0588998122222227	0.229121122867196	0.549076545168094	0.549076545168094
Bacteria_Firmicutes_Clostridia_Clostridiales_Lachnospiraceae_Lachnoclostridium_663	0.0590082261656057	0.0590082261656057	0.306408546177505	0.549076545168094	0.549076545168094
Bacteria_Firmicutes_Clostridia_Clostridiales_Ruminococcaceae_Ruminococcaceae_UCG-003_444	0.0609176861510574	0.0609176861510575	0.257666192021787	0.557396828282175	0.557396828282176
Bacteria_Bacteroidetes_Bacteroidia_Bacteroidales_Bacteroidaceae_Bacteroides_207	0.0669776825584532	0.0669776825584531	-0.2271672269072	0.585273035822108	0.585273035822108
Bacteria_Firmicutes_Clostridia_Clostridiales_Peptostreptococcaceae_Terrisporobacter_158	0.0671715378932656	0.0671715378932656	-0.264176910770181	0.585273035822108	0.585273035822108
Bacteria_Firmicutes_Clostridia_Clostridiales_Ruminococcaceae_Subdoligranulum_133	0.0675146613796461	0.0675146613796461	-0.493816506313119	0.585273035822108	0.585273035822108
Bacteria_Firmicutes_Clostridia_Clostridiales_Christensenellaceae_Christensenellaceae_R-7_group_660	0.069435477605304	0.069435477605304	-0.227216665545497	0.585273035822108	0.585273035822108
Bacteria_Firmicutes_Bacilli_Lactobacillales_Streptococcaceae_Streptococcus_1589	0.0694372747460514	0.0694372747460514	0.20265612591748	0.585273035822108	0.585273035822108
Bacteria_Firmicutes_Clostridia_Clostridiales_Lachnospiraceae_Fusicatenibacter_171	0.0711518096103938	0.0711518096103939	-0.0840214669171742	0.585273035822108	0.585273035822108
Bacteria_Firmicutes_Clostridia_Clostridiales_Lachnospiraceae_Dorea_422	0.0714267639345741	0.0714267639345742	-0.383083475791987	0.585273035822108	0.585273035822108
Bacteria_Firmicutes_Bacilli_Lactobacillales_Streptococcaceae_Streptococcus_328	0.0748290189009897	0.0748290189009897	0.319256417214838	0.59482461227923	0.594824612279231
Bacteria_Firmicutes_Bacilli_Lactobacillales_Enterococcaceae_Enterococcus_112	0.0759296110359241	0.0759296110359241	0.366382260694293	0.59482461227923	0.594824612279231
Bacteria_Proteobacteria_Deltaproteobacteria_Desulfovibrionales_Desulfovibrionaceae_Bilophila_354	0.0768446906021352	0.0768446906021352	0.338654833607395	0.59482461227923	0.594824612279231
Bacteria_Bacteroidetes_Bacteroidia_Bacteroidales_Rikenellaceae_Alistipes_208	0.076926315977824	0.076926315977824	0.287012587674425	0.59482461227923	0.594824612279231
Bacteria_Firmicutes_Bacilli_Lactobacillales_Streptococcaceae_Streptococcus_1447	0.0819765872792633	0.0819765872792633	0.173847036570233	0.600586671683102	0.600586671683102
Bacteria_Proteobacteria_Gammaproteobacteria_Pasteurellales_Pasteurellaceae_Haemophilus_1663	0.0843728276430389	0.0843728276430388	-0.0862148650604046	0.600586671683102	0.600586671683102
Bacteria_Firmicutes_Clostridia_Clostridiales_Lachnospiraceae_Dorea_36	0.086928021226556	0.086928021226556	-0.353542525262743	0.600586671683102	0.600586671683102
Bacteria_Firmicutes_Clostridia_Clostridiales_Ruminococcaceae_Faecalibacterium_433	0.0870416186519918	0.0870416186519917	0.232101734450752	0.600586671683102	0.600586671683102
Bacteria_Firmicutes_Clostridia_Clostridiales_Peptostreptococcaceae_Terrisporobacter_415	0.0877946671447623	0.0877946671447622	-0.206045021357255	0.600586671683102	0.600586671683102
Bacteria_Firmicutes_Clostridia_Clostridiales_Ruminococcaceae_Ruminococcaceae_UCG-002_1141	0.0885113359400009	0.0885113359400009	0.224068329279998	0.600586671683102	0.600586671683102
Bacteria_Bacteroidetes_Bacteroidia_Bacteroidales_Marinifilaceae_Odoribacter_953	0.0888320822766863	0.0888320822766863	-0.23781254661828	0.600586671683102	0.600586671683102
Bacteria_Firmicutes_Clostridia_Clostridiales_Lachnospiraceae_Anaerostipes_323	0.0899407434772177	0.0899407434772177	-0.280498758251435	0.600586671683102	0.600586671683102
Bacteria_Firmicutes_Clostridia_Clostridiales_Christensenellaceae_Christensenellaceae_R-7_group_434	0.0901141637216953	0.0901141637216954	-0.254629528566337	0.600586671683102	0.600586671683102
Bacteria_Firmicutes_Clostridia_Clostridiales_Ruminococcaceae_Ruminococcaceae_UCG-014_659	0.0907084478494664	0.0907084478494664	-0.307256387025493	0.600586671683102	0.600586671683102
Bacteria_Firmicutes_Clostridia_Clostridiales_Lachnospiraceae_Blautia_169	0.0930702516819697	0.0930702516819697	-0.253181653148754	0.600586671683102	0.600586671683102
Bacteria_Firmicutes_Bacilli_Lactobacillales_Streptococcaceae_Streptococcus_883	0.0934004381773733	0.0934004381773733	0.133956557595336	0.600586671683102	0.600586671683102
Bacteria_Firmicutes_Bacilli_Lactobacillales_Streptococcaceae_Streptococcus_1027	0.0958246917887988	0.0958246917887989	0.190451196073048	0.600586671683102	0.600586671683102
Bacteria_Actinobacteria_Coriobacteriia_Coriobacteriales_Eggerthellaceae_Slackia_556	0.0963289546911028	0.0963289546911029	0.2082792536663	0.600586671683102	0.600586671683102
Bacteria_Actinobacteria_Coriobacteriia_Coriobacteriales_Eggerthellaceae_NA_447	0.0972836378637731	0.0972836378637731	-0.0309166675252074	0.600586671683102	0.600586671683102
Bacteria_Firmicutes_Clostridia_Clostridiales_Lachnospiraceae_NA_49	0.0979085792781101	0.0979085792781102	-0.470812254338202	0.600586671683102	0.600586671683102
Bacteria_Firmicutes_Clostridia_Clostridiales_Lachnospiraceae_Blautia_161	0.0990279557259992	0.0990279557259992	0.405620122419328	0.600586671683102	0.600586671683102
Bacteria_Firmicutes_Bacilli_Lactobacillales_Enterococcaceae_Enterococcus_65	0.0996186438787642	0.0996186438787642	0.463704412509691	0.600586671683102	0.600586671683102
Bacteria_Proteobacteria_Deltaproteobacteria_Desulfovibrionales_Desulfovibrionaceae_Bilophila_579	0.101193435766654	0.101193435766654	-0.221027973725563	0.600586671683102	0.600586671683102
Bacteria_Firmicutes_Clostridia_Clostridiales_Ruminococcaceae_Subdoligranulum_383	0.102294514500599	0.102294514500599	-0.275680139691603	0.600586671683102	0.600586671683102
Bacteria_Firmicutes_Clostridia_Clostridiales_Lachnospiraceae_Agathobacter_45	0.103300204738981	0.103300204738981	-0.532240666663394	0.600586671683102	0.600586671683102
Bacteria_Firmicutes_Erysipelotrichia_Erysipelotrichales_Erysipelotrichaceae_Faecalitalea_307	0.104392950500799	0.104392950500799	-0.105853921133256	0.600586671683102	0.600586671683102
Bacteria_Firmicutes_Clostridia_Clostridiales_Lachnospiraceae_Blautia_210	0.104957607663876	0.104957607663876	-0.383115418748159	0.600586671683102	0.600586671683102
Bacteria_Firmicutes_Clostridia_Clostridiales_Family_XIII_Family_XIII_AD3011_group_1311	0.106416165344726	0.106416165344726	-0.165181838387024	0.600586671683102	0.600586671683102
Bacteria_Actinobacteria_Actinobacteria_Actinomycetales_Actinomycetaceae_Actinomyces_610	0.10644819430941	0.10644819430941	0.194148614881986	0.600586671683102	0.600586671683102
Bacteria_Firmicutes_Clostridia_Clostridiales_Ruminococcaceae_Ruminiclostridium_5_1136	0.106743399751187	0.106743399751187	-0.121821672309223	0.600586671683102	0.600586671683102
Bacteria_Firmicutes_Clostridia_Clostridiales_Lachnospiraceae_Anaerostipes_546	0.107492691459463	0.107492691459463	-0.163020459222761	0.600586671683102	0.600586671683102
Bacteria_Bacteroidetes_Bacteroidia_Bacteroidales_Barnesiellaceae_Barnesiella_802	0.108302514565805	0.108302514565805	-0.189432877475725	0.600586671683102	0.600586671683102
Bacteria_Firmicutes_Clostridia_Clostridiales_Ruminococcaceae_Ruminococcaceae_UCG-002_800	0.110061060548638	0.110061060548638	-0.231009019617913	0.604235222412022	0.604235222412022
Bacteria_Firmicutes_Clostridia_Clostridiales_Ruminococcaceae_Ruminococcaceae_UCG-013_315	0.11180499804023	0.11180499804023	0.249008927847477	0.607732118060262	0.607732118060262
Bacteria_Firmicutes_Clostridia_Clostridiales_Lachnospiraceae_NA_861	0.115185845339527	0.115185845339527	-0.166875368703844	0.615264412635165	0.615264412635166
Bacteria_Firmicutes_Clostridia_Clostridiales_Ruminococcaceae_Ruminococcaceae_UCG-002_954	0.115432121131916	0.115432121131916	0.154775912426575	0.615264412635165	0.615264412635166
Bacteria_Firmicutes_Clostridia_Clostridiales_Lachnospiraceae_NA_320	0.120366059470216	0.120366059470216	0.295719249384391	0.624960285365282	0.624960285365282
Bacteria_Actinobacteria_Actinobacteria_Bifidobacteriales_Bifidobacteriaceae_Bifidobacterium_504	0.120557121616677	0.120557121616676	0.174832120118448	0.624960285365282	0.624960285365282
Bacteria_Firmicutes_Clostridia_Clostridiales_Lachnospiraceae_NA_303	0.120666284606047	0.120666284606047	-0.33930736537628	0.624960285365282	0.624960285365282
Bacteria_Firmicutes_Clostridia_Clostridiales_Ruminococcaceae_Ruminococcaceae_UCG-002_204	0.122818878860505	0.122818878860505	0.2787975279123	0.626622050172957	0.626622050172957
Bacteria_Actinobacteria_Actinobacteria_Micrococcales_Micrococcaceae_Rothia_1576	0.126222584723228	0.126222584723228	0.17749367282602	0.626622050172957	0.626622050172957
Bacteria_Firmicutes_Clostridia_Clostridiales_Ruminococcaceae_Subdoligranulum_66	0.12631128928677	0.12631128928677	0.303654320519215	0.626622050172957	0.626622050172957
Bacteria_Firmicutes_Clostridia_Clostridiales_Clostridiaceae_1_Clostridium_sensu_stricto_1_47	0.12750004061189	0.12750004061189	-0.441540093267775	0.626622050172957	0.626622050172957
Bacteria_Firmicutes_Clostridia_Clostridiales_Ruminococcaceae_Faecalibacterium_178	0.127704839776143	0.127704839776143	-0.323653651049716	0.626622050172957	0.626622050172957
Bacteria_Firmicutes_Clostridia_Clostridiales_Lachnospiraceae_Fusicatenibacter_69	0.128126672892044	0.128126672892045	-0.334976000214186	0.626622050172957	0.626622050172957
Bacteria_Proteobacteria_Gammaproteobacteria_Enterobacteriales_Enterobacteriaceae_NA_38	0.129485898945238	0.129485898945238	0.319814668390353	0.626622050172957	0.626622050172957
Bacteria_Bacteroidetes_Bacteroidia_Bacteroidales_Bacteroidaceae_Bacteroides_528	0.130118239926625	0.130118239926625	0.174269550527763	0.626622050172957	0.626622050172957
Bacteria_Firmicutes_Clostridia_Clostridiales_Ruminococcaceae_Ruminococcus_2_41	0.131586818204055	0.131586818204055	-0.337543199929955	0.627317511806728	0.627317511806728
Bacteria_Actinobacteria_Actinobacteria_Bifidobacteriales_Bifidobacteriaceae_Bifidobacterium_221	0.132547962421822	0.132547962421822	0.335983975747969	0.627317511806728	0.627317511806728
Bacteria_Proteobacteria_Gammaproteobacteria_Betaproteobacteriales_Burkholderiaceae_Sutterella_186	0.134016303409041	0.134016303409041	0.311040409419705	0.628845731380884	0.628845731380884
Bacteria_Firmicutes_Clostridia_Clostridiales_Lachnospiraceae_Roseburia_151	0.139808745930073	0.139808745930073	0.30595899635415	0.650466114539068	0.650466114539068
Bacteria_Firmicutes_Clostridia_Clostridiales_Ruminococcaceae_Faecalibacterium_684	0.141033146919368	0.141033146919368	-0.177967761894956	0.650648719821286	0.650648719821286
Bacteria_Firmicutes_Clostridia_Clostridiales_Ruminococcaceae_Subdoligranulum_510	0.144178211787197	0.144178211787197	0.116335024772236	0.659161336257821	0.65916133625782
Bacteria_Firmicutes_Clostridia_Clostridiales_Lachnospiraceae_Anaerostipes_34	0.145279638774492	0.145279638774492	-0.436221191983757	0.659161336257821	0.65916133625782
Bacteria_Firmicutes_Bacilli_Lactobacillales_Streptococcaceae_Streptococcus_139	0.147830000960039	0.147830000960039	-0.259810989377582	0.665235004320177	0.665235004320177
Bacteria_Firmicutes_Clostridia_Clostridiales_Ruminococcaceae_NA_1277	0.150954413649062	0.150954413649062	-0.18588734901221	0.673772138970204	0.673772138970204
Bacteria_Firmicutes_Clostridia_Clostridiales_Ruminococcaceae_NA_145	0.154036792343965	0.154036792343965	-0.201846873354191	0.681985475780943	0.681985475780943
Bacteria_Firmicutes_Bacilli_Lactobacillales_Streptococcaceae_Streptococcus_369	0.157871475469917	0.157871475469917	0.203654289517046	0.68240889925252	0.68240889925252
Bacteria_Firmicutes_Clostridia_Clostridiales_Ruminococcaceae_Ruminococcaceae_UCG-005_611	0.159923787287042	0.159923787287042	0.22935852353914	0.68240889925252	0.68240889925252
Bacteria_Firmicutes_Bacilli_Lactobacillales_Streptococcaceae_Streptococcus_717	0.161130616140949	0.161130616140949	0.179277953184258	0.68240889925252	0.68240889925252
Bacteria_Firmicutes_Clostridia_Clostridiales_Lachnospiraceae_Roseburia_487	0.164119135696758	0.164119135696758	0.235359543739805	0.68240889925252	0.68240889925252
Bacteria_Bacteroidetes_Bacteroidia_Bacteroidales_Bacteroidaceae_Bacteroides_795	0.166122317288271	0.166122317288271	-0.119448208777324	0.68240889925252	0.68240889925252
Bacteria_Firmicutes_Clostridia_Clostridiales_Christensenellaceae_Christensenellaceae_R-7_group_583	0.167994241718212	0.167994241718212	-0.143893080633501	0.68240889925252	0.68240889925252
Bacteria_Firmicutes_Clostridia_Clostridiales_Lachnospiraceae_Anaerostipes_379	0.168698573103366	0.168698573103366	-0.231496337820331	0.68240889925252	0.68240889925252
Bacteria_Bacteroidetes_Bacteroidia_Bacteroidales_Muribaculaceae_NA_48	0.169139001405447	0.169139001405447	0.0236511392710893	0.68240889925252	0.68240889925252
Bacteria_Firmicutes_Clostridia_Clostridiales_Lachnospiraceae_Agathobacter_382	0.169418437362447	0.169418437362446	-0.215803825589423	0.68240889925252	0.68240889925252
Bacteria_Firmicutes_Clostridia_Clostridiales_Lachnospiraceae_NA_589	0.172828638244434	0.172828638244434	0.178268830201008	0.68240889925252	0.68240889925252
Bacteria_Bacteroidetes_Bacteroidia_Bacteroidales_Barnesiellaceae_NA_1556	0.17417246879455	0.17417246879455	-0.133510221678619	0.68240889925252	0.68240889925252
Bacteria_Firmicutes_Clostridia_Clostridiales_Ruminococcaceae_Ruminococcaceae_UCG-002_574	0.174890308602944	0.174890308602944	0.0793317344250342	0.68240889925252	0.68240889925252
Bacteria_Firmicutes_Clostridia_Clostridiales_Lachnospiraceae_Coprococcus_1_212	0.176226694802799	0.176226694802799	0.266214045466596	0.68240889925252	0.68240889925252
Bacteria_Firmicutes_Clostridia_Clostridiales_Lachnospiraceae_NA_136	0.177480422636191	0.177480422636191	-0.189002541672452	0.68240889925252	0.68240889925252
Bacteria_Firmicutes_Clostridia_Clostridiales_Lachnospiraceae_Coprococcus_2_177	0.177987695027586	0.177987695027586	0.294485649392594	0.68240889925252	0.68240889925252
Bacteria_Firmicutes_Clostridia_Clostridiales_Ruminococcaceae_Ruminococcus_1_339	0.178101291452509	0.178101291452509	0.18703322375312	0.68240889925252	0.68240889925252
Bacteria_Bacteroidetes_Bacteroidia_Bacteroidales_Bacteroidaceae_Bacteroides_123	0.181109609673052	0.181109609673052	-0.135507268592287	0.68240889925252	0.68240889925252
Bacteria_Firmicutes_Clostridia_Clostridiales_Lachnospiraceae_Lachnospiraceae_FCS020_group_921	0.182656985242995	0.182656985242995	0.201735455012332	0.68240889925252	0.68240889925252
Bacteria_Firmicutes_Clostridia_Clostridiales_Ruminococcaceae_Ruminococcus_1_450	0.183656574713069	0.183656574713069	0.22706018398808	0.68240889925252	0.68240889925252
Bacteria_Firmicutes_Clostridia_Clostridiales_Ruminococcaceae_Faecalibacterium_114	0.184807313777893	0.184807313777893	-0.211396149632246	0.68240889925252	0.68240889925252
Bacteria_Firmicutes_Clostridia_Clostridiales_Ruminococcaceae_Faecalibacterium_1351	0.185158053825958	0.185158053825958	-0.0356576622328551	0.68240889925252	0.68240889925252
Bacteria_Firmicutes_Clostridia_Clostridiales_Ruminococcaceae_Ruminococcaceae_UCG-002_722	0.187571719761816	0.187571719761816	-0.150579886382746	0.68240889925252	0.68240889925252
Bacteria_Bacteroidetes_Bacteroidia_Bacteroidales_Bacteroidaceae_Bacteroides_39	0.187572988875287	0.187572988875287	-0.282024331063914	0.68240889925252	0.68240889925252
Bacteria_Bacteroidetes_Bacteroidia_Bacteroidales_Bacteroidaceae_Bacteroides_435	0.189329564061905	0.189329564061905	-0.145646865305347	0.68240889925252	0.68240889925252
Bacteria_Actinobacteria_Coriobacteriia_Coriobacteriales_Coriobacteriales_Incertae_Sedis_NA_986	0.189529261046501	0.189529261046501	-0.102374498537976	0.68240889925252	0.68240889925252
Bacteria_Actinobacteria_Coriobacteriia_Coriobacteriales_Coriobacteriaceae_Collinsella_240	0.189928276441527	0.189928276441527	-0.058636626215111	0.68240889925252	0.68240889925252
Bacteria_Firmicutes_Clostridia_Clostridiales_Ruminococcaceae_Faecalibacterium_54	0.190498369166291	0.190498369166291	-0.330650547252246	0.68240889925252	0.68240889925252
Bacteria_Actinobacteria_Coriobacteriia_Coriobacteriales_Coriobacteriales_Incertae_Sedis_NA_607	0.193163470277614	0.193163470277614	-0.0495210464766902	0.68240889925252	0.68240889925252
Bacteria_Firmicutes_Clostridia_Clostridiales_Lachnospiraceae_Agathobacter_15	0.196023301117478	0.196023301117478	-0.398873476734494	0.68240889925252	0.68240889925252
Bacteria_Firmicutes_Clostridia_Clostridiales_Ruminococcaceae_Subdoligranulum_584	0.197270647513457	0.197270647513457	0.0904722207605974	0.68240889925252	0.68240889925252
Bacteria_Firmicutes_Clostridia_Clostridiales_Lachnospiraceae_Dorea_711	0.198634945907824	0.198634945907824	0.104251700578821	0.68240889925252	0.68240889925252
Bacteria_Bacteroidetes_Bacteroidia_Bacteroidales_Bacteroidaceae_Bacteroides_200	0.199200537264275	0.199200537264275	-0.223998176409032	0.68240889925252	0.68240889925252
Bacteria_Firmicutes_Clostridia_Clostridiales_NA_NA_257	0.200187430114702	0.200187430114702	0.261846085217648	0.68240889925252	0.68240889925252
Bacteria_Firmicutes_Clostridia_Clostridiales_Ruminococcaceae_Subdoligranulum_298	0.20349926921046	0.20349926921046	-0.16146641855707	0.68240889925252	0.68240889925252
Bacteria_Bacteroidetes_Bacteroidia_Bacteroidales_Barnesiellaceae_Barnesiella_388	0.203603802318745	0.203603802318745	-0.118026311091731	0.68240889925252	0.68240889925252
Bacteria_Bacteroidetes_Bacteroidia_Bacteroidales_Prevotellaceae_Prevotella_7_85	0.205892287086908	0.205892287086908	0.208930849066295	0.68240889925252	0.68240889925252
Bacteria_Firmicutes_Clostridia_Clostridiales_Christensenellaceae_Christensenellaceae_R-7_group_2114	0.206391545550906	0.206391545550906	-0.0805397330250399	0.68240889925252	0.68240889925252
Bacteria_Actinobacteria_Coriobacteriia_Coriobacteriales_Eggerthellaceae_Senegalimassilia_557	0.207339669814982	0.207339669814982	-0.0277581856016321	0.68240889925252	0.68240889925252
Bacteria_Proteobacteria_Gammaproteobacteria_Betaproteobacteriales_Burkholderiaceae_Oxalobacter_1118	0.207802878242464	0.207802878242464	0.155714951381693	0.68240889925252	0.68240889925252
Bacteria_Firmicutes_Clostridia_Clostridiales_Ruminococcaceae_Faecalibacterium_404	0.20782923380766	0.20782923380766	-0.204032409043916	0.68240889925252	0.68240889925252
Bacteria_Firmicutes_Clostridia_Clostridiales_Lachnospiraceae_Agathobacter_101	0.209956933399647	0.209956933399647	-0.318049447067701	0.68240889925252	0.68240889925252
Bacteria_Firmicutes_Clostridia_Clostridiales_Lachnospiraceae_Anaerostipes_164	0.211028227552538	0.211028227552538	-0.292561586840832	0.68240889925252	0.68240889925252
Bacteria_Firmicutes_Clostridia_Clostridiales_Lachnospiraceae_Tyzzerella_713	0.212402834500707	0.212402834500707	0.204758752306303	0.68240889925252	0.68240889925252
Bacteria_Firmicutes_Clostridia_Clostridiales_Peptostreptococcaceae_Romboutsia_248	0.212579994591476	0.212579994591476	0.180335068195819	0.68240889925252	0.68240889925252
Bacteria_Firmicutes_Clostridia_Clostridiales_Clostridiaceae_1_Clostridium_sensu_stricto_1_238	0.213462448843084	0.213462448843084	0.24155517777923	0.68240889925252	0.68240889925252
Bacteria_Firmicutes_Clostridia_Clostridiales_Lachnospiraceae_Lachnospiraceae_NK4A136_group_1309	0.213984592650791	0.213984592650791	-0.124592247976668	0.68240889925252	0.68240889925252
Bacteria_Firmicutes_Clostridia_Clostridiales_Ruminococcaceae_Faecalibacterium_409	0.214376297400771	0.214376297400771	0.15297613210651	0.68240889925252	0.68240889925252
Bacteria_Firmicutes_Clostridia_Clostridiales_Ruminococcaceae_Subdoligranulum_746	0.214433744094824	0.214433744094824	0.00907841206440266	0.68240889925252	0.68240889925252
Bacteria_Bacteroidetes_Bacteroidia_Bacteroidales_Rikenellaceae_Alistipes_61	0.215903925591308	0.215903925591308	0.220234368153299	0.68240889925252	0.68240889925252
Bacteria_Firmicutes_Erysipelotrichia_Erysipelotrichales_Erysipelotrichaceae_Erysipelotrichaceae_UCG-003_17	0.217798468037765	0.217798468037765	-0.152307164335052	0.68240889925252	0.68240889925252
Bacteria_Firmicutes_Clostridia_Clostridiales_Lachnospiraceae_Roseburia_408	0.217881459066413	0.217881459066413	-0.150010963545048	0.68240889925252	0.68240889925252
Bacteria_Bacteroidetes_Bacteroidia_Bacteroidales_Rikenellaceae_Alistipes_274	0.219804591663198	0.219804591663198	0.237353004537657	0.68240889925252	0.68240889925252
Bacteria_Firmicutes_Clostridia_Clostridiales_Ruminococcaceae_Butyricicoccus_1095	0.223871296666936	0.223871296666936	-0.01129000393109	0.68240889925252	0.68240889925252
Bacteria_Firmicutes_Clostridia_Clostridiales_Lachnospiraceae_Blautia_632	0.223894215439249	0.223894215439249	0.0205554725071321	0.68240889925252	0.68240889925252
Bacteria_Firmicutes_Clostridia_Clostridiales_Christensenellaceae_Christensenellaceae_R-7_group_160	0.224866822029933	0.224866822029933	0.274332814739024	0.68240889925252	0.68240889925252
Bacteria_Firmicutes_Clostridia_Clostridiales_Family_XIII_Family_XIII_AD3011_group_1852	0.225340592984859	0.225340592984859	0.0983259902554719	0.68240889925252	0.68240889925252
Bacteria_Firmicutes_Clostridia_Clostridiales_Lachnospiraceae_NA_393	0.22677804431918	0.226778044319181	-0.182095529048771	0.68240889925252	0.68240889925252
Bacteria_Firmicutes_Clostridia_Clostridiales_Christensenellaceae_Christensenellaceae_R-7_group_2113	0.226840621814413	0.226840621814413	-0.0807465749787307	0.68240889925252	0.68240889925252
Bacteria_Firmicutes_Erysipelotrichia_Erysipelotrichales_Erysipelotrichaceae_Erysipelatoclostridium_476	0.227503782494157	0.227503782494157	0.176880324745575	0.68240889925252	0.68240889925252
Bacteria_Firmicutes_Clostridia_Clostridiales_Lachnospiraceae_NA_386	0.22908184786946	0.22908184786946	-0.114829114659853	0.68240889925252	0.68240889925252
Bacteria_Actinobacteria_Coriobacteriia_Coriobacteriales_Coriobacteriaceae_Collinsella_234	0.230184888791086	0.230184888791086	0.0879678340204805	0.68240889925252	0.68240889925252
Bacteria_Firmicutes_Clostridia_Clostridiales_Lachnospiraceae_Fusicatenibacter_220	0.232771143759181	0.232771143759181	-0.284808454253938	0.68240889925252	0.68240889925252
Bacteria_Actinobacteria_Actinobacteria_Bifidobacteriales_Bifidobacteriaceae_Bifidobacterium_70	0.232844831869558	0.232844831869558	-0.249501720970596	0.68240889925252	0.68240889925252
Bacteria_Proteobacteria_Gammaproteobacteria_Enterobacteriales_Enterobacteriaceae_NA_50	0.23508887174907	0.23508887174907	0.350573933854406	0.68240889925252	0.68240889925252
Bacteria_Firmicutes_Clostridia_Clostridiales_Ruminococcaceae_Faecalibacterium_1015	0.237444956580096	0.237444956580096	-0.159997275958704	0.68240889925252	0.68240889925252
Bacteria_Firmicutes_Bacilli_Lactobacillales_Streptococcaceae_Streptococcus_924	0.237701224236736	0.237701224236736	0.129382143843729	0.68240889925252	0.68240889925252
Bacteria_Firmicutes_Clostridia_Clostridiales_Lachnospiraceae_NA_255	0.237861950983604	0.237861950983604	-0.239795657244079	0.68240889925252	0.68240889925252
Bacteria_Bacteroidetes_Bacteroidia_Bacteroidales_Tannerellaceae_Parabacteroides_649	0.23865666421946	0.23865666421946	-0.128352067189752	0.68240889925252	0.68240889925252
Bacteria_Firmicutes_Negativicutes_Selenomonadales_Acidaminococcaceae_Phascolarctobacterium_152	0.242184664181996	0.242184664181997	0.245381698233068	0.682791342886438	0.682791342886438
Bacteria_Bacteroidetes_Bacteroidia_Bacteroidales_Tannerellaceae_Parabacteroides_778	0.243377803380738	0.243377803380738	0.0943528466093032	0.682791342886438	0.682791342886438
Bacteria_Actinobacteria_Actinobacteria_Actinomycetales_Actinomycetaceae_Actinomyces_950	0.24513735839899	0.24513735839899	0.166154063340945	0.682791342886438	0.682791342886438
Bacteria_Firmicutes_Clostridia_Clostridiales_Lachnospiraceae_Fusicatenibacter_77	0.245436926518243	0.245436926518243	-0.2698058420104	0.682791342886438	0.682791342886438
Bacteria_Firmicutes_Clostridia_Clostridiales_Lachnospiraceae_NA_590	0.248893263450369	0.248893263450369	-0.110081443502616	0.682791342886438	0.682791342886438
Bacteria_Firmicutes_Clostridia_Clostridiales_Lachnospiraceae_NA_215	0.249036482240707	0.249036482240707	-0.231140644374365	0.682791342886438	0.682791342886438
Bacteria_Bacteroidetes_Bacteroidia_Bacteroidales_Prevotellaceae_Prevotella_7_129	0.250335706583103	0.250335706583103	0.194236091871802	0.682791342886438	0.682791342886438
Bacteria_Firmicutes_Negativicutes_Selenomonadales_Acidaminococcaceae_Phascolarctobacterium_457	0.250720075375217	0.250720075375217	-0.0311628286985374	0.682791342886438	0.682791342886438
Bacteria_Bacteroidetes_Bacteroidia_Bacteroidales_Bacteroidaceae_Bacteroides_438	0.251949710907913	0.251949710907913	0.150256733495016	0.682791342886438	0.682791342886438
Bacteria_Firmicutes_Clostridia_Clostridiales_Lachnospiraceae_Anaerostipes_723	0.252721703705781	0.252721703705781	0.140314165140345	0.682791342886438	0.682791342886438
Bacteria_Actinobacteria_Actinobacteria_Bifidobacteriales_Bifidobacteriaceae_Bifidobacterium_402	0.253917862245778	0.253917862245778	0.175927871369593	0.682791342886438	0.682791342886438
Bacteria_Firmicutes_Clostridia_Clostridiales_Lachnospiraceae_Lachnospiraceae_ND3007_group_233	0.254236026575368	0.254236026575368	0.235688823069384	0.682791342886438	0.682791342886438
Bacteria_Firmicutes_Bacilli_Lactobacillales_Lactobacillaceae_Lactobacillus_83	0.25538654446791	0.25538654446791	-0.2270566908112	0.682791342886438	0.682791342886438
Bacteria_Firmicutes_Clostridia_Clostridiales_Lachnospiraceae_Lachnospira_631	0.256202216092179	0.256202216092179	-0.196990959507967	0.682791342886438	0.682791342886438
Bacteria_Firmicutes_Clostridia_Clostridiales_Family_XIII_Family_XIII_AD3011_group_763	0.258261538586175	0.258261538586175	0.183942169113018	0.684954515380726	0.684954515380726
Bacteria_Firmicutes_Negativicutes_Selenomonadales_Veillonellaceae_Dialister_258	0.260001578926101	0.260001578926101	0.150667064959793	0.686254167453988	0.686254167453988
Bacteria_Bacteroidetes_Bacteroidia_Bacteroidales_Tannerellaceae_Parabacteroides_468	0.261639544664336	0.261639544664336	0.13893181367438	0.687273253687658	0.687273253687658
Bacteria_Actinobacteria_Actinobacteria_Bifidobacteriales_Bifidobacteriaceae_Bifidobacterium_10	0.264092367791571	0.26409236779157	-0.304020671528864	0.688684645001087	0.688684645001087
Bacteria_Firmicutes_Bacilli_Lactobacillales_Streptococcaceae_Streptococcus_2	0.264685719663441	0.264685719663441	0.349172985831789	0.688684645001087	0.688684645001087
Bacteria_Actinobacteria_Coriobacteriia_Coriobacteriales_Coriobacteriaceae_Collinsella_1539	0.266820812797384	0.266820812797384	-0.119996624325728	0.690965218046055	0.690965218046055
Bacteria_Actinobacteria_Coriobacteriia_Coriobacteriales_Eggerthellaceae_Adlercreutzia_604	0.26852209939704	0.26852209939704	0.0997684795399257	0.69210625619237	0.692106256192371
Bacteria_Firmicutes_Clostridia_Clostridiales_Christensenellaceae_Christensenellaceae_R-7_group_618	0.269921878555204	0.269921878555203	-0.0945725360198763	0.692463137041153	0.692463137041153
Bacteria_Firmicutes_Clostridia_Clostridiales_Lachnospiraceae_Lachnospiraceae_NK4A136_group_336	0.271713476831316	0.271713476831316	0.151179847359907	0.693817203629732	0.693817203629732
Bacteria_Firmicutes_Clostridia_Clostridiales_Ruminococcaceae_Faecalibacterium_774	0.27493001007581	0.27493001007581	-0.17020271697901	0.693934996981993	0.693934996981993
Bacteria_Proteobacteria_Deltaproteobacteria_Desulfovibrionales_Desulfovibrionaceae_NA_2662	0.275212873082737	0.275212873082737	0.073131472313788	0.693934996981993	0.693934996981993
Bacteria_Firmicutes_Clostridia_Clostridiales_Lachnospiraceae_NA_267	0.275551601715983	0.275551601715983	0.236402975550713	0.693934996981993	0.693934996981993
Bacteria_Firmicutes_Negativicutes_Selenomonadales_Acidaminococcaceae_Acidaminococcus_88	0.284118107031312	0.284118107031312	0.182140597422606	0.706233057816996	0.706233057816996
Bacteria_Firmicutes_Erysipelotrichia_Erysipelotrichales_Erysipelotrichaceae_Solobacterium_174	0.284268737148568	0.284268737148568	0.0883965435689027	0.706233057816996	0.706233057816996
Bacteria_Firmicutes_Clostridia_Clostridiales_Ruminococcaceae_Ruminococcus_1_411	0.285321207015033	0.285321207015033	0.09374763911856	0.706233057816996	0.706233057816996
Bacteria_Firmicutes_Clostridia_Clostridiales_Clostridiaceae_1_Clostridium_sensu_stricto_1_332	0.2855805807566	0.2855805807566	-0.241522785145924	0.706233057816996	0.706233057816996
Bacteria_Firmicutes_Clostridia_Clostridiales_Ruminococcaceae_Ruminococcaceae_UCG-003_1013	0.293493985389127	0.293493985389127	-0.144016469673456	0.719368746159166	0.719368746159166
Bacteria_Firmicutes_Clostridia_Clostridiales_Lachnospiraceae_Tyzzerella_1132	0.294290898137065	0.294290898137065	0.147517196848991	0.719368746159166	0.719368746159166
Bacteria_Firmicutes_Clostridia_Clostridiales_Lachnospiraceae_NA_1847	0.295947881955806	0.295947881955806	-0.0948820872263358	0.719368746159166	0.719368746159166
Bacteria_Firmicutes_Clostridia_Clostridiales_Lachnospiraceae_NA_346	0.296133582207599	0.296133582207599	-0.168539463708845	0.719368746159166	0.719368746159166
Bacteria_Bacteroidetes_Bacteroidia_Bacteroidales_Bacteroidaceae_Bacteroides_64	0.297990304148303	0.297990304148303	-0.268515951048085	0.720690206948979	0.720690206948979
Bacteria_Firmicutes_Clostridia_Clostridiales_Lachnospiraceae_NA_497	0.301091502637847	0.301091502637847	-0.0773872277995947	0.722682165204666	0.722682165204666
Bacteria_Firmicutes_Clostridia_Clostridiales_Christensenellaceae_Christensenellaceae_R-7_group_239	0.301446659074442	0.301446659074442	-0.216457542367064	0.722682165204666	0.722682165204666
Bacteria_Firmicutes_Clostridia_Clostridiales_Lachnospiraceae_NA_501	0.304967038037408	0.304967038037408	-0.0196200079140211	0.727943060358856	0.727943060358856
Bacteria_Firmicutes_Clostridia_Clostridiales_Peptostreptococcaceae_Romboutsia_304	0.310434960338123	0.310434960338123	-0.159915006224678	0.733534122476882	0.733534122476882
Bacteria_Firmicutes_Clostridia_Clostridiales_Lachnospiraceae_NA_27	0.312304743243315	0.312304743243316	0.20848757430763	0.733534122476882	0.733534122476882
Bacteria_Firmicutes_Clostridia_Clostridiales_Lachnospiraceae_Dorea_349	0.312325580259534	0.312325580259534	0.0725857496126916	0.733534122476882	0.733534122476882
Bacteria_Firmicutes_Clostridia_Clostridiales_Lachnospiraceae_Fusicatenibacter_791	0.315240612077165	0.315240612077165	-0.0747846193772811	0.733534122476882	0.733534122476882
Bacteria_Firmicutes_Bacilli_Lactobacillales_Streptococcaceae_Lactococcus_372	0.315729936640016	0.315729936640016	-0.190382827443152	0.733534122476882	0.733534122476882
Bacteria_Firmicutes_Clostridia_Clostridiales_Lachnospiraceae_Dorea_44	0.317608734051113	0.317608734051113	-0.249260009505905	0.733534122476882	0.733534122476882
Bacteria_Firmicutes_Clostridia_Clostridiales_Christensenellaceae_Christensenellaceae_R-7_group_1276	0.319216510276421	0.319216510276421	0.0802263306179647	0.733534122476882	0.733534122476882
Bacteria_Firmicutes_Clostridia_Clostridiales_Lachnospiraceae_Dorea_62	0.319961402752774	0.319961402752774	-0.197515989302677	0.733534122476882	0.733534122476882
Bacteria_Firmicutes_Clostridia_Clostridiales_Ruminococcaceae_NA_1988	0.321287682239992	0.321287682239992	0.0717993144570606	0.733534122476882	0.733534122476882
Bacteria_Firmicutes_Clostridia_Clostridiales_Christensenellaceae_Christensenellaceae_R-7_group_775	0.324199110016344	0.324199110016344	0.115240291169873	0.733534122476882	0.733534122476882
Bacteria_Proteobacteria_Gammaproteobacteria_Enterobacteriales_Enterobacteriaceae_Escherichia/Shigella_74	0.328091668099552	0.328091668099552	0.215434258540454	0.733534122476882	0.733534122476882
Bacteria_Proteobacteria_Gammaproteobacteria_Enterobacteriales_Enterobacteriaceae_Escherichia/Shigella_141	0.328293830185502	0.328293830185502	0.158035108272544	0.733534122476882	0.733534122476882
Bacteria_Firmicutes_Clostridia_Clostridiales_Lachnospiraceae_Roseburia_934	0.332492508447236	0.332492508447236	-0.146913675214193	0.733534122476882	0.733534122476882
Bacteria_Firmicutes_Clostridia_Clostridiales_Lachnospiraceae_NA_573	0.33300043376526	0.33300043376526	0.0959910755935173	0.733534122476882	0.733534122476882
Bacteria_Firmicutes_Clostridia_Clostridiales_Lachnospiraceae_Blautia_535	0.335739963304409	0.335739963304409	0.182700853867536	0.733534122476882	0.733534122476882
Bacteria_Proteobacteria_Deltaproteobacteria_Desulfovibrionales_Desulfovibrionaceae_Desulfovibrio_326	0.336392652229865	0.336392652229865	0.124922972148658	0.733534122476882	0.733534122476882
Bacteria_Actinobacteria_Coriobacteriia_Coriobacteriales_Eggerthellaceae_Eggerthella_621	0.337944589515615	0.337944589515615	0.112660272011368	0.733534122476882	0.733534122476882
Bacteria_Firmicutes_Clostridia_Clostridiales_Lachnospiraceae_Anaerostipes_14	0.338503615894464	0.338503615894464	-0.314436029441439	0.733534122476882	0.733534122476882
Bacteria_Firmicutes_Clostridia_Clostridiales_Ruminococcaceae_Faecalibacterium_376	0.339402215925226	0.339402215925226	-0.0957380083679326	0.733534122476882	0.733534122476882
Bacteria_Actinobacteria_Actinobacteria_Bifidobacteriales_Bifidobacteriaceae_Bifidobacterium_229	0.339829531707644	0.339829531707644	-0.131103454901531	0.733534122476882	0.733534122476882
Bacteria_Firmicutes_Clostridia_Clostridiales_Lachnospiraceae_Blautia_163	0.340980116250915	0.340980116250915	-0.242239123759045	0.733534122476882	0.733534122476882
Bacteria_Firmicutes_Negativicutes_Selenomonadales_Veillonellaceae_Dialister_216	0.341534642247971	0.341534642247971	-0.05069849411439	0.733534122476882	0.733534122476882
Bacteria_Firmicutes_Clostridia_Clostridiales_Ruminococcaceae_Faecalibacterium_72	0.341748040114468	0.341748040114468	-0.236152629273948	0.733534122476882	0.733534122476882
Bacteria_Bacteroidetes_Bacteroidia_Bacteroidales_Bacteroidaceae_Bacteroides_31	0.342268552707243	0.342268552707243	0.197943047388667	0.733534122476882	0.733534122476882
Bacteria_Firmicutes_Clostridia_Clostridiales_Lachnospiraceae_Blautia_353	0.342333694566516	0.342333694566516	0.211827773287637	0.733534122476882	0.733534122476882
Bacteria_Firmicutes_Clostridia_Clostridiales_Lachnospiraceae_Coprococcus_3_461	0.343800747197944	0.343800747197944	-0.0836530272085363	0.733534122476882	0.733534122476882
Bacteria_Firmicutes_Clostridia_Clostridiales_Ruminococcaceae_Ruminiclostridium_1967	0.347641349205484	0.347641349205484	-0.057208445033724	0.733534122476882	0.733534122476882
Bacteria_Firmicutes_Clostridia_Clostridiales_Ruminococcaceae_Ruminococcus_2_90	0.348015098285829	0.348015098285829	-0.110437271154339	0.733534122476882	0.733534122476882
Bacteria_Firmicutes_Clostridia_Clostridiales_Lachnospiraceae_Blautia_271	0.348052198121415	0.348052198121415	-0.212409202526827	0.733534122476882	0.733534122476882
Bacteria_Firmicutes_Clostridia_Clostridiales_Ruminococcaceae_Subdoligranulum_310	0.348385770693195	0.348385770693195	-0.120158299951912	0.733534122476882	0.733534122476882
Bacteria_Proteobacteria_Alphaproteobacteria_Rhodospirillales_NA_NA_2018	0.34975219869325	0.34975219869325	0.0309934576237411	0.733534122476882	0.733534122476882
Bacteria_Firmicutes_Clostridia_Clostridiales_Lachnospiraceae_Blautia_235	0.350065464642884	0.350065464642884	-0.165860322018369	0.733534122476882	0.733534122476882
Bacteria_Firmicutes_Erysipelotrichia_Erysipelotrichales_Erysipelotrichaceae_Faecalitalea_1085	0.351876148082163	0.351876148082163	0.030374695187361	0.73452473496999	0.73452473496999
Bacteria_Bacteroidetes_Bacteroidia_Bacteroidales_Tannerellaceae_Parabacteroides_786	0.354201211655973	0.354201211655973	0.101588655115927	0.736467868913662	0.736467868913662
Bacteria_Firmicutes_Clostridia_Clostridiales_Lachnospiraceae_Roseburia_715	0.3554939714786	0.3554939714786	0.139726633114228	0.736467868913662	0.736467868913662
Bacteria_Firmicutes_Clostridia_Clostridiales_Ruminococcaceae_Butyricicoccus_449	0.356831426468186	0.356831426468186	0.177403408769938	0.736467868913662	0.736467868913662
Bacteria_Firmicutes_Clostridia_Clostridiales_Ruminococcaceae_Subdoligranulum_277	0.362134039554147	0.362134039554147	-0.063129781255939	0.739455438731785	0.739455438731785
Bacteria_Proteobacteria_Gammaproteobacteria_Betaproteobacteriales_Burkholderiaceae_Sutterella_406	0.36232986401126	0.36232986401126	-0.174556109765268	0.739455438731785	0.739455438731785
Bacteria_Actinobacteria_Actinobacteria_Bifidobacteriales_Bifidobacteriaceae_Bifidobacterium_542	0.36302652572427	0.36302652572427	-0.0687601673421211	0.739455438731785	0.739455438731785
Bacteria_Firmicutes_Clostridia_Clostridiales_Family_XIII_NA_810	0.364239929148053	0.364239929148053	0.111267630769241	0.739455438731785	0.739455438731785
Bacteria_Firmicutes_Clostridia_Clostridiales_Ruminococcaceae_Faecalibacterium_113	0.365323428690561	0.365323428690561	-0.17618402754139	0.739455438731785	0.739455438731785
Bacteria_Firmicutes_Clostridia_Clostridiales_Lachnospiraceae_Coprococcus_1_859	0.36678453039144	0.36678453039144	-0.139553823908735	0.739455438731785	0.739455438731785
Bacteria_Firmicutes_Clostridia_Clostridiales_Ruminococcaceae_Ruminiclostridium_5_1208	0.368035076857205	0.368035076857205	-0.0863872063824077	0.739455438731785	0.739455438731785
Bacteria_Bacteroidetes_Bacteroidia_Bacteroidales_Bacteroidaceae_Bacteroides_364	0.369839670669492	0.369839670669492	-0.153863621026791	0.739455438731785	0.739455438731785
Bacteria_Firmicutes_Bacilli_Lactobacillales_Streptococcaceae_Streptococcus_30	0.370401176049619	0.370401176049619	-0.12016732254893	0.739455438731785	0.739455438731785
Bacteria_Verrucomicrobia_Verrucomicrobiae_Verrucomicrobiales_Akkermansiaceae_Akkermansia_436	0.37322214335582	0.37322214335582	0.133675787911877	0.742387524283859	0.742387524283859
Bacteria_Firmicutes_Erysipelotrichia_Erysipelotrichales_Erysipelotrichaceae_Erysipelatoclostridium_705	0.37694324119583	0.37694324119583	-0.0968607778224472	0.745801787500454	0.745801787500454
Bacteria_Firmicutes_Clostridia_Clostridiales_Ruminococcaceae_Ruminococcaceae_UCG-002_400	0.377830318933797	0.377830318933797	0.118140584925049	0.745801787500454	0.745801787500454
Bacteria_Firmicutes_Clostridia_Clostridiales_Ruminococcaceae_Ruminococcaceae_UCG-002_994	0.379426230769151	0.379426230769151	0.0317005026695148	0.745801787500454	0.745801787500454
Bacteria_Firmicutes_Clostridia_Clostridiales_Ruminococcaceae_Ruminococcaceae_UCG-013_445	0.38091757982486	0.38091757982486	-0.153918826356226	0.745801787500454	0.745801787500454
Bacteria_Actinobacteria_Coriobacteriia_Coriobacteriales_Eggerthellaceae_Gordonibacter_2795	0.38173096955852	0.38173096955852	0.0561700467734773	0.745801787500454	0.745801787500454
Bacteria_Firmicutes_Clostridia_Clostridiales_Ruminococcaceae_Butyricicoccus_357	0.384014370126038	0.384014370126038	0.194623485940186	0.747602443968776	0.747602443968776
Bacteria_Bacteroidetes_Bacteroidia_Bacteroidales_Prevotellaceae_Prevotella_7_148	0.388202360191014	0.388202360191014	-0.107944632692229	0.750503411365138	0.750503411365138
Bacteria_Firmicutes_Erysipelotrichia_Erysipelotrichales_Erysipelotrichaceae_Holdemanella_35	0.389307316135378	0.389307316135378	0.247963053046731	0.750503411365138	0.750503411365138
Bacteria_Firmicutes_Clostridia_Clostridiales_Ruminococcaceae_Faecalibacterium_149	0.389605596063869	0.389605596063869	-0.126636201171196	0.750503411365138	0.750503411365138
Bacteria_Firmicutes_Clostridia_Clostridiales_Lachnospiraceae_Blautia_522	0.396099734494165	0.396099734494165	0.0897203543705326	0.755787522256437	0.755787522256437
Bacteria_Firmicutes_Erysipelotrichia_Erysipelotrichales_Erysipelotrichaceae_Holdemanella_6	0.398195409633966	0.398195409633966	0.237342426283069	0.755787522256437	0.755787522256437
Bacteria_Cyanobacteria_Oxyphotobacteria_Chloroplast_NA_NA_2052	0.398954839913351	0.398954839913351	0.07609204171398	0.755787522256437	0.755787522256437
Bacteria_Firmicutes_Clostridia_Clostridiales_Ruminococcaceae_Ruminococcaceae_UCG-013_460	0.401469131522303	0.401469131522303	-0.119567638459386	0.755787522256437	0.755787522256437
Bacteria_Firmicutes_Clostridia_Clostridiales_Clostridiaceae_1_Clostridium_sensu_stricto_1_107	0.401917429239411	0.401917429239411	-0.179076267103857	0.755787522256437	0.755787522256437
Bacteria_Bacteroidetes_Bacteroidia_Bacteroidales_Bacteroidaceae_Bacteroides_102	0.402376114738129	0.402376114738129	0.0697366987462502	0.755787522256437	0.755787522256437
Bacteria_Firmicutes_Clostridia_Clostridiales_Lachnospiraceae_Blautia_68	0.403164288929959	0.403164288929959	0.221475499391959	0.755787522256437	0.755787522256437
Bacteria_Firmicutes_Erysipelotrichia_Erysipelotrichales_Erysipelotrichaceae_Holdemanella_92	0.40357592196058	0.40357592196058	-0.0586390972288053	0.755787522256437	0.755787522256437
Bacteria_Actinobacteria_Actinobacteria_Bifidobacteriales_Bifidobacteriaceae_Bifidobacterium_100	0.404738673120934	0.404738673120934	-0.168622194272807	0.755787522256437	0.755787522256437
Bacteria_Firmicutes_Clostridia_Clostridiales_Family_XIII_NA_1365	0.410503838706169	0.410503838706169	0.0697691009303557	0.761695087774088	0.761695087774088
Bacteria_Proteobacteria_Gammaproteobacteria_Enterobacteriales_Enterobacteriaceae_NA_5	0.412004014229782	0.412004014229782	0.294304975830656	0.761695087774088	0.761695087774088
Bacteria_Firmicutes_Clostridia_Clostridiales_Lachnospiraceae_Roseburia_341	0.413043461948965	0.413043461948965	0.111894396158028	0.761695087774088	0.761695087774088
Bacteria_Firmicutes_Clostridia_Clostridiales_Lachnospiraceae_Lachnospira_442	0.413999496136886	0.413999496136886	0.166499367748506	0.761695087774088	0.761695087774088
Bacteria_NA_NA_NA_NA_NA_1700	0.416115599792437	0.416115599792437	0.054120873940838	0.761695087774088	0.761695087774088
Bacteria_Firmicutes_Clostridia_Clostridiales_Ruminococcaceae_Butyricicoccus_552	0.416226823920267	0.416226823920267	-0.111853420855513	0.761695087774088	0.761695087774088
Bacteria_Firmicutes_Clostridia_Clostridiales_Ruminococcaceae_Ruminococcaceae_UCG-004_327	0.419772868782365	0.419772868782365	0.0596807879931105	0.764896172129029	0.764896172129029
Bacteria_Firmicutes_Erysipelotrichia_Erysipelotrichales_Erysipelotrichaceae_Catenibacterium_33	0.420762557346023	0.420762557346023	-0.179764515981231	0.764896172129029	0.764896172129029
Bacteria_Proteobacteria_Gammaproteobacteria_Betaproteobacteriales_Burkholderiaceae_Parasutterella_601	0.424367701247367	0.424367701247367	0.0724088266624702	0.768903854735328	0.768903854735328
Bacteria_Firmicutes_Clostridia_Clostridiales_Ruminococcaceae_Subdoligranulum_150	0.430770117619304	0.430770117619304	0.133297198977109	0.777573919179286	0.777573919179286
Bacteria_Firmicutes_Clostridia_Clostridiales_Family_XIII_Family_XIII_UCG-001_856	0.431985510655159	0.431985510655159	-0.0786137685346659	0.777573919179286	0.777573919179286
Bacteria_Bacteroidetes_Bacteroidia_Bacteroidales_Bacteroidaceae_Bacteroides_43	0.433953030631016	0.433953030631016	-0.139933134089821	0.778214305203582	0.778214305203582
Bacteria_Firmicutes_Clostridia_Clostridiales_Ruminococcaceae_Oscillibacter_569	0.437917004885998	0.437917004885998	-0.126893212880736	0.778214305203582	0.778214305203582
Bacteria_Firmicutes_Clostridia_Clostridiales_Lachnospiraceae_GCA-900066755_176	0.439565550860176	0.439565550860176	-0.159047924729307	0.778214305203582	0.778214305203582
Bacteria_Firmicutes_Clostridia_Clostridiales_Ruminococcaceae_Ruminococcaceae_UCG-005_344	0.440546011268245	0.440546011268245	0.140572636394458	0.778214305203582	0.778214305203582
Bacteria_Firmicutes_Clostridia_Clostridiales_Ruminococcaceae_NA_1153	0.441690839493028	0.441690839493028	0.0780134400595039	0.778214305203582	0.778214305203582
Bacteria_Bacteroidetes_Bacteroidia_Bacteroidales_Bacteroidaceae_Bacteroides_126	0.443794620925948	0.443794620925948	0.0846595694011163	0.778214305203582	0.778214305203582
Bacteria_Firmicutes_Bacilli_Lactobacillales_Carnobacteriaceae_Granulicatella_1089	0.445010440622546	0.445010440622546	0.109479681831006	0.778214305203582	0.778214305203582
Bacteria_Actinobacteria_Coriobacteriia_Coriobacteriales_Coriobacteriales_Incertae_Sedis_NA_702	0.445040368831266	0.445040368831266	-0.101894805539928	0.778214305203582	0.778214305203582
Bacteria_Firmicutes_Clostridia_Clostridiales_Lachnospiraceae_Agathobacter_531	0.445132559255899	0.445132559255899	-0.102352691303912	0.778214305203582	0.778214305203582
Bacteria_Proteobacteria_Gammaproteobacteria_Enterobacteriales_Enterobacteriaceae_Citrobacter_106	0.446516404625006	0.446516404625006	-0.18631857558938	0.778214305203582	0.778214305203582
Bacteria_Firmicutes_Clostridia_Clostridiales_Peptostreptococcaceae_Romboutsia_282	0.453768123470456	0.453768123470456	0.126779248848835	0.785683766469385	0.785683766469385
Bacteria_Proteobacteria_Deltaproteobacteria_Desulfovibrionales_Desulfovibrionaceae_Bilophila_721	0.454421379246197	0.454421379246197	0.0938346167620806	0.785683766469385	0.785683766469385
Bacteria_Firmicutes_Erysipelotrichia_Erysipelotrichales_Erysipelotrichaceae_Holdemanella_12	0.455095515004125	0.455095515004125	-0.130205047387649	0.785683766469385	0.785683766469385
Bacteria_Firmicutes_Clostridia_Clostridiales_Christensenellaceae_Christensenellaceae_R-7_group_1260	0.457677884122694	0.457677884122694	0.0176786096610558	0.787665073302065	0.787665073302065
Bacteria_Firmicutes_Clostridia_Clostridiales_Christensenellaceae_Christensenellaceae_R-7_group_312	0.4629044967869	0.4629044967869	0.145701945947627	0.792393315234771	0.792393315234771
Bacteria_Firmicutes_Clostridia_Clostridiales_Ruminococcaceae_Ruminococcaceae_UCG-013_439	0.463984076975142	0.463984076975142	0.116524674439039	0.792393315234771	0.792393315234771
Bacteria_Firmicutes_Clostridia_Clostridiales_Ruminococcaceae_Ruminococcaceae_UCG-004_790	0.465537624804212	0.465537624804212	0.00965383596353949	0.792393315234771	0.792393315234771
Bacteria_Firmicutes_Clostridia_Clostridiales_Lachnospiraceae_NA_653	0.466198617159984	0.466198617159984	0.111398904158184	0.792393315234771	0.792393315234771
Bacteria_Firmicutes_Clostridia_Clostridiales_Lachnospiraceae_NA_1067	0.468047430689595	0.468047430689595	-0.0548000269185663	0.792877393282927	0.792877393282927
Bacteria_Firmicutes_Clostridia_Clostridiales_Peptostreptococcaceae_Romboutsia_52	0.469912606796925	0.469912606796925	-0.177457984965842	0.792877393282927	0.792877393282927
Bacteria_Firmicutes_Clostridia_Clostridiales_Lachnospiraceae_NA_308	0.471602865805631	0.471602865805631	-0.0749527405207707	0.792877393282927	0.792877393282927
Bacteria_Bacteroidetes_Bacteroidia_Bacteroidales_Rikenellaceae_Alistipes_108	0.472260305288738	0.472260305288738	-0.177861746946165	0.792877393282927	0.792877393282927
Bacteria_Firmicutes_Clostridia_Clostridiales_Ruminococcaceae_Oscillibacter_777	0.476646154161598	0.476646154161598	-0.115743925414501	0.795771376695601	0.795771376695601
Bacteria_Bacteroidetes_Bacteroidia_Bacteroidales_Barnesiellaceae_Coprobacter_1081	0.47722415845651	0.47722415845651	-0.0804568563722166	0.795771376695601	0.795771376695601
Bacteria_Firmicutes_Clostridia_Clostridiales_Ruminococcaceae_Ruminiclostridium_5_676	0.479625010010711	0.479625010010711	-0.0230723740469152	0.795771376695601	0.795771376695601
Bacteria_Firmicutes_Clostridia_Clostridiales_Lachnospiraceae_Fusicatenibacter_1152	0.479782014000445	0.479782014000445	-0.0884375721419157	0.795771376695601	0.795771376695601
Bacteria_Firmicutes_Clostridia_Clostridiales_Lachnospiraceae_Lachnoclostridium_576	0.481472810051346	0.481472810051346	-0.0907891967807848	0.796170399753581	0.796170399753581
Bacteria_Firmicutes_Clostridia_Clostridiales_Lachnospiraceae_Blautia_427	0.485043583747919	0.485043583747919	-0.00286130659158529	0.799666448881704	0.799666448881704
Bacteria_Actinobacteria_Coriobacteriia_Coriobacteriales_Eggerthellaceae_Enterorhabdus_887	0.487695791571089	0.487695791571089	-0.0591501010444889	0.80163170530697	0.80163170530697
Bacteria_Firmicutes_Bacilli_Lactobacillales_Lactobacillaceae_Lactobacillus_80	0.494294135044024	0.494294135044024	-0.161173939028055	0.80751578451394	0.80751578451394
Bacteria_Firmicutes_Clostridia_Clostridiales_Lachnospiraceae_NA_82	0.4943158477432	0.4943158477432	-0.173146392206125	0.80751578451394	0.80751578451394
Bacteria_Firmicutes_Negativicutes_Selenomonadales_Veillonellaceae_Veillonella_826	0.495688195594167	0.495688195594167	0.100335685042586	0.80751578451394	0.80751578451394
Bacteria_Firmicutes_Clostridia_Clostridiales_Peptostreptococcaceae_Romboutsia_263	0.499028243532109	0.499028243532109	-0.12419749476659	0.810551792009254	0.810551792009254
Bacteria_Actinobacteria_Coriobacteriia_Coriobacteriales_Coriobacteriaceae_Collinsella_53	0.503158602826002	0.503158602826002	-0.156351999445178	0.814849772718215	0.814849772718215
Bacteria_Firmicutes_Clostridia_Clostridiales_Lachnospiraceae_Blautia_118	0.506701943311322	0.506701943311322	-0.190685875242219	0.818174608464459	0.818174608464459
Bacteria_Firmicutes_Clostridia_Clostridiales_Ruminococcaceae_Ruminococcaceae_UCG-014_471	0.509909611299755	0.509909611299755	-0.0303354617247291	0.82093952083157	0.82093952083157
Bacteria_Firmicutes_Clostridia_Clostridiales_Ruminococcaceae_Flavonifractor_729	0.514167470665203	0.514167470665203	-0.105467520082924	0.825374097646773	0.825374097646773
Bacteria_Verrucomicrobia_Verrucomicrobiae_Verrucomicrobiales_Akkermansiaceae_Akkermansia_477	0.517803423288284	0.517803423288284	0.0931700081383142	0.828787403455591	0.828787403455591
Bacteria_Bacteroidetes_Bacteroidia_Bacteroidales_Tannerellaceae_Parabacteroides_421	0.519821533082955	0.519821533082955	0.0603732575440098	0.829598900181809	0.829598900181809
Bacteria_Firmicutes_Clostridia_Clostridiales_Family_XIII_NA_799	0.525316941952138	0.525316941952138	0.0620702416788834	0.835939133715141	0.835939133715141
Bacteria_Firmicutes_Clostridia_Clostridiales_Lachnospiraceae_Coprococcus_3_547	0.529787564548569	0.529787564548569	0.0850214260127437	0.840020215745263	0.840020215745263
Bacteria_Firmicutes_Clostridia_Clostridiales_Ruminococcaceae_Ruminiclostridium_5_228	0.531967641408058	0.531967641408058	0.0998228969247725	0.840020215745263	0.840020215745263
Bacteria_Firmicutes_Clostridia_Clostridiales_Ruminococcaceae_Ruminiclostridium_6_819	0.534045830797353	0.534045830797353	0.0950409139409553	0.840020215745263	0.840020215745263
Bacteria_Bacteroidetes_Bacteroidia_Bacteroidales_Rikenellaceae_Rikenellaceae_RC9_gut_group_104	0.535207617057612	0.535207617057612	-0.0549618130914889	0.840020215745263	0.840020215745263
Bacteria_Firmicutes_Negativicutes_Selenomonadales_Acidaminococcaceae_Phascolarctobacterium_138	0.536669270178189	0.536669270178189	0.0519835318021241	0.840020215745263	0.840020215745263
Bacteria_Firmicutes_Clostridia_Clostridiales_Lachnospiraceae_Lachnospiraceae_UCG-001_844	0.537955871541871	0.537955871541871	0.0963196003747518	0.840020215745263	0.840020215745263
Bacteria_Firmicutes_Clostridia_Clostridiales_Ruminococcaceae_Oscillibacter_1971	0.538592196616271	0.538592196616271	0.0576793740888261	0.840020215745263	0.840020215745263
Bacteria_Bacteroidetes_Bacteroidia_Bacteroidales_Rikenellaceae_Alistipes_42	0.544727007889261	0.544727007889261	-0.155849925825824	0.84416790885918	0.84416790885918
Bacteria_Firmicutes_Negativicutes_Selenomonadales_Veillonellaceae_Dialister_67	0.545549327370816	0.545549327370816	-0.114291774972276	0.84416790885918	0.84416790885918
Bacteria_Firmicutes_Clostridia_Clostridiales_Lachnospiraceae_CAG-56_289	0.545864494799652	0.545864494799652	-0.0986277556156466	0.84416790885918	0.84416790885918
Bacteria_Bacteroidetes_Bacteroidia_Bacteroidales_Bacteroidaceae_Bacteroides_637	0.549401414129643	0.549401414129643	0.0577795207115267	0.847251057183073	0.847251057183073
Bacteria_Firmicutes_Clostridia_Clostridiales_Lachnospiraceae_Blautia_110	0.554952986123098	0.554952986123098	-0.158474264491831	0.852086936510769	0.852086936510769
Bacteria_Firmicutes_Clostridia_Clostridiales_Ruminococcaceae_Negativibacillus_580	0.555641390292997	0.555641390292997	0.0148255838470116	0.852086936510769	0.852086936510769
Bacteria_Firmicutes_Clostridia_Clostridiales_Lachnospiraceae_Marvinbryantia_773	0.557500688649334	0.557500688649334	0.0682466489696585	0.852556763421962	0.852556763421962
Bacteria_Firmicutes_Clostridia_Clostridiales_Lachnospiraceae_Fusicatenibacter_172	0.560867983468223	0.560867983468223	0.0837500055936	0.85532367478904	0.85532367478904
Bacteria_Firmicutes_Clostridia_Clostridiales_Ruminococcaceae_Ruminococcaceae_UCG-005_1702	0.570120125245035	0.570120125245035	-0.031194621352599	0.862103906517326	0.862103906517326
Bacteria_Firmicutes_Clostridia_Clostridiales_Lachnospiraceae_Coprococcus_3_125	0.571594369703062	0.571594369703062	-0.144876053513492	0.862103906517326	0.862103906517326
Bacteria_Firmicutes_Bacilli_Lactobacillales_Streptococcaceae_Lactococcus_1060	0.573335091947769	0.573335091947769	0.0694159462331595	0.862103906517326	0.862103906517326
Bacteria_Firmicutes_Clostridia_Clostridiales_Ruminococcaceae_Faecalibacterium_93	0.573392403495908	0.573392403495908	-0.179488044331982	0.862103906517326	0.862103906517326
Bacteria_Firmicutes_Clostridia_Clostridiales_Ruminococcaceae_Subdoligranulum_385	0.573877989309155	0.573877989309155	0.083507178239209	0.862103906517326	0.862103906517326
Bacteria_Firmicutes_Clostridia_Clostridiales_Lachnospiraceae_Lachnospiraceae_ND3007_group_530	0.574735937678217	0.574735937678217	-0.0784069204414421	0.862103906517326	0.862103906517326
Bacteria_Firmicutes_Clostridia_Clostridiales_Lachnospiraceae_NA_368	0.582208787784273	0.582208787784273	0.0806846743151152	0.869512288123682	0.869512288123682
Bacteria_Firmicutes_Clostridia_Clostridiales_Ruminococcaceae_Ruminococcaceae_UCG-013_598	0.582842480928078	0.582842480928078	0.100480947556577	0.869512288123682	0.869512288123682
Bacteria_Firmicutes_Clostridia_Clostridiales_Ruminococcaceae_Ruminiclostridium_6_612	0.584928322227774	0.584928322227774	-0.0674746940494422	0.870259211119371	0.870259211119371
Bacteria_Firmicutes_Clostridia_Clostridiales_Lachnospiraceae_Howardella_1073	0.588429322056467	0.588429322056467	-0.0587797526876529	0.870314814910423	0.870314814910423
Bacteria_Firmicutes_Clostridia_Clostridiales_Lachnospiraceae_Blautia_195	0.589713561791483	0.589713561791483	-0.136741533571959	0.870314814910423	0.870314814910423
Bacteria_Firmicutes_Clostridia_Clostridiales_Lachnospiraceae_Blautia_11	0.589721513928374	0.589721513928374	-0.159900573098799	0.870314814910423	0.870314814910423
Bacteria_Firmicutes_Clostridia_Clostridiales_Christensenellaceae_Christensenellaceae_R-7_group_464	0.59156145506334	0.59156145506334	0.0724387953198831	0.870689648337195	0.870689648337195
Bacteria_Firmicutes_Clostridia_Clostridiales_Lachnospiraceae_Dorea_322	0.59417076922302	0.59417076922302	-0.104087106547643	0.872191851078712	0.872191851078712
Bacteria_Actinobacteria_Coriobacteriia_Coriobacteriales_Eggerthellaceae_Adlercreutzia_1250	0.597870987690045	0.597870987690045	0.0555794586191226	0.875283125978226	0.875283125978226
Bacteria_Bacteroidetes_Bacteroidia_Bacteroidales_Tannerellaceae_Parabacteroides_241	0.599686583735823	0.599686583735823	0.109887181076873	0.87560620869938	0.87560620869938
Bacteria_Firmicutes_Clostridia_Clostridiales_Ruminococcaceae_Ruminococcaceae_UCG-014_914	0.602577248426751	0.602577248426751	-0.063650294357872	0.877493128345587	0.877493128345587
Bacteria_Firmicutes_Clostridia_Clostridiales_Lachnospiraceae_Lachnoclostridium_5_616	0.606115314066205	0.606115314066205	0.0818660815780883	0.879571648556873	0.879571648556873
Bacteria_Actinobacteria_Coriobacteriia_Coriobacteriales_Coriobacteriaceae_Collinsella_561	0.607208842992814	0.607208842992814	-0.0613063612758758	0.879571648556873	0.879571648556873
Bacteria_Bacteroidetes_Bacteroidia_Bacteroidales_Rikenellaceae_Alistipes_156	0.610662941326911	0.610662941326911	-0.0484924733211473	0.882247249443353	0.882247249443353
Bacteria_Bacteroidetes_Bacteroidia_Bacteroidales_Bacteroidaceae_Bacteroides_334	0.615218454516037	0.615218454516037	0.0775871527159236	0.884154202491341	0.884154202491341
Bacteria_Firmicutes_Clostridia_Clostridiales_Ruminococcaceae_Ruminiclostridium_5_655	0.619122366277288	0.619122366277288	-0.0530647805350781	0.884154202491341	0.884154202491341
Bacteria_Bacteroidetes_Bacteroidia_Bacteroidales_Bacteroidaceae_Bacteroides_23	0.620605921669135	0.620605921669135	-0.0602562329388921	0.884154202491341	0.884154202491341
Bacteria_Firmicutes_Bacilli_Lactobacillales_Streptococcaceae_Streptococcus_1021	0.622471418333727	0.622471418333727	-0.0566359367036472	0.884154202491341	0.884154202491341
Bacteria_Bacteroidetes_Bacteroidia_Bacteroidales_Prevotellaceae_Prevotella_9_247	0.622531392050642	0.622531392050642	0.112738615421987	0.884154202491341	0.884154202491341
Bacteria_Firmicutes_Clostridia_Clostridiales_Ruminococcaceae_Subdoligranulum_78	0.623151565832063	0.623151565832063	0.068604552287289	0.884154202491341	0.884154202491341
Bacteria_Firmicutes_Clostridia_Clostridiales_Ruminococcaceae_UBA1819_252	0.623256241100453	0.623256241100453	0.0961708628004383	0.884154202491341	0.884154202491341
Bacteria_Firmicutes_Clostridia_Clostridiales_Ruminococcaceae_Subdoligranulum_218	0.62771107412864	0.62771107412864	-0.07375959516401	0.888178813651092	0.888178813651092
Bacteria_Firmicutes_Clostridia_Clostridiales_Lachnospiraceae_Marvinbryantia_397	0.632229288510471	0.632229288510471	0.0941475004642927	0.889293368483515	0.889293368483515
Bacteria_Firmicutes_Clostridia_Clostridiales_Ruminococcaceae_NA_137	0.632292239716472	0.632292239716472	-0.0694463618527816	0.889293368483515	0.889293368483515
Bacteria_Firmicutes_Clostridia_Clostridiales_Ruminococcaceae_Ruminiclostridium_9_1042	0.633358300686802	0.633358300686802	-0.0571472152711435	0.889293368483515	0.889293368483515
Bacteria_Firmicutes_Clostridia_Clostridiales_Lachnospiraceae_Roseburia_860	0.635007313995472	0.635007313995472	-0.0703448429250311	0.889334222917128	0.889334222917128
Bacteria_Firmicutes_Clostridia_Clostridiales_Ruminococcaceae_Subdoligranulum_24	0.639393245695122	0.639393245695122	-0.124291295423532	0.892475906722284	0.892475906722284
Bacteria_Firmicutes_Clostridia_Clostridiales_Ruminococcaceae_NA_2594	0.640501834696867	0.640501834696867	-0.0286974351633011	0.892475906722284	0.892475906722284
Bacteria_Firmicutes_Erysipelotrichia_Erysipelotrichales_Erysipelotrichaceae_Holdemania_1908	0.648460228337877	0.648460228337877	-0.0329140570659412	0.897211288732364	0.897211288732364
Bacteria_Firmicutes_Clostridia_Clostridiales_Lachnospiraceae_Lachnospiraceae_NK4A136_group_399	0.650709426215568	0.650709426215568	-0.0888165219449679	0.897211288732364	0.897211288732364
Bacteria_Firmicutes_Clostridia_Clostridiales_Lachnospiraceae_NA_329	0.651252013123013	0.651252013123013	-0.0972659396922762	0.897211288732364	0.897211288732364
Bacteria_Actinobacteria_Coriobacteriia_Coriobacteriales_Eggerthellaceae_NA_2236	0.654045360650249	0.654045360650249	-0.0232417936714438	0.897211288732364	0.897211288732364
Bacteria_Proteobacteria_Gammaproteobacteria_Pasteurellales_Pasteurellaceae_Haemophilus_913	0.655569065107935	0.655569065107935	-0.0612988231584831	0.897211288732364	0.897211288732364
Bacteria_Firmicutes_Clostridia_Clostridiales_Peptostreptococcaceae_Intestinibacter_20	0.655943401760975	0.655943401760975	-0.111039631194281	0.897211288732364	0.897211288732364
Bacteria_Firmicutes_Clostridia_Clostridiales_Ruminococcaceae_NA_71	0.657833492388293	0.657833492388293	0.121322462694357	0.897211288732364	0.897211288732364
Bacteria_Firmicutes_Clostridia_Clostridiales_Lachnospiraceae_Coprococcus_3_496	0.659396478965745	0.659396478965745	-0.0898285942828767	0.897211288732364	0.897211288732364
Bacteria_Actinobacteria_Coriobacteriia_Coriobacteriales_Coriobacteriaceae_Collinsella_135	0.661300734597559	0.661300734597559	0.0678242975418195	0.897211288732364	0.897211288732364
Bacteria_Bacteroidetes_Bacteroidia_Bacteroidales_Bacteroidaceae_Bacteroides_280	0.664066276719725	0.664066276719725	-0.0792607112088643	0.897211288732364	0.897211288732364
Bacteria_Firmicutes_Clostridia_Clostridiales_Lachnospiraceae_Lachnospira_1227	0.665359775548652	0.665359775548652	0.0503770522891056	0.897211288732364	0.897211288732364
Bacteria_Firmicutes_Clostridia_Clostridiales_Lachnospiraceae_NA_401	0.66592801395634	0.66592801395634	-0.0738002416511494	0.897211288732364	0.897211288732364
Bacteria_Firmicutes_Erysipelotrichia_Erysipelotrichales_Erysipelotrichaceae_NA_793	0.666508295462152	0.666508295462152	0.068887863559616	0.897211288732364	0.897211288732364
Bacteria_Firmicutes_Clostridia_Clostridiales_Lachnospiraceae_NA_182	0.667077703052014	0.667077703052014	0.0834458463938889	0.897211288732364	0.897211288732364
Bacteria_Bacteroidetes_Bacteroidia_Bacteroidales_Bacteroidaceae_Bacteroides_60	0.67157548791728	0.67157548791728	0.0502536456871704	0.897211288732364	0.897211288732364
Bacteria_Firmicutes_Clostridia_Clostridiales_Ruminococcaceae_Ruminiclostridium_6_469	0.671737515105315	0.671737515105315	0.058529251106171	0.897211288732364	0.897211288732364
Bacteria_Proteobacteria_Gammaproteobacteria_Enterobacteriales_Enterobacteriaceae_Escherichia/Shigella_32	0.671896434623123	0.671896434623123	0.15243592684959	0.897211288732364	0.897211288732364
Bacteria_Firmicutes_Bacilli_Lactobacillales_Streptococcaceae_Streptococcus_920	0.67432612970837	0.67432612970837	0.0431818462287452	0.897211288732364	0.897211288732364
Bacteria_Bacteroidetes_Bacteroidia_Bacteroidales_Bacteroidaceae_Bacteroides_97	0.674951297352398	0.674951297352398	0.0683592563379226	0.897211288732364	0.897211288732364
Bacteria_Firmicutes_Clostridia_Clostridiales_Ruminococcaceae_Intestinimonas_1473	0.678072081795176	0.678072081795176	-0.0341378087591498	0.89815049248893	0.89815049248893
Bacteria_Firmicutes_Clostridia_Clostridiales_Ruminococcaceae_NA_904	0.680845339848321	0.680845339848321	0.0514736790010854	0.89815049248893	0.89815049248893
Bacteria_Firmicutes_Clostridia_Clostridiales_Lachnospiraceae_Blautia_587	0.682168605434594	0.682168605434594	-0.069607131206137	0.89815049248893	0.89815049248893
Bacteria_Firmicutes_Clostridia_Clostridiales_Lachnospiraceae_Dorea_46	0.682411930446308	0.682411930446308	-0.102108950616755	0.89815049248893	0.89815049248893
Bacteria_Bacteroidetes_Bacteroidia_Bacteroidales_Bacteroidaceae_Bacteroides_198	0.686000349327056	0.686000349327056	-0.08383967487376	0.89815049248893	0.89815049248893
Bacteria_Firmicutes_Clostridia_Clostridiales_Ruminococcaceae_Subdoligranulum_190	0.69030549961076	0.69030549961076	-0.053912085215029	0.89815049248893	0.89815049248893
Bacteria_Firmicutes_Clostridia_Clostridiales_Lachnospiraceae_Blautia_59	0.690682350277125	0.690682350277125	0.0960432410018383	0.89815049248893	0.89815049248893
Bacteria_Firmicutes_Clostridia_Clostridiales_Ruminococcaceae_Ruminococcaceae_UCG-013_132	0.690995939499705	0.690995939499705	-0.0950106182769448	0.89815049248893	0.89815049248893
Bacteria_Actinobacteria_Coriobacteriia_Coriobacteriales_Coriobacteriaceae_Collinsella_37	0.692191617256049	0.692191617256049	0.0599171717855004	0.89815049248893	0.89815049248893
Bacteria_Actinobacteria_Coriobacteriia_Coriobacteriales_Coriobacteriales_Incertae_Sedis_NA_1507	0.693490829190238	0.693490829190238	-0.02174696331384	0.89815049248893	0.89815049248893
Bacteria_Firmicutes_Clostridia_Clostridiales_Ruminococcaceae_Ruminococcaceae_NK4A214_group_843	0.693659010547339	0.693659010547339	-0.0436440726039199	0.89815049248893	0.89815049248893
Bacteria_Bacteroidetes_Bacteroidia_Bacteroidales_Tannerellaceae_Parabacteroides_302	0.695289543365747	0.695289543365747	0.0587921183871986	0.89815049248893	0.89815049248893
Bacteria_Firmicutes_Clostridia_Clostridiales_Ruminococcaceae_Ruminococcaceae_UCG-005_1024	0.700886147961201	0.700886147961201	0.0324623565400107	0.901664418368819	0.901664418368819
Bacteria_Firmicutes_Clostridia_Clostridiales_Ruminococcaceae_Subdoligranulum_153	0.701294547620192	0.701294547620192	0.0818945156115558	0.901664418368819	0.901664418368819
Bacteria_Firmicutes_Clostridia_Clostridiales_Lachnospiraceae_NA_432	0.705230542688646	0.705230542688646	-0.0705292508303968	0.904606467140342	0.904606467140342
Bacteria_Firmicutes_Clostridia_Clostridiales_Lachnospiraceae_Fusicatenibacter_73	0.707761732549838	0.707761732549838	0.102978270605482	0.905022951736652	0.905022951736652
Bacteria_Bacteroidetes_Bacteroidia_Bacteroidales_Bacteroidaceae_Bacteroides_21	0.710102409700798	0.710102409700798	-0.0925691566991721	0.905022951736652	0.905022951736652
Bacteria_Bacteroidetes_Bacteroidia_Bacteroidales_Tannerellaceae_Parabacteroides_63	0.710500714387062	0.710500714387062	0.0852476417888773	0.905022951736652	0.905022951736652
Bacteria_Firmicutes_Clostridia_Clostridiales_Ruminococcaceae_NA_224	0.713955901071247	0.713955901071247	0.0536206691058266	0.907219675089123	0.907219675089123
Bacteria_Firmicutes_Clostridia_Clostridiales_Ruminococcaceae_NA_1607	0.716756050759171	0.716756050759171	-0.0281478721135976	0.907219675089123	0.907219675089123
Bacteria_Firmicutes_Clostridia_Clostridiales_Lachnospiraceae_Coprococcus_1_995	0.723412488844186	0.723412488844186	0.0272228067018835	0.907219675089123	0.907219675089123
Bacteria_Firmicutes_Erysipelotrichia_Erysipelotrichales_Erysipelotrichaceae_Erysipelatoclostridium_1677	0.725468745164005	0.725468745164005	-0.0387073191195375	0.907219675089123	0.907219675089123
Bacteria_Firmicutes_Clostridia_Clostridiales_Clostridiaceae_1_Clostridium_sensu_stricto_1_360	0.726105916233662	0.726105916233662	-0.0547912812351327	0.907219675089123	0.907219675089123
Bacteria_Actinobacteria_Coriobacteriia_Coriobacteriales_Coriobacteriaceae_Collinsella_623	0.732081502164545	0.732081502164545	0.0190233669721185	0.907219675089123	0.907219675089123
Bacteria_Firmicutes_Clostridia_Clostridiales_Ruminococcaceae_Ruminococcaceae_UCG-013_466	0.734372113675198	0.734372113675198	0.0546657687957651	0.907219675089123	0.907219675089123
Bacteria_Firmicutes_Clostridia_Clostridiales_Lachnospiraceae_Agathobacter_230	0.737668916573572	0.737668916573572	0.0743165031740341	0.907219675089123	0.907219675089123
Bacteria_Actinobacteria_Actinobacteria_Bifidobacteriales_Bifidobacteriaceae_Bifidobacterium_22	0.739519472480105	0.739519472480105	-0.0910595017086771	0.907219675089123	0.907219675089123
Bacteria_Firmicutes_Clostridia_Clostridiales_Lachnospiraceae_Blautia_287	0.739729696408253	0.739729696408253	-0.0695115734913415	0.907219675089123	0.907219675089123
Bacteria_Firmicutes_Clostridia_Clostridiales_Ruminococcaceae_Subdoligranulum_95	0.743758413236129	0.743758413236129	-0.0601467663472527	0.907219675089123	0.907219675089123
Bacteria_Bacteroidetes_Bacteroidia_Bacteroidales_Marinifilaceae_Odoribacter_1240	0.746034164165883	0.746034164165883	0.0342806201545257	0.907219675089123	0.907219675089123
Bacteria_Actinobacteria_Coriobacteriia_Coriobacteriales_Eggerthellaceae_Slackia_864	0.746101414211525	0.746101414211525	0.0329415833110753	0.907219675089123	0.907219675089123
Bacteria_Firmicutes_Clostridia_Clostridiales_Ruminococcaceae_Ruminococcaceae_UCG-005_926	0.746731131399011	0.746731131399011	-0.0420281032171974	0.907219675089123	0.907219675089123
Bacteria_Firmicutes_Erysipelotrichia_Erysipelotrichales_Erysipelotrichaceae_NA_1117	0.747497644067097	0.747497644067097	-0.0277294031978674	0.907219675089123	0.907219675089123
Bacteria_Firmicutes_Clostridia_Clostridiales_Lachnospiraceae_Blautia_166	0.75100989638462	0.75100989638462	0.0893085476327279	0.907219675089123	0.907219675089123
Bacteria_Proteobacteria_Gammaproteobacteria_Betaproteobacteriales_Burkholderiaceae_Ralstonia_2654	0.752499096328979	0.752499096328979	-0.0202126118090191	0.907219675089123	0.907219675089123
Bacteria_Actinobacteria_Actinobacteria_Bifidobacteriales_Bifidobacteriaceae_Bifidobacterium_25	0.755492501974917	0.755492501974917	0.0697572298626097	0.907219675089123	0.907219675089123
Bacteria_Firmicutes_Erysipelotrichia_Erysipelotrichales_Erysipelotrichaceae_Holdemania_2232	0.755632718791933	0.755632718791933	-0.0267963520618861	0.907219675089123	0.907219675089123
Bacteria_Firmicutes_Erysipelotrichia_Erysipelotrichales_Erysipelotrichaceae_Dielma_1414	0.755774721205161	0.755774721205161	-0.0365617430184998	0.907219675089123	0.907219675089123
Bacteria_Firmicutes_Clostridia_Clostridiales_Ruminococcaceae_Ruminococcus_2_79	0.756088272911786	0.756088272911786	-0.071376389834639	0.907219675089123	0.907219675089123
Bacteria_Firmicutes_Bacilli_Lactobacillales_Streptococcaceae_Streptococcus_231	0.757707423460086	0.757707423460086	0.0760111610144704	0.907219675089123	0.907219675089123
Bacteria_Bacteroidetes_Bacteroidia_Bacteroidales_Rikenellaceae_Alistipes_571	0.758532156523245	0.758532156523245	-0.0265834995719574	0.907219675089123	0.907219675089123
Bacteria_Firmicutes_Clostridia_Clostridiales_Ruminococcaceae_NA_254	0.759083326055096	0.759083326055096	0.0655360175396194	0.907219675089123	0.907219675089123
Bacteria_Proteobacteria_Gammaproteobacteria_Enterobacteriales_Enterobacteriaceae_Klebsiella_19	0.759207520929919	0.759207520929919	-0.092157426301936	0.907219675089123	0.907219675089123
Bacteria_Firmicutes_Clostridia_Clostridiales_Lachnospiraceae_Dorea_40	0.760977310120006	0.760977310120006	0.0913169529436862	0.907219675089123	0.907219675089123
Bacteria_Firmicutes_Clostridia_Clostridiales_Lachnospiraceae_NA_266	0.761224240020524	0.761224240020524	-0.0501781863593879	0.907219675089123	0.907219675089123
Bacteria_Firmicutes_Clostridia_Clostridiales_Christensenellaceae_NA_463	0.76283020457447	0.76283020457447	-0.0362788296851657	0.907219675089123	0.907219675089123
Bacteria_Firmicutes_Clostridia_Clostridiales_Family_XIII_Family_XIII_AD3011_group_2161	0.763263880573388	0.763263880573388	-0.0266824305152752	0.907219675089123	0.907219675089123
Bacteria_Firmicutes_Clostridia_Clostridiales_Lachnospiraceae_Fusicatenibacter_362	0.76327939490391	0.76327939490391	-0.0488940966749205	0.907219675089123	0.907219675089123
Bacteria_Firmicutes_Clostridia_Clostridiales_Ruminococcaceae_Faecalibacterium_419	0.765912310320697	0.765912310320697	0.0473043333623386	0.907219675089123	0.907219675089123
Bacteria_Firmicutes_Clostridia_Clostridiales_Christensenellaceae_Christensenella_1849	0.766465088361048	0.766465088361048	-0.0264204968551571	0.907219675089123	0.907219675089123
Bacteria_Bacteroidetes_Bacteroidia_Bacteroidales_Bacteroidaceae_Bacteroides_170	0.76778999563991	0.76778999563991	-0.0425826387310419	0.907219675089123	0.907219675089123
Bacteria_Bacteroidetes_Bacteroidia_Bacteroidales_Rikenellaceae_Alistipes_888	0.768410107315924	0.768410107315924	-0.0159957377564221	0.907219675089123	0.907219675089123
Bacteria_Firmicutes_Clostridia_Clostridiales_Ruminococcaceae_Ruminiclostridium_5_560	0.771067271622701	0.771067271622701	0.0295077647248136	0.907291075000889	0.907291075000889
Bacteria_Actinobacteria_Coriobacteriia_Coriobacteriales_Eggerthellaceae_Adlercreutzia_922	0.772430847741279	0.772430847741279	-0.0337508217913745	0.907291075000889	0.907291075000889
Bacteria_Firmicutes_Clostridia_Clostridiales_Ruminococcaceae_Ruminococcaceae_UCG-005_700	0.773428457377807	0.773428457377807	0.032625328622637	0.907291075000889	0.907291075000889
Bacteria_Actinobacteria_Actinobacteria_Bifidobacteriales_Bifidobacteriaceae_Bifidobacterium_84	0.788008339116769	0.788008339116769	-0.0378517375585442	0.919211889947972	0.919211889947972
Bacteria_Bacteroidetes_Bacteroidia_Bacteroidales_Prevotellaceae_Prevotella_9_105	0.790023455369329	0.790023455369329	-0.0501915559001133	0.919211889947972	0.919211889947972
Bacteria_Bacteroidetes_Bacteroidia_Bacteroidales_Rikenellaceae_Alistipes_167	0.791122858572491	0.791122858572491	0.0378404553108584	0.919211889947972	0.919211889947972
Bacteria_Actinobacteria_Actinobacteria_Bifidobacteriales_Bifidobacteriaceae_Bifidobacterium_1002	0.793369038006835	0.793369038006835	-0.0363452666273995	0.919211889947972	0.919211889947972
Bacteria_Firmicutes_Clostridia_Clostridiales_Ruminococcaceae_Ruminococcaceae_UCG-002_396	0.796030743667159	0.796030743667159	0.0492168097580184	0.919211889947972	0.919211889947972
Bacteria_Firmicutes_Clostridia_Clostridiales_Lachnospiraceae_Blautia_424	0.798325776465038	0.798325776465038	-0.0351972347805162	0.919211889947972	0.919211889947972
Bacteria_Firmicutes_Clostridia_Clostridiales_Ruminococcaceae_Ruminococcaceae_UCG-005_1278	0.799096569826505	0.799096569826505	0.0297715398343878	0.919211889947972	0.919211889947972
Bacteria_Firmicutes_Clostridia_Clostridiales_Christensenellaceae_Christensenellaceae_R-7_group_387	0.799230497074641	0.799230497074641	-0.0278484681238711	0.919211889947972	0.919211889947972
Bacteria_Firmicutes_Clostridia_Clostridiales_Lachnospiraceae_Roseburia_192	0.801312942603771	0.801312942603771	0.0565651906211282	0.919211889947972	0.919211889947972
Bacteria_Firmicutes_Clostridia_Clostridiales_Lachnospiraceae_Roseburia_197	0.801509432887502	0.801509432887502	0.0604771770727316	0.919211889947972	0.919211889947972
Bacteria_Firmicutes_Clostridia_Clostridiales_Lachnospiraceae_Roseburia_351	0.805227185034546	0.805227185034546	0.0494496775410573	0.919211889947972	0.919211889947972
Bacteria_Actinobacteria_Coriobacteriia_Coriobacteriales_NA_NA_1180	0.805542855925014	0.805542855925014	-0.0258406107987318	0.919211889947972	0.919211889947972
Bacteria_Firmicutes_Clostridia_Clostridiales_Ruminococcaceae_NA_2596	0.808196027059607	0.808196027059607	-0.0175125027618388	0.919211889947972	0.919211889947972
Bacteria_Firmicutes_Clostridia_Clostridiales_Christensenellaceae_Christensenellaceae_R-7_group_416	0.809388918253596	0.809388918253596	-0.0434904820997228	0.919211889947972	0.919211889947972
Bacteria_Firmicutes_Erysipelotrichia_Erysipelotrichales_Erysipelotrichaceae_Coprobacillus_532	0.810830791514793	0.810830791514793	0.0364673440705973	0.919211889947972	0.919211889947972
Bacteria_Firmicutes_Clostridia_Clostridiales_Christensenellaceae_Christensenellaceae_R-7_group_342	0.812007106370255	0.812007106370255	-0.0454462678623679	0.919211889947972	0.919211889947972
Bacteria_Actinobacteria_Coriobacteriia_Coriobacteriales_Eggerthellaceae_Adlercreutzia_644	0.812054219717243	0.812054219717243	-0.0255942387157966	0.919211889947972	0.919211889947972
Bacteria_Actinobacteria_Actinobacteria_Actinomycetales_Actinomycetaceae_Actinomyces_1801	0.815636518079936	0.815636518079936	0.015650958213627	0.921367177831039	0.921367177831039
Bacteria_Bacteroidetes_Bacteroidia_Bacteroidales_Bacteroidaceae_Bacteroides_116	0.817701070349202	0.817701070349202	0.0478873502123765	0.921802643987088	0.921802643987088
Bacteria_Actinobacteria_Coriobacteriia_Coriobacteriales_Eggerthellaceae_Adlercreutzia_555	0.819498767148993	0.819498767148993	-0.0380992308908171	0.921936113042617	0.921936113042617
Bacteria_Actinobacteria_Coriobacteriia_Coriobacteriales_Eggerthellaceae_Adlercreutzia_1055	0.827387813403761	0.827387813403761	-0.0107485526606695	0.928907790508517	0.928907790508517
Bacteria_Firmicutes_Clostridia_Clostridiales_Ruminococcaceae_Ruminococcus_1_245	0.82964246025667	0.82964246025667	-0.0350220928769924	0.929538185063085	0.929538185063085
Bacteria_Bacteroidetes_Bacteroidia_Bacteroidales_Rikenellaceae_Alistipes_634	0.832323723489991	0.832323723489991	0.0191362637740911	0.930643022802454	0.930643022802454
Bacteria_Bacteroidetes_Bacteroidia_Bacteroidales_Bacteroidaceae_Bacteroides_4	0.839456596230343	0.839456596230343	0.040200892121101	0.934096589600474	0.934096589600474
Bacteria_Firmicutes_Clostridia_Clostridiales_Ruminococcaceae_Subdoligranulum_291	0.84140358238079	0.84140358238079	0.0315964403545158	0.934096589600474	0.934096589600474
Bacteria_Firmicutes_Erysipelotrichia_Erysipelotrichales_Erysipelotrichaceae_Erysipelotrichaceae_UCG-003_343	0.84162100593327	0.84162100593327	-0.0233362884932479	0.934096589600474	0.934096589600474
Bacteria_Firmicutes_Clostridia_Clostridiales_Lachnospiraceae_Roseburia_1797	0.842218236525018	0.842218236525018	0.0196347087079122	0.934096589600474	0.934096589600474
Bacteria_Firmicutes_Bacilli_Lactobacillales_Streptococcaceae_Streptococcus_1342	0.847880287563877	0.847880287563877	0.0168218324125939	0.93714508553122	0.93714508553122
Bacteria_Firmicutes_Clostridia_Clostridiales_Family_XIII_Family_XIII_AD3011_group_1445	0.848380887994566	0.848380887994566	0.0193206094317395	0.93714508553122	0.93714508553122
Bacteria_Firmicutes_Clostridia_Clostridiales_Lachnospiraceae_NA_203	0.852058869238187	0.852058869238187	-0.0494877572814142	0.939317910063784	0.939317910063784
Bacteria_Firmicutes_Erysipelotrichia_Erysipelotrichales_Erysipelotrichaceae_Turicibacter_58	0.862624832828895	0.862624832828895	0.036913734311329	0.947672397661914	0.947672397661914
Bacteria_Firmicutes_Clostridia_Clostridiales_Lachnospiraceae_NA_381	0.863089615356934	0.863089615356934	0.0371362205369047	0.947672397661914	0.947672397661914
Bacteria_Firmicutes_Clostridia_Clostridiales_Lachnospiraceae_Roseburia_533	0.866174146489769	0.866174146489769	0.027514291924559	0.949160891063639	0.949160891063639
Bacteria_Firmicutes_Clostridia_Clostridiales_Lachnospiraceae_Dorea_262	0.868555914962933	0.868555914962933	-0.0267407825952395	0.949874895049104	0.949874895049104
Bacteria_Firmicutes_Clostridia_Clostridiales_Ruminococcaceae_Faecalibacterium_872	0.871173455134701	0.871173455134701	-0.0182916545282832	0.950843393377635	0.950843393377635
Bacteria_Proteobacteria_Alphaproteobacteria_Rhodospirillales_NA_NA_459	0.873126259054226	0.873126259054226	0.0274943462455058	0.951083960755496	0.951083960755496
Bacteria_Actinobacteria_Coriobacteriia_Coriobacteriales_Coriobacteriaceae_Collinsella_9	0.875128210351086	0.875128210351086	-0.028733476535391	0.951377004916329	0.951377004916329
Bacteria_Firmicutes_Clostridia_Clostridiales_Lachnospiraceae_Fusicatenibacter_194	0.880594627176398	0.880594627176398	0.0199142869077312	0.955427767430518	0.955427767430518
Bacteria_Firmicutes_Clostridia_Clostridiales_Lachnospiraceae_Dorea_211	0.892675677676949	0.892675677676949	0.019850759734719	0.966625142099891	0.966625142099891
Bacteria_Firmicutes_Clostridia_Clostridiales_Lachnospiraceae_Fusicatenibacter_242	0.895871794111907	0.895871794111907	-0.0187270271167268	0.968176407416214	0.968176407416214
Bacteria_Firmicutes_Clostridia_Clostridiales_Ruminococcaceae_Ruminococcus_1_143	0.899179264232814	0.899179264232814	0.0274704715730788	0.96843820711122	0.96843820711122
Bacteria_Firmicutes_Clostridia_Clostridiales_Ruminococcaceae_Faecalibacterium_155	0.899642050321898	0.899642050321898	-0.0227740831078522	0.96843820711122	0.96843820711122
Bacteria_Firmicutes_Clostridia_Clostridiales_Lachnospiraceae_CAG-56_264	0.904865099542234	0.904865099542234	0.0205656260689205	0.971286370683183	0.971286370683183
Bacteria_Firmicutes_Clostridia_Clostridiales_Lachnospiraceae_Coprococcus_3_313	0.907398540355111	0.907398540355111	0.0177189646846137	0.971286370683183	0.971286370683183
Bacteria_Firmicutes_Bacilli_Lactobacillales_Streptococcaceae_Streptococcus_456	0.907595461130188	0.907595461130188	0.0215123187088777	0.971286370683183	0.971286370683183
Bacteria_Firmicutes_Clostridia_Clostridiales_Lachnospiraceae_Lachnospiraceae_NK4A136_group_131	0.917030454484653	0.917030454484653	-0.0260037775320299	0.977497750439145	0.977497750439145
Bacteria_Bacteroidetes_Bacteroidia_Bacteroidales_Rikenellaceae_Alistipes_608	0.921252394165434	0.921252394165434	0.00799430092364482	0.977497750439145	0.977497750439145
Bacteria_Firmicutes_Clostridia_Clostridiales_Ruminococcaceae_Ruminococcaceae_UCG-002_371	0.921761757594001	0.921761757594001	0.0184117017955485	0.977497750439145	0.977497750439145
Bacteria_Firmicutes_Clostridia_Clostridiales_Lachnospiraceae_Coprococcus_3_1251	0.922141946808203	0.922141946808203	0.0102349310578205	0.977497750439145	0.977497750439145
Bacteria_Firmicutes_Clostridia_Clostridiales_Peptostreptococcaceae_Romboutsia_297	0.922302066898865	0.922302066898865	-0.0173160132312485	0.977497750439145	0.977497750439145
Bacteria_Firmicutes_Negativicutes_Selenomonadales_Acidaminococcaceae_Phascolarctobacterium_1676	0.924386538484421	0.924386538484421	0.00449530298643024	0.977717765373093	0.977717765373093
Bacteria_Firmicutes_Clostridia_Clostridiales_Ruminococcaceae_Ruminococcus_2_256	0.928061183749586	0.928061183749586	0.0191010002114137	0.977717765373093	0.977717765373093
Bacteria_Firmicutes_Clostridia_Clostridiales_Ruminococcaceae_Faecalibacterium_202	0.928106334630781	0.928106334630781	0.0180188728986964	0.977717765373093	0.977717765373093
Bacteria_Bacteroidetes_Bacteroidia_Bacteroidales_Rikenellaceae_Alistipes_462	0.929633285108842	0.929633285108842	-0.0100943196131661	0.977717765373093	0.977717765373093
Bacteria_Firmicutes_Clostridia_Clostridiales_Lachnospiraceae_NA_1530	0.932948603082916	0.932948603082916	0.00642160745358942	0.97886751623997	0.97886751623997
Bacteria_Firmicutes_Clostridia_Clostridiales_Ruminococcaceae_NA_377	0.934292492731775	0.934292492731775	0.0132622308894196	0.97886751623997	0.97886751623997
Bacteria_Firmicutes_Clostridia_Clostridiales_Ruminococcaceae_Ruminiclostridium_5_272	0.940103263692569	0.940103263692569	0.0113138144385147	0.982439382048291	0.982439382048291
Bacteria_Firmicutes_Clostridia_Clostridiales_Christensenellaceae_Christensenellaceae_R-7_group_1505	0.942628897145284	0.942628897145284	0.00850294987637159	0.982439382048291	0.982439382048291
Bacteria_Actinobacteria_Coriobacteriia_Coriobacteriales_Eggerthellaceae_Eggerthella_453	0.943070226483514	0.943070226483514	0.0120983420278231	0.982439382048291	0.982439382048291
Bacteria_Firmicutes_Clostridia_Clostridiales_Peptostreptococcaceae_Romboutsia_128	0.950059471937159	0.950059471937159	-0.0139135138077892	0.985982926089516	0.985982926089516
Bacteria_Firmicutes_Clostridia_Clostridiales_Clostridiaceae_1_Clostridium_sensu_stricto_1_119	0.950339366359491	0.950339366359491	0.0152398238685309	0.985982926089516	0.985982926089516
Bacteria_Actinobacteria_Actinobacteria_Bifidobacteriales_Bifidobacteriaceae_Bifidobacterium_18	0.953413838457898	0.953413838457898	-0.0170561044714749	0.985982926089516	0.985982926089516
Bacteria_Firmicutes_Clostridia_Clostridiales_Ruminococcaceae_NA_309	0.955250792090448	0.955250792090448	0.0100733139896025	0.985982926089516	0.985982926089516
Bacteria_Firmicutes_Clostridia_Clostridiales_Ruminococcaceae_Subdoligranulum_551	0.956493368696663	0.956493368696663	0.00701664589581994	0.985982926089516	0.985982926089516
Bacteria_Firmicutes_Clostridia_Clostridiales_Lachnospiraceae_Lachnospira_624	0.958323307139798	0.958323307139798	0.00808903399895456	0.985982926089516	0.985982926089516
Bacteria_Firmicutes_Clostridia_Clostridiales_Lachnospiraceae_Roseburia_193	0.960796934538575	0.960796934538575	0.0111196639108448	0.985982926089516	0.985982926089516
Bacteria_Firmicutes_Clostridia_Clostridiales_Lachnospiraceae_NA_275	0.961821504593608	0.961821504593608	0.00633893370632887	0.985982926089516	0.985982926089516
Bacteria_Bacteroidetes_Bacteroidia_Bacteroidales_Bacteroidaceae_Bacteroides_250	0.9644386899217	0.9644386899217	0.00636171420899117	0.985982926089516	0.985982926089516
Bacteria_Firmicutes_Clostridia_Clostridiales_Lachnospiraceae_Lachnospiraceae_ND3007_group_827	0.965620197204641	0.965620197204641	-0.00397774026316799	0.985982926089516	0.985982926089516
Bacteria_Firmicutes_Negativicutes_Selenomonadales_Acidaminococcaceae_Phascolarctobacterium_294	0.966227348335445	0.966227348335445	0.00506491822359001	0.985982926089516	0.985982926089516
Bacteria_Firmicutes_Clostridia_Clostridiales_Ruminococcaceae_Ruminococcaceae_UCG-010_1074	0.968282231247146	0.968282231247146	0.00278972956267356	0.986246651121861	0.986246651121861
Bacteria_Firmicutes_Clostridia_Clostridiales_Ruminococcaceae_DTU089_2001	0.970948832118668	0.970948832118668	0.00322733381627072	0.987131312653979	0.987131312653979
Bacteria_Firmicutes_Clostridia_Clostridiales_Lachnospiraceae_Lachnospiraceae_FCS020_group_687	0.97596110367191	0.97596110367191	0.00334527435318155	0.989608442289215	0.989608442289215
Bacteria_Firmicutes_Clostridia_Clostridiales_Clostridiaceae_1_Clostridium_sensu_stricto_1_201	0.977048699793842	0.977048699793842	0.00555581862738892	0.989608442289215	0.989608442289215
Bacteria_Bacteroidetes_Bacteroidia_Bacteroidales_Bacteroidaceae_Bacteroides_76	0.978793049477311	0.978793049477311	-0.00563166185202635	0.989608442289215	0.989608442289215
Bacteria_Firmicutes_Clostridia_Clostridiales_Lachnospiraceae_Lachnospiraceae_NK4A136_group_539	0.982788220487109	0.982788220487109	-0.00390432094613421	0.991056733478339	0.991056733478339
Bacteria_Bacteroidetes_Bacteroidia_Bacteroidales_Bacteroidaceae_Bacteroides_423	0.983978300157888	0.983978300157888	-0.00259782993033949	0.991056733478339	0.991056733478339
Bacteria_Firmicutes_Clostridia_Clostridiales_Ruminococcaceae_Ruminiclostridium_5_613	0.985641122912883	0.985641122912883	-0.00233631021022021	0.991056733478339	0.991056733478339
Bacteria_Firmicutes_Clostridia_Clostridiales_Peptostreptococcaceae_Romboutsia_1410	0.988130245316788	0.988130245316788	0.00157089359837782	0.991743152977909	0.991743152977909
Bacteria_Proteobacteria_Deltaproteobacteria_Desulfovibrionales_Desulfovibrionaceae_Desulfovibrio_279	0.990151869207894	0.990151869207894	-0.00283458252351865	0.991958715684551	0.991958715684551
Bacteria_Firmicutes_Clostridia_Clostridiales_Family_XIII_Family_XIII_AD3011_group_418	0.999001105670533	0.999001105670533	-0.000214989195985582	0.999001105670533	0.999001105670533
