bugName	pval	p6M	p12M	s6M	s12M	Adjustedpval	Adjustedp6M	Adjustedp12M
Proteus	1.59205981731247e-13	0.0194357826233202	1.398563746658e-12	0.295017299256077	-1.96711169642815	5.65181235145928e-11	0.328557277679937	4.96490130063591e-10
Salinibacter	5.63860069746625e-12	0.199799243248762	2.73003347910088e-11	0.0889861084605215	-0.958717905562153	1.00085162380026e-09	0.622181853976409	4.84580942540407e-09
Alloprevotella	3.3122127263141e-10	0.182963185556091	2.86871433561122e-10	-0.164995809651062	-1.48036896379108	3.91945172613835e-08	0.601406767337152	3.39464529713995e-08
Lacrimispora	1.55003077040305e-09	0.104352115357903	1.02599024979395e-09	-0.258858597736803	-1.73734709694683	1.37565230873271e-07	0.552848706064461	9.10566346692133e-08
Gilliamella	5.86501547328311e-09	0.999999999999998	1.09250937130837e-08	1.7199501139797e-16	0.673192971543425	4.16416098603101e-07	1	6.46401378024119e-07
Niveispirillum	1.48468994876083e-08	0.0296636132345428	6.04756737695791e-09	-0.307181848532668	-1.33392903019829	8.78441553016825e-07	0.33969621607299	4.29377283764012e-07
Herbinix	2.53935221738999e-08	0.0181265660466322	7.30875480174342e-07	-0.25532433755355	0.726852143036929	1.28781433881921e-06	0.321746547327721	2.88289772735435e-05
Mediterraneibacter	1.44866879048244e-07	0.661290759307309	3.64849766552524e-07	0.101222892957728	-1.76743355346586	6.42846775776584e-06	0.910796778494223	1.61902083907683e-05
Acinetobacter	1.85248278938843e-07	0.26292445263635	1.23056405135245e-07	-0.318337474355654	-2.31178797380365	7.30701544703215e-06	0.694408299982736	6.24071768900173e-06
Moritella	4.49714352868114e-06	0.471685587036349	1.42256122404577e-05	0.188817305113883	-1.51183173199411	0.00015964859526818	0.84999179389799	0.00038846864195096
Lachnoanaerobaculum	7.2828168709016e-06	0.00468845688056409	1.57271289790486e-06	-0.483576888328086	-1.04839511249287	0.000235036362651824	0.231245991631207	5.58313078756225e-05
Frischella	9.31077045307482e-06	1	1.24861594174472e-05	0	0.412790373766731	0.000275443625903463	1	0.000369751202628227
Fibrobacter	1.9404834702863e-05	0.561506473491651	4.87629288294072e-05	0.08108508318581	-0.72643075944421	0.000507405922284302	0.890690364506133	0.00123648855245997
Bombilactobacillus	2.03399546085947e-05	0.141925929397748	0.000190784397066985	-0.159796763730945	0.485784849914589	0.000507405922284302	0.589570161098882	0.0039071754161459
Massilistercora	2.14396868570832e-05	0.408019522880728	1.24986322015175e-05	-0.20009445877386	-1.40522217316214	0.000507405922284302	0.801738454913569	0.000369751202628227
Duncaniella	2.74449079102901e-05	0.108714532101558	0.000328884398894702	0.386151193549412	-1.01180724580264	0.000608933894259561	0.552848706064461	0.00507625920033127
Elusimicrobium	0.000108839388626936	0.000147839488256608	0.872346856792052	0.778844274421032	-0.026522870220594	0.00227282252720954	0.0524830183310958	0.9349435979763
Pectobacterium	0.000137567698559327	0.0505302517520769	0.00345667626398829	0.237648428064868	-0.381494624607797	0.00264451476596461	0.373713320249736	0.0222359398516447
Intestinimonas	0.000142843009840021	0.995865584120988	0.000157474374820849	-0.00126495510030206	-1.14529015165061	0.00264451476596461	1	0.00349396269133758
Pseudopedobacter	0.000148986747378288	0.430857934138786	0.000448507911757408	0.200454044882584	-1.06520247411888	0.00264451476596461	0.807572508616768	0.00589704846940296
Hungatella	0.000166998751023439	0.865284307094778	0.000222106463539686	0.0425681435081428	-1.13790552923066	0.00281302829913772	0.968744186275422	0.00394238972782944
Intestinibaculum	0.00017432851431276	0.252635615167371	6.74605211636152e-05	-0.232918482527472	-1.01455939471216	0.00281302829913772	0.674328145747495	0.00159656566753889
Caloramator	0.000196589800052882	0.296959913453654	0.000861484571205208	0.131930040117045	-0.48990313188557	0.00303432082690318	0.753005494828908	0.00955709446180778
Filifactor	0.000220587448792831	0.685995166560066	0.000383574686409223	0.0445019702058106	-0.471413098687427	0.00326285601339395	0.913851815341166	0.00567370890313642
Candidatus Fonsibacter	0.000286406531665451	0.714108276658059	0.000465474341615187	0.0319562337197396	-0.366242790543595	0.00400321639035934	0.913851815341166	0.0059015496883354
Hydrogenophaga	0.00029319331309674	0.114611232164397	0.00328865111615001	-0.145039832318377	0.296216233590724	0.00400321639035934	0.565097047477235	0.0220277574760991
Escherichia	0.000358052145280841	0.421150634752581	0.0010487328393739	0.158482564720228	-0.750857290293503	0.00470772265091476	0.807572508616768	0.0111684230160873
Acidovorax	0.000405562075418864	0.00725923170544194	0.0708888561578781	0.228819915676999	-0.145153294073579	0.00514194774191774	0.231245991631207	0.183860585080735
Snodgrassella	0.000483025628197464	0.999999999999999	0.000485239228066773	8.59975056989852e-17	0.287774650624165	0.00591289993138275	1	0.00593999744702429
Romboutsia	0.000686950551978871	0.337846717607199	0.00244694379750777	0.267609572499933	-0.956604768524615	0.00790992827734015	0.79172404540057	0.0190491322937336
Lactobacillus	0.000729896819702702	0.000454162498101074	0.0011932152213974	-0.975621037268737	-0.87658273835552	0.00790992827734015	0.0806138434129406	0.0121026115313164
Microbulbifer	0.000741539908238442	0.740137024941365	0.00106965178182244	-0.0258291995987344	0.29840311119302	0.00790992827734015	0.913851815341166	0.0111684230160873
Rickettsia	0.000748615620062787	0.405129156990864	0.0021759574825467	0.190901684013117	-0.799997680874762	0.00790992827734015	0.801738454913569	0.0177027074580182
Clostridium	0.00075757059557624	0.381839603231136	0.000319828312008685	-0.151493694752901	-0.749453351156717	0.00790992827734015	0.79172404540057	0.00507625920033127
Corynebacterium	0.000817048381090535	0.0254755461241541	0.000198110302790496	-0.285105213268403	-0.544530044332246	0.008287205008204	0.329626669570242	0.0039071754161459
Anoxybacillus	0.000851008930433772	0.0144306777109399	0.00021667418736222	-0.494379624107124	-0.842161073724095	0.00832349059080864	0.298669604266262	0.00394238972782944
Rhodomicrobium	0.000867518737633577	0.0452960731690266	0.02369729216141	0.584136953995787	-0.670967292440799	0.00832349059080864	0.365456953977373	0.0894950927372401
Mogibacterium	0.00101403503104469	0.00705487769166163	0.000306435580813776	-0.263623510083613	-0.386350734428924	0.00947322200054909	0.231245991631207	0.00507625920033127
Thermodesulfobium	0.00111622670874256	0.354298823665781	0.000440441122786042	0.143500698966785	0.647522965438487	0.0101605251693233	0.79172404540057	0.00589704846940296
Ruthenibacterium	0.00126209068175009	0.797301434472398	0.00158266366110353	0.0485594422461277	-0.692154844133504	0.0112010548005321	0.937225196151328	0.0142693955767945
Sutterella	0.00138904757798919	0.589600545390288	0.00250607600755364	0.142932544362707	-0.913199655168153	0.0120096463246232	0.890690364506133	0.0190491322937336
Dehalobacterium	0.00142085956516669	0.219363968518867	0.00760672150520372	-0.0779561686193529	0.184066475152978	0.0120096463246232	0.633123648977218	0.0397115607992253
Nonomuraea	0.00149600386862647	0.109681897876401	0.00040111165062775	-0.390972712924334	-1.00660724407574	0.012350729613079	0.552848706064461	0.00569578543891405
Paraburkholderia	0.00191232808888175	0.122422086674868	0.0183145724558508	0.168321920877408	-0.26941018935064	0.0154290107171142	0.571840010126028	0.0747318761129542
Arcticibacterium	0.00208625362107606	0.74346227465761	0.00273420281239809	-0.0293419122761546	0.306329978640912	0.016256102913192	0.913851815341166	0.0198148167823398
Thermobispora	0.00211692592661261	0.0452818768982189	0.000533110372809847	-0.284020214544034	-0.555065844489262	0.016256102913192	0.365456953977373	0.00630847274491652
Turneriella	0.00215221644202823	0.692508181064765	0.00307377607070285	0.0306387192864818	-0.260508118422591	0.016256102913192	0.913851815341166	0.0211146060310324
Eubacterium	0.00231574970770254	0.0259872408530685	0.000612131668212394	-0.394305268845417	-0.673166291788509	0.0171268988798834	0.329626669570242	0.00700989491017419
Paeniclostridium	0.00238729613633859	0.662800712412163	0.00133089780793215	-0.0657169843970192	-0.562294634194335	0.0172957169061265	0.910796778494223	0.0127694249139436
Brevibacterium	0.00247142933817046	0.587613806646703	0.00425423801264538	-0.0394873061407476	0.233837487074627	0.0175471483010103	0.890690364506133	0.0248933648965686
Gardnerella	0.00289169502696451	0.00317185812516656	0.00197777270407787	-0.819748118890735	-0.870993199918508	0.0201284653837726	0.211241428590625	0.0168837050488171
Ligilactobacillus	0.00323302772556089	0.939585799058408	0.00252199779663515	0.0128981842108368	0.588411818776064	0.0220716315879638	0.986942269113073	0.0190491322937336
Labilibaculum	0.00363760299925309	0.678914864629566	0.00199750876633893	0.0259111567681083	0.222377340834915	0.024264469649472	0.913851815341166	0.0168837050488171
Tumebacillus	0.00369093341146898	0.999999999999999	0.00309284370032025	6.44981292742389e-17	0.258240075393628	0.024264469649472	1	0.0211146060310324
Amniculibacterium	0.00432405194783136	0.00357027766632042	0.00357027766632042	-0.177303519529377	-0.177303519529377	0.0275643923048768	0.211241428590625	0.0222359398516447
Selenomonas	0.00434818582837493	0.0256512659305057	0.00126212970229617	-0.277445617453644	-0.435372256662105	0.0275643923048768	0.329626669570242	0.0124460012309762
Fructilactobacillus	0.00476988142944168	0.0162495284607252	0.00160781921992051	-0.180459154984519	-0.252433729417974	0.0297071562710842	0.30360961071355	0.0142693955767945
Neisseria	0.00487866839280349	0.00344495993317486	0.00464595048815435	-0.828164737485783	-0.794818020170148	0.0298608151628489	0.211241428590625	0.0266018132789483
Butyrivibrio	0.00513758052318036	0.241917063389213	0.00159685811365189	-0.206004762566613	-0.631888849150942	0.0309125607750683	0.655576774833362	0.0142693955767945
Klebsiella	0.00530982572358341	0.663389047512776	0.00733910269146026	0.0948158431516694	-0.647339432069195	0.0314164688645352	0.910796778494223	0.0394754765980059
Limosilactobacillus	0.00547296450199641	0.00351196448984166	0.0056952998755658	-1.04496269951739	-0.976627392895913	0.0318508589870283	0.211241428590625	0.031591116497279
Anaerolinea	0.00565198745354623	0.102532976861821	0.0589418181932446	-0.161908334225852	0.189772591750565	0.0323621862259502	0.551503133120403	0.166066233798427
Actinomyces	0.00577469734843916	0.00911956023334337	0.00273500287981592	-0.374227174006949	-0.4444983834624	0.0325399612491413	0.231245991631207	0.0198148167823398
Candidatus Cloacimonas	0.00635474783120293	0.875466171332746	0.00427657326858466	0.0166916605980305	0.343100880059478	0.0352489918762038	0.974264861514498	0.0248933648965686
Arachidicoccus	0.00660567954517965	0.697573260079631	0.00353311826879497	0.0243389414239397	0.206732676660635	0.0360771729005966	0.913851815341166	0.0222359398516447
Oceanicoccus	0.00683435148630029	0.0151438109205428	0.434348043040898	0.24115864688225	-0.0718361141016706	0.0362418636531196	0.298669604266262	0.621748206772254
Peptoclostridium	0.00690836544606632	0.0259987232337092	0.00219413838916282	-0.24840075241857	-0.365415115421259	0.0362418636531196	0.329626669570242	0.0177027074580182
Aminipila	0.00694210346031587	0.289413665415683	0.0240468522040303	-0.128911836685582	0.290967465733275	0.0362418636531196	0.744506168279474	0.0898592898150607
Flavobacterium	0.00753639187118771	0.390859111128624	0.018612835854088	-0.0902785376708662	0.265595899608504	0.0387741900619078	0.79172404540057	0.0750858719113779
Cupriavidus	0.0080203236286206	0.708103421143398	0.00427745143293151	-0.0777080661563529	-0.667487249279176	0.0406744984022902	0.913851815341166	0.0248933648965686
Prevotella	0.00815465225725664	0.014317106907246	0.523551338346606	0.564187977579578	-0.135393993301032	0.0407732612862832	0.298669604266262	0.698002865131337
Verminephrobacter	0.00900867126135507	0.533241030025178	0.00385837091538278	0.0604716966545465	0.31547736482442	0.0443203461933771	0.890690364506133	0.0236158909476015
Oligella	0.00911376132990571	0.510888991534532	0.0162726201555433	-0.0630486139820253	0.249133081999494	0.0443203461933771	0.890690364506133	0.0687711923240223
Myxococcus	0.00955897350397472	0.18041171908149	0.0527269425996031	0.11988038660165	-0.178390153150504	0.0450418385927084	0.598562245550736	0.154062658281094
Amedibacterium	0.00965699293700317	0.041791919352767	0.00290820696830658	-0.345571938492485	-0.542697025327247	0.0450418385927084	0.361856862688592	0.0206482694749767
Fuerstia	0.00977113990911938	0.00580522483977427	0.00992216841689197	-0.583770494248609	-0.537781240493938	0.0450418385927084	0.231245991631207	0.0496108420844598
Candidatus Saccharimonas	0.00982633758049756	0.00849564010117467	0.913369663498722	-0.396853607294064	0.0148228304766718	0.0450418385927084	0.231245991631207	0.948088393397796
Haemophilus	0.00989651664853874	0.0274224169221684	0.0033823016218511	-0.433833813010107	-0.609836846387622	0.0450418385927084	0.335688207150682	0.02223550140291
Rothia	0.0102736847179642	0.00663649569695578	0.00933270101967939	-0.565273225397272	-0.536356557379355	0.0461665579098391	0.231245991631207	0.0473301265998026
Hydrogenobaculum	0.0120089626822041	0.00900886204961014	1	0.125118303728629	6.20633538311818e-18	0.0532897719022806	0.231245991631207	1
Frankia	0.0135770226751502	0.0226039944833601	0.00559852090729194	-0.479961610648542	-0.605341276349093	0.0595042351812136	0.329626669570242	0.0315472209855339
Heliorestis	0.0140516544179814	1	0.0103876584863537	3.22490646371194e-17	0.156251592303006	0.0608333819315048	1	0.0512169272591048
Akkermansia	0.01568099213818	0.946970509756006	0.0123501221398433	-0.0236168224530657	0.973506983355913	0.0670693037235408	0.986942269113073	0.0562088892262098
Xylanimonas	0.0159171408672677	0.616269006255621	0.0214769834428709	-0.0265228702205941	0.130970709445721	0.067268869141429	0.8929612131459	0.0828731426328169
Hyphomonas	0.0165570673266396	1	0.0120545766315884	0	0.183309474738358	0.069150104717142	1	0.0559898099648394
Leptotrichia	0.0202864861730154	0.0663162234897073	0.00635478412178444	-0.369918066853195	-0.584203074998549	0.0837407278072149	0.439509471946053	0.0347068978958996
Petrimonas	0.0206717075055467	0.786002282074719	0.0112380582701066	0.0380094339596049	0.389514603488624	0.0843500708559664	0.930102700455084	0.0546508313135321
Fusobacterium	0.0214108250642087	0.147807730529016	0.130554689613013	0.381883604854885	-0.400036002694063	0.0863732147476599	0.589570161098882	0.272628910662469
Gudongella	0.0226912275854558	0.444901641168615	0.0428700261555896	-0.0682123861318238	0.190283525761375	0.0905099527285036	0.822604596952387	0.13349876565995
Thermoanaerobacter	0.0231147909105962	0.74733340471483	0.011902125038029	-0.0158819861697458	-0.135808174329645	0.0911750085917962	0.914837143188708	0.0559898099648394
Tenuifilum	0.0234615893121262	0.364826346430188	0.0549909682986457	-0.0547832662517325	0.12092398440119	0.0915259802835691	0.79172404540057	0.158023599080483
Stenotrophomonas	0.0250960180603399	0.983115896423624	0.0179933762498788	0.00229282526729299	-0.278104969539697	0.0955809117110889	1	0.0742749833570578
Geobacillus	0.0251777910285913	0.791001603176107	0.0135637612267306	-0.0260760038214779	-0.265261672898207	0.0955809117110889	0.932908867533282	0.060189190443617
Rubrobacter	0.0253087484530771	0.178651041017948	0.00750027507653052	0.118511388138471	0.254986751162578	0.0955809117110889	0.598312448692186	0.0397115607992253
Denitrobacterium	0.0270358743795478	0.145730814550428	0.00801853651969004	-0.170909477008745	-0.334992517741665	0.100959073499673	0.589570161098882	0.0412547893404343
Nitrosomonas	0.0273016086083624	0.627902262968883	0.0121442686402609	-0.0982789820833659	-0.555674300958544	0.100959073499673	0.895202021501821	0.0559898099648394
Citrobacter	0.0284577301507363	0.0141159174877972	0.727665753180444	0.529497639359016	0.068918695418053	0.103687988776864	0.298669604266262	0.852545684419332
Spirosoma	0.0286237264792469	0.127142878553693	0.194024087049287	0.2663415918524	-0.224668437277667	0.103687988776864	0.578663101109759	0.349637314225872
Thermacetogenium	0.0300929384793001	0.527276697932993	0.0119694585442142	-0.0322871100424072	-0.139973611982334	0.107909021819712	0.890690364506133	0.0559898099648394
Pelolinea	0.0312129412262403	0.733689623148695	0.0154932353565633	0.0259111567681081	0.200488227227233	0.110805941353153	0.913851815341166	0.0662662476093972
Acidithiobacillus	0.0319036175101512	0.526370054411695	0.0126482214488864	0.0713460943869712	0.305772851462396	0.111897903421691	0.890690364506133	0.0568369444855021
Pajaroellobacter	0.0321773426107972	0.160955260074742	0.16960850142477	0.0704594803800726	-0.0689532277025155	0.111897903421691	0.595199138818055	0.322292313405624
Desulfosporosinus	0.0324661522603779	0.0372535191694097	0.661735981306025	-0.161049702775632	0.031851869376901	0.111897903421691	0.342294436119511	0.821180360498159
Bacillus	0.0327949595884822	0.0350194471571632	0.702083050282337	-0.242428725716731	0.041327215655582	0.111944333210684	0.342294436119511	0.842168754842596
Labilithrix	0.0346108975980735	0.144761406961729	0.200365109275273	0.087969313230429	-0.0767033034500895	0.117017796641105	0.589570161098882	0.359240473700616
Lawsonia	0.0350232100756065	0.51813638088537	0.0529454769304042	0.0850357362647014	-0.26725253523496	0.117294712989059	0.890690364506133	0.154062658281094
Serratia	0.039184295431317	0.0686182919049647	0.449122228593572	0.313810518482187	-0.125362217683432	0.130003970823528	0.439509471946053	0.637386619064022
Finegoldia	0.0413656441557855	0.345053596165558	0.0138326900183858	-0.0652920340940798	-0.183620965889648	0.135970404400962	0.79172404540057	0.0606247525497155
Candidatus Arthromitus	0.0422046086832814	0.0313936609889725	0.0255920164762989	-0.284088386352659	-0.296232961960053	0.13722220321585	0.342294436119511	0.0918318440430546
Spiroplasma	0.0425195559260382	0.363754032860145	0.0144332462532886	-0.0672948941031314	-0.195498587787048	0.13722220321585	0.79172404540057	0.0624853953648471
Rhodococcus	0.0451256372492536	0.0496173382722117	0.0203518249531013	-0.243826225542005	-0.294702947850712	0.144320731743108	0.373713320249736	0.0802766428705662
Chloroherpeton	0.0456289211476522	0.368132394112776	0.0973873014657117	0.0752821367076228	-0.142597799160516	0.14462738399479	0.79172404540057	0.228956900796872
Bosea	0.0467847157577512	0.203771646151298	0.183904428626842	0.112269617571521	-0.117644467954778	0.144800717984288	0.627273102727479	0.336854591314995
Caproiciproducens	0.0468383745101284	0.094522592200004	0.386565344577086	0.426959641544737	-0.214665292350126	0.144800717984288	0.524305003609397	0.564735379937718
Oscillibacter	0.0469072748399806	0.909261452008685	0.0351572368945712	0.0350793746041632	-0.691359802074393	0.144800717984288	0.981706840821085	0.116643169136194
Mesorhizobium	0.0509293517256212	0.0335787674588208	0.0335787674588208	-0.170080120069948	-0.170080120069948	0.155861378125823	0.342294436119511	0.114558854374742
Rouxiella	0.0522171091309391	0.0343580476985575	1	0.329353567760022	1.24126707662364e-17	0.158436527704986	0.342294436119511	1
Hydrogenobacter	0.0531244015608633	0.738303473227647	0.0507930541254235	0.0352000658718481	-0.217116665369928	0.159531782018693	0.913851815341166	0.150879946624292
Lancefieldella	0.0534768508738717	0.0731840510367174	0.0211772625533788	-0.374481636378108	-0.496925746411261	0.159531782018693	0.439509471946053	0.082614595675269
Peptacetobacter	0.0546143518121927	0.751240393698877	0.0510016720983521	0.0380112957089736	-0.246892911290462	0.161284967478672	0.914837143188708	0.150879946624292
Muribaculum	0.0549731860983642	0.579656366074242	0.0225553415623922	-0.150457150111203	-0.665402008106021	0.161284967478672	0.890690364506133	0.0860983468241853
Faecalibaculum	0.0554798468549462	0.156712304105106	0.017958705199332	-0.291264066226364	-0.513129085582101	0.161437259291032	0.595199138818055	0.0742749833570578
Mucilaginibacter	0.0563363605853306	0.600252709565256	0.0681892696064831	-0.026522870220594	0.0964659046973029	0.162596813071483	0.890690364506133	0.180650676942548
Alkalihalobacillus	0.0608750399228166	0.585653654582375	0.0751310703813064	-0.0385868067494848	0.131299719110742	0.172965551128856	0.890690364506133	0.187291813998552
Photorhabdus	0.0614237684166872	0.554402182215038	0.0245459231775252	0.0566518914891999	0.230760260298262	0.172965551128856	0.890690364506133	0.0907687784168901
Chthonomonas	0.0618680348194125	0.0752642356360702	0.0256094438317251	-0.0866336686927532	-0.111661086439721	0.172965551128856	0.439509471946053	0.0918318440430546
Methanobrevibacter	0.0621668547670362	0.0221363979278431	0.110964607557195	-0.504847739641493	-0.338004890654521	0.172965551128856	0.329626669570242	0.247751167816379
Gordonibacter	0.062549607010674	0.643202611695653	0.0691283332224449	-0.0886734543054045	0.363807850275034	0.172965551128856	0.902517498624336	0.181781913288651
Taylorella	0.0628522706918941	0.218880942246597	0.0202950876436454	-0.250640192829781	-0.500778469671245	0.172965551128856	0.633123648977218	0.0802766428705662
Arcanobacterium	0.0645804119852577	0.0223562011607608	0.378668935520628	-0.202645296701395	-0.0731918203961661	0.175949264656193	0.329626669570242	0.557790340704659
Asticcacaulis	0.0649277568167923	0.174612827176126	0.282237373521749	0.106419149825855	-0.0834652742903161	0.175949264656193	0.598312448692186	0.462552228691933
Apilactobacillus	0.0659085647937379	0.620797887020164	0.0754443081740646	-0.0251054510175688	0.0940937732908608	0.177254094710431	0.895202021501821	0.187291813998552
Schaalia	0.0682503038877156	0.0476699337461618	0.0407222129726934	-0.396284417961145	-0.411110718677052	0.182171863760444	0.370259373240929	0.129074871475948
Petrocella	0.0688980404636004	0.0717618008447468	0.671065888069893	-0.310989480977523	0.0701763297381727	0.182528390780434	0.439509471946053	0.82431968949762
Mucinivorans	0.0699601647687196	0.158195523049343	0.330326296878394	-0.211213362288908	0.143525645369355	0.183568317626211	0.595199138818055	0.509851458225348
Chryseobacterium	0.0703247639356753	0.0291920351145517	0.598250713345682	-0.191210919291229	-0.0432847074815311	0.183568317626211	0.33969621607299	0.761215065368162
Metabacillus	0.0712187026940529	0.554666139741749	0.0284061131759321	-0.0771799932179302	-0.305488083703394	0.184023698327239	0.890690364506133	0.100841701774559
Megamonas	0.0723154967584037	0.662149955467993	0.0761095908875176	0.192605377254663	-0.815919350173654	0.184023698327239	0.910796778494223	0.187631283090755
Roseburia	0.0725157245642415	0.0332687311566284	0.702202680094109	-0.246128963462011	-0.0414787179181698	0.184023698327239	0.342294436119511	0.842168754842596
Mannheimia	0.072730284053883	0.158663591459649	0.340136071656347	-0.0938156078875757	0.0625100055831994	0.184023698327239	0.595199138818055	0.51823307054937
Weissella	0.0730911027158894	0.722083684130339	0.0342063058133033	-0.0849926570234353	-0.539077327463683	0.184023698327239	0.913851815341166	0.114558854374742
Olsenella	0.0751473710841242	0.0751816069449148	0.0339965333740887	-0.261672212563287	-0.31794125868827	0.186702906308552	0.439509471946053	0.114558854374742
Lautropia	0.0754568277454447	0.036420974927965	0.0680429928447936	-0.323453896374544	-0.27778520044916	0.186702906308552	0.342294436119511	0.180650676942548
Kocuria	0.0757330098829055	0.213780211289904	0.0250735673190669	-0.0568518837696027	-0.107790458284679	0.186702906308552	0.632433125065965	0.0917640865800903
Acidihalobacter	0.0831669586050183	0.482481594328211	0.122827374553046	0.0777109881117239	-0.175438809790232	0.203615657274355	0.864786498535662	0.262625216017174
Cryptobacterium	0.0841425295834841	0.120612938485567	0.0319343832611049	-0.056967195048387	-0.0813061364723268	0.204593137000937	0.570901242165018	0.110065107356235
Flintibacter	0.085027385533738	0.160372422056744	0.0298605545714856	-0.310874255438344	-0.500724262841322	0.205338243976034	0.595199138818055	0.104955414582944
Dickeya	0.0880342543537764	0.427367377378909	0.0318385923317784	0.0907782014714176	0.260126292347122	0.211163245240477	0.807572508616768	0.110065107356235
Basilea	0.0890728617123544	0.385595563097876	0.1658063068295	0.0856776648269542	-0.139165215454746	0.212220576562992	0.79172404540057	0.318168859051203
Acidaminococcus	0.0940813517635409	0.693797354036477	0.0424729021763347	-0.147374566627799	-0.804331531656114	0.222659199173714	0.913851815341166	0.13343256878406
Candidatus Carsonella	0.0960020325359939	0.530220471421933	0.0375246428352281	-0.157067733907029	-0.551093208472643	0.224430986258754	0.890690364506133	0.12208949356853
Mahella	0.096580964812137	0.110569741212892	0.0399547295336991	-0.194607553803287	-0.256759587378027	0.224430986258754	0.552848706064461	0.127783144004173
Zobellella	0.0970042988595545	0.126737397918781	0.530952603804744	0.0682648555285517	-0.0272374490217601	0.224430986258754	0.578663101109759	0.700699532902171
Chryseolinea	0.0976905073108771	0.706190342464549	0.0926351780390586	-0.0265228702205941	0.122984146487314	0.224430986258754	0.913851815341166	0.222199244620715
Brevundimonas	0.0981673320935224	0.34661747683774	0.20160792774429	-0.184151013364841	0.252547197720971	0.224430986258754	0.79172404540057	0.359652333413181
Blattabacterium	0.0986231939615934	0.673700493455114	0.043645170774556	0.0435483772439056	0.220761969217149	0.224430986258754	0.913851815341166	0.134730744564934
Sulfurivermis	0.102466655566025	0.368407129618659	0.0361492563101729	-0.0492250226356256	-0.120802060442818	0.231692119273497	0.79172404540057	0.118823944352883
Pontibacter	0.106378805015177	0.391532218261906	0.190441706836447	0.141485525054418	-0.219259965599524	0.239015669496127	0.79172404540057	0.344932683300707
Cellulosilyticum	0.108043052420447	0.829289033522721	0.0556421123522827	0.0299710580885109	0.280306810331046	0.240094523763992	0.949669699679245	0.158023599080483
Aminobacterium	0.108211616344334	0.935437180202074	0.0731873888582113	0.00368995302746505	-0.0854726568630751	0.240094523763992	0.986942269113073	0.184266120884149
Luteitalea	0.109038440576763	0.266803438740287	0.0378305473029248	0.102347178801121	0.200190150137411	0.240426375184787	0.696435446711778	0.12208949356853
Capnocytophaga	0.110650816637678	0.0384595476789575	0.283003392660089	-0.37377729860005	-0.185217077108325	0.241595551684489	0.342294436119511	0.462552228691933
Streptococcus	0.11092978851992	0.0385683871683956	0.279577561100787	-0.439285128658262	-0.219424234223551	0.241595551684489	0.342294436119511	0.462552228691933
Pseudodesulfovibrio	0.113954149778695	0.0639457483655499	0.910725391077017	0.114741772614996	0.00661004035446382	0.246091101788311	0.439509471946053	0.948088393397796
Dysgonomonas	0.114380371253722	0.635638090509926	0.0488578066525811	-0.082909066447282	-0.363432699055282	0.246091101788311	0.902517498624336	0.148243772321934
Peptoniphilus	0.117209325224411	0.841047854626603	0.0609283680356366	-0.0272023166129685	-0.267257896358949	0.250658496714856	0.953904116269789	0.170311579942134
Yersinia	0.119158902308112	0.753237744610399	0.103060191604373	0.0395735530712675	-0.212909228707761	0.253301858199879	0.914837143188708	0.234528000125336
Orrella	0.121949480820843	0.0437744055686594	0.22543814059307	-0.0820207152734927	-0.0474808999549729	0.257474350223593	0.365456953977373	0.392306568188921
Pseudobutyrivibrio	0.123661592645778	0.146682256064456	0.0499485975794341	-0.482057430997799	-0.667863398596188	0.257474350223593	0.589570161098882	0.150269085938128
Anaerostipes	0.123750095140725	0.460282543746494	0.1833776273009	-0.0984043691598901	0.180453668870133	0.257474350223593	0.837950271948745	0.336854591314995
Azoarcus	0.124022856023196	0.648970939703555	0.126469322617877	-0.0257168444631967	0.0890196614283992	0.257474350223593	0.907026313365205	0.267241723388967
Fastidiosipila	0.126300276969817	0.99795025816325	0.077941417601009	0.00058988033164645	0.423304158724606	0.260677897234215	1	0.190822091367988
Draconibacterium	0.127671884363243	0.771778006116141	0.106774146738474	0.0128624708902397	-0.0741616971085804	0.261985658664457	0.925612135713615	0.239903937292141
Phocaeicola	0.128462895871893	0.288867468321925	0.0456727951405009	-0.234794918821421	-0.461257796005935	0.262093839278862	0.744506168279474	0.139774502369636
Vibrio	0.131892166716649	0.141577484059908	0.0555007205729014	0.22515063199735	0.299830272052932	0.266143334635994	0.589570161098882	0.158023599080483
Lysobacter	0.131947118016718	0.264070761965266	0.341945435713713	0.110076604360925	-0.0932050748421366	0.266143334635994	0.694408299982736	0.51876337469388
Oxalobacter	0.133540704492537	0.890976263571107	0.0728479633282561	0.0243389414239397	0.333559185864324	0.267104225124073	0.980070982857868	0.184266120884149
Longibaculum	0.133928315696014	0.0479772708988246	0.283337651965362	-0.585135228739166	-0.304951017856329	0.267104225124073	0.370259373240929	0.462552228691933
Blautia	0.136937143748624	0.576847524316189	0.157446045174591	-0.0758349318942652	0.196845610388234	0.271579251568501	0.890690364506133	0.308048677724285
Porphyromonas	0.140418594999178	0.549411138797571	0.169770880582681	0.174505343167305	-0.409084769265896	0.276936673470601	0.890690364506133	0.322292313405624
Baekduia	0.141327572054379	0.838139147096983	0.0728334330255856	0.0146414940828048	0.134606044245045	0.277189436902235	0.953904116269789	0.184266120884149
Kushneria	0.143084226742178	0.415646600032967	0.23193990230039	0.055708724814366	-0.0827143858953524	0.277712135346163	0.807572508616768	0.401652025934821
Polynucleobacter	0.143158650051684	0.770396629397404	0.118880847681399	-0.0326739259451244	0.18057975386683	0.277712135346163	0.925612135713615	0.257333542237175
Acetoanaerobium	0.147188038186063	0.333269455312279	0.297980875929418	0.0480920895346516	-0.0518409232650293	0.283287205492358	0.79172404540057	0.475914698964948
Ethanoligenens	0.1477482680278	0.143605470383931	0.0649833818625765	-0.206619433136077	-0.265569956513036	0.283287205492358	0.589570161098882	0.176576810031406
Alistipes	0.148592114013631	0.0540775856793277	0.309436098711352	-0.509065345056033	-0.258373449398269	0.283287205492358	0.391786590125741	0.488221400189022
Desulfallas	0.14922452796358	0.599828136950028	0.16303750519523	-0.0804668331932988	0.219138396112362	0.283287205492358	0.890690364506133	0.314556056219058
Raoultella	0.151209319453719	0.0616431893791464	0.174568555993906	0.19733221551976	0.139953758314551	0.285528236202501	0.437666644591939	0.327893319459454
Calditerrivibrio	0.153709967071058	0.22532525171908	0.454093426399784	0.0514775164581139	-0.0313708584945293	0.288714488413893	0.635072378787816	0.637386619064022
Pelobacter	0.154584435680691	0.845422502109769	0.114866220216474	0.0383069673320969	-0.320893343486492	0.288828814034976	0.954842405968494	0.253276448303406
Alkaliphilus	0.156418022838723	0.178135185378285	0.574890820257578	-0.110910198044758	0.0452142310802847	0.290724597422757	0.598312448692186	0.734123169753383
Eikenella	0.159234281909049	0.35724607708464	0.2974940592915	-0.0530666486204945	0.0602578462192679	0.294417552488086	0.79172404540057	0.475914698964948
Sphingobacterium	0.164768289958336	0.447789679572188	0.0628692226289313	-0.0805557473606306	-0.205810408607926	0.300502650349993	0.823654591959205	0.173012201808299
Jonquetella	0.165109258428009	0.0842893792289267	0.831528583388533	0.340407520060217	0.0402123937924626	0.300502650349993	0.47496396232173	0.905498917493647
Dehalococcoides	0.166129551761067	0.0688456668412695	0.184083917507349	0.369286663823062	0.26360422489253	0.300502650349993	0.439509471946053	0.336854591314995
Flammeovirga	0.166491824480124	0.59008644304286	0.183250253245399	-0.0615993161622293	0.155440876267582	0.300502650349993	0.890690364506133	0.336854591314995
Thermomicrobium	0.166757808785771	0.301646416922102	0.0620791163440012	0.088965206842424	0.16642612209588	0.300502650349993	0.754116042305254	0.172172549235316
Emcibacter	0.169608557094206	0.229261409757001	0.0661027684072936	-0.0520006929657591	-0.0817486566590782	0.304096150345672	0.635842191122932	0.177776384731737
Duganella	0.172815860649034	0.601229868707737	0.0725049307921295	-0.0336518841538293	-0.120676052152649	0.308289600655311	0.890690364506133	0.184266120884149
Laceyella	0.174194531978718	0.343531797258768	0.065159329898913	-0.054741446565485	-0.110517568555036	0.308904665655201	0.79172404540057	0.176576810031406
Photobacterium	0.176600556526976	0.363577255471122	0.320000833349518	0.0503381491785668	-0.055225786438484	0.308904665655201	0.79172404540057	0.498246911574907
Gemella	0.176687964889261	0.118859516072249	0.0982157826513989	-0.369738026345704	-0.393746776016664	0.308904665655201	0.570901242165018	0.229385545008201
Bordetella	0.177436242391243	0.942364319219783	0.101378193402127	-0.00382328929377177	-0.0900358512996706	0.308904665655201	0.986942269113073	0.233696484790617
Odoribacter	0.178495039067221	0.067120278676161	0.361043681280762	-0.365117736958099	-0.175624074889551	0.308904665655201	0.439509471946053	0.536278271358454
Malaciobacter	0.178976987271952	0.743782487595627	0.0842241255844877	-0.017231940479208	-0.0948851288939584	0.308904665655201	0.913851815341166	0.203398398520362
Caldilinea	0.179465051936854	0.0705234023150432	0.491644529536751	-0.234682961095612	-0.0857002014326535	0.308904665655201	0.439509471946053	0.6687119079906
Desulfocapsa	0.180121875466554	0.918373953630243	0.100281292242791	-0.00866446345980816	-0.144436373367494	0.308904665655201	0.981706840821085	0.232678815334579
Candidatus Hepatoplasma	0.183156769673398	0.456652597434164	0.0709546483269315	-0.0527522967147242	-0.133081161330854	0.312599294394502	0.835627175717156	0.183860585080735
Anaerocolumna	0.185821482142653	0.137678717072948	0.839234010128651	-0.25172712345339	0.0333495958665583	0.315629790242305	0.589570161098882	0.911095026286456
Lactococcus	0.187938309925593	0.0755829791751768	0.526943008042812	-0.31072061061752	-0.106313781718245	0.31770523820755	0.439509471946053	0.698002865131337
Cloacibacillus	0.191091993304509	0.948020602162135	0.123304181026133	-0.016765333301424	0.410038043617608	0.321505486365405	0.986942269113073	0.262625216017174
Candidatus Solibacter	0.195326943082487	0.24783742641674	0.508836646009884	-0.149831915055731	0.0845604243881678	0.327080494312655	0.666532472560171	0.684231095960261
Alienimonas	0.196964589402176	0.167281074314522	0.739549244081562	-0.114701332550844	0.0269098125040598	0.328274315670294	0.598312448692186	0.863618360687351
Veillonella	0.198971285409055	0.0997175130244759	0.812611851656023	-0.539183623130277	-0.0747328381925162	0.328633116574145	0.544611032672138	0.897292535824981
Thiomonas	0.199031324122369	0.0767594007342403	0.316046723503235	0.273188487243536	0.150068809330582	0.328633116574145	0.439509471946053	0.49425809182224
Succinivibrio	0.20128118506453	0.167642946580154	0.0955866545470728	-0.134502982975418	-0.164536296500594	0.330397098136616	0.598312448692186	0.227740015867187
Heliobacterium	0.202171568929319	0.849944226157871	0.104951395398996	0.0267146138996742	0.237639746921926	0.330397098136616	0.954842405968494	0.237310480042316
Shewanella	0.202891739137415	0.543351350606995	0.239447713160361	0.0670863025713526	-0.131753663665352	0.330397098136616	0.890690364506133	0.406717407521188
Aeromonas	0.204866384623761	0.90666192476257	0.13858522946002	0.0130615239278281	-0.170236186401225	0.33208934493806	0.981706840821085	0.286033467780856
Anaerotignum	0.21303906474745	0.313638365046241	0.083617865039331	-0.166510508529733	-0.29420130663053	0.343767581751567	0.767873238561487	0.203317411568236
Clostridioides	0.21570483909303	0.867776482353758	0.113934074849971	-0.0252808492406694	-0.248723021102986	0.346494198543103	0.968744186275422	0.252791228573373
Pasteurella	0.216887226487283	0.204968112440528	0.666197024854845	-0.0779093231797486	0.0259803911778735	0.346781865997307	0.627273102727479	0.821180360498159
Vagococcus	0.217837622865914	0.168972225672716	0.798981750047919	-0.199964248544429	0.0360642271856705	0.346781865997307	0.598312448692186	0.89469394894088
Terasakiella	0.224709736897743	0.625211695272389	0.0973754690153354	0.0214937407207306	0.0756275644780885	0.356124806244191	0.895202021501821	0.228956900796872
Anoxybacter	0.233754309028391	0.972950966479095	0.145694566007746	-0.00170805450049246	0.0755490432237929	0.367310195898934	1	0.297250407659481
Christensenella	0.233836913445518	0.217135470704802	0.674047701946954	-0.284367662050501	0.0950593058724389	0.367310195898934	0.633123648977218	0.825127359279892
Butyricimonas	0.235162616251711	0.153025149658056	0.935307583569984	-0.464943899862174	0.0256506840202373	0.367765324975143	0.595199138818055	0.963664513428613
Phascolarctobacterium	0.236308655907035	0.130474561291493	0.157929181255831	-0.62372179887068	-0.579942268729575	0.367936723013146	0.586309737449115	0.308048677724285
Mycoavidus	0.240927338780033	0.944004487528725	0.155115214693023	0.0103608938857375	-0.215871409249681	0.373489979331492	0.986942269113073	0.305921673422352
Caldanaerobacter	0.243213959788734	0.194550411260008	0.118260105698711	0.0373425449732972	0.045463573081652	0.375395459673915	0.622181853976409	0.257333542237175
Methylomusa	0.245642778099259	0.198817625457985	0.118635898080384	-0.203835460456205	-0.250382455678804	0.377502970672022	0.622181853976409	0.257333542237175
Arsenophonus	0.246954569710927	0.543516105903782	0.103050939298535	0.052522724766685	0.145671107872827	0.377883070031807	0.890690364506133	0.234528000125336
Bacteroides	0.253816455282296	0.119231145930273	0.726937244722126	-0.165289753249156	-0.0358389462501892	0.386716058477318	0.570901242165018	0.852545684419332
Conexibacter	0.258564144200563	0.680081620704984	0.236417358827188	0.0510579626876974	-0.149211323039832	0.39190162541765	0.913851815341166	0.404598494196674
Lysinibacillus	0.259444362517682	0.349068606650243	0.468854054959375	-0.0586453312760293	0.0451368054948085	0.39190162541765	0.79172404540057	0.647638869690965
Lactiplantibacillus	0.26263872024757	0.107730769790958	0.349750977796822	-0.346319468188147	-0.196410811640309	0.39190162541765	0.552848706064461	0.528347221778178
Anaerococcus	0.262679100585396	0.958502320726641	0.151986155156731	-0.00599238628213258	-0.169902943525175	0.39190162541765	0.994936619467712	0.301551091290165
Acutalibacter	0.262739681265918	0.291898495755635	0.564338752108499	-0.307883906814345	0.166514968985298	0.39190162541765	0.745496158224823	0.734123169753383
Coraliomargarita	0.26658056794736	0.175983079273274	0.148576997472541	-0.35850094565466	-0.384119360045272	0.395137130527025	0.598312448692186	0.301399052015725
Herbaspirillum	0.267134961483059	0.236084618972413	0.123544819929206	0.0564625775929932	0.0744256426059429	0.395137130527025	0.649690230505478	0.262625216017174
Syntrophobotulus	0.272589249654874	0.324629884877618	0.526305280093055	-0.10495806680401	0.0669739695216457	0.401531882271703	0.789339788572289	0.698002865131337
Leclercia	0.274281145204483	0.602156866144991	0.284046157337582	0.0268312775800002	-0.0558335030777372	0.402354572510709	0.890690364506133	0.462552228691933
Syntrophothermus	0.277435223015442	0.82438469968538	0.206061881979727	0.0144307519532382	-0.0840736590497374	0.405306601524617	0.947108635560874	0.364932339525996
Alkalilimnicola	0.280368570115187	0.88379433747906	0.151021985178506	-0.00548395358602592	-0.0554769368735923	0.407439443010431	0.977404952663758	0.301551091290165
Scytonema	0.281190601514241	0.137775823845968	0.773263298808067	0.0963862286589965	0.0181501320663136	0.407439443010431	0.589570161098882	0.879834843195076
Paraglaciecola	0.283142764650707	0.689012825259077	0.130475478695273	0.0367910190584199	0.143338639779551	0.40860033110163	0.913851815341166	0.272628910662469
Lachnoclostridium	0.289518339583943	0.638746842216757	0.281098841582398	-0.0604289950673938	0.140624907047254	0.416109354462752	0.902517498624336	0.462552228691933
Hungateiclostridium	0.292326173653401	0.547323235323605	0.332864113658885	-0.101274252203922	0.164314374616954	0.41845077276999	0.890690364506133	0.511544417094823
Lacticaseibacillus	0.295419113860944	0.169586325362066	0.188791700952566	-0.123980550915659	-0.118348160960497	0.420917744265058	0.598312448692186	0.343697711990569
Acetobacterium	0.296420946665534	0.382686393835016	0.4834786932994	0.134064777235197	-0.107196997799135	0.420917744265058	0.79172404540057	0.660134369697258
Limnobacter	0.302352986748884	0.785050404656565	0.150238677821411	-0.0162734765229782	-0.0883347884096898	0.42606432663829	0.930102700455084	0.301551091290165
Fimbriimonas	0.302445662853096	0.822327618530971	0.224816432339413	0.0141308647968945	-0.077956168619353	0.42606432663829	0.947108635560874	0.392306568188921
Planobacterium	0.311048053874771	0.425762953661222	0.454761007685914	-0.0793152603625398	0.0743590645879001	0.436450826583177	0.807572508616768	0.637386619064022
Thiomicrorhabdus	0.3192161994453	0.542880031070235	0.138505946276551	-0.0348502998548016	-0.0871026780929668	0.446148625208982	0.890690364506133	0.286033467780856
Campylobacter	0.321853545433909	0.1408594897896	0.562782031879464	-0.244395767041809	-0.093545837619116	0.448070622074658	0.589570161098882	0.734123169753383
Gemmatimonas	0.325341770011207	0.89172655623406	0.17761710924435	0.0109000888325465	0.110774017861038	0.451157532632728	0.980070982857868	0.331863546219706
Tannerella	0.32676680539693	0.396859738301989	0.141155100260542	-0.193810710927852	-0.343704277486903	0.451370489945176	0.795961622018113	0.289653529436372
Mycobacterium	0.338015474787237	0.196937607886901	0.959509337104788	0.122757810790569	0.00471640649356696	0.464390355080648	0.622181853976409	0.973223908718279
Ralstonia	0.338808737932079	0.69426489561881	0.159687020390892	0.0820185466843123	0.301177920472302	0.464390355080648	0.913851815341166	0.309775367424955
Paludibacter	0.341532100110131	0.152541507301207	0.358822756134828	-0.190014457550693	-0.119781080258781	0.466322675150371	0.595199138818055	0.535218816923799
Desulfotomaculum	0.343022244019446	0.574385460992289	0.368816990175597	-0.111140963447221	0.179105230689715	0.4665628223253	0.890690364506133	0.54554179796807
Paraprevotella	0.347785858366955	0.497298510494756	0.152049705185745	-0.109675377438546	-0.236798023011634	0.471236563817821	0.881657511510288	0.301551091290165
Hahella	0.363771242005701	0.175649489104814	0.718509218581748	0.101658702478093	0.0264041180224451	0.491022018676896	0.598312448692186	0.852545684419332
Sodalis	0.367454439348189	0.722089003999029	0.312002438851351	-0.0521969361238962	0.150287001649135	0.494114871093209	0.913851815341166	0.49009232651429
Candidatus Blochmannia	0.369730665811994	0.19108238382863	0.813882243762377	0.105760448773951	0.0185983024922695	0.495264636850016	0.616674965992396	0.897292535824981
Alcaligenes	0.371099699724237	0.227194907340993	0.224760914858185	-0.131298022937933	-0.132017577792174	0.495264636850016	0.635072378787816	0.392306568188921
Enterocloster	0.378806643838011	0.580332472949593	0.172239329829529	-0.108710855453846	-0.274463452951536	0.503414107818864	0.890690364506133	0.325239160050441
Buchnera	0.381297769857915	0.172980577316617	0.568101373663713	0.13120592040229	0.0537691140417513	0.503414107818864	0.598312448692186	0.734123169753383
Dialister	0.381460267614857	0.989613248010612	0.235041791405772	0.00550651096166025	-0.512515457310153	0.503414107818864	1	0.404598494196674
Syntrophomonas	0.398014676280211	0.808861540961426	0.206623662661198	-0.0213438952647064	-0.113912947391068	0.523315592886945	0.941461793578054	0.364932339525996
Pseudomonas	0.40383853124174	0.209857945838234	0.306045483648981	0.170435718092135	0.138073789433022	0.529013574135858	0.632433125065965	0.485027440604412
Murdochiella	0.407387260232273	0.212397052618722	0.810778757485124	0.057279192334131	0.0107641532668956	0.531700284494326	0.632433125065965	0.897292535824981
Paenalcaligenes	0.409316357049572	0.187391351271705	0.499606327698746	-0.0958796344176776	-0.0482036162815106	0.532261196895963	0.610311281664726	0.674373560201729
Aggregatibacter	0.415928137524981	0.227005273087012	0.867970445403167	-0.0952825170534847	-0.0128450477457235	0.53782946774978	0.635072378787816	0.933979204459627
Brevibacillus	0.416628460932928	0.36100569415407	0.70829867555799	0.0843852130764817	-0.0342225513441281	0.53782946774978	0.79172404540057	0.846479797339061
Geobacter	0.43214356406479	0.211902513884506	0.38146362385622	0.247301688091442	0.171417562804227	0.555836830590581	0.632433125065965	0.559585068053546
Geosporobacter	0.435623954001969	0.594225656311586	0.450966575975877	-0.0417768569023408	0.0593548145861457	0.556363212613805	0.890690364506133	0.637386619064022
Libanicoccus	0.435687248187712	0.224568367188806	0.779950595205829	-0.10315369489983	-0.023260263934323	0.556363212613805	0.635072378787816	0.881791278019329
Shigella	0.463701100601561	0.811744762549257	0.246567834637538	0.0386193031951929	0.191371031978167	0.590013945209872	0.941730034983616	0.416817053792028
Rhizobium	0.465947159915893	0.300180832331077	0.959516529722247	0.114568975955335	-0.0055280242837279	0.590754434893365	0.754116042305254	0.973223908718279
Stackebrandtia	0.472974705612808	0.986515926097561	0.289814867039813	0.000893980441904775	0.0568955952804129	0.597530322037533	1	0.469791222827095
Adlercreutzia	0.483351832748899	0.241415761976808	0.680838012860816	-0.20693695556914	-0.0714188491377274	0.607304511366012	0.655576774833362	0.830575582699621
Pectinatus	0.484132892159385	0.755062768885328	0.250687540694048	-0.0389260661782967	-0.145854246158571	0.607304511366012	0.914837143188708	0.421772876523161
Pigmentiphaga	0.487372078990104	0.559932476669709	0.237060526177206	0.0373733441647077	0.0769613429782232	0.609215098737631	0.890690364506133	0.404598494196674
Barnesiella	0.496996464509552	0.383623450855634	0.801444157079437	-0.247635478818729	0.0707725989470242	0.619065771582074	0.79172404540057	0.89469394894088
Achromobacter	0.507426588449231	0.743952604601681	0.26400224973081	-0.0316587120914426	-0.110047011668926	0.62984768845971	0.913851815341166	0.442079238936026
Streptomyces	0.545306748808821	0.378523094875198	0.903733028548421	-0.216752632885287	0.0294480826403095	0.674508347829726	0.79172404540057	0.946071743836413
Mageeibacillus	0.549346026442158	0.987353631578709	0.351849299585586	-0.000824315479352284	0.0490199593244271	0.677145275649188	1	0.52926483624103
Abiotrophia	0.554663274156487	0.379128559747597	0.329570507855842	-0.114882482229707	-0.127677230801563	0.679200569959184	0.79172404540057	0.509851458225348
Erysipelatoclostridium	0.554839902220179	0.739130483381293	0.294962044918289	0.0860460239074634	0.274454253011763	0.679200569959184	0.913851815341166	0.475914698964948
Mycoplasma	0.561415373855455	0.531273714493237	0.659446662831847	-0.0895732540442182	0.0628719779512797	0.684888170854593	0.890690364506133	0.821180360498159
Faecalitalea	0.564147989011628	0.718876686935699	0.298954867237136	-0.0537949851395053	-0.157347420657976	0.685864849654548	0.913851815341166	0.475914698964948
Enterobacter	0.571238276916541	0.349811413960235	0.952015057863644	0.188141094505418	0.011959827322263	0.690880410753775	0.79172404540057	0.972565216352789
Coprothermobacter	0.572165748624253	0.307733847277526	0.744435625662993	0.0843674341584861	0.026606087832585	0.690880410753775	0.763954655828822	0.863642637615564
Parvimonas	0.57977317329643	0.389995864509508	0.354046500386672	-0.0669913696590186	-0.0723481113457607	0.697693140746552	0.79172404540057	0.530322817034889
Turicibacter	0.584529139585118	0.331939639748894	0.440444528770356	-0.230322822605534	-0.182230453876158	0.701040015380801	0.79172404540057	0.627943002865367
Collinsella	0.58817115538103	0.310290846244838	0.574066430308451	-0.348338154064224	-0.191012665685276	0.703032862492477	0.76495312789526	0.734123169753383
Candidatus Sulcia	0.59562253916783	0.432221906020242	0.874369787403188	-0.070898511173414	0.0141529017178842	0.709550340283824	0.807572508616768	0.9349435979763
Dysosmobacter	0.60399375281638	0.392516709832395	0.990854048544517	0.0771735926427583	-0.00102386367397041	0.717116328594699	0.79172404540057	1
Thalassolituus	0.616443498371483	0.548953419666663	0.710566139738142	0.0475771717250987	-0.0293662932746397	0.729458139739589	0.890690364506133	0.846479797339061
Erysipelothrix	0.622289290398903	0.839686150771588	0.472728788834756	-0.0442520446615675	0.158138650472037	0.731828716603709	0.953904116269789	0.650460155179607
Treponema	0.623560903008102	0.527621812733402	0.750351264689148	-0.0436942041621905	0.0219169261720524	0.731828716603709	0.890690364506133	0.867670029200806
Pantoea	0.624631270791334	0.615240664670905	0.338782901694162	0.0549655547223415	0.105606576080948	0.731828716603709	0.8929612131459	0.51823307054937
Bifidobacterium	0.64081895852602	0.384928185399946	0.466220462562581	-0.311145450721598	-0.260100639191914	0.744852851765826	0.79172404540057	0.646516657069204
Pedobacter	0.642886346665031	0.499191999474839	0.826025661207746	-0.0396339620770595	0.0128167691695057	0.744852851765826	0.881657511510288	0.90505898064429
Helicobacter	0.643784700544163	0.355056825479952	0.66501497748519	0.115442263063743	0.0535366167208806	0.744852851765826	0.79172404540057	0.821180360498159
Candidatus Nanosynbacter	0.644655091514395	0.358936957525036	0.574791460310585	-0.143146142763383	-0.0868809805333494	0.744852851765826	0.79172404540057	0.734123169753383
Chloroflexus	0.646238530546125	0.444582542930759	0.405342586899207	0.0481320768251578	0.0524716725437033	0.744852851765826	0.822604596952387	0.58273954751456
Anaerobutyricum	0.651488055169025	0.362749143236355	0.692663202184032	-0.197594080554891	-0.0849891190951128	0.748473331990304	0.79172404540057	0.836379036650787
Candidatus Hamiltonella	0.655884703235846	0.553852023615175	0.759719526504583	0.0416841202481144	-0.021456986152952	0.749807364554489	0.890690364506133	0.871951138524583
Burkholderia	0.658095124807713	0.87947415429119	0.397207565149762	-0.0222365649341625	-0.125386443090192	0.749807364554489	0.975666639916789	0.575545655625165
Hyphobacterium	0.658985627439438	0.408773691096778	0.465861167977681	-0.0399363579522747	-0.0351795168971755	0.749807364554489	0.801738454913569	0.646516657069204
Comamonas	0.667885959693013	0.66449680459156	0.645703111896137	0.115989058806853	-0.12299012580438	0.756116849491923	0.910796778494223	0.809980935417415
Aerococcus	0.669406405715775	0.807914141991563	0.391324404275282	-0.0159981562069297	-0.0569548240722949	0.756116849491923	0.941461793578054	0.569344932449692
Candidatus Koribacter	0.670920584760439	0.570847354275517	0.757816203441609	-0.030198368691516	0.0163755322209717	0.756116849491923	0.890690364506133	0.871951138524583
Carnobacterium	0.678178595665739	0.416655524632773	0.891451093997744	0.0353559446601963	0.00588629177329817	0.761877852725751	0.807572508616768	0.939065692490205
Lachnospira	0.680468802369316	0.545596502662377	0.809527617784434	-0.112367822439385	0.0446189292722134	0.762039195082357	0.890690364506133	0.897292535824981
Advenella	0.689713078091589	0.404545170185891	0.571421674083035	-0.0339260287443762	-0.0229125749904873	0.769962712963881	0.801738454913569	0.734123169753383
Monoglobus	0.698523592895358	0.425231766010331	0.535906571297813	-0.104126638598613	-0.080543818304589	0.774954043549097	0.807572508616768	0.704617899298976
Thermoanaerobacterium	0.698550123762567	0.72482190041233	0.405455403481962	0.0220866030402162	0.052621091368227	0.774954043549097	0.913851815341166	0.58273954751456
Candidatus Cardinium	0.706280414357146	0.517605100812731	0.903556018007576	-0.0446400034194627	0.00831171033792532	0.781088931765691	0.890690364506133	0.946071743836413
Desulfovibrio	0.712784362130994	0.484767642841118	0.47759809535748	-0.22354619841621	-0.227283567468106	0.783787668958976	0.864786498535662	0.654622872015079
Deinococcus	0.713136386123237	0.43182604763688	0.825541721170202	0.102807750493575	0.0285954096495007	0.783787668958976	0.807572508616768	0.90505898064429
Hathewaya	0.734892712663697	0.464773396206995	0.885416818555854	0.0786874233822035	0.0153987667786588	0.805206521591397	0.84180895741573	0.938277524141278
Marinobacter	0.748525521567889	0.766408440821678	0.456045637302145	-0.0210305760193677	-0.0531191169081925	0.817620185097232	0.925425158135019	0.637386619064022
Erwinia	0.75504169672588	0.577384542175331	0.883834059457284	0.0645589579245128	-0.0168590356208907	0.822207982630943	0.890690364506133	0.938277524141278
Proteiniphilum	0.757966419859415	0.525909130523405	0.522272293382965	-0.100467700087675	-0.101362425611294	0.822868743272454	0.890690364506133	0.698002865131337
Synechococcus	0.76559849959846	0.898561336032118	0.49750394630719	-0.0111913231209866	-0.0599362653440581	0.828620327309309	0.981706840821085	0.674098858546002
Parabacteroides	0.781704312912643	0.946050026970516	0.572555888775592	-0.015228479483664	0.127560858908739	0.843480337641301	0.986942269113073	0.734123169753383
Wolbachia	0.791101236995822	0.626927551365485	0.868206021046978	-0.0369306599190944	0.0125705993861809	0.851033148889445	0.895202021501821	0.933979204459627
Hymenobacter	0.794777134761293	0.591633491094428	0.936519034177103	0.0839921204884149	-0.012419829210577	0.852404479879937	0.890690364506133	0.963664513428613
Pseudoclostridium	0.804359149765011	0.695930756818524	0.796191924569927	-0.0898550342926463	0.0593093491862501	0.860082825802948	0.913851815341166	0.89469394894088
Paenibacillus	0.827728979363195	0.803171174961637	0.721562174769083	-0.0326718566613895	0.0467574925413305	0.882413776798601	0.941009132380795	0.852545684419332
Paraoceanicella	0.8425008536922	0.64111056927638	0.949286649377781	-0.0561349251363797	0.00763603727417758	0.895472464253685	0.902517498624336	0.972565216352789
Salmonella	0.850635190220026	0.589294886979939	0.890385562646643	0.15581335397254	0.0396224861390835	0.900793075259648	0.890690364506133	0.939065692490205
Listeria	0.852581614893639	0.610607340158463	0.953387874058509	0.0489097512803833	0.00559404818324885	0.900793075259648	0.892039529861129	0.972565216352789
Phoenicibacter	0.862570533930697	0.920868670404004	0.612747901358825	-0.0127756211776442	-0.0653229069311176	0.908642550579815	0.981706840821085	0.774112117375028
Inhella	0.868212414145077	0.609869765421767	0.880143003023109	-0.0384677931282797	-0.0113293310443541	0.908825055410432	0.892039529861129	0.938277524141278
Oenococcus	0.869642933566983	0.606617702034337	0.7423895972865	-0.0600852470183384	-0.0382696611547584	0.908825055410432	0.892039529861129	0.863642637615564
Ruminococcus	0.870423996731118	0.776665048731577	0.603848097234944	0.0700285881208311	0.128438429379762	0.908825055410432	0.928337011110134	0.765593123280018
Leuconostoc	0.877347874978609	0.731832865944177	0.622502811069176	-0.0886085649449541	-0.127521688715333	0.91321540681774	0.913851815341166	0.783647155778573
Megasphaera	0.879773715863851	0.68276328686043	0.650413086526612	0.16208163837602	0.179824997410142	0.91321540681774	0.913851815341166	0.813016358158265
Staphylococcus	0.891681166563551	0.73550454607444	0.906096881420789	-0.0665362179108544	0.023201170740775	0.922877009125542	0.913851815341166	0.946071743836413
Brochothrix	0.909401322063362	0.736724906221662	0.688894245248299	0.0182346851403797	0.0217293831698855	0.938481015501435	0.913851815341166	0.834667088952717
Halocella	0.912842009827054	0.91808068473982	0.685370212823646	0.013033498000396	0.051452883124246	0.938725815238076	0.981706840821085	0.833241183398611
Mesotoga	0.916966555671877	0.720336322273284	0.996482624658987	0.0594131591078955	0.000730258967310338	0.938725815238076	0.913851815341166	1
Thermoclostridium	0.917571430669331	0.916982795166814	0.771075019843648	-0.00711021551681852	0.0198687842850446	0.938725815238076	0.981706840821085	0.879834843195076
Candidatus Izimaplasma	0.923882117682507	0.733035321708223	0.998321149854102	-0.034739044020086	-0.000213944810597918	0.942465953383017	0.913851815341166	1
Halobacteroides	0.93659844999302	0.821016147952475	0.724614136827211	0.0562069561352922	0.0876164908315616	0.952700429075995	0.947108635560874	0.852545684419332
Faecalibacterium	0.952551232790427	0.782000911918278	0.798940386724492	0.059628423969188	0.0548798910218987	0.963914112029656	0.930102700455084	0.89469394894088
Alkalitalea	0.953053107950449	0.904476504285803	0.761422120965128	0.00865312217289524	0.0219160903640913	0.963914112029656	0.981706840821085	0.871951138524583
Novibacillus	0.958057349875027	0.849293036712592	0.776956118642452	-0.00946276526504544	-0.0141162138786928	0.966222611379644	0.954842405968494	0.881212211239842
Eggerthella	0.976278720244037	0.911261025243862	0.828935671832263	-0.0234444810198876	-0.0454744634613188	0.981810044438054	0.981706840821085	0.905452810770626
Flavonifractor	0.983329730363462	0.900187423243412	0.860653344567238	-0.023698264124484	-0.0331748799582401	0.986107497963359	0.981706840821085	0.931499808906614
Enterococcus	0.994590093722115	0.942802523180123	0.920707849547168	0.0113944637983327	0.0158095993056844	0.994590093722115	0.986942269113073	0.952919202884095
