bugName	pval	p6M	p12M	s6M	s12M	Adjustedpval	Adjustedp6M	Adjustedp12M
Proteus mirabilis	8.1379347705024e-13	0.0200148709768097	7.99785478031753e-12	0.329977149474389	-1.99551077547236	4.19103640680873e-10	0.368130662609179	4.11889521186353e-09
Salinibacter ruber	2.05926387053523e-11	0.100509339817286	1.38788346502885e-10	0.12646845492562	-0.949179571740793	5.30260446662822e-09	0.541652121443642	1.78689996122464e-08
Alloprevotella sp. E39	8.58391135949432e-11	0.246746107990878	8.83394509545081e-11	-0.131936163748251	-1.47191750871563	1.47357145004653e-08	0.67388215231065	1.78689996122464e-08
Bacteroides helcogenes	1.70659708587095e-10	0.051265607216862	1.08491607739169e-10	-0.403283817982591	-2.5474758072349	2.19724374805885e-08	0.455203236494551	1.78689996122464e-08
Desulfovibrio alaskensis	6.18568529731078e-10	0.60550527635497	8.60729360540516e-10	-0.0958961950010328	-2.11729026857996	6.37125585623011e-08	0.888419422572106	8.86551241356731e-08
[Clostridium] hylemonae	1.45508227689106e-09	0.784989043978471	2.31484634421734e-09	-0.0529480869547085	-2.08512361045245	1.24528368489989e-07	0.947862033918211	1.70306552467419e-07
Lachnoclostridium phocaeense	1.69261860083481e-09	0.623190006507568	4.79191974429733e-09	0.0810999105097681	-1.68885836960054	1.24528368489989e-07	0.898999589219601	3.0847983353914e-07
Acinetobacter haemolyticus	2.26631446942349e-09	0.262760063956629	2.00017077088247e-09	-0.285386712031478	-2.71718069514731	1.45893993969137e-07	0.688268409222248	1.70306552467419e-07
Niveispirillum cyanobacteriorum	2.19336959705885e-08	0.0308623960599822	8.75638149325711e-09	-0.310150118143761	-1.32583936774045	1.17760273843359e-06	0.455203236494551	5.01059607669712e-07
Blautia sp. LZLJ-3	2.28660725909435e-08	0.0487099133496912	1.01531693194056e-08	-0.293140571346182	-1.37497920132198	1.17760273843359e-06	0.455203236494551	5.22888219949388e-07
Blautia argi	2.74142433198676e-08	0.083245407851106	1.38878947865898e-08	-0.267410733687552	-1.41668707223634	1.28348502815744e-06	0.50827951343566	6.50205983190342e-07
Herbinix luporum	8.7747005217409e-08	0.0473458221775099	1.52034256667547e-06	-0.231915801429694	0.763862983404217	3.7658089739138e-06	0.455203236494551	4.12092853598879e-05
Gilliamella apicola	1.36324610267025e-07	1	2.27001137097701e-07	0	0.703120490051521	5.40055186827059e-06	1	8.99273735425509e-06
Lactobacillus iners	2.47870534986205e-07	3.83243586909361e-07	4.22584541978181e-07	-1.41274483806587	-1.40294037779794	8.57674628318428e-06	9.86852236291605e-05	1.36019399449227e-05
Lactobacillus jensenii	2.49808144170416e-07	3.09331465997133e-07	5.41787736297634e-07	-1.53422461092604	-1.47411582848524	8.57674628318428e-06	9.86852236291605e-05	1.64129814231342e-05
[Ruminococcus] gnavus	4.02346840400192e-07	0.582149812311374	1.11126795396511e-06	0.13757561591906	-1.76186995765464	1.29505389253812e-05	0.885488168384982	3.17946109051128e-05
Clostridium botulinum	6.01503626462829e-07	0.263279372071423	3.6717427812473e-07	-0.311227897324553	-2.09539099698656	1.82220216251975e-05	0.688268409222248	1.26063168822824e-05
Anoxybacillus gonensis	7.98862466844241e-07	0.0159542957200944	2.16148329884478e-07	-0.296289654655667	-0.899037222389531	2.17251675018459e-05	0.354322006034235	8.99273735425509e-06
Oscillibacter sp. NSJ-62	8.06358492311254e-07	0.0365760950940552	2.56651009025104e-07	-0.454175016732226	-1.60366304864063	2.17251675018459e-05	0.455203236494551	9.44109068913775e-06
Clostridium estertheticum	8.43695825314406e-07	0.335506340556753	3.73090890182985e-06	0.237299425110767	-1.57058709036863	2.17251675018459e-05	0.788976097656292	9.14960992591605e-05
Sutterella megalosphaeroides	1.20813918158547e-06	0.907415217398573	1.62594590558581e-06	-0.0251327007614547	-1.48651526970344	2.96281751674531e-05	0.97876143871124	4.18681070688347e-05
Moritella marina	4.2849380097465e-06	0.4290642772066	1.48538773148217e-05	0.208274679048433	-1.51006769859636	0.000100306503409975	0.85413674579099	0.000283323956190117
Clostridium bornimense	9.66124008838776e-06	0.557383932507614	7.35949292740766e-06	-0.0897353532240907	-0.932012707907141	0.000216327767196508	0.885488168384982	0.000151605554304598
Massilistercora timonensis	1.01160636231112e-05	0.466066116542992	6.79133798135207e-06	-0.163477625822975	-1.3718540272927	0.000217073865245929	0.867397369822438	0.00014573079418318
Fibrobacter succinogenes	1.05889376913471e-05	0.557158041574885	2.75366129622969e-05	0.0770107677464334	-0.717002417558361	0.000218132116441749	0.885488168384982	0.000472711855852764
Frischella perrara	1.46356653787372e-05	1	1.90742912503635e-05	4.29987528494926e-17	0.432988299379273	0.000289380251623978	1	0.000338733103239213
Corynebacterium pseudotuberculosis	1.51713918327134e-05	0.0934339850074699	4.96605613400087e-06	-0.143606365972471	-0.519299742218903	0.000289380251623978	0.528579268311807	0.000111196474304802
Bacillus thuringiensis	1.75653228111639e-05	0.759648792576456	1.65935108246447e-05	0.0290003674477582	0.542623388037562	0.000314934020042663	0.947862033918211	0.000305202074096144
Lachnoanaerobaculum umeaense	1.77341487014315e-05	0.0114753620168703	3.99872817419733e-06	-0.451229855086353	-1.04442900319701	0.000314934020042663	0.322237821811252	9.36065913505285e-05
Clostridium taeniosporum	2.34598583850332e-05	0.135455144904988	8.33592539270383e-06	-0.126911696338217	-0.499187221315917	0.000402727568943069	0.591181352763295	0.000165115445278557
Peptoniphilus sp. ING2-D1G	2.75668788123351e-05	0.715256461609453	5.21168612693449e-05	0.034164797450836	-0.485682480942003	0.000457965889946857	0.927851581181029	0.000838755736053519
Lactobacillus bombi	5.77954514195955e-05	0.194366619054725	0.000401503481450958	-0.160698195856181	0.516422921581153	0.000930145546284115	0.645148683221277	0.00469941574880099
Anaerostipes rhamnosivorans	7.78223292319247e-05	0.467731998319635	4.45403117596424e-05	-0.179834997201339	-1.29496710405293	0.00121449998649822	0.867397369822438	0.000739943888910188
Bacillus sp. FJAT-45348	0.000107104106139344	0.661357492136734	7.74686708415828e-05	-0.052789659934967	-0.602573142403016	0.00162231219593418	0.901286843280751	0.0012089807722247
Elusimicrobium minutum	0.000110897579608249	0.000151024158083405	0.869686021115352	0.811751561694675	-0.0282829519516771	0.00163177867137852	0.0194443603532384	0.91034207494798
Pseudopedobacter saltans	0.000119588206419108	0.348880398516506	0.000454320498116377	0.237709988840783	-1.05687271667913	0.00171077573071779	0.809603384689173	0.00516746390612962
Caloramator sp. E03	0.000147925896414769	0.274172088435806	0.000712148073444275	0.137434868386594	-0.496425907572644	0.00201143580618581	0.7059931277222	0.00691992939290192
Lactobacillus mucosae	0.000148416622592351	6.51002735178315e-05	0.000606026260328113	-1.40647658517307	-1.12923811467118	0.00201143580618581	0.0111755469538944	0.00624207048137956
Klebsiella pneumoniae	0.000152862672714416	0.596329854229258	0.000321029507133898	0.129106903580355	-1.06141173091575	0.00201857119097241	0.885488168384982	0.00423491591050664
Bacteroides ovatus	0.000173789184362949	0.572532727730262	0.000107406318973978	-0.11160530333626	-0.95774214706715	0.00223753574867297	0.885488168384982	0.00162688983151761
Intestinimonas butyriciproducens	0.000183102191647855	0.889743444594131	0.000233194041764981	0.0352199700621809	-1.14677262209119	0.00229994216338159	0.972861728165557	0.00324580895970176
Candidatus Fonsibacter ubiquis	0.000267879916138858	0.766623944547552	0.000400928874559518	0.0254410617169696	-0.365822078469942	0.00328471801932171	0.947862033918211	0.00469941574880099
Lactobacillus kullabergensis	0.000316069604574976	0.999999999999999	0.000328925507612167	1.7199501139797e-16	0.483778435273425	0.00378548479897936	1	0.00423491591050664
Intestinibaculum porci	0.000326411146768013	0.370490876219085	0.000144741713670023	-0.192383240696897	-1.00445918716724	0.00382049410421652	0.809603384689173	0.00207061062611283
[Clostridium] scindens	0.000411396808862374	0.791269640331269	0.000572301208146774	0.03571914005703	-0.554791944081448	0.00468052023453417	0.949892458672735	0.00614031504574143
Pectobacterium parmentieri	0.000418065885026353	0.0582963463177813	0.00907855535713402	0.276873922501753	-0.400274352972041	0.00468052023453417	0.476549497677101	0.04540649931094
Snodgrassella alvi	0.000457344871421794	1	0.000461559882877598	2.14993764247463e-17	0.279138661963104	0.00492284197182935	1	0.00516746390612962
Anaerostipes caccae	0.00046746375834994	0.0485765113586932	0.000114361226487722	-0.599065432122147	-1.38858238083601	0.00492284197182935	0.455203236494551	0.00168274376117648
Hungatella hathewayi	0.00046838690605755	0.760660567529988	0.000677783969156215	0.0854464086075689	-1.13170778561613	0.00492284197182935	0.947862033918211	0.00684428910030295
Butyrivibrio proteoclasticus	0.000482311777999511	0.48645465139955	0.000243900723212251	-0.134904962440155	-0.865305717108674	0.00496781131339497	0.875958550597092	0.00330549664353446
Bacteroides cellulosilyticus	0.000623836795049071	0.59579343028056	0.000357249692054345	-0.112436214740457	-0.912934198531541	0.00629952842059356	0.885488168384982	0.00448740466848751
Bacteroides coprosuis	0.000694733336078279	0.588679025252114	0.000390584378732211	0.0818428229977272	0.645788681907004	0.00688053207846757	0.885488168384982	0.00469941574880099
Rhodomicrobium vannielii	0.000718702587107822	0.0351602012673899	0.0254696925243533	0.619380213147137	-0.662349920998022	0.00698361947850054	0.455203236494551	0.0971621603706809
Ralstonia mannitolilytica	0.000806213178476956	0.804770058841138	0.00103840308363487	-0.0256545608873997	0.399336821043287	0.00768888494288208	0.955202060737909	0.00938206294863087
Microbulbifer sp. YPW1	0.000852768582637164	0.78146183887826	0.00113510240432844	-0.0241231674077217	0.33107467420507	0.00798501491014799	0.947862033918211	0.0100789265211922
Escherichia coli	0.000872730717219716	0.372457588514194	0.00275080517378978	0.195656102832895	-0.741632882535151	0.00802600570300275	0.809603384689173	0.018162367493612
Butyrivibrio hungatei	0.000970312696068509	0.82346172671104	0.00119405157050378	0.0529630717151009	-0.898901293759846	0.00867777521503885	0.959463324109018	0.0104226535391431
Rickettsia endosymbiont of Bemisia tabaci	0.000977302839751948	0.303271491424348	0.00381443994208863	0.240730682943181	-0.754024398999846	0.00867777521503885	0.740212407978859	0.0232702789123389
Phocaeicola vulgatus	0.00109733054829597	0.725542300908689	0.00156987746628702	0.0624066964148233	-0.650899375862867	0.00957839376902416	0.929488271064614	0.0130401112119002
Filifactor alocis	0.00127171964480532	0.540820091641685	0.00255846103347572	0.0776635314339633	-0.435970830640627	0.0109155936179124	0.885488168384982	0.0177379247170322
Acidovorax sp. 16-35-5	0.00132796100993748	0.0118355555501391	0.134561285518549	0.261025535977146	-0.14606456856503	0.0112114741002919	0.322237821811252	0.282901524150024
Prevotella melaninogenica	0.00139055802169286	0.00491371858335018	0.000518244250976152	-0.7768416268251	-1.02230293792054	0.0115171639623042	0.276990051190228	0.00567863381388762
Bacteroides caccae	0.00140889578567993	0.40979944332847	0.000589873365546545	-0.212336511176236	-1.04639609261631	0.0115171639623042	0.841802165546123	0.00619968945421369
Dehalobacterium formicoaceticum	0.00145494128378887	0.202607895193093	0.0084494227972414	-0.0815284157317557	0.182271211417936	0.0117077306429886	0.645148683221277	0.0435716808963375
Enterococcus faecium	0.00148318234264178	0.511637287095909	0.000707934625018985	-0.0714775749678476	-0.435204985820355	0.0117513677917002	0.885488168384982	0.00691992939290192
Bacteroides xylanisolvens	0.0015789807587423	0.529093422367661	0.00319956430124234	-0.117286461253963	0.621130569666636	0.0123208347083679	0.885488168384982	0.0205971951892476
Ruthenibacterium lactatiformans	0.00166148965258128	0.654609823973855	0.00260257376624728	0.085207861162703	-0.654069244399668	0.0127711518071546	0.901286843280751	0.0177379247170322
Prevotella oris	0.00177553329491398	0.0365391168902038	0.057777931919473	0.51049720540802	-0.458015044958987	0.0134470536305985	0.455203236494551	0.175033146697227
Arcticibacterium luteifluviistationis	0.00199777454478456	0.741124141725777	0.00263907988004406	-0.028668712680269	0.297854248762235	0.0149109259502036	0.936571626629103	0.0177379247170322
Turneriella parva	0.0024212960612664	0.713753381642859	0.00329472827918129	0.0287493168328395	-0.261188282234987	0.0178138210221742	0.927851581181029	0.0209479637503502
Ruminococcus bicirculans	0.00255180473553596	0.000771657334852347	0.0142770424500669	-0.895658562538535	-0.601581202682932	0.018335501198462	0.0794807054897918	0.0617872005191972
Lacrimispora sphenoides	0.00257126838838584	0.950227768437707	0.00207845614771481	-0.0106483129451344	-0.60447576738383	0.018335501198462	0.998609860861827	0.0162182563041383
Neisseria subflava	0.00259901279123831	0.00688209786182091	0.00103121956455449	-0.300472425739527	-0.384897025695289	0.018335501198462	0.276990051190228	0.00938206294863087
Bacillus subtilis	0.00288344039204602	0.950890579063639	0.00265207806448831	-0.00656768072681703	0.366333973276555	0.0199691268749964	0.998609860861827	0.0177379247170322
Weissella cryptocerci	0.00290812527305773	0.714398623915787	0.00388591065332262	0.0395320279005362	-0.352064864340347	0.0199691268749964	0.927851581181029	0.0232702789123389
Lactobacillus delbrueckii	0.00298268846300898	0.2175088027988	0.000916515618236844	-0.0921581174001553	-0.285631320331859	0.0202116389269687	0.650800767201564	0.00858191897076317
Gardnerella vaginalis	0.00322379156083796	0.00342639647947393	0.0022230935261157	-0.822843502815925	-0.870489372925896	0.0214629398318689	0.220574273366134	0.0163556166564227
Thermobispora bispora	0.00325069768327335	0.0716883666244176	0.000837774220329535	-0.26354647496959	-0.550995608347567	0.0214629398318689	0.485783010678619	0.0079898837679576
Labilibaculum antarcticum	0.00330178634185829	0.705201939218744	0.00189002542319522	0.0232718529230828	0.220132920059838	0.0215243033678104	0.927851581181029	0.0150416828039607
Acinetobacter sp. WCHAc010034	0.00345336773110927	0.785897259190439	0.00218371880414483	0.0326553894235675	0.422921712919036	0.0222310547690159	0.947862033918211	0.0162987707845592
Amniculibacterium sp. G2-70	0.00382439657090217	0.00319410008022481	0.00319410008022481	-0.17671820382395	-0.17671820382395	0.0240735336304492	0.220574273366134	0.0205971951892476
Paraburkholderia sp. DHF22	0.00383306749067347	0.103372826255059	0.0412043670301703	0.207470423207153	-0.265888069888607	0.0240735336304492	0.541652121443642	0.135345783093139
Bacillus altitudinis	0.0038827564618773	0.962668685369919	0.0034147902045072	-0.00598448917628602	0.424866366103314	0.0240918021429736	1	0.0214465482356245
Sutterella faecalis	0.00393929526462644	0.520836733419336	0.00748301868452852	0.167025219832551	-0.768288923182081	0.0241516316819359	0.885488168384982	0.0405658381319178
Lactobacillus lindneri	0.00425678015945219	0.0140963138310409	0.00146373833604479	-0.171053625337871	-0.23602811466439	0.0257910797896221	0.345695315380289	0.0123577908698863
Bacteroides intestinalis	0.00435475915694794	0.174777676789655	0.00125108600881509	-0.344204822237103	-0.930963685684168	0.0260779182073045	0.630512105235713	0.0107384882423295
Phocaeicola dorei	0.00460873300844933	0.437784553746784	0.00183934055756709	-0.265854694039859	-1.22216365880078	0.027281580452315	0.85413674579099	0.0150358791610643
Clostridium sp. deep sea	0.00586707063321379	0.531445964517438	0.00258359762948586	-0.0483351350956688	-0.264764765662997	0.0343356974557398	0.885488168384982	0.0177379247170322
Neisseria sp. oral taxon 014	0.0062671096150706	0.00732772562659957	0.00358988994639105	-0.341682577930289	-0.37842347234018	0.036264735413049	0.276990051190228	0.0222746183420649
Clostridium sp. CT4	0.00650618894217625	0.068190934489884	0.100491701438972	-0.200008318282173	0.178482875908571	0.0372298589468974	0.485783010678619	0.244118991703164
Peptoclostridium acidaminophilum	0.00662818036969459	0.0229292166914237	0.00216652639130072	-0.253677408156037	-0.364639500700527	0.0375111306636562	0.387902569457617	0.0162987707845592
Clostridium argentinense	0.00675387547332051	0.158364065161763	0.00189846481991737	-0.152527791133513	-0.376613517172874	0.0378070203126094	0.601198857383607	0.0150416828039607
Paeniclostridium sordellii	0.00706652821016451	0.847020371070327	0.00453907700708564	-0.0342470389723387	-0.567022289040952	0.0391318497659648	0.961933047656752	0.026563916575558
Muribaculum sp. TLL-A4	0.00758526180430308	0.506332612471366	0.0139494966170987	-0.0756199463396507	0.303672931424997	0.0415575513746392	0.885488168384982	0.0608812776085241
Prevotella scopos	0.00770760237409607	0.202839833981572	0.00226782732433354	0.179864619862625	0.483666176298797	0.0417833181332576	0.645148683221277	0.0164497334088982
[Eubacterium] cellulosolvens	0.00791653682808291	0.0914093063480289	0.00214098728554804	-0.294926975437676	-0.592048211068122	0.0424689215256531	0.52306436410261	0.0162987707845592
Candidatus Saccharimonas aalborgensis	0.00839324459575796	0.0104818596368125	0.694034870861679	-0.394143120129672	0.0551579045125296	0.0441322179948754	0.322237821811252	0.806835120753419
Bacteroides sp. HF-162	0.0083979754631025	0.549747437418041	0.0138829340819685	0.0557150345595319	-0.249087316036608	0.0441322179948754	0.885488168384982	0.0608812776085241
Amedibacterium intestinale	0.00912976201229698	0.0551765236384143	0.00259073888237745	-0.319566835846355	-0.544564292337827	0.0474932064276055	0.458321123770699	0.0177379247170322
Prevotella jejuni	0.00927765526274837	0.00775091002390953	0.00657856068799911	-0.587677745289863	-0.602439504937665	0.0477799246031541	0.276990051190228	0.0368256386339081
Ligilactobacillus salivarius	0.00992719398705222	0.741982958572182	0.0112158208335524	-0.0598512350813472	0.505724764458733	0.0500524884013265	0.936571626629103	0.0534828493451803
Fuerstia marisgermanicae	0.00999531223050276	0.0058656153051233	0.01026117765668	-0.587283151229938	-0.538905342561979	0.0500524884013265	0.276990051190228	0.049853834841417
Duncaniella dubosii	0.0100104976802653	0.032211353448957	0.298760453833789	0.43499395214323	-0.200514552464508	0.0500524884013265	0.455203236494551	0.481369664763672
Butyrivibrio fibrisolvens	0.0103544682374384	0.0185752783487626	0.502897634874834	-0.412052754069136	0.108864658708756	0.0512031823029171	0.368130662609179	0.662384352840254
Lactobacillus acetotolerans	0.0105916534794419	0.00803972935971854	0.00803972935971856	-0.114237922600385	-0.114237922600385	0.0512031823029171	0.276990051190228	0.0423964364066675
Streptococcus iniae	0.0106322846547529	0.00806767139389013	0.00806767139389013	-0.104770096099758	-0.104770096099758	0.0512031823029171	0.276990051190228	0.0423964364066675
Oceanicoccus sagamiensis	0.0106383310804119	0.0197328680480914	0.487301547160239	0.263253755329307	-0.0729608196521912	0.0512031823029171	0.368130662609179	0.65184492672084
Verminephrobacter eiseniae	0.0107571528847996	0.470574483299138	0.00423512187184569	0.0708461232597942	0.314495539095523	0.0512956827377019	0.867397369822438	0.0250699742988567
Candidatus Cloacimonas acidaminovorans	0.010979442740677	0.842790143944061	0.00674770696410058	0.0246008900951716	0.374095650124334	0.0518753487288866	0.961933047656752	0.0373663342635677
Anaerolinea sp. rifampicinis	0.0112050301436006	0.999999999999999	0.00846052056239563	4.29987528494926e-17	0.156976969058307	0.0520235386431987	1	0.0435716808963375
Alistipes sp. dk3624	0.0112128403677574	0.00337910797969006	0.229247390314543	-0.648751737603994	-0.239293732524736	0.0520235386431987	0.220574273366134	0.392233907016578
Fusobacterium mortiferum	0.01138576001181	0.0130507697221411	0.725286219049149	0.607760555876445	-0.0787609072229427	0.0523541643400193	0.336057320345134	0.823940047730116
Rothia aeria	0.0121590575213285	0.0165120934850906	0.00570133732541178	-0.324205842563169	-0.384693279441829	0.0553030870688678	0.354322006034235	0.0326243191398563
Lactobacillus acidipiscis	0.0122418483997105	0.999999999999999	0.00916707143583061	1.50495634973224e-16	0.282695927361528	0.0553030870688678	1	0.04540649931094
Lactobacillus apis	0.0129979685998334	0.69669164989076	0.0154457780168598	-0.0452680414037656	0.305728742533826	0.0582082941644712	0.924732473437477	0.0657402948651469
Streptococcus sanguinis	0.013506497926963	0.156161238717512	0.00384130799964199	-0.11465824818371	-0.256911377407557	0.0599641933826375	0.601198857383607	0.0232702789123389
Anaerostipes hadrus	0.0138134684114066	0.987177823331208	0.010409728100054	-0.00192968902745758	0.338651453863218	0.0608028737767044	1	0.0501028969301665
Flavobacterium alkalisoli	0.013971177706477	0.146752377997849	0.0909630463617659	-0.128258130883044	0.151045404944876	0.0609759027019973	0.601198857383607	0.22963710233485
Akkermansia muciniphila	0.0150478834611149	0.936532207863621	0.0120756154133107	-0.0279808595186644	0.967007362848297	0.0651231931300349	0.996516708780506	0.0565358357986821
Prevotella dentalis	0.0153650377001843	0.0222818544609201	0.581799610861055	0.628853588199847	-0.141050912587758	0.0659416201299575	0.387902569457617	0.727249513576319
Aminipila sp. JN-18	0.0156861620424156	0.367076267765384	0.0383119731868671	-0.0805859452288586	0.194683155765986	0.0667634169573886	0.809603384689173	0.127834520698594
Chryseobacterium sp. POL2	0.0163056741917267	0.0118883856590559	0.0118883856590559	-0.121890923017229	-0.121890923017229	0.0687662277283038	0.322237821811252	0.0561698955450806
Geobacillus sp. 46C-IIa	0.0164237786613231	0.777152195531726	0.0166311666297247	0.0266660808568238	-0.245035737540603	0.0687662277283038	0.947862033918211	0.0696345594659206
Lacticaseibacillus paracasei	0.0174949613276356	0.102699179058537	0.00503727983837483	-0.12943611959155	-0.240389870718914	0.0721703579532876	0.541652121443642	0.0291483046827307
Oligella urethralis	0.0175336462476005	0.516714554113776	0.0287787853195709	-0.063113191398722	0.226765856151942	0.0721703579532876	0.885488168384982	0.104994194934694
Xylanimonas cellulosilytica	0.0177468469682145	0.594688467950449	0.0246885353038715	-0.0282829519516771	0.127981524937871	0.0721703579532876	0.885488168384982	0.0955984637706301
Myxococcus xanthus	0.0177973504078981	0.131368107893352	0.12540197907971	0.168225952843258	-0.171054522497998	0.0721703579532876	0.591181352763295	0.27634319674785
Heliorestis convoluta	0.0182541590022975	1	0.0131708867174674	2.14993764247463e-17	0.160188348097747	0.0734444678608065	1	0.0596319720434804
Muribaculum intestinale	0.0184867559309898	0.0405573732668786	0.397572454407029	0.388379733238699	-0.152514891884056	0.0738037155384477	0.455203236494551	0.570333743787243
Campylobacter canadensis	0.0186761363639336	0.634240379933393	0.00856541671307134	0.0306374805706301	0.186751100695753	0.0739862325186601	0.900380412797143	0.0436751446260568
Frankia casuarinae	0.0190007018829147	0.0338688195020263	0.00731402031809968	-0.449148526057404	-0.591196647876064	0.0746974157992448	0.455203236494551	0.0400714942959717
Desulfovibrio fairfieldensis	0.0203219332857841	0.226310085662452	0.00613222102870707	-0.360541380798171	-0.893150359348106	0.0792863306225669	0.652096792086437	0.0347043277998257
Prevotella denticola	0.0210908091261488	0.152121251727016	0.125202268633179	0.507792598006673	-0.546055377478085	0.0816674187967416	0.601198857383607	0.27634319674785
Streptococcus ferus	0.0213189058775329	0.0420664692120837	0.00777930633649762	-0.135728027498041	-0.185715776594338	0.0819346009472348	0.455203236494551	0.0417327371176695
Thermoanaerobacter wiegelii	0.0221475961946171	0.560268421056944	0.00925763578184213	-0.0281451965545603	-0.138209931319498	0.0839865918177033	0.885488168384982	0.04540649931094
Tenuifilum thalassicum	0.0221789834703061	0.396769147809888	0.0477280235932764	-0.0497777282951216	0.121827824871268	0.0839865918177033	0.84088934618145	0.149877635064252
Gudongella oleilytica	0.0243883066799337	0.450551796597921	0.0450452029145494	-0.069053100882461	0.19284455471781	0.0916786710961013	0.85938583425159	0.144088692552751
secondary endosymbiont of Heteropsylla cubana	0.0261802430289927	0.0867234276784759	0.260699970756519	0.243026674659892	-0.155761445414017	0.0977016315937046	0.519332154121105	0.433098338514863
Arachidicoccus sp. B3-10	0.0272936104018283	0.708680812775364	0.0132858914289128	0.0221451338750623	0.160193266688004	0.101123808323321	0.927851581181029	0.0596319720434804
Bifidobacterium animalis	0.0277236987093379	0.0191069979699508	0.0194110212184657	-0.408181049982847	-0.406986544068048	0.101587112629937	0.368130662609179	0.0793386978373797
Hungateiclostridium clariflavum	0.027813170642371	0.64508092963937	0.033453551082445	-0.059889388799879	0.29436987916378	0.101587112629937	0.900380412797143	0.116409316266616
Denitrobacterium detoxificans	0.0308497487573445	0.163508898452388	0.00925505007478703	-0.165242211070252	-0.331488913673095	0.111884652183327	0.60580635038115	0.04540649931094
Thermacetogenium phaeum	0.0312294151178479	0.545579184628708	0.0126386209262169	-0.0318623864957771	-0.143234967366649	0.112469571927914	0.885488168384982	0.058115087294658
Olsenella sp. oral taxon 807	0.0322936359639263	0.663277113793019	0.0147880949989123	-0.0578366382694582	-0.35219460346309	0.115494600843209	0.901286843280751	0.0634655743703318
Ruminococcus albus	0.0328224374916555	0.0161043803251832	0.726347148872763	-0.510779315300222	-0.0683824254110627	0.116576243504845	0.354322006034235	0.823940047730116
Spirosoma sp. I-24	0.0343423355292651	0.128038982170432	0.2244861167756	0.304060229373783	-0.23975226889829	0.121139060257339	0.591181352763295	0.392233907016578
Pajaroellobacter abortibovis	0.0347237526100339	0.179738465089363	0.162001217664889	0.0690267470480296	-0.0721119912532293	0.121651242137194	0.63400896932207	0.31722671900159
Taylorella equigenitalis	0.0356252727051327	0.400557821014164	0.0124762336774012	-0.21405368295256	-0.689991952126397	0.123966320561779	0.841802165546123	0.0578852283230774
Erysipelothrix rhusiopathiae	0.0365242333590943	0.817835775890586	0.0197625494091168	-0.0235826621695653	-0.25810870632604	0.12622523669806	0.959463324109018	0.0801394720133475
Petrimonas mucosa	0.0368345233446444	0.63749431529962	0.0162877631857111	0.0679469360287607	0.375673459697262	0.12622523669806	0.900380412797143	0.0687557216446001
Enterocloster bolteae	0.0370097295949652	0.898758321345556	0.0287691183125999	0.0230150216085071	-0.423901141072466	0.12622523669806	0.973491495080604	0.104994194934694
Blautia producta	0.0373562720881409	0.460955605151257	0.0138204779492156	0.13835610664532	0.500882756394745	0.126568948193372	0.867397369822438	0.0608812776085241
Pelolinea submarina	0.0401733164526721	0.810099711808093	0.0213989024197789	0.0232718529230827	0.240489367692669	0.135223908321086	0.955202060737909	0.0854297267146214
Bacillus amyloliquefaciens	0.0405900185818288	0.0636407792785325	0.494022278188726	-0.210214176491921	0.0742544601629418	0.135723384617185	0.485783010678619	0.657419827563808
Phocaeicola salanitronis	0.0410423559799703	0.592182298105431	0.017225012919872	-0.167565105052731	-0.806053248275397	0.135723384617185	0.885488168384982	0.0715393681752747
Leuconostoc pseudomesenteroides	0.0411123262141377	0.776799553693626	0.0379367331610151	-0.0348575803386769	0.27133827009047	0.135723384617185	0.947862033918211	0.127695539724985
Bacillus mycoides	0.0416557235376227	0.120261918529684	0.0133158772524277	-0.100890650008227	-0.169795160146237	0.136641386126597	0.573471185581362	0.0596319720434804
Pseudodesulfovibrio aespoeensis	0.0432120344600047	0.0547313643658761	0.592115735980146	0.10543980459836	-0.0279939394849554	0.140482139575589	0.458321123770699	0.73656909185936
Alistipes shahii	0.0433721557136285	0.0473225243102233	0.672534233354743	-0.49072701591443	0.099040458423414	0.140482139575589	0.455203236494551	0.798706404915541
Streptococcus salivarius	0.0464206224541031	0.422667429329357	0.0851121140561394	-0.0642501735040881	0.142675793202	0.149416378524144	0.85413674579099	0.221377468378342
Anaerolinea thermophila	0.0482322274097076	0.0784344107143902	0.469327306639519	-0.164510329489558	0.0651704979025859	0.153400023362633	0.498069264705062	0.6411235090699
Capnocytophaga sputigena	0.0485259177122213	0.0509522226620037	0.0223192723976827	-0.113378176676457	-0.13552331055152	0.153400023362633	0.455203236494551	0.0877437044641725
Chloroherpeton thalassium	0.0485518520545809	0.441165775495929	0.0844646430607892	0.0615561009152299	-0.142720246769673	0.153400023362633	0.85413674579099	0.220967717904398
Lawsonia intracellularis	0.0490695238796566	0.387518369929551	0.0981743400294289	0.133309727705877	-0.262560698198206	0.154090273158678	0.835029123488363	0.240760881500742
Christensenella sp. Marseille-P3954	0.0495950766877584	0.604461398462555	0.0604000329548592	0.0304604868610763	-0.115754567333021	0.154796754510276	0.888419422572106	0.180848935882282
Bosea sp. ANAM02	0.0539200254763839	0.239152524426594	0.176476834545884	0.101971994469548	-0.117843312171325	0.165036367672697	0.67388215231065	0.335371106240332
Wolbachia endosymbiont of Cruorifilaria tuberocauda	0.0542710338237906	0.077114619041123	0.0211178174137693	-0.0739102881789852	-0.0995859093540914	0.165036367672697	0.498069264705062	0.0849662185007123
Peptacetobacter hiranonis	0.0542733410200735	0.577457911477157	0.0689524854926598	0.0727259032677388	-0.24793311888815	0.165036367672697	0.885488168384982	0.196190773639336
Schaalia meyeri	0.0548496572765065	0.0380663113254867	0.0340093807264396	-0.221959310069066	-0.227508473894437	0.165036367672697	0.455203236494551	0.117549201839707
Labilithrix luteola	0.0551220965939252	0.141923610277091	0.301025904110902	0.111869899547896	-0.0775529300134711	0.165036367672697	0.601198857383607	0.481454473966195
Enterobacter cloacae complex sp. FDA-CDC-AR_0164	0.0552700322512896	0.233904903245955	0.184333973081375	0.158730036539749	-0.177904842368717	0.165036367672697	0.665530525810315	0.346467139185796
Hydrogenobacter thermophilus	0.0553969989960477	0.805832408521977	0.0474700411971191	0.0250150251691249	-0.213327925181451	0.165036367672697	0.955202060737909	0.149877635064252
Klebsiella aerogenes	0.0556137999351479	0.210975741674573	0.205596761665245	0.190810336923866	-0.193184335513409	0.165036367672697	0.650800767201564	0.371516955289829
Fusobacterium nucleatum	0.0557598601457268	0.311763430609158	0.0183961584796424	-0.181972693386695	-0.453244431221652	0.165036367672697	0.751001031114268	0.0757921729361266
Alistipes indistinctus	0.0575413061286727	0.052548565500539	0.762064697610944	-0.577743410642031	0.0855702094844111	0.168837202452974	0.458194535780011	0.851330410563202
Rothia dentocariosa	0.0576997041392688	0.0478745475881525	0.0305289866880846	-0.252579644263418	-0.279295540436632	0.168837202452974	0.455203236494551	0.10768786400249
Lancefieldella parvula	0.0581093450984799	0.0689816410970216	0.0244821816020469	-0.379761131902443	-0.482068954251562	0.169003014001332	0.485783010678619	0.0955176024625313
Enterobacter bugandensis	0.0584126922179362	0.0652538425806728	0.641322887195758	0.113679861281293	-0.0274357111115488	0.169003014001332	0.485783010678619	0.773492475189263
Limosilactobacillus fermentum	0.0587597448176118	0.0959217802892647	0.457580031016465	0.19163868208591	-0.082805488095061	0.169057366374693	0.531179751064208	0.63009014966171
Lactobacillus kunkeei	0.0631268737607874	0.57867749247347	0.0786564345114142	-0.0279939394849554	0.0922845471045104	0.179743163268485	0.885488168384982	0.210979498819679
Photorhabdus asymbiotica	0.0631718690322249	0.371136978004504	0.0217415877959702	0.103591698948586	0.283738416690432	0.179743163268485	0.809603384689173	0.0861301362686512
Chthonomonas calidirosea	0.0652462012222625	0.0751804663503141	0.0276398896189062	-0.0882254872189298	-0.111943830541342	0.184625239722336	0.498069264705062	0.103901774844793
Rothia mucilaginosa	0.0662499069849658	0.0339667544585219	0.0559877163679734	-0.409351950215357	-0.364376319357353	0.18644099506698	0.455203236494551	0.170613455204179
Methanobrevibacter smithii	0.0676013571151277	0.0240093058661506	0.121158592991342	-0.499239661433057	-0.329535267428102	0.189210320186363	0.387902569457617	0.273669628905882
Desulfosporosinus meridiei	0.0684592901394057	0.0241026839274636	0.126652506536616	-0.121244887057417	-0.0788500006228203	0.190575861739427	0.387902569457617	0.27634319674785
Veillonella atypica	0.0701347309110065	0.175734390007647	0.299103481018204	-0.474609828612872	0.360030397901561	0.194190249565421	0.630512105235713	0.481369664763672
Metabacillus sp. KUDC1714	0.0730757119432784	0.524063626672646	0.0283741110376472	-0.0828825940940998	-0.30403607221448	0.20079257151207	0.885488168384982	0.104994194934694
Spiroplasma sp. TIUS-1	0.073299035814115	0.518050476223953	0.0283155334181527	-0.0465357796504287	-0.168303207906894	0.20079257151207	0.885488168384982	0.104994194934694
Acidaminococcus intestini	0.0747583165432837	0.573847605175302	0.0303171181852027	-0.197052177890591	-0.808749182513896	0.202669210007722	0.885488168384982	0.107678040450892
Megamonas funiformis	0.0755392107092802	0.577825570198658	0.0924038130851458	0.246238124437213	-0.772113400259186	0.202669210007722	0.885488168384982	0.232136408482196
Faecalibaculum rodentium	0.0755583867001264	0.204192690029259	0.0250743842912403	-0.270178963040592	-0.50109722834164	0.202669210007722	0.645148683221277	0.0963679694775281
Helicobacter canadensis	0.075894751030403	0.107901683356073	0.50453162468003	0.158194714817133	-0.0636749914411086	0.202669210007722	0.541652121443642	0.662841292628101
Streptococcus acidominimus	0.0759517621970687	0.106611340566222	0.0291537279139052	-0.0969778205822723	-0.135320123585871	0.202669210007722	0.541652121443642	0.104994194934694
Anaerocolumna cellulosilytica	0.0768272197114426	0.105417167975302	0.0297371228179828	-0.0616768113940551	-0.0853951547164677	0.203948547172128	0.541652121443642	0.106351515633758
Asticcacaulis excentricus	0.0772259591552058	0.151021759469792	0.374564064378918	0.13634301040759	-0.0827802807229942	0.203955738281697	0.601198857383607	0.549574054573057
Streptococcus suis	0.0787012288903916	0.406839046598004	0.14063778733438	-0.0756619237678534	0.137302485635637	0.206791494278325	0.841802165546123	0.284033178341984
Rouxiella badensis	0.0800192439620903	0.0509600164418474	1	0.363145548121747	3.72380122987091e-17	0.208128831551312	0.455203236494551	1
Mannheimia granulomatis	0.0800971507830619	0.154295778029814	0.378219385920546	-0.0968036996161123	0.0588105923165842	0.208128831551312	0.601198857383607	0.551793155096547
Serratia rubidaea	0.0804867903528623	0.129210358111551	0.448399876276697	0.285723546689078	-0.139255119420603	0.208128831551312	0.591181352763295	0.623312862394519
Streptococcus pyogenes	0.080925574761974	0.299920757166671	0.0272286659919624	-0.123802123707607	-0.278786240686082	0.208128831551312	0.739039186319786	0.103108551366622
Cryptobacterium curtum	0.08141714946477	0.11191201123901	0.0314169255971662	-0.0559155463717364	-0.0780606802467987	0.208128831551312	0.554179671039327	0.110066099881228
Ruminococcus sp. JE7A12	0.0817336043603356	0.0900283562907208	0.0348183291938398	0.463838057224276	0.591011655630024	0.208128831551312	0.52306436410261	0.119542930232183
Streptococcus respiraculi	0.0820391316600318	0.0451332217028533	0.0611761274367471	-0.195922116555547	-0.181728378833367	0.208128831551312	0.455203236494551	0.180958462020618
Mucinivorans hirudinis	0.0827739235092142	0.176298530396005	0.342214185820591	-0.200958126907051	0.139281359363429	0.208963581408065	0.630512105235713	0.521421022773977
Flintibacter sp. KGMB00164	0.0858347033111861	0.215297816051759	0.0289621225807051	-0.276229813714751	-0.510451614174546	0.215633522952492	0.650800767201564	0.104994194934694
Dehalococcoides mccartyi	0.0868493373569477	0.502426453882015	0.122090563810085	-0.0562418495860272	0.13332364475691	0.217123343392369	0.885488168384982	0.274538336704704
Finegoldia magna	0.0873717483248726	0.638060489779231	0.0374829649172391	-0.0389175075505693	-0.182688577688766	0.217374156460432	0.900380412797143	0.126998203502488
Petrocella atlantisensis	0.0880971964415931	0.118696598248783	0.52148004516393	-0.276601588344105	0.11038337679366	0.218015493333296	0.571296711197412	0.674779455425688
Bacillus velezensis	0.0884761904983669	0.0793042324384759	0.747465642339565	-0.273597327999364	0.0480945817008577	0.218015493333296	0.498069264705062	0.842329990820298
Lautropia mirabilis	0.0916684343555154	0.0434522596199768	0.082493117752561	-0.315823728410174	-0.267369128988726	0.22480592234805	0.455203236494551	0.218989462075097
Basilea psittacipulmonis	0.0926804298156307	0.287513946466653	0.232332202242496	0.126943848732737	-0.143159813921132	0.226210527749051	0.725831776619247	0.396195642896972
Lactobacillus kefiranofaciens	0.0936297723256576	0.810530680664983	0.0475488134960535	-0.0686534992615729	-0.600074195378953	0.227449682772234	0.955202060737909	0.149877635064252
Desulfosporosinus acidiphilus	0.0941959448640518	0.534379357524173	0.12260935425647	-0.0422751370414475	0.108111155128174	0.227750758708858	0.885488168384982	0.274538336704704
Yersinia enterocolitica	0.097769617539381	0.21894503396418	0.318814949970429	0.119560122409733	-0.0962351586609512	0.233423837680956	0.650800767201564	0.500578351325521
Shigella boydii	0.0977936159565505	0.639515325932983	0.103798486667071	-0.0244026958961613	0.0877669861982887	0.233423837680956	0.900380412797143	0.247052083997317
Candidatus Carsonella ruddii	0.0979020367749254	0.536675540714381	0.0384744673947225	-0.155482250572869	-0.551222044456311	0.233423837680956	0.885488168384982	0.127834520698594
Stenotrophomonas maltophilia	0.0995328019319813	0.372574761497736	0.0351060725729113	-0.0552626222588302	-0.13771067829077	0.236218400898481	0.809603384689173	0.119732631622843
Fastidiosipila sanguinis	0.100091085743034	0.867310975692382	0.0538669350934955	0.0377796156395991	0.459828607463402	0.236453711732396	0.965768464241547	0.167117298633435
Tannerella forsythia	0.101862187563495	0.066947585910957	0.0609348078005574	-0.361339814902499	-0.370455829399353	0.239538934224657	0.485783010678619	0.180958462020618
Clostridium acetobutylicum	0.102711367805983	0.0668945155250576	0.0619086586901864	-0.270729619119837	-0.276354544140339	0.240018129068741	0.485783010678619	0.181153177417307
Aminobacterium colombiense	0.103162632875642	0.879700560516663	0.0753351728887559	0.00719993946732327	-0.0885218120357905	0.240018129068741	0.967154791117897	0.205376418050488
Enterococcus faecalis	0.103464125540311	0.771562449913688	0.0881153385731269	-0.0406225948662347	0.248530226332638	0.240018129068741	0.947862033918211	0.225513149212093
Yersinia pestis	0.104196235363143	0.560820691999423	0.127171529377166	0.0608304933718387	-0.164162686956206	0.240632561488873	0.885488168384982	0.27634319674785
Chryseolinea soli	0.106055707532756	0.677675701556095	0.104577387012456	-0.0282829519516771	0.11442883597348	0.242818318583236	0.916018336749053	0.247052083997317
Mahella australiensis	0.106085673167433	0.13345525201475	0.0420060621532417	-0.188184521712857	-0.262130629303361	0.242818318583236	0.591181352763295	0.136918493727338
Staphylococcus pseudintermedius	0.108226184123774	0.596629892096289	0.0447102566431576	0.0313604271654441	0.125588882654195	0.246621614264353	0.885488168384982	0.143911138570163
Romboutsia hominis	0.109376512849491	0.477238448829614	0.0412607532924714	-0.0591815899905272	-0.179213789517197	0.248144952059419	0.868472795573326	0.135345783093139
Prevotella fusca	0.111224315401378	0.0388274618822651	0.313859928425579	0.373667671360411	0.173729113660983	0.251230361542587	0.455203236494551	0.497347271197456
Peptoniphilus ivorii	0.112084706281381	0.865216240739636	0.059882567841179	0.018903963648056	0.220469932554295	0.251997603892069	0.965768464241547	0.18034808443396
Zobellella denitrificans	0.112841020606523	0.122748382232357	0.617555283528681	0.0874427846759799	-0.0274357111115488	0.251997603892069	0.578437504757676	0.757240407183978
Bacillus halotolerans	0.113031934949646	0.157043328576639	0.493735581821863	-0.137925389246128	0.0652500710074358	0.251997603892069	0.601198857383607	0.657419827563808
Serratia symbiotica	0.116098246670227	0.0911086419930316	0.820989762469919	0.213304789992261	-0.0274357111115489	0.25677196448989	0.52306436410261	0.878783878608153
Stenotrophomonas indicatrix	0.116368140995875	0.390099914632787	0.206732767532269	0.0963737244024109	-0.143333833242104	0.25677196448989	0.83583596303846	0.372263549926987
Raoultella ornithinolytica	0.116669203282785	0.100599172918885	0.0556849852149091	0.148577335070217	0.175611364850106	0.25677196448989	0.541652121443642	0.170613455204179
Bifidobacterium bifidum	0.117301936513621	0.0453916154249365	0.510107070947312	-0.426592446775861	-0.133334714963086	0.257065945976659	0.455203236494551	0.663396822065317
Bacteroides sp. PHL 2737	0.118028215185551	0.18945987499395	0.0433923494823822	0.24132387131461	0.384492208527714	0.257107344721897	0.645148683221277	0.140547547065577
Chryseobacterium sp. 6424	0.118319302328329	0.26269890910906	0.313218194377531	-0.0753444526493905	0.0676100787680449	0.257107344721897	0.688268409222248	0.497347271197456
Mycoplasma sp. (ex Biomphalaria glabrata)	0.118957546407867	0.844466729516485	0.0901659019013155	-0.017528850823635	0.157710523028965	0.257408136134671	0.961933047656752	0.228746007286589
Oscillibacter valericigenes	0.120591250537662	0.409944995307039	0.20251393307249	0.283888150047904	-0.445076491019993	0.259851439443079	0.841802165546123	0.369418851196055
Polynucleobacter necessarius	0.122864827500429	0.784772446011057	0.101121481506771	-0.0292691687890771	0.182436766770579	0.26364744234467	0.947862033918211	0.244495600826229
Roseburia intestinalis	0.126475045482942	0.0533818876636906	0.135248959182016	-0.360766507036758	-0.272903919056326	0.270047681564453	0.458194535780011	0.282901524150024
Orrella dioscoreae	0.1274185197349	0.0461071525126435	0.22814321447126	-0.0772134394066704	-0.0449719854184997	0.270047681564453	0.455203236494551	0.392233907016578
Prevotella enoeca	0.128112530854574	0.0457393917298827	0.33804924557666	0.407163880804233	0.186721973683918	0.270047681564453	0.455203236494551	0.518140956761845
Yersinia entomophaga	0.128423622164601	0.22813094772485	0.385440176870803	0.0727090113281807	-0.0518384070077101	0.270047681564453	0.652707989323876	0.558676560992571
Alistipes finegoldii	0.128469285404449	0.12986702337591	0.0556807487504239	-0.363829279557553	-0.468921525663304	0.270047681564453	0.591181352763295	0.170613455204179
Rickettsia raoultii	0.132657349242345	0.211848322423605	0.425360714195634	0.128688083406705	-0.0810842114839039	0.277717621381333	0.650800767201564	0.605140242571137
Clostridium tetani	0.134120755362079	0.15993056982826	0.558929583670059	0.0696227085900822	-0.0282829519516772	0.279644489924983	0.601198857383607	0.710737618740939
Roseburia hominis	0.135291977782123	0.366823201687984	0.0489928039966798	0.306468800694352	0.698945143977307	0.280143039029782	0.809603384689173	0.152916933686607
Bifidobacterium longum	0.135447799453234	0.0494360069175185	0.389211006591368	-0.636372504301021	-0.26653576711323	0.280143039029782	0.455203236494551	0.561466858248052
Baekduia soli	0.138626116143568	0.884186925095759	0.074978965604591	0.0102802792870306	0.13150569730573	0.283945282813156	0.968843120051735	0.205376418050488
Oxalobacter formigenes	0.138927020998803	0.899751443274318	0.0763956624341662	0.0221451338750625	0.325851657440517	0.283945282813156	0.973491495080604	0.207072453439977
Longibaculum sp. KGMB06250	0.138940216056146	0.0501459067514218	0.278560687462602	-0.584018687685602	-0.310807681582122	0.283945282813156	0.455203236494551	0.456875012876561
Alkaliphilus metalliredigens	0.141245615353383	0.290652230065289	0.329707103053958	-0.0813732239506257	0.0748803824520498	0.287515778288506	0.729106389671073	0.511147007660904
Alistipes onderdonkii	0.142183477709412	0.0704144590006177	0.113459200249047	-0.466941242871489	-0.403957341209106	0.288285397717903	0.485783010678619	0.264395873883525
Desulfallas gibsoniae	0.142850682520991	0.756267358246541	0.121156446324855	-0.0493641267732335	0.254812973863917	0.288502358816903	0.947862033918211	0.273669628905882
Schaalia odontolytica	0.144072955530489	0.0811277469642576	0.0972108094516497	-0.328218300546397	-0.310775874905595	0.289834266008602	0.503383008272201	0.240690225324998
Kushneria sp. YCWA18	0.145600447633451	0.440371798436217	0.221773851649063	0.0507284750841121	-0.0813732239506258	0.291767433973648	0.85413674579099	0.392233907016578
Dialister pneumosintes	0.150754113028855	0.0670934389543715	0.681511265473524	0.607369383003662	0.130013053604895	0.300923907790155	0.485783010678619	0.79999984575643
Calditerrivibrio nitroreducens	0.152315048234166	0.226149567053048	0.449027324171586	0.0498193887692576	-0.0307647194810149	0.301164400715034	0.652096792086437	0.623312862394519
Olsenella sp. GAM18	0.152579230545596	0.581057817278539	0.172187369337309	-0.0578908788980056	0.146459310997142	0.301164400715034	0.885488168384982	0.329652398545406
Bacteroides uniformis	0.152628948711891	0.123549758297756	0.784619359295533	-0.411659649088087	0.0706826446125187	0.301164400715034	0.578437504757676	0.863416602643589
Bacteroides heparinolyticus	0.154496485591512	0.485548948648219	0.21096848242131	-0.126409368137681	0.230270457920268	0.303127598402312	0.875958550597092	0.378567137445905
Bacteroides sp. CBA7301	0.154801084232637	0.71503898756412	0.13891655708279	-0.07737841397559	0.323040163673049	0.303127598402312	0.927851581181029	0.282901524150024
Enterobacter sp. JUb54	0.156806501884901	0.370378806928688	0.282967148521872	0.123802992032909	-0.149139881971525	0.304745476962983	0.809603384689173	0.462628830123061
secondary endosymbiont of Ctenarytaina eucalypti	0.156810779408137	0.114058375407811	0.860711601950475	0.123870705003585	-0.0132755069904204	0.304745476962983	0.559429174619263	0.904625459192847
Flammeovirga pectinis	0.159377087052666	0.558313210829487	0.186968802442808	-0.0664715228765678	0.152890221595291	0.307246528475458	0.885488168384982	0.349046919382535
Acetoanaerobium sticklandii	0.159540311222868	0.371103119121237	0.286712191705059	0.0441661681920509	-0.052861221650588	0.307246528475458	0.809603384689173	0.465794254662792
Vibrio sp. THAF191c	0.159887513847423	0.391138771052949	0.272258177878067	0.0585547315669029	-0.0754711388155583	0.307246528475458	0.83583596303846	0.449400517971809
Capnocytophaga gingivalis	0.160785608948353	0.141970548003827	0.0742498645435334	-0.155995901501807	-0.192491696754997	0.307710364093129	0.601198857383607	0.205376418050488
Streptomyces sp. SAT1	0.161479753303361	0.975196230156098	0.0959561100769004	0.002313200277053	0.128897258111458	0.307710364093129	1	0.239890275192251
Bifidobacterium actinocoloniiforme	0.162023145833608	0.223295446276538	0.0626776536957697	-0.15986714141495	-0.251506769222082	0.307710364093129	0.652096792086437	0.182367184482042
Porphyromonas gingivalis	0.162518871909381	0.471594686505403	0.227573739153702	0.214186813276113	-0.363868458616176	0.307710364093129	0.867397369822438	0.392233907016578
Desulfotomaculum reducens	0.16512034960184	0.775748565713768	0.134617392484562	-0.0523795890436521	0.283762911352285	0.310377379928945	0.947862033918211	0.282901524150024
Laceyella sacchari	0.165132819612681	0.291942287135177	0.0614907395215694	-0.0626120476257134	-0.115011977533333	0.310377379928945	0.729106389671073	0.180958462020618
Photobacterium damselae	0.165902223610642	0.155047618208597	0.685808669336646	0.104118542329251	-0.0288427678839173	0.310387467500054	0.601198857383607	0.800887675075675
Pelobacter acetylenicus	0.166343574815563	0.822667925545006	0.0841822299173789	-0.040411903392416	-0.324834730439174	0.310387467500054	0.959463324109018	0.220967717904398
Leptotrichia wadei	0.167704261316315	0.251420924905369	0.0638969845656234	-0.176441821669367	-0.2939581617403	0.311641662475445	0.677915059299816	0.184870489052225
Jonquetella anthropi	0.168642067716035	0.0878503309500311	0.852261659745495	0.389125467365625	0.0407325684247256	0.311641662475445	0.520033568267425	0.901262330121006
Ligilactobacillus ruminis	0.16883111423427	0.218119533912069	0.066556069664323	0.190507521759801	0.291534998543681	0.311641662475445	0.650800767201564	0.191240234401247
Haemophilus parahaemolyticus	0.170523910533413	0.0667723882950396	0.226470790477604	-0.106024919810849	-0.0680499403059652	0.312631447560987	0.485783010678619	0.392233907016578
Lachnoclostridium sp. YL32	0.170581430610946	0.104046086357007	1	0.422116232918435	2.48253415324727e-17	0.312631447560987	0.541652121443642	1
Bacteroides sp. A1C1	0.172612575961055	0.243682182496994	0.465018235448929	0.0816150435052754	-0.0505451711892112	0.313549468548845	0.67388215231065	0.63692657248989
Neisseria meningitidis	0.172759286973107	0.84350940585158	0.127810640924357	-0.016329624640245	0.130161233225308	0.313549468548845	0.961933047656752	0.276565042336318
Duganella sp. AF9R3	0.172908833141499	0.614835019961393	0.0732636882738994	-0.0304418052590039	-0.113088118639881	0.313549468548845	0.893733516099764	0.203950267357071
Scytonema sp. HK-05	0.174492096573452	0.0674081751256057	0.462170280831898	0.116069701680955	0.0448072869638572	0.314005123761984	0.485783010678619	0.634713852342474
Klebsiella sp. LTGPAF-6F	0.175138564719231	0.215373909783666	0.529528747363723	0.112450310519261	-0.0561410091130225	0.314005123761984	0.650800767201564	0.682815510492471
Veillonella parvula	0.175742702925075	0.066859056078207	0.273722686166581	-0.462288314848877	-0.267578289476052	0.314005123761984	0.485783010678619	0.450374387782074
Enterobacter roggenkampii	0.176380865851613	0.98130214001185	0.109788135251057	-0.00225756202109887	0.159810129759766	0.314005123761984	1	0.258177578330111
Leptotrichia sp. oral taxon 212	0.17718055300533	0.50078560156041	0.0698798428420311	-0.0616184990605919	-0.172839106967123	0.314005123761984	0.885488168384982	0.197560695023105
Desulfotomaculum nigrificans	0.177401513715903	0.305972303490669	0.0668412469751932	-0.10700158830709	-0.198093246366703	0.314005123761984	0.743281774989126	0.191240234401247
Spirosoma sp. KUDC1026	0.177600873493259	0.504505529436782	0.0702011790082103	0.0722049007404823	0.204071079192507	0.314005123761984	0.885488168384982	0.197560695023105
Alienimonas californiensis	0.17803785657961	0.157382058718204	0.717732870827686	-0.117231183681775	0.0291786083646237	0.314005123761984	0.601198857383607	0.820613728631154
Pasteurella skyensis	0.178948009395619	0.137891489306611	0.811927361486621	-0.0876508308348941	0.0136302816514643	0.314398241127327	0.596757285654662	0.877510051860962
Prevotella intermedia	0.180392561007193	0.850823400885035	0.131836088266426	0.0441735668035302	-0.365491600644361	0.314398241127327	0.963019893309435	0.281724420984271
Caldilinea aerophila	0.180654232191772	0.0716496113433773	0.507992186756263	-0.234103417390986	-0.0826094633164641	0.314398241127327	0.485783010678619	0.663396822065317
Pseudobutyrivibrio xylanivorans	0.180702678395512	0.19760718685805	0.0753711514787229	-0.445444744783057	-0.6283509082386	0.314398241127327	0.645148683221277	0.205376418050488
Candidatus Hepatoplasma crinochetorum	0.182562222256869	0.476018321692472	0.0713113543279759	-0.0482850657888101	-0.127128481425017	0.315866076338045	0.868472795573326	0.199594279776672
Arcobacter pacificus	0.18306882763566	0.659882693655336	0.0804310808676387	-0.0234735548224061	-0.0971796472411157	0.315866076338045	0.901286843280751	0.214621796097585
Shewanella bicestrii	0.183386323932185	0.407687386016708	0.29454190901702	0.0828794331199597	-0.10554845705726	0.315866076338045	0.841802165546123	0.477009695420645
Aggregatibacter actinomycetemcomitans	0.184444576280989	0.530490193552496	0.225241023832169	-0.0524711764670874	0.103023827300347	0.316629855949032	0.885488168384982	0.392233907016578
Heliobacterium modesticaldum	0.18700544833425	0.847596729305917	0.0968720784533361	0.0267158961732143	0.240001538319085	0.319959488013751	0.961933047656752	0.240690225324998
Streptococcus thermophilus	0.188215015334843	0.0783807206393832	0.583522382969511	-0.488824138847255	-0.146230157213925	0.320221769629926	0.498069264705062	0.727636869804596
Plautia stali symbiont	0.188402322714306	0.367806806058115	0.334821410465336	0.0716008121170875	-0.0768088152555602	0.320221769629926	0.809603384689173	0.516266546076791
Candidatus Solibacter usitatus	0.18984210867744	0.245465702592451	0.501077688052336	-0.15147846558505	0.0866285587687471	0.321607519634479	0.67388215231065	0.661679511146034
Caldanaerobacter subterraneus	0.196278280967012	0.151036853372729	0.0980242858355199	0.0410119158449442	0.047722633557627	0.331420703927905	0.601198857383607	0.240760881500742
Eubacterium sp. NSJ-61	0.199559244824108	0.196310529882614	0.0870612953046418	-0.29568085344144	-0.398772145426846	0.335859513347764	0.645148683221277	0.225220463092428
Bacillus anthracis	0.201139244001336	0.293058296430897	0.0784618968586882	-0.0943103232178376	-0.162457073791725	0.33741599563742	0.729106389671073	0.210979498819679
Desulfovibrio desulfuricans	0.203290051669948	0.0783838531720094	0.386191952841466	-0.0854903843792364	-0.0406830974153793	0.3399168071754	0.498069264705062	0.558676560992571
Anoxybacter fermentans	0.205404793331421	0.982371893291586	0.127046713175437	-0.00114893884321998	0.0820410214614705	0.342341322219035	1	0.27634319674785
Enterobacter hormaechei	0.207214643690793	0.247308207352841	0.0845255153925563	0.18894792879256	0.288496926543094	0.344243682260511	0.67388215231065	0.220967717904398
Cloacibacillus porcorum	0.208703641217719	0.946513993999374	0.134486980418221	-0.0171733347621887	0.395628503827287	0.344731977723483	0.998609860861827	0.282901524150024
Aminipila butyrica	0.208847334077139	0.875633052092511	0.146734909389123	-0.0162690445998287	0.155423463524832	0.344731977723483	0.967154791117897	0.292901078819373
Luteitalea pratensis	0.209960115797481	0.22665111802616	0.088453701244355	0.134292985380473	0.193222661589553	0.345461532382437	0.652096792086437	0.225513149212093
Ethanoligenens harbinense	0.212114721544595	0.245162507903641	0.0874642575116227	-0.171318316122603	-0.257712481816504	0.347895164316771	0.67388215231065	0.225220463092428
Fusobacterium sp. NSJ-57	0.215375966980553	0.083890793479672	0.371266329431106	0.162780193380069	0.0815763204050764	0.352122612682491	0.50827951343566	0.546901194253082
Gemella morbillorum	0.218741782336966	0.822150191786159	0.164405102720455	-0.0271440495990315	0.172498810786708	0.355909352070903	0.959463324109018	0.31912980458846
Lysobacter soli	0.21907430020675	0.254467730920252	0.548119098601238	0.126053157166912	-0.0655469899645303	0.355909352070903	0.682556674082968	0.702192377561287
Prevotella ruminicola	0.221724549321754	0.108172310376871	0.176295662870282	0.272570138821896	0.226948286040788	0.357943701859793	0.541652121443642	0.335371106240332
Enterobacter cloacae complex sp.	0.221876299050116	0.893931817273383	0.120231309820379	-0.0202798151726617	-0.244618180531641	0.357943701859793	0.973308426840998	0.273669628905882
Cupriavidus malaysiensis	0.22299052090614	0.578088313189209	0.24456409589423	0.0654396256308291	-0.138978722420677	0.357943701859793	0.885488168384982	0.411602971848132
Oscillibacter sp. PEA192	0.223895587493263	0.566039960924786	0.250978286832717	0.0281567171824815	-0.0571257198355945	0.357943701859793	0.885488168384982	0.421022207553255
Succinivibrio dextrinosolvens	0.224099950895367	0.20310190414883	0.101751684409258	-0.123257797930451	-0.160924286382613	0.357943701859793	0.645148683221277	0.244869707807326
Desulfovibrio piger	0.225504034711693	0.0944258110382257	0.569130203428654	-0.547940096849574	-0.179989635028858	0.357943701859793	0.528579268311807	0.718387389131756
Actinomyces pacaensis	0.225654788194902	0.134392227107212	0.138796216880182	-0.127272785849489	-0.125760870996418	0.357943701859793	0.591181352763295	0.282901524150024
Terasakiella sp. SH-1	0.225886802144529	0.66059661862562	0.100330743130598	0.0190716352013207	0.073998624291646	0.357943701859793	0.901286843280751	0.244118991703164
Sulfurivermis fontis	0.228701212470242	0.780793707593861	0.111708852434358	-0.0204225336235478	-0.120917757910958	0.361291792706058	0.947862033918211	0.261500268198612
Alistipes megaguti	0.232189156805865	0.108330424288728	0.199690377719405	-0.313232729650017	-0.246802626259236	0.365094171634989	0.541652121443642	0.368182349431923
Syntrophobotulus glycolicus	0.23300947713725	0.371536810069572	0.400265382188225	-0.101174973408129	0.0951124303128371	0.365094171634989	0.809603384689173	0.572601866185933
Bacillus megaterium	0.23323491741342	0.149019833094588	0.95122257992354	-0.106485805589097	0.00438148103207411	0.365094171634989	0.601198857383607	0.964329977678392
Methylomusa anaerophila	0.241243110899627	0.189718671722401	0.118505717874049	-0.208662230599273	-0.250980980839131	0.376485460949418	0.645148683221277	0.271886679970341
Phascolarctobacterium faecium	0.242246547097707	0.143744378038348	0.149282580613984	-0.59024850518966	-0.581719114672573	0.376909280227551	0.601198857383607	0.295694342370007
Thermomicrobium roseum	0.244554212855573	0.273300372457564	0.102980098769701	0.105527979586151	0.160421629369251	0.379353673556084	0.7059931277222	0.246673259843702
Gordonibacter pamelaeae	0.248739543275155	0.891932819780858	0.13464789142332	0.0146587607733939	0.166644398297611	0.384687281641756	0.973189411413436	0.282901524150024
Clostridium baratii	0.252630037722083	0.686749922973909	0.115174653089638	-0.0417466699580849	-0.168614345754812	0.389534339601415	0.916259612257936	0.267184442978213
Lactococcus lactis	0.256085019777706	0.257397045095302	0.622112199105242	-0.17171236883382	0.0736203566624381	0.393682940852295	0.686472304982134	0.75843694812734
Candidatus Desulfovibrio trichonymphae	0.257684728047836	0.446461628507775	0.364561114604737	-0.072176139875951	0.0862573959462936	0.394345414513737	0.854749957923807	0.541063325710201
Arsenophonus nasoniae	0.258047387749766	0.410276395246751	0.104477776461167	0.0838305329099301	0.170026201933617	0.394345414513737	0.841802165546123	0.247052083997317
Turicibacter sp. H121	0.259271681013295	0.178749677915733	0.139528130357488	-0.254794524340455	-0.281509514235964	0.395044129354577	0.63400896932207	0.282901524150024
Paraglaciecola psychrophila	0.261614452759822	0.739628734070488	0.124319132978353	0.0379141799258204	0.181097901756333	0.397437885461087	0.936571626629103	0.27634319674785
Desulfocapsa sulfexigens	0.26363665331742	0.875089055846887	0.183906779224531	0.0161113315692298	-0.139632840833726	0.399331989583739	0.967154791117897	0.346467139185796
Alkalilimnicola ehrlichii	0.270446009565212	0.869577329478997	0.14362494104123	-0.00587507387383295	-0.053937512839077	0.40739356937432	0.965768464241547	0.288932986860287
Klebsiella variicola	0.271425486780775	0.284139364861232	0.596317214664108	0.131235142936863	-0.0641036066002074	0.40739356937432	0.720846171938595	0.740008109763893
Bifidobacterium angulatum	0.271593764006197	0.133719164435201	0.781784543436293	-0.101564553538299	-0.0181839181744116	0.40739356937432	0.591181352763295	0.863416602643589
Aeromonas veronii	0.272295896410925	0.214038671380615	0.782173095809557	0.145623219459873	-0.031730179071771	0.40739356937432	0.650800767201564	0.863416602643589
Streptococcus parauberis	0.273564880370947	0.997176961100357	0.164832093243748	-0.000141510559019503	-0.0571122027647906	0.40739356937432	1	0.31912980458846
Haemophilus parainfluenzae	0.273705194181582	0.186238439042973	0.148878211642151	-0.222620477064935	-0.244306908547866	0.40739356937432	0.645148683221277	0.295694342370007
Conexibacter woesei	0.278351194656674	0.681789916705004	0.252879498020973	0.0501286828764856	-0.142085821752382	0.408781796988527	0.916259612257936	0.422834225587016
Limnobacter sp. SAORIC-580	0.278594272644122	0.798045582065266	0.139189878483906	-0.0153300135864404	-0.0913388050422005	0.408781796988527	0.955202060737909	0.282901524150024
Paenibacillus barcinonensis	0.279266928637429	0.548978606075734	0.118785442705489	-0.0467265312807369	-0.125310623057704	0.408781796988527	0.885488168384982	0.271886679970341
Chryseobacterium taklimakanense	0.279482504714167	0.400411939033607	0.437959401313757	-0.07951874341088	0.073238570189089	0.408781796988527	0.841802165546123	0.61794271692215
Gemella sanguinis	0.280570774382045	0.489771281406011	0.358890535004244	-0.105892540734146	0.141401935394521	0.408781796988527	0.878857874299984	0.534186778980305
Odoribacter splanchnicus	0.280590653062063	0.116626902639071	0.477288129542775	-0.329188245420968	-0.144950454274159	0.408781796988527	0.566630706218126	0.645062980894834
Vagococcus teuberi	0.280755427246802	0.28026003583879	0.62294918263663	-0.160765350101675	0.0722457362276828	0.408781796988527	0.714524348796916	0.75843694812734
Vibrio cholerae	0.28098787598823	0.443847152831842	0.116172702934058	0.108735616419513	0.22923127982335	0.408781796988527	0.854749957923807	0.268291219780449
Coraliomargarita akajimensis	0.284781979390438	0.213299173150672	0.144760017972865	-0.328029546406013	-0.387591044778802	0.413134420805847	0.650800767201564	0.290083304498153
Pelobacter sp. SFB93	0.289217263718074	0.161741929595763	0.92261720870231	0.169098955826614	0.0114156468764654	0.418390142738226	0.603602128563899	0.944627957220059
Syntrophothermus lipocalidus	0.290789574442533	0.870129257103063	0.203718356776077	0.0107452423704792	-0.0854574918173074	0.419486360890489	0.965768464241547	0.369418851196055
Acutalibacter muris	0.292064471555963	0.357915511868149	0.50942746424048	-0.270559522992643	0.193021261871301	0.420148611316539	0.809603384689173	0.663396822065317
Bacteroides fragilis	0.29844117826525	0.479175012520623	0.125640561301509	0.159190716372092	0.353811277601736	0.428125924252378	0.868926519183523	0.27634319674785
Mycoplasma capricolum	0.301916743098735	0.4997925218088	0.376430730078204	0.0340786614797176	-0.0448766539639343	0.431908674155135	0.885488168384982	0.550743823836009
Leptotrichia trevisanii	0.307495501528533	0.407359976363047	0.130105881893341	-0.116523627759841	-0.217857882024358	0.438670867831563	0.841802165546123	0.280353678556781
Flavobacterium arcticum	0.309399246077031	0.429225501075392	0.130851970870033	0.0670167507301543	0.131169496963182	0.440167435717324	0.85413674579099	0.280786520825278
Cupriavidus pinatubonensis	0.310806059111964	0.808135211084618	0.235204448796891	0.0148517859090675	-0.0740174964047046	0.440950745021107	0.955202060737909	0.399769937724088
Butyricimonas faecalis	0.313958178648406	0.203562779440464	0.936224858323211	-0.429198310900593	0.0263945431133974	0.444199071439365	0.645148683221277	0.950997637152769
Azoarcus sp. DN11	0.31560289959977	0.578753069974016	0.337921558321955	-0.0274943113648787	0.0478704089124011	0.4453027213531	0.885488168384982	0.518140956761845
Candidatus Erwinia haradaeae	0.316857223242498	0.258593450808804	0.75175195969358	0.135330004838972	-0.0372612045156984	0.445851010846684	0.686472304982134	0.845310609699113
Thiomicrorhabdus indica	0.318873735630647	0.542992317740033	0.138334943544961	-0.0341417520878637	-0.0853951547164677	0.4474658688005	0.885488168384982	0.282901524150024
Blautia sp. SC05B48	0.321012317264711	0.426409409521825	0.137161658567202	-0.150277675889189	-0.287306830312136	0.44892111215259	0.85413674579099	0.282901524150024
Bifidobacterium dentium	0.322066077903772	0.197293573022759	0.98914147935754	0.295814819004834	-0.00304909949242552	0.44892111215259	0.645148683221277	0.992997781421312
endosymbiont TC1 of Trimyema compressum	0.322525847565938	0.499154150852889	0.138591236566681	0.0486741495591841	0.109368008966324	0.44892111215259	0.885488168384982	0.282901524150024
Erysipelothrix larvae	0.325396444797539	0.439186621817831	0.139431975348777	0.163691093015377	0.319955205250882	0.451695873506018	0.85413674579099	0.282901524150024
Clostridium sp. SY8519	0.333499891518245	0.251244846104758	0.811025376881334	-0.155388386966117	0.0318048990782258	0.46170011863413	0.677915059299816	0.877510051860962
Sodalis endosymbiont of Henestaris halophilus	0.338879019542807	0.801855856394708	0.172124347873767	0.0360573825077866	0.201323667459799	0.466537699896762	0.955202060737909	0.329652398545406
Campylobacter hominis	0.339136329845594	0.972672213625799	0.200176811341628	0.00249659899382044	0.0955793225326059	0.466537699896762	1	0.368182349431923
Staphylococcus lugdunensis	0.339711917400555	0.636537739697388	0.155041074803674	0.0359396020228948	0.110976579628329	0.466537699896762	0.900380412797143	0.304756311159894
Paludibacter propionicigenes	0.34271834860739	0.153645838379601	0.355338078527907	-0.190054486366864	-0.121043089698304	0.468801356082818	0.601198857383607	0.531375047438815
Citrobacter freundii	0.343180798530529	0.586832316097561	0.153361544796074	-0.0375493806727052	-0.1011551329594	0.468801356082818	0.885488168384982	0.302609944712559
Streptococcus troglodytae	0.344525682546299	0.970277961638659	0.203013230184406	0.00380162875983594	0.132933033358727	0.469393456379217	1	0.369418851196055
Fimbriimonas ginsengisoli	0.349507294239492	0.616068734398866	0.349610585145988	0.0433190733647765	-0.0815284157317558	0.474101005218129	0.893733516099764	0.526997981078786
Leuconostoc gelidum	0.349822100937648	0.158600833433926	0.612827125960146	0.158991871134083	0.0556683100163055	0.474101005218129	0.601198857383607	0.753236204939082
Clostridium butyricum	0.351916906707939	0.935901332087653	0.228701255376709	-0.0179627321315075	0.274461280382159	0.475688207229891	0.996516708780506	0.392233907016578
Lactiplantibacillus plantarum	0.352967605308346	0.158769851694646	0.368764334931805	-0.315689773883578	-0.197958488768971	0.475859467889524	0.601198857383607	0.545728828993907
Staphylococcus condimenti	0.354214355543251	0.722670669305976	0.300604498020437	-0.0440907077971023	0.1303521013944	0.476293454581656	0.929488271064614	0.481454473966195
Clostridioides difficile	0.355814488022669	0.959307481114893	0.225546229712169	0.00904342104751412	-0.219357184646097	0.476879302686917	1	0.392233907016578
Gordonibacter urolithinfaciens	0.357024563881853	0.167537108986656	0.674635507064583	-0.0750864604796315	-0.0222790282066563	0.476879302686917	0.616297222343769	0.798706404915541
Dickeya solani	0.357427982208058	0.834157712723457	0.187062038348698	0.018456969666931	0.119165714566487	0.476879302686917	0.961054188037093	0.349046919382535
Ralstonia solanacearum	0.360594035753907	0.618435108870637	0.164768158936735	0.122125871005605	0.348957173040183	0.479860280137628	0.894646295135894	0.31912980458846
Brevibacillus brevis	0.363811339622079	0.241997294641813	0.915646989857368	0.103976078026923	-0.00923171487707064	0.482893917281883	0.67388215231065	0.943116399553089
Candidatus Pantoea carbekii	0.367132267328734	0.696368713966876	0.323563552817401	0.0379192327772057	-0.0970581051770158	0.486049145692282	0.924732473437477	0.504955241518064
Acidaminococcus fermentans	0.371523949745084	0.880768149581153	0.202685147341127	0.0339080889179255	0.294664073369424	0.490422148653459	0.967154791117897	0.369418851196055
Anaerotignum propionicum	0.372339922569908	0.470703035879707	0.165630308136832	-0.129456632972272	-0.253874880766877	0.490422148653459	0.867397369822438	0.319474189851942
Pantoea stewartii	0.375198270534409	0.278940840666528	0.821876793464308	-0.0610005655573387	0.0124824527002558	0.492233153779479	0.714524348796916	0.878783878608153
Buchnera aphidicola	0.375626464922981	0.17388284942096	0.630982419584988	0.154815765097512	0.0534314356261715	0.492233153779479	0.630512105235713	0.764602226085339
Klebsiella quasipneumoniae	0.380029112779167	0.203306252289572	0.854634615847221	0.141628717901762	0.0199382760830354	0.496738561119977	0.645148683221277	0.901919727789588
Escherichia albertii	0.381829795104276	0.30326589245861	0.191971819591154	0.160903016518765	0.205829465447891	0.497828720199246	0.740212407978859	0.35691511584637
Clostridium kluyveri	0.385111267484586	0.201041039383464	0.286572182551312	-0.0585314417100265	-0.048435121596918	0.500839148370106	0.645148683221277	0.465794254662792
Porphyromonas cangingivalis	0.390975202225147	0.635336562429616	0.182720193153616	-0.0381358314203418	-0.109558710372093	0.50718445628703	0.900380412797143	0.34595918924306
Streptococcus ratti	0.396517700056607	0.747050491594	0.19727313958185	0.024838854467383	0.10153879779312	0.51308194856571	0.940662599439878	0.365452039153427
Alistipes communis	0.399176745781354	0.185989462382512	0.397401597604945	-0.360561091031761	-0.227317083118472	0.515228130519793	0.645148683221277	0.570333743787243
Libanicoccus massiliensis	0.404862652605736	0.198343960027254	0.716156261260757	-0.114281571986268	-0.0316074806625952	0.521260665229885	0.645148683221277	0.820613728631154
Murdochiella vaginalis	0.406398427359394	0.213629567178578	0.822473455318698	0.0599111768685022	0.0105794089150752	0.521933142369297	0.650800767201564	0.878783878608153
Paenalcaligenes hominis	0.411920158141397	0.189179495578758	0.48063633587787	-0.0944046878902959	-0.0498239179506409	0.527708660305522	0.645148683221277	0.645062980894834
Aeromonas schubertii	0.422912204391666	0.542282157571882	0.479854463768647	0.0628116923030137	-0.0729608196521912	0.54044611727471	0.885488168384982	0.645062980894834
Megasphaera stantonii	0.424047361776723	0.312066447880492	0.832939522020894	0.254124503335536	-0.0522904260404376	0.54055542404706	0.751001031114268	0.888123920995363
Clostridium perfringens	0.428313050083449	0.914228028759476	0.243585655320801	-0.0167134394946114	-0.184467739638974	0.544644989612287	0.982938277267496	0.411300368820369
Shigella flexneri	0.431576058157685	0.767242222570047	0.220316795737297	0.05154341458743	0.217811298982826	0.547442536825635	0.947862033918211	0.39125224070589
Lachnoclostridium phytofermentans	0.436021569236625	0.363725082065559	0.218856764484864	0.166045388420947	0.227008642805531	0.551722624464034	0.809603384689173	0.390004268891713
Streptococcus mutans	0.437697553544493	0.601677207180019	0.447498248915743	-0.0457134810108238	0.066811239723359	0.552485882537779	0.888419422572106	0.623312862394519
Clostridium septicum	0.444626757420671	0.860998782130145	0.24335737832515	-0.0208983358712801	-0.141911709210182	0.559860097974684	0.965768464241547	0.411300368820369
Vibrio sp. THAF191d	0.447538710453229	0.224159944639982	0.380265603900638	0.0729511265212207	0.0521254669507098	0.562152282642471	0.652096792086437	0.553211259911945
Paraprevotella xylaniphila	0.450192248303423	0.649261382180259	0.218196849119616	-0.0729919757962736	-0.201367262450202	0.564109508214751	0.900380412797143	0.390004268891713
Prevotella sp. oral taxon 299	0.45267178402647	0.497336805622123	0.560369016785921	0.212571666023615	-0.182064538957604	0.565839730033088	0.885488168384982	0.710812915381156
Alistipes dispar	0.46019355429378	0.219882200957422	0.574736337056912	-0.179843105884895	-0.0808590646443861	0.573849105233163	0.650800767201564	0.721924911181243
Brevundimonas sp. Bb-A	0.4615543022382	0.453244155049531	0.627063981241231	-0.172271472930281	0.111079449791944	0.574155714136891	0.86133114335981	0.761646109290646
Peptoniphilus harei	0.464373664364347	0.445585566100168	0.226235738969802	-0.0677496368432114	-0.10884879545152	0.576270932885877	0.854749957923807	0.392233907016578
[Clostridium] innocuum	0.465563039848372	0.658727503973343	0.228345044740434	0.103019558292145	0.286080202621083	0.576358090196903	0.901286843280751	0.392233907016578
Christensenella minuta	0.470364808079062	0.365524436438371	0.792916618799096	-0.24077545179858	0.0691099110557384	0.580906177843446	0.809603384689173	0.866989508877993
Stackebrandtia nassauensis	0.483813174268193	0.96437484674385	0.311372499000764	-0.00225756202109887	0.0519219627168704	0.596085609445262	1	0.496460795620414
Parabacteroides distasonis	0.487991982786633	0.395741757374899	0.254004735589107	-0.250403999239318	-0.339141260186755	0.599799215119608	0.84088934618145	0.423341225981844
Hungateiclostridium thermocellum	0.491327394933675	0.240198990371102	0.518221861238504	-0.124400418090521	-0.0674959444006508	0.60246097235915	0.67388215231065	0.672252540397556
Mageeibacillus indolicus	0.494681773528312	0.97494430942134	0.315906030378275	-0.00159542924254986	0.0516810457392812	0.605133285907555	1	0.499054005045435
Dysosmobacter welbionis	0.49605551044108	0.321185643312636	0.961035097009855	0.106522023142234	-0.0051729246841395	0.605375800656768	0.765789844009295	0.972191833564363
Candidatus Sodalis pierantonius	0.506352581797762	0.965969324745735	0.327080478573801	-0.00618441030822837	0.144015864736688	0.616481275711223	1	0.508901650953195
Achromobacter xylosoxidans	0.516553673216173	0.718390641680282	0.445586111212083	0.0373212208026543	-0.0794552884984663	0.627417787043229	0.927929520951337	0.623312862394519
Barnesiella viscericola	0.51779376319795	0.435880998156403	0.736480427040367	-0.227995428826116	0.0977788469813279	0.62744420716928	0.85413674579099	0.831770657731993
Coprothermobacter proteolyticus	0.519590219161344	0.268577007707509	0.717332693472994	0.100778730689336	0.0324660474957304	0.62814310532416	0.698571509946297	0.820613728631154
Staphylococcus aureus	0.521446147210279	0.925455944697688	0.351913659703486	0.014464534881074	-0.145683284420777	0.628910458579142	0.990872789021433	0.528383483228266
Burkholderia mallei	0.525841716358777	0.554353987850192	0.263602836588331	-0.0579464586595061	-0.110984768655552	0.632730102627968	0.885488168384982	0.436512735829551
Syntrophomonas wolfei	0.528981705238323	0.991704395298365	0.330508647672002	-0.00108887133145727	-0.103295933948298	0.634090397025061	1	0.511147007660904
Thalassolituus oleivorans	0.529434700428691	0.420262231932436	0.78336749340727	0.0842015424019927	-0.028488901126186	0.634090397025061	0.85413674579099	0.863416602643589
Pigmentiphaga aceris	0.533762032744687	0.358959885934978	0.317540183555112	0.0689715597079543	0.0753199468771957	0.637789899915346	0.809603384689173	0.500101512326858
Candidatus Hamiltonella defensa	0.547862867513566	0.438118553740451	0.780330122110551	0.0714766040722531	-0.0255177756593893	0.653123557336775	0.85413674579099	0.863416602643589
Pectinatus frisingensis	0.551737717117202	0.9968912666769	0.348669773444995	-0.000598220885851504	-0.145706755274145	0.655247872339805	1	0.526997981078786
Leuconostoc lactis	0.552189469117428	0.298093307482695	0.445439988405994	-0.0833411758337161	-0.0606790227449213	0.655247872339805	0.738067564199942	0.623312862394519
Chloroflexus aggregans	0.561147988285257	0.319355535453764	0.857103273166323	0.0760925283912485	0.0135722836087221	0.664318906243557	0.764967910505527	0.902675226340811
Faecalitalea cylindroides	0.562413675965419	0.862863866981784	0.321466368180225	-0.0266513771981911	-0.155072063724249	0.664318906243557	0.965768464241547	0.503207232865702
Escherichia marmotae	0.585902181086236	0.331247230322518	0.44597372347023	0.114909334848278	0.0896697020178672	0.688653539378771	0.78253359456925	0.623312862394519
Bacteroides sp. HF-5141	0.586653279869114	0.7405178788698	0.497963612726172	-0.0761267898306502	0.156562934422356	0.688653539378771	0.936571626629103	0.65939841785414
Abiotrophia defectiva	0.587026997645205	0.380994294712028	0.371680423278794	-0.116495946300345	-0.118843654884013	0.688653539378771	0.82442042763317	0.546901194253082
Desulfovibrio sp. 86	0.589824197602583	0.865886115251735	0.341766547915585	0.020236751367511	0.115347154211863	0.690362413103024	0.965768464241547	0.521421022773977
Adlercreutzia equolifaciens	0.591549858832139	0.825397042660172	0.452745085934102	-0.0338582009078335	0.116086177754115	0.690812193420752	0.959547352076723	0.625958352364307
Pasteurella multocida	0.610792202891585	0.329385292480598	0.678371884282965	0.0212938193904233	0.00895314578329027	0.711669648165535	0.781720855426305	0.799454280104639
Turicibacter sanguinis	0.615019110379041	0.463308304786526	0.355969691973575	0.0621741451818725	0.078604991862018	0.714977069628005	0.867397369822438	0.531375047438815
Vibrio furnissii	0.62071605779032	0.35420913419298	0.814465640368039	0.121010224400034	0.0303022039109336	0.719974706671204	0.809603384689173	0.877510051860962
Tannerella sp. oral taxon HOT-286	0.624109594646163	0.773807090415243	0.34996759131834	-0.0414489624172431	-0.136327259323259	0.722284137624211	0.947862033918211	0.526997981078786
Streptococcus dysgalactiae	0.629853805052886	0.789007243129415	0.508723228196876	-0.0243052608860312	0.0603338040061738	0.726798692313685	0.949389556569273	0.663396822065317
Bacteroides thetaiotaomicron	0.630833039736344	0.551650440992858	0.349096246535341	0.131238249806732	0.207974764974701	0.726798692313685	0.885488168384982	0.526997981078786
Dickeya dadantii	0.633610636524328	0.72425557874469	0.556522675907023	0.0201561880100842	-0.0337027171682969	0.727409556611333	0.929488271064614	0.709428658643854
Hathewaya histolytica	0.634188137705803	0.348001559512555	0.681941616091403	0.126770048480433	0.0547976670078841	0.727409556611333	0.809603384689173	0.79999984575643
Collinsella aerofaciens	0.636915512802493	0.351366196053562	0.579487112524663	-0.316872917800137	-0.186907387495063	0.727424323346206	0.809603384689173	0.726121321046719
Streptomyces peucetius	0.638396325674502	0.475196392932759	0.862950453879699	-0.197379600901844	0.0473907224658052	0.727424323346206	0.868472795573326	0.905131331462414
Bacteroides caecimuris	0.639213339316886	0.66794424258701	0.608993548119626	-0.0331257300523926	0.0395432342895587	0.727424323346206	0.90524022350608	0.752114334008651
Actinomyces sp. oral taxon 414	0.639850909661809	0.860206617472071	0.477915486774397	0.0115266845853204	-0.046761844198076	0.727424323346206	0.965768464241547	0.645062980894834
Burkholderia pseudomallei	0.657426816751602	0.917951410670405	0.406690427630087	-0.0135224899022565	-0.109974792175076	0.745759494773293	0.984885367698455	0.58018163498475
Candidatus Koribacter versatilis	0.661119898181845	0.530454726847971	0.80298771755968	-0.0325601356730535	0.012888231093938	0.748300544095935	0.885488168384982	0.874288952522696
Clostridium thermarum	0.665373606766855	0.589346962974364	0.725573163649589	-0.0479147820308552	0.0310844318205149	0.751463612905549	0.885488168384982	0.823940047730116
Clostridium intestinale	0.691216200042673	0.952072702297392	0.480978999346828	0.0117041773598028	-0.138200239907392	0.778941669632334	0.998609860861827	0.645062980894834
Clostridium isatidis	0.694665123109754	0.438720396363152	0.498069872903418	0.283655740865386	0.247689413043038	0.781119079479308	0.85413674579099	0.65939841785414
Clostridium cellulovorans	0.704599414263026	0.53173406012444	0.434692555152304	-0.063749410853854	-0.079883917371374	0.790563612953069	0.885488168384982	0.61575979183191
Bacteroides sp. HF-5287	0.709787901888045	0.438973915023793	0.537432799689394	-0.128826639029897	-0.1023348911184	0.794653846679007	0.85413674579099	0.69021918164598
Anaerobutyricum hallii	0.712147607752376	0.428915594725004	0.81443996801676	-0.161009758607795	-0.0473840845828695	0.795566199549834	0.85413674579099	0.877510051860962
Bacteroides zoogleoformans	0.714350563686863	0.537247448888962	0.881077558993847	0.0952729795812395	-0.0229839124108393	0.796281785115146	0.885488168384982	0.917468121948435
Geosporobacter ferrireducens	0.717424803831696	0.899770779919161	0.530342144071822	-0.0116525102458738	0.0583656652985293	0.796281785115146	0.973491495080604	0.682815510492471
Lachnospira eligens	0.717426695715393	0.703374240285891	0.66860508932017	-0.0753330775711617	0.0847359804183425	0.796281785115146	0.927851581181029	0.798706404915541
Streptococcus pneumoniae	0.722391192756426	0.427154508587191	0.660244525739005	-0.091873023066568	-0.0505420733313062	0.798970666057265	0.85413674579099	0.790757978501366
Neisseria gonorrhoeae	0.722952097830458	0.959420409336524	0.475803872829383	-0.00366854478570166	-0.0517844556417601	0.798970666057265	1	0.645062980894834
Parvimonas micra	0.731201620590251	0.685995962422364	0.435216629566632	-0.0381843646540069	-0.0741661717489101	0.805122870580367	0.916259612257936	0.61575979183191
Candidatus Sulcia muelleri	0.731645637731285	0.68153956263519	0.708359621975993	-0.0428950438814536	0.0390844570940604	0.805122870580367	0.916259612257936	0.818262835408384
Paenibacillus polymyxa	0.741221839194163	0.800892987946408	0.453364010547352	0.0246021597868768	0.0736691063382545	0.813723987489038	0.955202060737909	0.625958352364307
Bifidobacterium adolescentis	0.74262189149485	0.546748958256822	0.480494158538504	-0.161492859410169	-0.189422702919665	0.813723987489038	0.885488168384982	0.645062980894834
Eggerthella sp. HF-1101	0.747408479491061	0.766710604533001	0.649311417626581	-0.0356947126187429	0.0548014736408521	0.817230078424409	0.947862033918211	0.779476410437504
Cardinium endosymbiont of Sogatella furcifera	0.758609342565077	0.465227306817048	0.671907645665002	-0.0446930710528156	-0.0257900821223307	0.827719939451303	0.867397369822438	0.798706404915541
Candidatus Nanosynbacter lyticus	0.762721470310876	0.468126545160592	0.730400377547382	-0.114147444099583	-0.0539005524114737	0.830447266828967	0.867397369822438	0.826716910850334
Salmonella enterica	0.767890205961336	0.509058026069191	0.930369035900619	0.208350213537528	0.0274040388362396	0.83431108875546	0.885488168384982	0.948167328691412
Streptococcus sobrinus	0.796942135913449	0.579970247917679	0.550642641428879	0.0486215525052125	0.0524690661431252	0.86405305262195	0.885488168384982	0.703674839543108
Paraoceanicella profunda	0.799467134066594	0.605420173770966	0.920549739194415	-0.0617302459255964	0.0118744126893369	0.864969693370369	0.888419422572106	0.944388676663593
Helicobacter pylori	0.80532088737527	0.518867929501165	0.699539623238176	0.0693870898300821	0.0413548018901087	0.869476429765753	0.885488168384982	0.811402941368605
Porphyromonas asaccharolytica	0.810513696049119	0.779420629813978	0.71863454682068	-0.0496238501504983	0.0638822365371074	0.873252203902293	0.947862033918211	0.820613728631154
Neisseria flavescens	0.817369671009858	0.557485909674031	0.918339555716461	-0.0538988941151857	-0.00937610526102237	0.878800376973021	0.885488168384982	0.944001738910134
Inhella inkyongensis	0.834150705015344	0.559431317476465	0.843802474544896	-0.0422436422252604	-0.0141988159167333	0.891949446112562	0.885488168384982	0.895996442042518
Phoenicibacter congonensis	0.834590029507183	0.878840266309266	0.566922997779796	-0.0194263148336505	-0.0732856643342891	0.891949446112562	0.967154791117897	0.717359567215221
Streptococcus agalactiae	0.834795403934476	0.553445677490409	0.772291822237451	-0.0634772135411372	-0.0308791103593369	0.891949446112562	0.885488168384982	0.860888070243046
Brochothrix thermosphacta	0.841355228502681	0.572935834272371	0.688939545904	0.0397754718690265	0.0281803861867267	0.89582402514961	0.885488168384982	0.802723679051041
Faecalibacterium prausnitzii	0.841900637227983	0.610981622264785	0.621046232612069	0.09656344583019	0.0938287558246457	0.89582402514961	0.891375454578936	0.75843694812734
Hyphobacterium sp. CCMP332	0.845768324983039	0.82273399567037	0.570958942144794	-0.0139980413504954	-0.0355421031970645	0.898083891476836	0.959463324109018	0.718933631307015
Monoglobus pectinilyticus	0.857402732925764	0.584358874459626	0.779485497349379	-0.0854002064586135	-0.0435737580393828	0.908036705421872	0.885488168384982	0.863416602643589
Proteiniphilum saccharofermentans	0.858667719496022	0.610293643720137	0.673135822111932	-0.0820024903695661	-0.0677956218918863	0.908036705421872	0.891375454578936	0.798706404915541
Aggregatibacter segnis	0.861648096815098	0.647315218539938	0.634669124687363	-0.0480122112321893	-0.0498783341965268	0.909321249712655	0.900380412797143	0.767264317403737
Halobacteroides halobius	0.866455202208621	0.718920153125405	0.60659882691123	0.0931948824884855	0.133597391110882	0.91252439496409	0.927929520951337	0.750957682354046
Clostridium beijerinckii	0.871329815838581	0.731926076112632	0.611724013241708	-0.0491625859756292	-0.0729950762398018	0.915785418687488	0.935339774684877	0.753236204939082
Limosilactobacillus reuteri	0.87828273440633	0.636067574571667	0.928274321148938	0.0729027202275997	0.0138255532264408	0.921213051363055	0.900380412797143	0.948167328691412
Listeria monocytogenes	0.882772176720697	0.641850241075079	0.708631504062407	0.0487752868170971	0.0391456732414589	0.92393632006121	0.900380412797143	0.818262835408384
Bacillus cereus	0.88446719570908	0.633131450843591	0.882330871833024	-0.0566335803341711	-0.0175103252785168	0.92393632006121	0.900380412797143	0.917468121948435
Desulfovibrio vulgaris	0.888793029177783	0.643244500705298	0.8995675027963	-0.137443226413347	-0.037346021265139	0.9265757287987	0.900380412797143	0.928411350581352
Parabacteroides sp. CT06	0.89562704265344	0.650371870991334	0.88503366491169	0.0881670728991289	0.0280526860795312	0.931370146114935	0.900380412797143	0.917468121948435
Hydrogenophaga pseudoflava	0.897305940744955	0.646151192444989	0.818910869724569	-0.0117494344240611	-0.00584587294302601	0.931370146114935	0.900380412797143	0.878783878608153
Staphylococcus sp. SDB 2975	0.898817403143928	0.830614552028065	0.648933444743733	0.0290456525903329	0.0619563095260571	0.931370146114935	0.960040844642833	0.779476410437504
Halocella sp. SP3-1	0.903059095189751	0.941832914316544	0.676643002753737	0.00902455296736751	0.0517048423880205	0.933886413700244	0.998609860861827	0.799245748665538
Alkalitalea saponilacus	0.906880701543368	0.663218402685371	0.812139671807099	0.0338654384115096	0.0184476003324654	0.935959040671011	0.901286843280751	0.877510051860962
Megasphaera elsdenii	0.912769807240319	0.714572830776524	0.715438458985326	0.162310707750365	0.161794074911811	0.940152901457528	0.927851581181029	0.820613728631154
Thermoclostridium stercorarium	0.915703186742515	0.781099246714876	0.685674349965468	0.0211793691149616	0.0308850209389119	0.940753921758537	0.947862033918211	0.800887675075675
Aggregatibacter aphrophilus	0.91700673538405	0.683941090912042	0.802597827431218	-0.0199580091775231	-0.0122378257051966	0.940753921758537	0.916259612257936	0.874288952522696
Pseudoclostridium thermosuccinogenes	0.920188048085764	0.831414013030493	0.849441826151398	-0.054639891505071	0.048715466885318	0.942140844461568	0.960040844642833	0.900128684090474
Anaerocolumna sp. CTTW	0.92220586769668	0.705027447946066	0.931597414209426	-0.0296466635439373	-0.00670944861842354	0.94233337671387	0.927851581181029	0.948167328691412
Candidatus Izimaplasma sp. HR1	0.925542597597682	0.90844265573587	0.791887674193597	-0.0137968705786817	0.0316805745006907	0.943870173787735	0.97876143871124	0.866989508877993
Eggerthella lenta	0.929507244295617	0.734988860386496	0.753869564379154	0.0735289223313147	0.0680922493775499	0.946039981842377	0.936571626629103	0.845844936068114
Erysipelatoclostridium ramosum	0.941118486395212	0.983940408805492	0.758694521102092	0.0065938483153297	0.100765151508675	0.955968482235767	1	0.849407996451255
Synechococcus sp. PCC 7336	0.960998150977648	0.846509187571035	0.787262899669315	-0.016074643181941	-0.0224213102220355	0.974240251483246	0.961933047656752	0.864478450596369
Ruminococcus champanellensis	0.968191248410787	0.84799534686634	0.964640829031824	0.0584106022703087	-0.013502419692146	0.979454861061702	0.961933047656752	0.972191833564363
Deinococcus ficus	0.969945590565957	0.828586299848405	0.837490150216375	0.0273900447279302	0.0259448427804755	0.979454861061702	0.960040844642833	0.891131048267424
Novibacillus thermophilus	0.982461100629367	0.857683930666812	0.89584571547455	-0.00941958057098642	-0.00687509162719733	0.990151598481652	0.965768464241547	0.926426794115247
Hungateiclostridium saccincola	0.988487913905948	0.971428179658894	0.885401274967713	-0.00544856379452764	-0.0219307170500012	0.992917140230589	1	0.917468121948435
Mycobacterium tuberculosis	0.989061151336489	0.935501545985817	0.883930879915735	-0.00719511408187368	-0.0129826350937497	0.992917140230589	0.996516708780506	0.917468121948435
Enterocloster clostridioformis	0.993399475943313	0.94628682355194	0.963760169876352	-0.0131773420361285	0.00888666563298579	0.99533215974865	0.998609860861827	0.972191833564363
Flavonifractor plautii	0.998107834855986	0.951620962481605	0.974565392571088	0.0134774230488816	0.00708215500740981	0.998107834855986	0.998609860861827	0.980275736668184
