Actinobacteria	Alphaproteobacteria	Anaerolineae	Bacilli	Bacteroidia	Campylobacteria	Clostridia	Coriobacteriia	Deltaproteobacteria	Erysipelotrichia	Euglenida	Fusobacteriia	Gammaproteobacteria	Lentisphaeria	Melainabacteria	Methanobacteria	Mollicutes	Negativicutes	Oxyphotobacteria	Saccharimonadia	Synergistia	Verrucomicrobiae	others	BioProject	sample_title	env_material	time	ID	prepost
SRR11856064	2.40109748656516	0.995854553078979	0	3.64433771768062	2.74281159168252	0	4.47514685859019	2.187151682611	1.1998009471029	2.53069912303004	0	3.09507581974221	4.02843349422461	0	0	2.48466168186033	0	1.9012449256619	1.39351678662581	0	0	3.71202166409032	0.995854553078979	PRJNA635168	1-Pre-SG	fecal	Pre	1	0
SRR11856046	1.56935371927464	0	0.447919513440098	3.3261445450571	2.34300862677516	0	4.49199889269124	1.69664178984858	0	2.29210245997036	0	3.21217019795742	3.61668131000725	0	0.569066006822105	1.99328339900194	0	2.3672280715579	0	0	0	4.12407442134646	1.00106570148358	PRJNA635168	1-Post-SG	fecal	Post	1	1
SRR11856063	1.42031391961876	0	0	2.08829260338882	4.16451771228359	0	4.44775009952112	0.959181856816515	1.92976643125978	3.05631423693726	0	0	1.91929939527871	0.480831021811282	0	2.091867437549	2.16085028645761	2.48554150727798	0	0	0	3.92405430852379	0.907952587505508	PRJNA635168	2-Pre-SG	fecal	Pre	2	0
SRR11856044	2.31793999121435	0	0	2.87068603212651	3.43782023469013	0	4.64764934937852	1.29828729018202	1.53185761687649	1.96059448609267	0	0.958511155968525	1.67679558499912	0	0	2.57181272070103	0	2.22225430611126	0	0	0	3.622182949225	1.58825134749941	PRJNA635168	2-Post-SG	fecal	Post	2	1
SRR11856062	1.51898745216454	0	0	2.95529637106995	2.97109739246846	0	4.63186455353615	2.55505509871884	1.28119941609846	3.82039535353454	0	0	2.94580644692067	0	0	1.78457015631569	0	2.23983938050501	0	0	0	2.42430199596849	0	PRJNA635168	3-Pre-SG	fecal	Pre	3	0
SRR11856043	1.19919840083939	0	0	2.88489658550238	3.12588950143889	0.394796628144691	4.350468192698	1.52638260923443	1.02664800146639	2.07216043808898	0	1.29058286079047	2.48084167063476	0	0	0	0	3.29654030508966	0	0	0	4.41640590913617	0.736070597034859	PRJNA635168	3-Post-SG	fecal	Post	3	1
SRR11856061	2.6856651862629	0.740483516672759	0	3.04820071403108	2.29157127323785	0	4.67811144608492	1.56834540666045	1.0001329080477	3.517854742281	0	1.1264304245487	1.34990411824289	0	0	0	0	1.71300487774358	0.94829939811287	1.37120925243103	0	2.22706876017752	0	PRJNA635168	4-Pre-SG	fecal	Pre	4	0
SRR11856042	2.55935474386682	0	0	2.93101930871725	2.55004075867609	0	4.60986102202584	0.939135673680734	1.52476834837017	2.23537800857248	0	1.91485440452159	1.29674079703529	0	0	0	0	4.01614687144554	0	0.787333844741484	0	1.95781660658692	0	PRJNA635168	4-Post-SG	fecal	Post	4	1
SRR11856060	1.27941453892063	0	0	2.89841062872574	4.00802075919543	0	3.98904290334724	0.680839852729206	0.825643449095981	1.62120051182602	0	0.934050369878896	4.03859563648743	0	0	0	0	3.88565081859256	0	0	0	4.13500724426535	1.23378663375764	PRJNA635168	5-Pre-SG	fecal	Pre	5	0
SRR11856041	1.43657060068418	0	0	3.04727133363296	2.2662006722479	0	3.62395908923295	0.488316766565127	0.576470549182295	1.85529864292995	0	1.08222821314314	4.20227516928255	0	0	0	0	1.59220922848943	0	0	0	4.49809551143488	0.859439966986165	PRJNA635168	5-Post-SG	fecal	Post	5	1
SRR11856059	2.23490190996521	0	0	2.52137288264783	3.25829240112366	0	4.57869394148738	0.91103822319004	0.988387300914934	2.39304955415348	0.620841827568464	0.760812364651795	1.24743574489908	0	0	0	0	4.09749080095126	0	0	0	1.70105070114521	0.866497898101689	PRJNA635168	6-Pre-SG	fecal	Pre	6	0
SRR11856040	0	0	0	3.24944551718686	4.46099752032273	0	4.05092234230254	1.45375268597546	0	2.7562299126425	0	1.00615811277292	2.85930745462808	0	0	0	0	3.97546594920458	2.40549377627505	0	0	2.04929473638758	1.00615811277292	PRJNA635168	6-Post-SG	fecal	Post	6	1
SRR11856058	3.94237955125204	0	0	1.75687436011104	3.73431251349435	0	4.52092838461207	0	2.42498714406225	2.54696265035293	0	0	3.29555652075197	0	0	0	0	2.95681082093782	1.21989970882088	0	0	3.32558127322121	1.50764101947133	PRJNA635168	7-Pre-SG	fecal	Pre	7	0
SRR11856039	3.03221449659435	0	0	3.06526138303304	4.22226957096003	0	3.93806437522343	1.21700915439169	1.8857097570977	2.4369298516298	0	0	2.56392526651243	0	0	0	0	3.02210896829012	0	0	0	4.37459278815646	1.21700915439169	PRJNA635168	7-Post-SG	fecal	Post	7	1
SRR11856057	3.45088836607837	0	0	3.25895550508283	3.86935297738119	0	4.54638004775202	1.45018010282158	1.9682342406832	3.41455967129619	0	0	1.60043641570737	0	0	2.30197098328115	0	3.44305134095767	0	0	0	2.07498914336855	0.873618385086727	PRJNA635168	8-Pre-SG	fecal	Pre	8	0
SRR11856038	1.32878983321004	0	0	2.28690419979494	4.5752220031041	0	3.94759186278533	0	1.41056718058607	2.78070318485841	0	1.56037721719709	3.6906584036023	0	0	0.733792458813741	0	2.86691238453067	0	0	0	1.9595915754306	0.442004099021548	PRJNA635168	8-Post-SG	fecal	Post	8	1
SRR11856055	1.31111841951125	0	0	2.96633091716596	2.56330469643325	0	4.70612411520303	1.58259747276523	0.840461195155247	2.68819788329943	0	0	1.13665221013451	0	0	0	0	2.46189499761086	1.67723052884591	0	0	1.7613040181706	0.54895035385946	PRJNA635168	9-Pre-SG	fecal	Pre	9	0
SRR11856037	1.07096344566026	0.862456780105969	0	2.8380985261924	4.22610370700219	0	4.1839204812375	0.446513054261819	2.59877275257362	2.49868655057796	0	2.04000312384052	4.13239154611724	0	0	0	0	3.55509393608143	1.45992890004241	0	0	3.35586357649512	0	PRJNA635168	9-Post-SG	fecal	Post	9	1
SRR11856054	2.35392735533434	0	0	2.88628427991286	2.33697090756526	0	4.38731619217482	1.52021354521687	1.03686707874284	2.84459926737792	0	0.984537329319574	1.29083989690358	0	0	0	0	2.21187505684939	1.56627996626586	0	0	4.42335267529784	0	PRJNA635168	10-Pre-SG	fecal	Pre	10	0
SRR11856036	2.64212284900567	0	0	2.34587970963305	3.67864918601111	0	3.93262305812484	1.79339182939599	1.49484539960645	2.36196406654044	0	0.832028976089356	2.36919135824935	0	0	0	0	3.14218160009323	0	0	0	4.5696747544894	1.18068255085004	PRJNA635168	10-Post-SG	fecal	Post	10	1
SRR11856053	2.30615890556858	0	0	3.49672627385939	4.07939891157573	0	4.40943681918418	2.13483973945967	2.49620973573971	2.87494224438768	0	0	2.99127205906219	0	0	0	0	3.98999959174002	0	0	0	2.02660397331663	1.01109082590483	PRJNA635168	11-Pre-SG	fecal	Pre	11	0
SRR11856035	1.79346797501192	0	0	3.40110605076158	4.260663836881	0	4.1650737901151	0.988392299055448	1.59867196151042	2.39025553236814	0	0	3.05133849908742	0	0	0	0	4.20748349538512	0	0	0	1.95235971526284	1.34667835509392	PRJNA635168	11-Post-SG	fecal	Post	11	1
SRR11856052	2.53725315031059	0.796931126345013	0	2.87198236302511	2.41107366421871	0	4.66551974534712	1.87339053633869	1.41513098035299	3.6904486055569	0	0	1.34361692596617	0	0	0	0	2.42633201239481	0	0	0	2.16763562270679	0	PRJNA635168	12-Pre-SG	fecal	Pre	12	0
SRR11856033	1.85223359740435	0	0	2.80784565306822	4.11790158988212	0.4506074374408	3.70389709215077	0.572115171860211	1.64171896008888	1.94680451653016	0	1.35922689859078	3.6663225808369	0	0	0	0	4.10767746747162	0	0	0	4.21969405584333	0	PRJNA635168	12-Post-SG	fecal	Post	12	1
SRR11856051	2.92354859620438	0	0	2.85878972321762	4.07053389825049	0	4.57601188688075	0	0	2.54553905881318	0	0	2.23735913938715	0	0	0	0	3.17076635843413	0	0	0	1.9128196731809	0	PRJNA635168	13-Pre-SG	fecal	Pre	13	0
SRR11856032	3.10060722215709	0	0	2.50529478889622	4.42225777619316	0.49031013942807	4.28440567915594	0.616869676971201	1.63195144855078	1.81171802895636	0	1.43387041182712	3.54259594512438	0	0	0	0	3.2678438285555	0	0	0	2.51093586592919	1.05927993025267	PRJNA635168	13-Post-SG	fecal	Post	13	1
SRR11856050	2.41095661332633	0	0	3.27951909754016	3.98899913477781	0	4.2782000165796	2.50716381060643	2.10242125719955	3.30958238767756	0	0.874850668059202	1.81930461475017	0	0	4.13712167665068	0	2.83380697757797	0	0	0	3.71710850241803	1.51053284988816	PRJNA635168	14-Pre-SG	fecal	Pre	14	0
SRR11856031	2.60046609699595	0.471751309613699	0	3.14877756047665	4.23483438904892	0	4.20242626902861	2.06387109359917	2.48049717115684	2.77368883092668	0	0	2.8101582641113	0	0.838181549827177	4.16244625990534	0.471751309613699	3.25815609074237	0	0	0	2.16516097697213	0.89602822544695	PRJNA635168	14-Post-SG	fecal	Post	14	1
SRR11856049	1.62857844241809	0.511113768449792	0	1.8274032328446	4.4491409260244	0.739453024413201	4.32876870552428	1.56711974564394	1.27770013020819	2.21703613447045	0.511113768449792	0	1.81265276192071	0	0	1.37000317064296	0	3.48602666628798	0	0	0.739453024413201	2.15347184528486	0.511113768449792	PRJNA635168	15-Pre-SG	fecal	Pre	15	0
SRR11856030	3.74171914040321	0	0	1.70419042651976	3.57645116666699	0	4.43671659544354	1.83948621354771	2.60427032821918	3.60547614511282	0	1.04489557069904	2.32119995156574	0	0	0	0	3.37633240209139	0.546822686364544	0	0	3.9688646598113	0	PRJNA635168	15-Post-SG	fecal	Post	15	1
SRR11856048	1.67343220804009	0.78726069747955	0	2.61402613716957	3.18401479291665	0	4.42170231065012	2.53397216503658	1.24707277179452	3.46818105736765	0.939058318463838	0.78726069747955	1.48403333929969	0	0	0	0.551887781910286	1.85429836632413	2.21428205656428	0	0	4.32429544061214	0.998806938636643	PRJNA635168	16-Pre-SG	fecal	Pre	16	0
SRR11856029	1.62062186517228	0	0	3.62132050476881	3.48545192429625	0	4.42543486543905	1.84059664547636	1.54579068346807	1.82656511767122	0	0.813334558149697	2.59322823548408	0	0	0.505492235654386	0	2.88005168422225	0	0	0	4.25134935417258	0.505492235654386	PRJNA635168	16-Post-SG	fecal	Post	16	1
SRR11856047	3.95113190602241	0	0	2.56357776129147	3.90163706440017	0	4.35596287177889	2.55118321262386	2.91826196664942	3.21359298833511	0	0.746464824499748	2.92481187288342	0	0	0	0	3.96600369848291	0	0	0	2.24857701353158	1.39852291311184	PRJNA635168	17-Pre-SG	fecal	Pre	17	0
SRR11856028	1.68301454034066	0	0	4.02048657965248	3.32672244178541	0	4.4104466866338	1.88206468198929	1.23612797085351	4.10876093404564	0	0.838820714083985	1.75622304404475	0	0	0.596572311057113	0	3.18146027517625	0	0	0	2.17169349070013	1.48426774102769	PRJNA635168	17-Post-SG	fecal	Post	17	1
