bugName	pval	p6M	s6M	Adjustedpval	Adjustedp6M
Bacteria_Firmicutes_Clostridia_Clostridiales_Lachnospiraceae_Roseburia_196	0.000477901084995791	0.000477901084995838	0.8331711157147	0.194324641015434	0.194324641015429
Bacteria_Firmicutes_Clostridia_Clostridiales_Lachnospiraceae_NA_147	0.000707922189491561	0.000707922189491544	-0.741679750945999	0.194324641015434	0.194324641015429
Bacteria_Firmicutes_Clostridia_Clostridiales_Lachnospiraceae_NA_214	0.00514048536808953	0.00514048536808956	0.653367396117556	0.549076545145855	0.549076545145855
Bacteria_Firmicutes_Bacilli_Lactobacillales_Carnobacteriaceae_Granulicatella_664	0.0107997259529167	0.0107997259529167	0.386285430493309	0.549076545145855	0.549076545145855
Bacteria_Firmicutes_Bacilli_Bacillales_Family_XI_Gemella_712	0.0109676768291289	0.0109676768291289	0.403512516118456	0.549076545145855	0.549076545145855
Bacteria_Actinobacteria_Coriobacteriia_Coriobacteriales_Coriobacteriaceae_Collinsella_16	0.0112238560718665	0.0112238560718666	0.446352667645526	0.549076545145855	0.549076545145855
Bacteria_Firmicutes_Bacilli_Lactobacillales_Streptococcaceae_Streptococcus_333	0.0118255891530816	0.0118255891530817	0.563738966208504	0.549076545145855	0.549076545145855
Bacteria_Actinobacteria_Actinobacteria_Micrococcales_Micrococcaceae_Rothia_1262	0.0119444015818468	0.0119444015818468	0.335589626705322	0.549076545145855	0.549076545145855
Bacteria_Firmicutes_Clostridia_Clostridiales_Ruminococcaceae_Faecalibacterium_29	0.0127185000675423	0.0127185000675423	-0.676918716771457	0.549076545145855	0.549076545145855
Bacteria_Proteobacteria_Gammaproteobacteria_Enterobacteriales_Enterobacteriaceae_Escherichia/Shigella_28	0.0131176874020267	0.0131176874020267	0.840513282696548	0.549076545145855	0.549076545145855
Bacteria_Firmicutes_Clostridia_Clostridiales_Lachnospiraceae_Tyzzerella_3_1006	0.0173372655468194	0.0173372655468194	-0.280210868329339	0.549076545145855	0.549076545145855
Bacteria_Bacteroidetes_Bacteroidia_Bacteroidales_Rikenellaceae_Alistipes_710	0.0174671823989444	0.0174671823989444	0.338430526805574	0.549076545145855	0.549076545145855
Bacteria_Firmicutes_Clostridia_Clostridiales_Ruminococcaceae_Ruminococcaceae_UCG-004_94	0.0189964461285835	0.0189964461285835	0.410451883167692	0.549076545145855	0.549076545145855
Bacteria_Firmicutes_Bacilli_Lactobacillales_Streptococcaceae_Streptococcus_737	0.0224683833267714	0.0224683833267713	0.204215305823046	0.549076545145855	0.549076545145855
Bacteria_Firmicutes_Erysipelotrichia_Erysipelotrichales_Erysipelotrichaceae_Turicibacter_57	0.0228775260509619	0.0228775260509619	-0.6106905721157	0.549076545145855	0.549076545145855
Bacteria_Firmicutes_Clostridia_Clostridiales_Lachnospiraceae_NA_244	0.0231595144291281	0.0231595144291281	-0.351613168967669	0.549076545145855	0.549076545145855
Bacteria_Firmicutes_Bacilli_Lactobacillales_Streptococcaceae_Streptococcus_559	0.0234525498852298	0.0234525498852299	0.397170613382551	0.549076545145855	0.549076545145855
Bacteria_Firmicutes_Bacilli_Lactobacillales_Streptococcaceae_Streptococcus_685	0.0245737245764068	0.0245737245764069	0.325992712063822	0.549076545145855	0.549076545145855
Bacteria_Firmicutes_Erysipelotrichia_Erysipelotrichales_Erysipelotrichaceae_Erysipelotrichaceae_UCG-003_185	0.024972638319266	0.024972638319266	-0.293510314863064	0.549076545145855	0.549076545145855
Bacteria_Firmicutes_Clostridia_Clostridiales_Ruminococcaceae_Faecalibacterium_180	0.0250980340534936	0.0250980340534937	-0.413778179293144	0.549076545145855	0.549076545145855
Bacteria_Firmicutes_Bacilli_Lactobacillales_Streptococcaceae_Streptococcus_3	0.0253679578326651	0.0253679578326651	0.6615813683612	0.549076545145855	0.549076545145855
Bacteria_Firmicutes_Bacilli_Lactobacillales_Streptococcaceae_Streptococcus_300	0.0260848027611567	0.0260848027611567	0.449785356864174	0.549076545145855	0.549076545145855
Bacteria_Firmicutes_Clostridia_Clostridiales_Lachnospiraceae_Blautia_7	0.0264895019535556	0.0264895019535556	-0.503696602501752	0.549076545145855	0.549076545145855
Bacteria_Actinobacteria_Actinobacteria_Bifidobacteriales_Bifidobacteriaceae_Alloscardovia_1617	0.0268623027448007	0.0268623027448007	0.223654518219566	0.549076545145855	0.549076545145855
Bacteria_Firmicutes_Clostridia_Clostridiales_Peptostreptococcaceae_Intestinibacter_86	0.0269267346419928	0.0269267346419928	-0.588565639363979	0.549076545145855	0.549076545145855
Bacteria_Firmicutes_Clostridia_Clostridiales_Family_XIII_NA_1610	0.0272359113378757	0.0272359113378758	0.213282516316807	0.549076545145855	0.549076545145855
Bacteria_Firmicutes_Bacilli_Lactobacillales_Streptococcaceae_Streptococcus_51	0.0278604098607262	0.0278604098607263	0.708606088203933	0.549076545145855	0.549076545145855
Bacteria_Firmicutes_Clostridia_Clostridiales_Lachnospiraceae_NA_175	0.0293727319362307	0.0293727319362306	-0.354317372304754	0.549076545145855	0.549076545145855
Bacteria_Bacteroidetes_Bacteroidia_Bacteroidales_Bacteroidaceae_Bacteroides_374	0.0327810229274208	0.0327810229274208	-0.320589102936358	0.549076545145855	0.549076545145855
Bacteria_Firmicutes_Clostridia_Clostridiales_Ruminococcaceae_Faecalibacterium_87	0.0359526730150175	0.0359526730150174	-0.399310736860577	0.549076545145855	0.549076545145855
Bacteria_Firmicutes_Clostridia_Clostridiales_Ruminococcaceae_Ruminococcaceae_NK4A214_group_265	0.0375131257243098	0.0375131257243098	0.314701511233121	0.549076545145855	0.549076545145855
Bacteria_Firmicutes_Clostridia_Clostridiales_Lachnospiraceae_NA_191	0.0375395123755472	0.0375395123755472	-0.483101105804304	0.549076545145855	0.549076545145855
Bacteria_Firmicutes_Clostridia_Clostridiales_Christensenellaceae_Christensenellaceae_R-7_group_356	0.0413182244454549	0.0413182244454548	-0.2987374417397	0.549076545145855	0.549076545145855
Bacteria_Firmicutes_Bacilli_Lactobacillales_Streptococcaceae_Streptococcus_493	0.0428007040044198	0.0428007040044198	0.381925069177729	0.549076545145855	0.549076545145855
Bacteria_Firmicutes_Clostridia_Clostridiales_Lachnospiraceae_Lachnospiraceae_FCS020_group_1087	0.0430766241428183	0.0430766241428183	0.280767213545772	0.549076545145855	0.549076545145855
Bacteria_Bacteroidetes_Bacteroidia_Bacteroidales_Bacteroidaceae_Bacteroides_2499	0.0442506056358258	0.0442506056358259	0.138397657744219	0.549076545145855	0.549076545145855
Bacteria_Firmicutes_Bacilli_Lactobacillales_Streptococcaceae_Streptococcus_365	0.0445325804719147	0.0445325804719147	0.343248839176878	0.549076545145855	0.549076545145855
Bacteria_Firmicutes_Bacilli_Lactobacillales_Streptococcaceae_Streptococcus_458	0.0446215802475126	0.0446215802475126	0.383804137974925	0.549076545145855	0.549076545145855
Bacteria_Firmicutes_Bacilli_Lactobacillales_Streptococcaceae_Streptococcus_1	0.0452581004574083	0.0452581004574083	0.584829181363211	0.549076545145855	0.549076545145855
Bacteria_Firmicutes_Clostridia_Clostridiales_Ruminococcaceae_Anaerotruncus_1599	0.0464496959077068	0.0464496959077068	0.227195714663513	0.549076545145855	0.549076545145855
Bacteria_Firmicutes_Clostridia_Clostridiales_Ruminococcaceae_Ruminiclostridium_9_1654	0.0465026037294141	0.046502603729414	0.197738834381698	0.549076545145855	0.549076545145855
Bacteria_Firmicutes_Bacilli_Lactobacillales_Streptococcaceae_Streptococcus_511	0.0470752510074304	0.0470752510074304	0.359236179025933	0.549076545145855	0.549076545145855
Bacteria_Firmicutes_Clostridia_Clostridiales_Ruminococcaceae_Faecalibacterium_306	0.0489147275758981	0.0489147275758981	-0.367474986959554	0.549076545145855	0.549076545145855
Bacteria_Firmicutes_Bacilli_Lactobacillales_Lactobacillaceae_Lactobacillus_2263	0.0494253971340177	0.0494253971340178	-0.157710519498735	0.549076545145855	0.549076545145855
Bacteria_Actinobacteria_Actinobacteria_Bifidobacteriales_Bifidobacteriaceae_Bifidobacterium_168	0.0499851947310705	0.0499851947310706	-0.444170566026345	0.549076545145855	0.549076545145855
Bacteria_Proteobacteria_Gammaproteobacteria_Enterobacteriales_Enterobacteriaceae_Raoultella_8	0.0509489162658603	0.0509489162658604	0.68890574637619	0.549076545145855	0.549076545145855
Bacteria_Firmicutes_Clostridia_Clostridiales_Lachnospiraceae_Dorea_314	0.0510684334645217	0.0510684334645217	-0.298657242392579	0.549076545145855	0.549076545145855
Bacteria_Firmicutes_Clostridia_Clostridiales_Family_XIII_Family_XIII_AD3011_group_936	0.0524595642341217	0.0524595642341217	0.272423917544829	0.549076545145855	0.549076545145855
Bacteria_Firmicutes_Clostridia_Clostridiales_Ruminococcaceae_Subdoligranulum_237	0.0526218588931338	0.0526218588931337	0.144878658136542	0.549076545145855	0.549076545145855
Bacteria_Firmicutes_Clostridia_Clostridiales_Ruminococcaceae_Subdoligranulum_273	0.0527256226737531	0.0527256226737532	-0.276857280587469	0.549076545145855	0.549076545145855
Bacteria_Actinobacteria_Actinobacteria_Bifidobacteriales_Bifidobacteriaceae_Bifidobacterium_81	0.0536755880599478	0.0536755880599478	-0.214533498242362	0.549076545145855	0.549076545145855
Bacteria_Firmicutes_Bacilli_Lactobacillales_Streptococcaceae_Streptococcus_769	0.0543643752414904	0.0543643752414905	0.282742285800621	0.549076545145855	0.549076545145855
Bacteria_Firmicutes_Clostridia_Clostridiales_Ruminococcaceae_Ruminococcus_1_26	0.0556031709536048	0.0556031709536048	0.472939294259694	0.549076545145855	0.549076545145855
Bacteria_Firmicutes_Bacilli_Lactobacillales_Streptococcaceae_Streptococcus_121	0.055876278757947	0.055876278757947	0.544293688720236	0.549076545145855	0.549076545145855
Bacteria_Bacteroidetes_Bacteroidia_Bacteroidales_Bacteroidaceae_Bacteroides_181	0.0570059067325409	0.0570059067325409	-0.266416082909426	0.549076545145855	0.549076545145855
Bacteria_Bacteroidetes_Bacteroidia_Bacteroidales_Tannerellaceae_Parabacteroides_98	0.0573034843250319	0.0573034843250319	-0.325087836403196	0.549076545145855	0.549076545145855
Bacteria_Firmicutes_Clostridia_Clostridiales_Lachnospiraceae_NA_173	0.0576222366576101	0.0576222366576101	-0.285068918855936	0.549076545145855	0.549076545145855
Bacteria_Firmicutes_Bacilli_Lactobacillales_Streptococcaceae_Streptococcus_984	0.0588998122330369	0.0588998122330368	0.229121122867196	0.549076545145855	0.549076545145855
Bacteria_Firmicutes_Clostridia_Clostridiales_Lachnospiraceae_Lachnoclostridium_663	0.0590082261632158	0.0590082261632158	0.306408546177505	0.549076545145855	0.549076545145855
Bacteria_Firmicutes_Clostridia_Clostridiales_Ruminococcaceae_Ruminococcaceae_UCG-003_444	0.0609176861393377	0.0609176861393377	0.257666192021787	0.55739682817494	0.55739682817494
Bacteria_Bacteroidetes_Bacteroidia_Bacteroidales_Bacteroidaceae_Bacteroides_207	0.0669776825584532	0.0669776825584531	-0.2271672269072	0.585273035853911	0.585273035853911
Bacteria_Firmicutes_Clostridia_Clostridiales_Peptostreptococcaceae_Terrisporobacter_158	0.0671715385618452	0.0671715385618452	-0.264176910770181	0.585273035853911	0.585273035853911
Bacteria_Firmicutes_Clostridia_Clostridiales_Ruminococcaceae_Subdoligranulum_133	0.0675146613313553	0.0675146613313553	-0.493816506313119	0.585273035853911	0.585273035853911
Bacteria_Firmicutes_Clostridia_Clostridiales_Christensenellaceae_Christensenellaceae_R-7_group_660	0.0694354775854126	0.0694354775854126	-0.227216665545497	0.585273035853911	0.585273035853911
Bacteria_Firmicutes_Bacilli_Lactobacillales_Streptococcaceae_Streptococcus_1589	0.069437274748571	0.069437274748571	0.20265612591748	0.585273035853911	0.585273035853911
Bacteria_Firmicutes_Clostridia_Clostridiales_Lachnospiraceae_Fusicatenibacter_171	0.0711518096103938	0.0711518096103939	-0.0840214669171742	0.585273035853911	0.585273035853911
Bacteria_Firmicutes_Clostridia_Clostridiales_Lachnospiraceae_Dorea_422	0.0714267639384555	0.0714267639384555	-0.383083475791987	0.585273035853911	0.585273035853911
Bacteria_Firmicutes_Bacilli_Lactobacillales_Streptococcaceae_Streptococcus_328	0.0748290189845964	0.0748290189845963	0.319256417214838	0.594824765848536	0.594824765848536
Bacteria_Firmicutes_Bacilli_Lactobacillales_Enterococcaceae_Enterococcus_112	0.0759296110205347	0.0759296110205348	0.366382260694293	0.594824765848536	0.594824765848536
Bacteria_Proteobacteria_Deltaproteobacteria_Desulfovibrionales_Desulfovibrionaceae_Bilophila_354	0.0768446905860448	0.0768446905860448	0.338654833607395	0.594824765848536	0.594824765848536
Bacteria_Bacteroidetes_Bacteroidia_Bacteroidales_Rikenellaceae_Alistipes_208	0.0769263358383353	0.0769263358383353	0.287012587674425	0.594824765848536	0.594824765848536
Bacteria_Firmicutes_Bacilli_Lactobacillales_Streptococcaceae_Streptococcus_1447	0.0819765872871885	0.0819765872871886	0.173847036570233	0.600586671684643	0.600586671684643
Bacteria_Proteobacteria_Gammaproteobacteria_Pasteurellales_Pasteurellaceae_Haemophilus_1663	0.0843728276430389	0.0843728276430388	-0.0862148650604047	0.600586671684643	0.600586671684643
Bacteria_Firmicutes_Clostridia_Clostridiales_Lachnospiraceae_Dorea_36	0.0869280212522159	0.0869280212522159	-0.353542525262743	0.600586671684643	0.600586671684643
Bacteria_Firmicutes_Clostridia_Clostridiales_Ruminococcaceae_Faecalibacterium_433	0.0870415836432835	0.0870415836432835	0.232101734450753	0.600586671684643	0.600586671684643
Bacteria_Firmicutes_Clostridia_Clostridiales_Peptostreptococcaceae_Terrisporobacter_415	0.0877946664298088	0.0877946664298088	-0.206045021357255	0.600586671684643	0.600586671684643
Bacteria_Firmicutes_Clostridia_Clostridiales_Ruminococcaceae_NA_1141	0.0885113358607028	0.0885113358607028	0.224068329279998	0.600586671684643	0.600586671684643
Bacteria_Bacteroidetes_Bacteroidia_Bacteroidales_Marinifilaceae_Odoribacter_953	0.0888320822654294	0.0888320822654294	-0.23781254661828	0.600586671684643	0.600586671684643
Bacteria_Firmicutes_Clostridia_Clostridiales_Lachnospiraceae_Anaerostipes_323	0.0899407435138424	0.0899407435138425	-0.280498758251435	0.600586671684643	0.600586671684643
Bacteria_Firmicutes_Clostridia_Clostridiales_Christensenellaceae_Christensenellaceae_R-7_group_434	0.0901141637140743	0.0901141637140743	-0.254629528566337	0.600586671684643	0.600586671684643
Bacteria_Firmicutes_Clostridia_Clostridiales_Ruminococcaceae_Ruminococcaceae_UCG-014_659	0.0907084478494653	0.0907084478494653	-0.307256387025494	0.600586671684643	0.600586671684643
Bacteria_Firmicutes_Clostridia_Clostridiales_Lachnospiraceae_Blautia_169	0.0930702151858585	0.0930702151858584	-0.253181653148754	0.600586671684643	0.600586671684643
Bacteria_Firmicutes_Bacilli_Lactobacillales_Streptococcaceae_Streptococcus_883	0.0934004356278455	0.0934004356278455	0.133956557595336	0.600586671684643	0.600586671684643
Bacteria_Firmicutes_Bacilli_Lactobacillales_Streptococcaceae_Streptococcus_1027	0.0958246917870222	0.0958246917870223	0.190451196073048	0.600586671684643	0.600586671684643
Bacteria_Actinobacteria_Coriobacteriia_Coriobacteriales_Eggerthellaceae_Slackia_556	0.0963289592845467	0.0963289592845466	0.2082792536663	0.600586671684643	0.600586671684643
Bacteria_Actinobacteria_Coriobacteriia_Coriobacteriales_Eggerthellaceae_NA_447	0.0972836378637727	0.0972836378637727	-0.0309166675252074	0.600586671684643	0.600586671684643
Bacteria_Firmicutes_Clostridia_Clostridiales_Lachnospiraceae_NA_49	0.0979085792800225	0.0979085792800224	-0.470812254338202	0.600586671684643	0.600586671684643
Bacteria_Firmicutes_Clostridia_Clostridiales_Lachnospiraceae_Blautia_161	0.0990279557412956	0.0990279557412957	0.405620122419328	0.600586671684643	0.600586671684643
Bacteria_Firmicutes_Bacilli_Lactobacillales_Enterococcaceae_Enterococcus_65	0.0996186438787623	0.0996186438787623	0.463704412509692	0.600586671684643	0.600586671684643
Bacteria_Proteobacteria_Deltaproteobacteria_Desulfovibrionales_Desulfovibrionaceae_Bilophila_579	0.101193435797546	0.101193435797546	-0.221027973725563	0.600586671684643	0.600586671684643
Bacteria_Firmicutes_Clostridia_Clostridiales_Ruminococcaceae_Subdoligranulum_383	0.102294514488342	0.102294514488342	-0.275680139691603	0.600586671684643	0.600586671684643
Bacteria_Firmicutes_Clostridia_Clostridiales_Lachnospiraceae_Agathobacter_45	0.103300204771839	0.103300204771839	-0.532240666663394	0.600586671684643	0.600586671684643
Bacteria_Firmicutes_Erysipelotrichia_Erysipelotrichales_Erysipelotrichaceae_Faecalitalea_307	0.104392950500799	0.104392950500799	-0.105853921133256	0.600586671684643	0.600586671684643
Bacteria_Firmicutes_Clostridia_Clostridiales_Lachnospiraceae_Blautia_210	0.104957607557878	0.104957607557877	-0.38311541874816	0.600586671684643	0.600586671684643
Bacteria_Firmicutes_Clostridia_Clostridiales_Family_XIII_Family_XIII_AD3011_group_1311	0.106416165518468	0.106416165518468	-0.165181838387024	0.600586671684643	0.600586671684643
Bacteria_Actinobacteria_Actinobacteria_Actinomycetales_Actinomycetaceae_Actinomyces_610	0.106448194369282	0.106448194369282	0.194148614881986	0.600586671684643	0.600586671684643
Bacteria_Firmicutes_Clostridia_Clostridiales_Ruminococcaceae_Ruminiclostridium_5_1136	0.106743399751187	0.106743399751187	-0.121821672309223	0.600586671684643	0.600586671684643
Bacteria_Firmicutes_Clostridia_Clostridiales_Lachnospiraceae_Anaerostipes_546	0.107492690470383	0.107492690470383	-0.163020459222761	0.600586671684643	0.600586671684643
Bacteria_Bacteroidetes_Bacteroidia_Bacteroidales_Barnesiellaceae_Barnesiella_802	0.108302514566083	0.108302514566083	-0.189432877475725	0.600586671684643	0.600586671684643
Bacteria_Firmicutes_Clostridia_Clostridiales_Ruminococcaceae_Ruminococcaceae_UCG-002_800	0.110061060510201	0.110061060510201	-0.231009019617913	0.604235222201002	0.604235222201003
Bacteria_Firmicutes_Clostridia_Clostridiales_Ruminococcaceae_Ruminococcaceae_UCG-013_315	0.11180499804502	0.11180499804502	0.249008927847477	0.607732118086296	0.607732118086296
Bacteria_Firmicutes_Clostridia_Clostridiales_Lachnospiraceae_NA_861	0.115185870355243	0.115185870355243	-0.166875368703844	0.61526441257936	0.61526441257936
Bacteria_Firmicutes_Clostridia_Clostridiales_Ruminococcaceae_Ruminococcaceae_UCG-002_954	0.115432121121446	0.115432121121446	0.154775912426575	0.61526441257936	0.61526441257936
Bacteria_Firmicutes_Clostridia_Clostridiales_Lachnospiraceae_NA_320	0.120366059464524	0.120366059464524	0.295719249384392	0.624960285384373	0.624960285384373
Bacteria_Actinobacteria_Actinobacteria_Bifidobacteriales_Bifidobacteriaceae_Bifidobacterium_504	0.12055712162962	0.120557121629619	0.174832120118448	0.624960285384373	0.624960285384373
Bacteria_Firmicutes_Clostridia_Clostridiales_Lachnospiraceae_NA_303	0.120666284609733	0.120666284609733	-0.33930736537628	0.624960285384373	0.624960285384373
Bacteria_Firmicutes_Clostridia_Clostridiales_Ruminococcaceae_Ruminococcaceae_UCG-002_204	0.122818878860522	0.122818878860522	0.2787975279123	0.626622059793619	0.626622059793619
Bacteria_Actinobacteria_Actinobacteria_Micrococcales_Micrococcaceae_Rothia_1576	0.126222584749245	0.126222584749245	0.17749367282602	0.626622059793619	0.626622059793619
Bacteria_Firmicutes_Clostridia_Clostridiales_Ruminococcaceae_Subdoligranulum_66	0.126311290053755	0.126311290053755	0.303654320519215	0.626622059793619	0.626622059793619
Bacteria_Firmicutes_Clostridia_Clostridiales_Clostridiaceae_1_Clostridium_sensu_stricto_1_47	0.127500040589428	0.127500040589428	-0.441540093267775	0.626622059793619	0.626622059793619
Bacteria_Firmicutes_Clostridia_Clostridiales_Ruminococcaceae_Faecalibacterium_178	0.12770483978226	0.12770483978226	-0.323653651049716	0.626622059793619	0.626622059793619
Bacteria_Firmicutes_Clostridia_Clostridiales_Lachnospiraceae_Fusicatenibacter_69	0.128126672909651	0.128126672909651	-0.334976000214186	0.626622059793619	0.626622059793619
Bacteria_Proteobacteria_Gammaproteobacteria_Enterobacteriales_Enterobacteriaceae_NA_38	0.129485899037631	0.129485899037631	0.319814668390354	0.626622059793619	0.626622059793619
Bacteria_Bacteroidetes_Bacteroidia_Bacteroidales_Bacteroidaceae_Bacteroides_528	0.130118241924358	0.130118241924358	0.174269550527763	0.626622059793619	0.626622059793619
Bacteria_Firmicutes_Clostridia_Clostridiales_Ruminococcaceae_Ruminococcus_2_41	0.13158681827428	0.13158681827428	-0.337543199929955	0.627317511806785	0.627317511806785
Bacteria_Actinobacteria_Actinobacteria_Bifidobacteriales_Bifidobacteriaceae_Bifidobacterium_221	0.132547962421834	0.132547962421834	0.335983975747969	0.627317511806785	0.627317511806785
Bacteria_Proteobacteria_Gammaproteobacteria_Betaproteobacteriales_Burkholderiaceae_Sutterella_186	0.134016303460641	0.134016303460641	0.311040409419705	0.628845731623007	0.628845731623007
Bacteria_Firmicutes_Clostridia_Clostridiales_Lachnospiraceae_Roseburia_151	0.139808745901981	0.139808745901981	0.30595899635415	0.650466114408367	0.650466114408367
Bacteria_Firmicutes_Clostridia_Clostridiales_Ruminococcaceae_Faecalibacterium_684	0.14103314685961	0.14103314685961	-0.177967761894956	0.650648719545594	0.650648719545594
Bacteria_Firmicutes_Clostridia_Clostridiales_Ruminococcaceae_Subdoligranulum_510	0.144178211787197	0.144178211787197	0.116335024772236	0.659161336369027	0.659161336369027
Bacteria_Firmicutes_Clostridia_Clostridiales_Lachnospiraceae_Anaerostipes_34	0.145279638799002	0.145279638799002	-0.436221191983757	0.659161336369027	0.659161336369027
Bacteria_Firmicutes_Bacilli_Lactobacillales_Streptococcaceae_Streptococcus_139	0.14782999533996	0.14782999533996	-0.259810989377582	0.665234979029821	0.665234979029821
Bacteria_Firmicutes_Clostridia_Clostridiales_Ruminococcaceae_NA_1277	0.150954413649052	0.150954413649052	-0.18588734901221	0.673772138970157	0.673772138970157
Bacteria_Firmicutes_Clostridia_Clostridiales_Ruminococcaceae_NA_145	0.154036792343965	0.154036792343965	-0.201846873354191	0.681985475780943	0.681985475780943
Bacteria_Firmicutes_Bacilli_Lactobacillales_Streptococcaceae_Streptococcus_369	0.157871466463661	0.157871466463661	0.203654289517046	0.682408901271576	0.682408901271576
Bacteria_Firmicutes_Clostridia_Clostridiales_Ruminococcaceae_Ruminococcaceae_UCG-005_611	0.159923787365073	0.159923787365073	0.22935852353914	0.682408901271576	0.682408901271576
Bacteria_Firmicutes_Bacilli_Lactobacillales_Streptococcaceae_Streptococcus_717	0.16113061592713	0.16113061592713	0.179277953184258	0.682408901271576	0.682408901271576
Bacteria_Firmicutes_Clostridia_Clostridiales_Lachnospiraceae_Roseburia_487	0.164119135696761	0.164119135696761	0.235359543739805	0.682408901271576	0.682408901271576
Bacteria_Bacteroidetes_Bacteroidia_Bacteroidales_Bacteroidaceae_Bacteroides_795	0.166122316978114	0.166122316978114	-0.119448208777324	0.682408901271576	0.682408901271576
Bacteria_Firmicutes_Clostridia_Clostridiales_Christensenellaceae_Christensenellaceae_R-7_group_583	0.167994239643928	0.167994239643928	-0.143893080633501	0.682408901271576	0.682408901271576
Bacteria_Firmicutes_Clostridia_Clostridiales_Lachnospiraceae_Anaerostipes_379	0.168698573126145	0.168698573126145	-0.231496337820332	0.682408901271576	0.682408901271576
Bacteria_Bacteroidetes_Bacteroidia_Bacteroidales_Muribaculaceae_NA_48	0.169139001626889	0.169139001626889	0.0236511392710893	0.682408901271576	0.682408901271576
Bacteria_Firmicutes_Clostridia_Clostridiales_Lachnospiraceae_Agathobacter_382	0.169418437377205	0.169418437377205	-0.215803825589423	0.682408901271576	0.682408901271576
Bacteria_Firmicutes_Clostridia_Clostridiales_Lachnospiraceae_NA_589	0.172828644285013	0.172828644285013	0.178268830201008	0.682408901271576	0.682408901271576
Bacteria_Bacteroidetes_Bacteroidia_Bacteroidales_Barnesiellaceae_NA_1556	0.174172468761094	0.174172468761094	-0.133510221678619	0.682408901271576	0.682408901271576
Bacteria_Firmicutes_Clostridia_Clostridiales_Ruminococcaceae_Ruminococcaceae_UCG-002_574	0.174890308602943	0.174890308602943	0.0793317344250342	0.682408901271576	0.682408901271576
Bacteria_Firmicutes_Clostridia_Clostridiales_Lachnospiraceae_Coprococcus_1_212	0.176226694760921	0.176226694760921	0.266214045466596	0.682408901271576	0.682408901271576
Bacteria_Firmicutes_Clostridia_Clostridiales_Lachnospiraceae_NA_136	0.177480422636191	0.177480422636191	-0.189002541672452	0.682408901271576	0.682408901271576
Bacteria_Firmicutes_Clostridia_Clostridiales_Lachnospiraceae_Coprococcus_2_177	0.177987695027591	0.177987695027592	0.294485649392594	0.682408901271576	0.682408901271576
Bacteria_Firmicutes_Clostridia_Clostridiales_Ruminococcaceae_Ruminococcus_1_339	0.178101291438034	0.178101291438034	0.18703322375312	0.682408901271576	0.682408901271576
Bacteria_Bacteroidetes_Bacteroidia_Bacteroidales_Bacteroidaceae_Bacteroides_123	0.181109609673052	0.181109609673052	-0.135507268592287	0.682408901271576	0.682408901271576
Bacteria_Firmicutes_Clostridia_Clostridiales_Lachnospiraceae_Lachnospiraceae_FCS020_group_921	0.182656985265293	0.182656985265293	0.201735455012332	0.682408901271576	0.682408901271576
Bacteria_Firmicutes_Clostridia_Clostridiales_Ruminococcaceae_Ruminococcus_1_450	0.183656574715351	0.183656574715351	0.227060183988081	0.682408901271576	0.682408901271576
Bacteria_Firmicutes_Clostridia_Clostridiales_Ruminococcaceae_Faecalibacterium_114	0.184807313646352	0.184807313646352	-0.211396149632246	0.682408901271576	0.682408901271576
Bacteria_Firmicutes_Clostridia_Clostridiales_Ruminococcaceae_Faecalibacterium_1351	0.185158053825958	0.185158053825958	-0.0356576622328551	0.682408901271576	0.682408901271576
Bacteria_Firmicutes_Clostridia_Clostridiales_Ruminococcaceae_Ruminococcaceae_UCG-002_722	0.187571722108292	0.187571722108292	-0.150579886382746	0.682408901271576	0.682408901271576
Bacteria_Bacteroidetes_Bacteroidia_Bacteroidales_Bacteroidaceae_Bacteroides_39	0.187572988217079	0.187572988217079	-0.282024331063914	0.682408901271576	0.682408901271576
Bacteria_Bacteroidetes_Bacteroidia_Bacteroidales_Bacteroidaceae_Bacteroides_435	0.189329565070636	0.189329565070636	-0.145646865305347	0.682408901271576	0.682408901271576
Bacteria_Actinobacteria_Coriobacteriia_Coriobacteriales_Coriobacteriales_Incertae_Sedis_NA_986	0.189529261046501	0.189529261046501	-0.102374498537976	0.682408901271576	0.682408901271576
Bacteria_Actinobacteria_Coriobacteriia_Coriobacteriales_Coriobacteriaceae_Collinsella_240	0.189928276441527	0.189928276441527	-0.0586366262151111	0.682408901271576	0.682408901271576
Bacteria_Firmicutes_Clostridia_Clostridiales_Ruminococcaceae_Faecalibacterium_54	0.1904983691689	0.1904983691689	-0.330650547252246	0.682408901271576	0.682408901271576
Bacteria_Actinobacteria_Coriobacteriia_Coriobacteriales_Coriobacteriales_Incertae_Sedis_NA_607	0.193163470277615	0.193163470277615	-0.0495210464766901	0.682408901271576	0.682408901271576
Bacteria_Firmicutes_Clostridia_Clostridiales_Lachnospiraceae_Agathobacter_15	0.196023301261062	0.196023301261062	-0.398873476734494	0.682408901271576	0.682408901271576
Bacteria_Firmicutes_Clostridia_Clostridiales_Ruminococcaceae_Subdoligranulum_584	0.197270647513457	0.197270647513457	0.0904722207605974	0.682408901271576	0.682408901271576
Bacteria_Firmicutes_Clostridia_Clostridiales_Lachnospiraceae_Dorea_711	0.198634945907824	0.198634945907824	0.104251700578821	0.682408901271576	0.682408901271576
Bacteria_Bacteroidetes_Bacteroidia_Bacteroidales_Bacteroidaceae_Bacteroides_200	0.199200537255403	0.199200537255403	-0.223998176409032	0.682408901271576	0.682408901271576
Bacteria_Firmicutes_Clostridia_Clostridiales_Christensenellaceae_Christensenellaceae_R-7_group_257	0.200187430110788	0.200187430110788	0.261846085217649	0.682408901271576	0.682408901271576
Bacteria_Firmicutes_Clostridia_Clostridiales_Ruminococcaceae_Subdoligranulum_298	0.203499269210393	0.203499269210393	-0.16146641855707	0.682408901271576	0.682408901271576
Bacteria_Bacteroidetes_Bacteroidia_Bacteroidales_Barnesiellaceae_Barnesiella_388	0.203603802318745	0.203603802318745	-0.118026311091731	0.682408901271576	0.682408901271576
Bacteria_Bacteroidetes_Bacteroidia_Bacteroidales_Prevotellaceae_Prevotella_7_85	0.205892287086907	0.205892287086907	0.208930849066295	0.682408901271576	0.682408901271576
Bacteria_Firmicutes_Clostridia_Clostridiales_Christensenellaceae_Christensenellaceae_R-7_group_2114	0.206391545548307	0.206391545548307	-0.08053973302504	0.682408901271576	0.682408901271576
Bacteria_Actinobacteria_Coriobacteriia_Coriobacteriales_Eggerthellaceae_Senegalimassilia_557	0.207339669814982	0.207339669814982	-0.0277581856016321	0.682408901271576	0.682408901271576
Bacteria_Proteobacteria_Gammaproteobacteria_Betaproteobacteriales_Burkholderiaceae_Oxalobacter_1118	0.207802878273605	0.207802878273605	0.155714951381693	0.682408901271576	0.682408901271576
Bacteria_Firmicutes_Clostridia_Clostridiales_Ruminococcaceae_Faecalibacterium_404	0.207829233804564	0.207829233804564	-0.204032409043916	0.682408901271576	0.682408901271576
Bacteria_Firmicutes_Clostridia_Clostridiales_Lachnospiraceae_Agathobacter_101	0.209956933452287	0.209956933452287	-0.318049447067701	0.682408901271576	0.682408901271576
Bacteria_Firmicutes_Clostridia_Clostridiales_Lachnospiraceae_Anaerostipes_164	0.211028227415385	0.211028227415385	-0.292561586840832	0.682408901271576	0.682408901271576
Bacteria_Firmicutes_Clostridia_Clostridiales_Lachnospiraceae_Tyzzerella_713	0.212402834493308	0.212402834493308	0.204758752306303	0.682408901271576	0.682408901271576
Bacteria_Firmicutes_Clostridia_Clostridiales_Peptostreptococcaceae_Romboutsia_248	0.212579988031197	0.212579988031197	0.180335068195819	0.682408901271576	0.682408901271576
Bacteria_Firmicutes_Clostridia_Clostridiales_Clostridiaceae_1_Clostridium_sensu_stricto_1_238	0.213462448835616	0.213462448835616	0.24155517777923	0.682408901271576	0.682408901271576
Bacteria_Firmicutes_Clostridia_Clostridiales_Lachnospiraceae_Lachnospiraceae_NK4A136_group_1309	0.21398459263237	0.21398459263237	-0.124592247976668	0.682408901271576	0.682408901271576
Bacteria_Firmicutes_Clostridia_Clostridiales_Ruminococcaceae_Faecalibacterium_409	0.214376297380288	0.214376297380288	0.15297613210651	0.682408901271576	0.682408901271576
Bacteria_Firmicutes_Clostridia_Clostridiales_Ruminococcaceae_Subdoligranulum_746	0.21443374389111	0.21443374389111	0.00907841206440267	0.682408901271576	0.682408901271576
Bacteria_Bacteroidetes_Bacteroidia_Bacteroidales_Rikenellaceae_Alistipes_61	0.215903924937048	0.215903924937048	0.220234368153299	0.682408901271576	0.682408901271576
Bacteria_Firmicutes_Erysipelotrichia_Erysipelotrichales_Erysipelotrichaceae_Erysipelotrichaceae_UCG-003_17	0.217798468037764	0.217798468037764	-0.152307164335053	0.682408901271576	0.682408901271576
Bacteria_Firmicutes_Clostridia_Clostridiales_Lachnospiraceae_Roseburia_408	0.217881462604574	0.217881462604574	-0.150010963545048	0.682408901271576	0.682408901271576
Bacteria_Bacteroidetes_Bacteroidia_Bacteroidales_Rikenellaceae_Alistipes_274	0.219804591658064	0.219804591658064	0.237353004537657	0.682408901271576	0.682408901271576
Bacteria_Firmicutes_Clostridia_Clostridiales_Ruminococcaceae_Butyricicoccus_1095	0.223871296545932	0.223871296545932	-0.01129000393109	0.682408901271576	0.682408901271576
Bacteria_Firmicutes_Clostridia_Clostridiales_Lachnospiraceae_Blautia_632	0.223894215439249	0.223894215439249	0.0205554725071321	0.682408901271576	0.682408901271576
Bacteria_Firmicutes_Clostridia_Clostridiales_Christensenellaceae_Christensenellaceae_R-7_group_160	0.224866822057968	0.224866822057968	0.274332814739024	0.682408901271576	0.682408901271576
Bacteria_Firmicutes_Clostridia_Clostridiales_Family_XIII_Family_XIII_AD3011_group_1852	0.225340592998905	0.225340592998905	0.098325990255472	0.682408901271576	0.682408901271576
Bacteria_Firmicutes_Clostridia_Clostridiales_Lachnospiraceae_NA_393	0.226778011337949	0.226778011337948	-0.182095529048771	0.682408901271576	0.682408901271576
Bacteria_Firmicutes_Clostridia_Clostridiales_Christensenellaceae_Christensenellaceae_R-7_group_2113	0.226840621629311	0.226840621629311	-0.0807465749787307	0.682408901271576	0.682408901271576
Bacteria_Firmicutes_Erysipelotrichia_Erysipelotrichales_Erysipelotrichaceae_Erysipelatoclostridium_476	0.22750378252963	0.22750378252963	0.176880324745575	0.682408901271576	0.682408901271576
Bacteria_Firmicutes_Clostridia_Clostridiales_Lachnospiraceae_NA_386	0.22908184786946	0.22908184786946	-0.114829114659853	0.682408901271576	0.682408901271576
Bacteria_Actinobacteria_Coriobacteriia_Coriobacteriales_Coriobacteriaceae_Collinsella_234	0.230184888791086	0.230184888791086	0.0879678340204805	0.682408901271576	0.682408901271576
Bacteria_Firmicutes_Clostridia_Clostridiales_Lachnospiraceae_Fusicatenibacter_220	0.232771143759174	0.232771143759174	-0.284808454253938	0.682408901271576	0.682408901271576
Bacteria_Actinobacteria_Actinobacteria_Bifidobacteriales_Bifidobacteriaceae_Bifidobacterium_70	0.232844831798596	0.232844831798596	-0.249501720970596	0.682408901271576	0.682408901271576
Bacteria_Proteobacteria_Gammaproteobacteria_Enterobacteriales_Enterobacteriaceae_NA_50	0.235088871854569	0.235088871854569	0.350573933854406	0.682408901271576	0.682408901271576
Bacteria_Firmicutes_Clostridia_Clostridiales_Ruminococcaceae_Faecalibacterium_1015	0.237444956580102	0.237444956580102	-0.159997275958704	0.682408901271576	0.682408901271576
Bacteria_Firmicutes_Bacilli_Lactobacillales_Streptococcaceae_Streptococcus_924	0.237701230940411	0.237701230940411	0.129382143843729	0.682408901271576	0.682408901271576
Bacteria_Firmicutes_Clostridia_Clostridiales_Lachnospiraceae_NA_255	0.237861950983601	0.2378619509836	-0.23979565724408	0.682408901271576	0.682408901271576
Bacteria_Bacteroidetes_Bacteroidia_Bacteroidales_Tannerellaceae_Parabacteroides_649	0.238656664925579	0.238656664925579	-0.128352067189752	0.682408901271576	0.682408901271576
Bacteria_Firmicutes_Negativicutes_Selenomonadales_Acidaminococcaceae_Phascolarctobacterium_152	0.2421846641743	0.2421846641743	0.245381698233068	0.682791342886435	0.682791342886435
Bacteria_Bacteroidetes_Bacteroidia_Bacteroidales_Tannerellaceae_Parabacteroides_778	0.243377803380738	0.243377803380738	0.0943528466093032	0.682791342886435	0.682791342886435
Bacteria_Actinobacteria_Actinobacteria_Actinomycetales_Actinomycetaceae_Actinomyces_950	0.245137358398983	0.245137358398983	0.166154063340945	0.682791342886435	0.682791342886435
Bacteria_Firmicutes_Clostridia_Clostridiales_Lachnospiraceae_Fusicatenibacter_77	0.245436926501929	0.245436926501929	-0.2698058420104	0.682791342886435	0.682791342886435
Bacteria_Firmicutes_Clostridia_Clostridiales_Lachnospiraceae_NA_590	0.248893263450369	0.248893263450369	-0.110081443502616	0.682791342886435	0.682791342886435
Bacteria_Firmicutes_Clostridia_Clostridiales_Lachnospiraceae_NA_215	0.249036482233393	0.249036482233393	-0.231140644374365	0.682791342886435	0.682791342886435
Bacteria_Bacteroidetes_Bacteroidia_Bacteroidales_Prevotellaceae_Prevotella_7_129	0.250335706580014	0.250335706580014	0.194236091871802	0.682791342886435	0.682791342886435
Bacteria_Firmicutes_Negativicutes_Selenomonadales_Acidaminococcaceae_Phascolarctobacterium_457	0.250720075375216	0.250720075375216	-0.0311628286985374	0.682791342886435	0.682791342886435
Bacteria_Bacteroidetes_Bacteroidia_Bacteroidales_Bacteroidaceae_Bacteroides_438	0.251949710907474	0.251949710907474	0.150256733495016	0.682791342886435	0.682791342886435
Bacteria_Firmicutes_Clostridia_Clostridiales_Lachnospiraceae_Anaerostipes_723	0.252721703526455	0.252721703526455	0.140314165140345	0.682791342886435	0.682791342886435
Bacteria_Actinobacteria_Actinobacteria_Bifidobacteriales_Bifidobacteriaceae_Bifidobacterium_402	0.253917862217348	0.253917862217348	0.175927871369593	0.682791342886435	0.682791342886435
Bacteria_Firmicutes_Clostridia_Clostridiales_Lachnospiraceae_Lachnospiraceae_ND3007_group_233	0.254236026613935	0.254236026613935	0.235688823069384	0.682791342886435	0.682791342886435
Bacteria_Firmicutes_Bacilli_Lactobacillales_Lactobacillaceae_Lactobacillus_83	0.255386544295321	0.255386544295321	-0.2270566908112	0.682791342886435	0.682791342886435
Bacteria_Firmicutes_Clostridia_Clostridiales_Lachnospiraceae_Lachnospira_631	0.256202216092178	0.256202216092178	-0.196990959507967	0.682791342886435	0.682791342886435
Bacteria_Firmicutes_Clostridia_Clostridiales_Family_XIII_Family_XIII_AD3011_group_763	0.258261538586188	0.258261538586188	0.183942169113018	0.684954515380759	0.684954515380759
Bacteria_Firmicutes_Negativicutes_Selenomonadales_Veillonellaceae_Dialister_258	0.260001578873154	0.260001578873154	0.150667064959793	0.686254167314238	0.686254167314238
Bacteria_Bacteroidetes_Bacteroidia_Bacteroidales_Tannerellaceae_Parabacteroides_468	0.261639546700501	0.261639546700501	0.13893181367438	0.687273259036245	0.687273259036245
Bacteria_Actinobacteria_Actinobacteria_Bifidobacteriales_Bifidobacteriaceae_Bifidobacterium_10	0.264092339974279	0.264092339974279	-0.304020671528864	0.688684644950764	0.688684644950763
Bacteria_Firmicutes_Bacilli_Lactobacillales_Streptococcaceae_Streptococcus_2	0.2646857196441	0.2646857196441	0.349172985831789	0.688684644950764	0.688684644950763
Bacteria_Actinobacteria_Coriobacteriia_Coriobacteriales_Coriobacteriaceae_Collinsella_1539	0.266820812812674	0.266820812812674	-0.119996624325728	0.69096521808565	0.69096521808565
Bacteria_Actinobacteria_Coriobacteriia_Coriobacteriales_Eggerthellaceae_Adlercreutzia_604	0.26852209939704	0.26852209939704	0.0997684795399258	0.69210625619237	0.69210625619237
Bacteria_Firmicutes_Clostridia_Clostridiales_Christensenellaceae_Christensenellaceae_R-7_group_618	0.269921878555203	0.269921878555203	-0.0945725360198763	0.692463137041152	0.692463137041152
Bacteria_Firmicutes_Clostridia_Clostridiales_Lachnospiraceae_Lachnospiraceae_NK4A136_group_336	0.271713476820446	0.271713476820446	0.151179847359907	0.693817203601975	0.693817203601975
Bacteria_Firmicutes_Clostridia_Clostridiales_Ruminococcaceae_Faecalibacterium_774	0.274930010077877	0.274930010077877	-0.17020271697901	0.693934992605657	0.693934992605657
Bacteria_Proteobacteria_Deltaproteobacteria_Desulfovibrionales_Desulfovibrionaceae_NA_2662	0.275212873082743	0.275212873082743	0.073131472313788	0.693934992605657	0.693934992605657
Bacteria_Firmicutes_Clostridia_Clostridiales_Lachnospiraceae_NA_267	0.275551599978203	0.275551599978203	0.236402975550713	0.693934992605657	0.693934992605657
Bacteria_Firmicutes_Negativicutes_Selenomonadales_Acidaminococcaceae_Acidaminococcus_88	0.284118122273916	0.284118122273916	0.182140597422606	0.706233057804555	0.706233057804554
Bacteria_Firmicutes_Erysipelotrichia_Erysipelotrichales_Erysipelotrichaceae_Solobacterium_174	0.284268737148567	0.284268737148567	0.0883965435689028	0.706233057804555	0.706233057804554
Bacteria_Firmicutes_Clostridia_Clostridiales_Ruminococcaceae_Ruminococcus_1_411	0.285321207015033	0.285321207015033	0.09374763911856	0.706233057804555	0.706233057804554
Bacteria_Firmicutes_Clostridia_Clostridiales_Clostridiaceae_1_Clostridium_sensu_stricto_1_332	0.285580580751569	0.285580580751569	-0.241522785145924	0.706233057804555	0.706233057804554
Bacteria_Firmicutes_Clostridia_Clostridiales_Ruminococcaceae_Ruminococcaceae_UCG-003_1013	0.293493985480167	0.293493985480167	-0.144016469673456	0.719368746159165	0.719368746159165
Bacteria_Firmicutes_Clostridia_Clostridiales_Lachnospiraceae_Tyzzerella_1132	0.294290898137079	0.294290898137079	0.147517196848991	0.719368746159165	0.719368746159165
Bacteria_Firmicutes_Clostridia_Clostridiales_Lachnospiraceae_NA_1847	0.295947881932503	0.295947881932503	-0.0948820872263358	0.719368746159165	0.719368746159165
Bacteria_Firmicutes_Clostridia_Clostridiales_Lachnospiraceae_NA_346	0.296133582207598	0.296133582207598	-0.168539463708845	0.719368746159165	0.719368746159165
Bacteria_Bacteroidetes_Bacteroidia_Bacteroidales_Bacteroidaceae_Bacteroides_64	0.297990304155265	0.297990304155265	-0.268515951048085	0.720690206965818	0.720690206965818
Bacteria_Firmicutes_Clostridia_Clostridiales_Lachnospiraceae_NA_497	0.301091502637847	0.301091502637847	-0.0773872277995947	0.722682165108773	0.722682165108773
Bacteria_Firmicutes_Clostridia_Clostridiales_Christensenellaceae_Christensenellaceae_R-7_group_239	0.301446659034443	0.301446659034443	-0.216457542367064	0.722682165108773	0.722682165108773
Bacteria_Firmicutes_Clostridia_Clostridiales_Lachnospiraceae_NA_501	0.304967038037408	0.304967038037408	-0.0196200079140211	0.727943060358856	0.727943060358856
Bacteria_Firmicutes_Clostridia_Clostridiales_Peptostreptococcaceae_Romboutsia_304	0.310434960321146	0.310434960321146	-0.159915006224678	0.73353418095983	0.73353418095983
Bacteria_Firmicutes_Clostridia_Clostridiales_Lachnospiraceae_NA_27	0.312304742888734	0.312304742888734	0.208487574307631	0.73353418095983	0.73353418095983
Bacteria_Firmicutes_Clostridia_Clostridiales_Lachnospiraceae_Dorea_349	0.312325580259534	0.312325580259534	0.0725857496126916	0.73353418095983	0.73353418095983
Bacteria_Firmicutes_Clostridia_Clostridiales_Lachnospiraceae_Fusicatenibacter_791	0.315240612077165	0.315240612077165	-0.0747846193772811	0.73353418095983	0.73353418095983
Bacteria_Firmicutes_Bacilli_Lactobacillales_Streptococcaceae_Lactococcus_372	0.315729936640008	0.315729936640008	-0.190382827443152	0.73353418095983	0.73353418095983
Bacteria_Firmicutes_Clostridia_Clostridiales_Lachnospiraceae_Dorea_44	0.317608734236003	0.317608734236003	-0.249260009505905	0.73353418095983	0.73353418095983
Bacteria_Firmicutes_Clostridia_Clostridiales_Christensenellaceae_Christensenellaceae_R-7_group_1276	0.319216510292657	0.319216510292657	0.0802263306179647	0.73353418095983	0.73353418095983
Bacteria_Firmicutes_Clostridia_Clostridiales_Lachnospiraceae_Dorea_62	0.319961388809122	0.319961388809122	-0.197515989302677	0.73353418095983	0.73353418095983
Bacteria_Firmicutes_Clostridia_Clostridiales_Ruminococcaceae_NA_1988	0.321287682222924	0.321287682222924	0.0717993144570606	0.73353418095983	0.73353418095983
Bacteria_Firmicutes_Clostridia_Clostridiales_Christensenellaceae_Christensenellaceae_R-7_group_775	0.324199109943567	0.324199109943567	0.115240291169873	0.73353418095983	0.73353418095983
Bacteria_Proteobacteria_Gammaproteobacteria_Enterobacteriales_Enterobacteriaceae_Escherichia/Shigella_74	0.328091668139823	0.328091668139823	0.215434258540454	0.73353418095983	0.73353418095983
Bacteria_Proteobacteria_Gammaproteobacteria_Enterobacteriales_Enterobacteriaceae_Escherichia/Shigella_141	0.328293816252909	0.328293816252909	0.158035108272544	0.73353418095983	0.73353418095983
Bacteria_Firmicutes_Clostridia_Clostridiales_Lachnospiraceae_Roseburia_934	0.332492508422369	0.332492508422369	-0.146913675214193	0.73353418095983	0.73353418095983
Bacteria_Firmicutes_Clostridia_Clostridiales_Lachnospiraceae_NA_573	0.333000432367861	0.333000432367861	0.0959910755935174	0.73353418095983	0.73353418095983
Bacteria_Firmicutes_Clostridia_Clostridiales_Lachnospiraceae_Blautia_535	0.335739963304408	0.335739963304408	0.182700853867536	0.73353418095983	0.73353418095983
Bacteria_Proteobacteria_Deltaproteobacteria_Desulfovibrionales_Desulfovibrionaceae_Desulfovibrio_326	0.3363926507816	0.3363926507816	0.124922972148658	0.73353418095983	0.73353418095983
Bacteria_Actinobacteria_Coriobacteriia_Coriobacteriales_Eggerthellaceae_Eggerthella_621	0.337944589446155	0.337944589446155	0.112660272011368	0.73353418095983	0.73353418095983
Bacteria_Firmicutes_Clostridia_Clostridiales_Lachnospiraceae_Anaerostipes_14	0.338503615907434	0.338503615907434	-0.314436029441439	0.73353418095983	0.73353418095983
Bacteria_Firmicutes_Clostridia_Clostridiales_Ruminococcaceae_Faecalibacterium_376	0.339402215925226	0.339402215925226	-0.0957380083679326	0.73353418095983	0.73353418095983
Bacteria_Actinobacteria_Actinobacteria_Bifidobacteriales_Bifidobacteriaceae_Bifidobacterium_229	0.339829531478589	0.339829531478589	-0.131103454901531	0.73353418095983	0.73353418095983
Bacteria_Firmicutes_Clostridia_Clostridiales_Lachnospiraceae_Blautia_163	0.340980116282791	0.340980116282791	-0.242239123759045	0.73353418095983	0.73353418095983
Bacteria_Firmicutes_Negativicutes_Selenomonadales_Veillonellaceae_Dialister_216	0.341534642247971	0.341534642247971	-0.05069849411439	0.73353418095983	0.73353418095983
Bacteria_Firmicutes_Clostridia_Clostridiales_Ruminococcaceae_Faecalibacterium_72	0.34174804015454	0.34174804015454	-0.236152629273948	0.73353418095983	0.73353418095983
Bacteria_Bacteroidetes_Bacteroidia_Bacteroidales_Bacteroidaceae_Bacteroides_31	0.342268552707243	0.342268552707243	0.197943047388667	0.73353418095983	0.73353418095983
Bacteria_Firmicutes_Clostridia_Clostridiales_Lachnospiraceae_Blautia_353	0.342333694566514	0.342333694566514	0.211827773287637	0.73353418095983	0.73353418095983
Bacteria_Firmicutes_Clostridia_Clostridiales_Lachnospiraceae_Coprococcus_3_461	0.343800747197945	0.343800747197945	-0.0836530272085363	0.73353418095983	0.73353418095983
Bacteria_Firmicutes_Clostridia_Clostridiales_Ruminococcaceae_Ruminiclostridium_1967	0.347641349195324	0.347641349195324	-0.057208445033724	0.73353418095983	0.73353418095983
Bacteria_Firmicutes_Clostridia_Clostridiales_Ruminococcaceae_Ruminococcus_2_90	0.348015098285829	0.348015098285829	-0.110437271154339	0.73353418095983	0.73353418095983
Bacteria_Firmicutes_Clostridia_Clostridiales_Lachnospiraceae_Blautia_271	0.348052198121414	0.348052198121414	-0.212409202526827	0.73353418095983	0.73353418095983
Bacteria_Firmicutes_Clostridia_Clostridiales_Ruminococcaceae_Subdoligranulum_310	0.348385769195213	0.348385769195213	-0.120158299951912	0.73353418095983	0.73353418095983
Bacteria_Proteobacteria_Alphaproteobacteria_Rhodospirillales_NA_NA_2018	0.34975219869325	0.34975219869325	0.0309934576237411	0.73353418095983	0.73353418095983
Bacteria_Firmicutes_Clostridia_Clostridiales_Lachnospiraceae_Blautia_235	0.350065492552779	0.350065492552779	-0.165860322018368	0.73353418095983	0.73353418095983
Bacteria_Firmicutes_Erysipelotrichia_Erysipelotrichales_Erysipelotrichaceae_Faecalitalea_1085	0.351876148082163	0.351876148082163	0.030374695187361	0.73452473496999	0.73452473496999
Bacteria_Bacteroidetes_Bacteroidia_Bacteroidales_Tannerellaceae_Parabacteroides_786	0.354201197582854	0.354201197582854	0.101588655115927	0.736467868972349	0.736467868972349
Bacteria_Firmicutes_Clostridia_Clostridiales_Lachnospiraceae_Roseburia_715	0.355493971409351	0.355493971409351	0.139726633114228	0.736467868972349	0.736467868972349
Bacteria_Firmicutes_Clostridia_Clostridiales_Ruminococcaceae_Butyricicoccus_449	0.356831426496621	0.356831426496621	0.177403408769938	0.736467868972349	0.736467868972349
Bacteria_Firmicutes_Clostridia_Clostridiales_Ruminococcaceae_Subdoligranulum_277	0.362134039554148	0.362134039554148	-0.0631297812559389	0.739455438731786	0.739455438731786
Bacteria_Proteobacteria_Gammaproteobacteria_Betaproteobacteriales_Burkholderiaceae_Sutterella_406	0.362329864107354	0.362329864107354	-0.174556109765268	0.739455438731786	0.739455438731786
Bacteria_Actinobacteria_Actinobacteria_Bifidobacteriales_Bifidobacteriaceae_Bifidobacterium_542	0.363026525724271	0.363026525724271	-0.0687601673421211	0.739455438731786	0.739455438731786
Bacteria_Firmicutes_Clostridia_Clostridiales_Family_XIII_NA_810	0.364239929173137	0.364239929173137	0.111267630769241	0.739455438731786	0.739455438731786
Bacteria_Firmicutes_Clostridia_Clostridiales_Ruminococcaceae_Faecalibacterium_113	0.36532342068372	0.36532342068372	-0.17618402754139	0.739455438731786	0.739455438731786
Bacteria_Firmicutes_Clostridia_Clostridiales_Lachnospiraceae_Coprococcus_1_859	0.36678453039144	0.36678453039144	-0.139553823908735	0.739455438731786	0.739455438731786
Bacteria_Firmicutes_Clostridia_Clostridiales_Ruminococcaceae_Ruminiclostridium_5_1208	0.368035076800764	0.368035076800764	-0.0863872063824077	0.739455438731786	0.739455438731786
Bacteria_Bacteroidetes_Bacteroidia_Bacteroidales_Bacteroidaceae_Bacteroides_364	0.369839670692199	0.369839670692199	-0.153863621026791	0.739455438731786	0.739455438731786
Bacteria_Firmicutes_Bacilli_Lactobacillales_Streptococcaceae_Streptococcus_30	0.37040117604962	0.37040117604962	-0.12016732254893	0.739455438731786	0.739455438731786
Bacteria_Verrucomicrobia_Verrucomicrobiae_Verrucomicrobiales_Akkermansiaceae_Akkermansia_436	0.373222143452047	0.373222143452047	0.133675787911877	0.742387524475268	0.742387524475268
Bacteria_Firmicutes_Erysipelotrichia_Erysipelotrichales_Erysipelotrichaceae_Erysipelatoclostridium_705	0.376943241195861	0.376943241195861	-0.0968607778224472	0.745801787500443	0.745801787500443
Bacteria_Firmicutes_Clostridia_Clostridiales_Ruminococcaceae_Ruminococcaceae_UCG-002_400	0.37783031893378	0.37783031893378	0.118140584925049	0.745801787500443	0.745801787500443
Bacteria_Firmicutes_Clostridia_Clostridiales_Ruminococcaceae_Ruminococcaceae_UCG-002_994	0.379426230769151	0.379426230769151	0.0317005026695148	0.745801787500443	0.745801787500443
Bacteria_Firmicutes_Clostridia_Clostridiales_Ruminococcaceae_Ruminococcaceae_UCG-013_445	0.380917579824862	0.380917579824862	-0.153918826356226	0.745801787500443	0.745801787500443
Bacteria_Actinobacteria_Coriobacteriia_Coriobacteriales_Eggerthellaceae_Gordonibacter_2795	0.381730969558515	0.381730969558515	0.0561700467734773	0.745801787500443	0.745801787500443
Bacteria_Firmicutes_Clostridia_Clostridiales_Ruminococcaceae_Butyricicoccus_357	0.384014365195761	0.384014365195761	0.194623485940186	0.74760243437047	0.74760243437047
Bacteria_Bacteroidetes_Bacteroidia_Bacteroidales_Prevotellaceae_Prevotella_7_148	0.388202360191015	0.388202360191015	-0.107944632692229	0.750503451186211	0.750503451186211
Bacteria_Firmicutes_Erysipelotrichia_Erysipelotrichales_Erysipelotrichaceae_Holdemanella_35	0.389307316192043	0.389307316192043	0.247963053046731	0.750503451186211	0.750503451186211
Bacteria_Firmicutes_Clostridia_Clostridiales_Ruminococcaceae_Faecalibacterium_149	0.389605616736011	0.389605616736011	-0.126636201171196	0.750503451186211	0.750503451186211
Bacteria_Firmicutes_Clostridia_Clostridiales_Lachnospiraceae_Blautia_522	0.396099748074812	0.396099748074812	0.0897203543705326	0.755787522256436	0.755787522256436
Bacteria_Firmicutes_Erysipelotrichia_Erysipelotrichales_Erysipelotrichaceae_Holdemanella_6	0.398195409671335	0.398195409671335	0.237342426283069	0.755787522256436	0.755787522256436
Bacteria_Cyanobacteria_Oxyphotobacteria_Chloroplast_NA_NA_2052	0.398954839752401	0.398954839752401	0.07609204171398	0.755787522256436	0.755787522256436
Bacteria_Firmicutes_Clostridia_Clostridiales_Ruminococcaceae_Ruminococcaceae_UCG-013_460	0.401469131582005	0.401469131582005	-0.119567638459386	0.755787522256436	0.755787522256436
Bacteria_Firmicutes_Clostridia_Clostridiales_Clostridiaceae_1_Clostridium_sensu_stricto_1_107	0.401917429239412	0.401917429239412	-0.179076267103857	0.755787522256436	0.755787522256436
Bacteria_Bacteroidetes_Bacteroidia_Bacteroidales_Bacteroidaceae_Bacteroides_102	0.40237611473813	0.40237611473813	0.0697366987462501	0.755787522256436	0.755787522256436
Bacteria_Firmicutes_Clostridia_Clostridiales_Lachnospiraceae_Blautia_68	0.403164288897694	0.403164288897694	0.221475499391959	0.755787522256436	0.755787522256436
Bacteria_Firmicutes_Erysipelotrichia_Erysipelotrichales_Erysipelotrichaceae_Holdemanella_92	0.403575921960581	0.403575921960581	-0.0586390972288053	0.755787522256436	0.755787522256436
Bacteria_Actinobacteria_Actinobacteria_Bifidobacteriales_Bifidobacteriaceae_Bifidobacterium_100	0.404738673120933	0.404738673120933	-0.168622194272807	0.755787522256436	0.755787522256436
Bacteria_Firmicutes_Clostridia_Clostridiales_Family_XIII_NA_1365	0.41050383809564	0.41050383809564	0.0697691009303557	0.761695087739861	0.761695087739861
Bacteria_Proteobacteria_Gammaproteobacteria_Enterobacteriales_Enterobacteriaceae_NA_5	0.412004014337135	0.412004014337135	0.294304975830656	0.761695087739861	0.761695087739861
Bacteria_Firmicutes_Clostridia_Clostridiales_Lachnospiraceae_Roseburia_341	0.413043462392075	0.413043462392075	0.111894396158028	0.761695087739861	0.761695087739861
Bacteria_Firmicutes_Clostridia_Clostridiales_Lachnospiraceae_Lachnospira_442	0.413999496136891	0.413999496136891	0.166499367748506	0.761695087739861	0.761695087739861
Bacteria_NA_NA_NA_NA_NA_1700	0.416115598747434	0.416115598747434	0.054120873940838	0.761695087739861	0.761695087739861
Bacteria_Firmicutes_Clostridia_Clostridiales_Ruminococcaceae_Butyricicoccus_552	0.416226823901563	0.416226823901563	-0.111853420855513	0.761695087739861	0.761695087739861
Bacteria_Firmicutes_Clostridia_Clostridiales_Ruminococcaceae_Ruminococcaceae_UCG-004_327	0.419772868782365	0.419772868782365	0.0596807879931105	0.764896171569289	0.764896171569289
Bacteria_Firmicutes_Erysipelotrichia_Erysipelotrichales_Erysipelotrichaceae_Catenibacterium_33	0.420762557038115	0.420762557038115	-0.179764515981231	0.764896171569289	0.764896171569289
Bacteria_Proteobacteria_Gammaproteobacteria_Betaproteobacteriales_Burkholderiaceae_Parasutterella_601	0.424367701108005	0.424367701108005	0.0724088266624702	0.768903854482821	0.768903854482821
Bacteria_Firmicutes_Clostridia_Clostridiales_Ruminococcaceae_Subdoligranulum_150	0.430770119491923	0.430770119491923	0.133297198977109	0.777573919280913	0.777573919280913
Bacteria_Firmicutes_Clostridia_Clostridiales_Family_XIII_Family_XIII_UCG-001_856	0.431985510711618	0.431985510711618	-0.0786137685346659	0.777573919280913	0.777573919280913
Bacteria_Bacteroidetes_Bacteroidia_Bacteroidales_Bacteroidaceae_Bacteroides_43	0.433953037300002	0.433953037300002	-0.139933134089821	0.77821430520358	0.77821430520358
Bacteria_Firmicutes_Clostridia_Clostridiales_Ruminococcaceae_Oscillibacter_569	0.437917004885995	0.437917004885995	-0.126893212880736	0.77821430520358	0.77821430520358
Bacteria_Firmicutes_Clostridia_Clostridiales_Lachnospiraceae_GCA-900066755_176	0.439565550751339	0.439565550751339	-0.159047924729307	0.77821430520358	0.77821430520358
Bacteria_Firmicutes_Clostridia_Clostridiales_Ruminococcaceae_Ruminococcaceae_UCG-005_344	0.440546011264332	0.440546011264332	0.140572636394458	0.77821430520358	0.77821430520358
Bacteria_Firmicutes_Clostridia_Clostridiales_Ruminococcaceae_NA_1153	0.441690839493031	0.441690839493031	0.0780134400595039	0.77821430520358	0.77821430520358
Bacteria_Bacteroidetes_Bacteroidia_Bacteroidales_Bacteroidaceae_Bacteroides_126	0.443794620925948	0.443794620925948	0.0846595694011163	0.77821430520358	0.77821430520358
Bacteria_Firmicutes_Bacilli_Lactobacillales_Carnobacteriaceae_Granulicatella_1089	0.445010440622533	0.445010440622533	0.109479681831006	0.77821430520358	0.77821430520358
Bacteria_Actinobacteria_Coriobacteriia_Coriobacteriales_Coriobacteriales_Incertae_Sedis_NA_702	0.445040368855231	0.445040368855231	-0.101894805539928	0.77821430520358	0.77821430520358
Bacteria_Firmicutes_Clostridia_Clostridiales_Lachnospiraceae_Agathobacter_531	0.445132559263542	0.445132559263542	-0.102352691303912	0.77821430520358	0.77821430520358
Bacteria_Proteobacteria_Gammaproteobacteria_Enterobacteriales_Enterobacteriaceae_Citrobacter_106	0.446516404625005	0.446516404625005	-0.18631857558938	0.77821430520358	0.77821430520358
Bacteria_Firmicutes_Clostridia_Clostridiales_Peptostreptococcaceae_Romboutsia_282	0.45376812348443	0.45376812348443	0.126779248848835	0.785683766469385	0.785683766469385
Bacteria_Proteobacteria_Deltaproteobacteria_Desulfovibrionales_Desulfovibrionaceae_Bilophila_721	0.454421352446619	0.454421352446619	0.0938346167620806	0.785683766469385	0.785683766469385
Bacteria_Firmicutes_Erysipelotrichia_Erysipelotrichales_Erysipelotrichaceae_Holdemanella_12	0.455095515004125	0.455095515004125	-0.13020504738765	0.785683766469385	0.785683766469385
Bacteria_Firmicutes_Clostridia_Clostridiales_Christensenellaceae_Christensenellaceae_R-7_group_1260	0.457677884122694	0.457677884122694	0.0176786096610558	0.787665073302065	0.787665073302065
Bacteria_Firmicutes_Clostridia_Clostridiales_Christensenellaceae_Christensenellaceae_R-7_group_312	0.462904496863236	0.462904496863236	0.145701945947627	0.792393315196812	0.792393315196812
Bacteria_Firmicutes_Clostridia_Clostridiales_Ruminococcaceae_Ruminococcaceae_UCG-013_439	0.463984076605444	0.463984076605444	0.116524674439039	0.792393315196812	0.792393315196812
Bacteria_Firmicutes_Clostridia_Clostridiales_Ruminococcaceae_Ruminococcaceae_UCG-004_790	0.465537623625217	0.465537623625217	0.00965383596353949	0.792393315196812	0.792393315196812
Bacteria_Firmicutes_Clostridia_Clostridiales_Lachnospiraceae_NA_653	0.466198617137651	0.466198617137651	0.111398904158184	0.792393315196812	0.792393315196812
Bacteria_Firmicutes_Clostridia_Clostridiales_Lachnospiraceae_NA_1067	0.468047430689594	0.468047430689594	-0.0548000269185663	0.792877393350507	0.792877393350507
Bacteria_Firmicutes_Clostridia_Clostridiales_Peptostreptococcaceae_Romboutsia_52	0.469912606692882	0.469912606692882	-0.177457984965842	0.792877393350507	0.792877393350507
Bacteria_Firmicutes_Clostridia_Clostridiales_Lachnospiraceae_NA_308	0.471602865805631	0.471602865805631	-0.0749527405207707	0.792877393350507	0.792877393350507
Bacteria_Bacteroidetes_Bacteroidia_Bacteroidales_Rikenellaceae_Alistipes_108	0.472260305328991	0.472260305328991	-0.177861746946165	0.792877393350507	0.792877393350507
Bacteria_Firmicutes_Clostridia_Clostridiales_Ruminococcaceae_Oscillibacter_777	0.476646154125261	0.476646154125261	-0.115743925414501	0.795771376745224	0.795771376745224
Bacteria_Bacteroidetes_Bacteroidia_Bacteroidales_Barnesiellaceae_Coprobacter_1081	0.47722415845651	0.47722415845651	-0.0804568563722166	0.795771376745224	0.795771376745224
Bacteria_Firmicutes_Clostridia_Clostridiales_Ruminococcaceae_Ruminiclostridium_5_676	0.47962501001071	0.47962501001071	-0.0230723740469153	0.795771376745224	0.795771376745224
Bacteria_Firmicutes_Clostridia_Clostridiales_Lachnospiraceae_Fusicatenibacter_1152	0.479782014030363	0.479782014030363	-0.0884375721419158	0.795771376745224	0.795771376745224
Bacteria_Firmicutes_Clostridia_Clostridiales_Lachnospiraceae_Lachnoclostridium_576	0.481472810051346	0.481472810051346	-0.0907891967807847	0.796170399753582	0.796170399753582
Bacteria_Firmicutes_Clostridia_Clostridiales_Lachnospiraceae_Blautia_427	0.485043580774921	0.485043580774921	-0.0028613065915853	0.799666443980275	0.799666443980275
Bacteria_Actinobacteria_Coriobacteriia_Coriobacteriales_Eggerthellaceae_Enterorhabdus_887	0.487695792874997	0.487695792874997	-0.0591501010444889	0.80163170745022	0.80163170745022
Bacteria_Firmicutes_Bacilli_Lactobacillales_Lactobacillaceae_Lactobacillus_80	0.494294135065143	0.494294135065143	-0.161173939028055	0.807515784513943	0.807515784513943
Bacteria_Firmicutes_Clostridia_Clostridiales_Lachnospiraceae_NA_82	0.494315847763324	0.494315847763324	-0.173146392206125	0.807515784513943	0.807515784513943
Bacteria_Firmicutes_Negativicutes_Selenomonadales_Veillonellaceae_Veillonella_826	0.495688195594169	0.495688195594169	0.100335685042586	0.807515784513943	0.807515784513943
Bacteria_Firmicutes_Clostridia_Clostridiales_Peptostreptococcaceae_Romboutsia_263	0.49902824353211	0.49902824353211	-0.12419749476659	0.810551792009256	0.810551792009256
Bacteria_Actinobacteria_Coriobacteriia_Coriobacteriales_Coriobacteriaceae_Collinsella_53	0.503158602849257	0.503158602849257	-0.156351999445178	0.814849772755876	0.814849772755876
Bacteria_Firmicutes_Clostridia_Clostridiales_Lachnospiraceae_Blautia_118	0.506701943236841	0.506701943236841	-0.190685875242219	0.818174608344194	0.818174608344194
Bacteria_Firmicutes_Clostridia_Clostridiales_Ruminococcaceae_Ruminococcaceae_UCG-014_471	0.509909611299755	0.509909611299755	-0.0303354617247291	0.82093952083157	0.82093952083157
Bacteria_Firmicutes_Clostridia_Clostridiales_Ruminococcaceae_Flavonifractor_729	0.514167470566911	0.514167470566911	-0.105467520082924	0.825374097488989	0.825374097488989
Bacteria_Verrucomicrobia_Verrucomicrobiae_Verrucomicrobiales_Akkermansiaceae_Akkermansia_477	0.517803423318479	0.517803423318479	0.0931700081383142	0.828787403503922	0.828787403503922
Bacteria_Bacteroidetes_Bacteroidia_Bacteroidales_Tannerellaceae_Parabacteroides_421	0.519821533082955	0.519821533082955	0.0603732575440098	0.829598900181808	0.829598900181808
Bacteria_Firmicutes_Clostridia_Clostridiales_NA_NA_799	0.525316941114052	0.525316941114052	0.0620702416788835	0.835939132381491	0.835939132381491
Bacteria_Firmicutes_Clostridia_Clostridiales_Lachnospiraceae_Coprococcus_3_547	0.529787564568753	0.529787564568753	0.0850214260127437	0.840020215745263	0.840020215745263
Bacteria_Firmicutes_Clostridia_Clostridiales_Ruminococcaceae_Ruminiclostridium_5_228	0.53196764140291	0.53196764140291	0.0998228969247726	0.840020215745263	0.840020215745263
Bacteria_Firmicutes_Clostridia_Clostridiales_Ruminococcaceae_Ruminiclostridium_6_819	0.534045830814831	0.534045830814831	0.0950409139409553	0.840020215745263	0.840020215745263
Bacteria_Bacteroidetes_Bacteroidia_Bacteroidales_Rikenellaceae_Rikenellaceae_RC9_gut_group_104	0.535207617057612	0.535207617057612	-0.0549618130914888	0.840020215745263	0.840020215745263
Bacteria_Firmicutes_Negativicutes_Selenomonadales_Acidaminococcaceae_Phascolarctobacterium_138	0.536669270178188	0.536669270178188	0.0519835318021241	0.840020215745263	0.840020215745263
Bacteria_Firmicutes_Clostridia_Clostridiales_Lachnospiraceae_Lachnospiraceae_UCG-001_844	0.537955871515373	0.537955871515373	0.0963196003747518	0.840020215745263	0.840020215745263
Bacteria_Firmicutes_Clostridia_Clostridiales_Ruminococcaceae_Oscillibacter_1971	0.538592196616271	0.538592196616271	0.0576793740888261	0.840020215745263	0.840020215745263
Bacteria_Bacteroidetes_Bacteroidia_Bacteroidales_Rikenellaceae_Alistipes_42	0.544727007889263	0.544727007889263	-0.155849925825824	0.844167908773584	0.844167908773584
Bacteria_Firmicutes_Negativicutes_Selenomonadales_Veillonellaceae_Dialister_67	0.545549327291519	0.545549327291519	-0.114291774972276	0.844167908773584	0.844167908773584
Bacteria_Firmicutes_Clostridia_Clostridiales_Lachnospiraceae_CAG-56_289	0.545864494744303	0.545864494744303	-0.0986277556156468	0.844167908773584	0.844167908773584
Bacteria_Bacteroidetes_Bacteroidia_Bacteroidales_Bacteroidaceae_Bacteroides_637	0.549401415299386	0.549401415299386	0.0577795207115268	0.847251058986974	0.847251058986974
Bacteria_Firmicutes_Clostridia_Clostridiales_Lachnospiraceae_Blautia_110	0.554952986146086	0.554952986146086	-0.15847426449183	0.852086936510768	0.852086936510768
Bacteria_Firmicutes_Clostridia_Clostridiales_Ruminococcaceae_Negativibacillus_580	0.555641390292996	0.555641390292996	0.0148255838470116	0.852086936510768	0.852086936510768
Bacteria_Firmicutes_Clostridia_Clostridiales_Lachnospiraceae_Marvinbryantia_773	0.557500688499959	0.557500688499959	0.0682466489696585	0.85255676319353	0.85255676319353
Bacteria_Firmicutes_Clostridia_Clostridiales_Lachnospiraceae_Fusicatenibacter_172	0.560867983885694	0.560867983885694	0.0837500055936	0.855323675425683	0.855323675425683
Bacteria_Firmicutes_Clostridia_Clostridiales_Ruminococcaceae_Ruminococcaceae_UCG-005_1702	0.570120125245035	0.570120125245035	-0.031194621352599	0.862103906414909	0.862103906414909
Bacteria_Firmicutes_Clostridia_Clostridiales_Lachnospiraceae_Coprococcus_3_125	0.571594369706114	0.571594369706114	-0.144876053513492	0.862103906414909	0.862103906414909
Bacteria_Firmicutes_Bacilli_Lactobacillales_Streptococcaceae_Lactococcus_1060	0.573335091947771	0.573335091947771	0.0694159462331594	0.862103906414909	0.862103906414909
Bacteria_Firmicutes_Clostridia_Clostridiales_Ruminococcaceae_Faecalibacterium_93	0.573392403478718	0.573392403478718	-0.179488044331982	0.862103906414909	0.862103906414909
Bacteria_Firmicutes_Clostridia_Clostridiales_Ruminococcaceae_Subdoligranulum_385	0.573877897931428	0.573877897931428	0.083507178239209	0.862103906414909	0.862103906414909
Bacteria_Firmicutes_Clostridia_Clostridiales_Lachnospiraceae_Lachnospiraceae_ND3007_group_530	0.574735937609939	0.574735937609939	-0.0784069204414421	0.862103906414909	0.862103906414909
Bacteria_Firmicutes_Clostridia_Clostridiales_Lachnospiraceae_NA_368	0.582208787851109	0.582208787851109	0.0806846743151152	0.869512288123623	0.869512288123623
Bacteria_Firmicutes_Clostridia_Clostridiales_Ruminococcaceae_Ruminococcaceae_UCG-013_598	0.582842480928039	0.582842480928039	0.100480947556577	0.869512288123623	0.869512288123623
Bacteria_Firmicutes_Clostridia_Clostridiales_Ruminococcaceae_Ruminiclostridium_6_612	0.584928322432238	0.584928322432238	-0.0674746940494422	0.870259211423574	0.870259211423574
Bacteria_Firmicutes_Clostridia_Clostridiales_Lachnospiraceae_Howardella_1073	0.588429322153844	0.588429322153844	-0.0587797526876528	0.870314814922601	0.870314814922601
Bacteria_Firmicutes_Clostridia_Clostridiales_Lachnospiraceae_Blautia_195	0.589713561746237	0.589713561746237	-0.136741533571958	0.870314814922601	0.870314814922601
Bacteria_Firmicutes_Clostridia_Clostridiales_Lachnospiraceae_Blautia_11	0.589721513936626	0.589721513936626	-0.159900573098799	0.870314814922601	0.870314814922601
Bacteria_Firmicutes_Clostridia_Clostridiales_Christensenellaceae_Christensenellaceae_R-7_group_464	0.591561471602322	0.591561471602322	0.0724387953198831	0.870689672680094	0.870689672680094
Bacteria_Firmicutes_Clostridia_Clostridiales_Lachnospiraceae_Dorea_322	0.594170769208111	0.594170769208111	-0.104087106547643	0.872191851056826	0.872191851056826
Bacteria_Actinobacteria_Coriobacteriia_Coriobacteriales_Eggerthellaceae_Adlercreutzia_1250	0.597870987675173	0.597870987675173	0.0555794586191225	0.875283125956453	0.875283125956453
Bacteria_Bacteroidetes_Bacteroidia_Bacteroidales_Tannerellaceae_Parabacteroides_241	0.599686583749751	0.599686583749751	0.109887181076873	0.875606208719717	0.875606208719717
Bacteria_Firmicutes_Clostridia_Clostridiales_Ruminococcaceae_Ruminococcaceae_UCG-014_914	0.60257724840637	0.60257724840637	-0.063650294357872	0.877493128315908	0.877493128315908
Bacteria_Firmicutes_Clostridia_Clostridiales_Lachnospiraceae_Lachnoclostridium_5_616	0.606115314181814	0.606115314181814	0.0818660815780884	0.879571664052534	0.879571664052534
Bacteria_Actinobacteria_Coriobacteriia_Coriobacteriales_Coriobacteriaceae_Collinsella_561	0.607208853690183	0.607208853690183	-0.0613063612758758	0.879571664052534	0.879571664052534
Bacteria_Bacteroidetes_Bacteroidia_Bacteroidales_Rikenellaceae_Alistipes_156	0.610662941310033	0.610662941310033	-0.0484924733211473	0.882247249418968	0.882247249418968
Bacteria_Bacteroidetes_Bacteroidia_Bacteroidales_Bacteroidaceae_Bacteroides_334	0.615218454516043	0.615218454516043	0.0775871527159236	0.884154202558653	0.884154202558653
Bacteria_Firmicutes_Clostridia_Clostridiales_Ruminococcaceae_Ruminiclostridium_5_655	0.619122371373675	0.619122371373675	-0.0530647805350781	0.884154202558653	0.884154202558653
Bacteria_Bacteroidetes_Bacteroidia_Bacteroidales_Bacteroidaceae_Bacteroides_23	0.620605921669135	0.620605921669135	-0.0602562329388922	0.884154202558653	0.884154202558653
Bacteria_Firmicutes_Bacilli_Lactobacillales_Streptococcaceae_Streptococcus_1021	0.622471418337699	0.622471418337699	-0.0566359367036472	0.884154202558653	0.884154202558653
Bacteria_Bacteroidetes_Bacteroidia_Bacteroidales_Prevotellaceae_Prevotella_9_247	0.622531392030701	0.622531392030701	0.112738615421987	0.884154202558653	0.884154202558653
Bacteria_Firmicutes_Clostridia_Clostridiales_Ruminococcaceae_Subdoligranulum_78	0.623151565832063	0.623151565832063	0.068604552287289	0.884154202558653	0.884154202558653
Bacteria_Firmicutes_Clostridia_Clostridiales_Ruminococcaceae_UBA1819_252	0.623256241147903	0.623256241147903	0.0961708628004382	0.884154202558653	0.884154202558653
Bacteria_Firmicutes_Clostridia_Clostridiales_Ruminococcaceae_Subdoligranulum_218	0.627711074480242	0.627711074480242	-0.07375959516401	0.88817881414859	0.88817881414859
Bacteria_Firmicutes_Clostridia_Clostridiales_Lachnospiraceae_Marvinbryantia_397	0.632229288495973	0.632229288495973	0.0941475004642925	0.889293368490202	0.889293368490202
Bacteria_Firmicutes_Clostridia_Clostridiales_Ruminococcaceae_NA_137	0.632292239716472	0.632292239716472	-0.0694463618527816	0.889293368490202	0.889293368490202
Bacteria_Firmicutes_Clostridia_Clostridiales_Ruminococcaceae_Ruminiclostridium_9_1042	0.633358300691564	0.633358300691564	-0.0571472152711436	0.889293368490202	0.889293368490202
Bacteria_Firmicutes_Clostridia_Clostridiales_Lachnospiraceae_Roseburia_860	0.635007314037874	0.635007314037874	-0.070344842925031	0.889334222976512	0.889334222976512
Bacteria_Firmicutes_Clostridia_Clostridiales_Ruminococcaceae_Subdoligranulum_24	0.639393246230349	0.639393246230349	-0.124291295423533	0.892475906746368	0.892475906746368
Bacteria_Firmicutes_Clostridia_Clostridiales_Ruminococcaceae_NA_2594	0.640501834714151	0.640501834714151	-0.0286974351633011	0.892475906746368	0.892475906746368
Bacteria_Firmicutes_Erysipelotrichia_Erysipelotrichales_Erysipelotrichaceae_Holdemania_1908	0.648460228367366	0.648460228367366	-0.0329140570659412	0.89721129284402	0.89721129284402
Bacteria_Firmicutes_Clostridia_Clostridiales_Lachnospiraceae_Lachnospiraceae_NK4A136_group_399	0.650709426215567	0.650709426215567	-0.0888165219449679	0.89721129284402	0.89721129284402
Bacteria_Firmicutes_Clostridia_Clostridiales_Lachnospiraceae_NA_329	0.651252013091793	0.651252013091793	-0.0972659396922763	0.89721129284402	0.89721129284402
Bacteria_Actinobacteria_Coriobacteriia_Coriobacteriales_Eggerthellaceae_NA_2236	0.65404536053514	0.65404536053514	-0.0232417936714439	0.89721129284402	0.89721129284402
Bacteria_Proteobacteria_Gammaproteobacteria_Pasteurellales_Pasteurellaceae_Haemophilus_913	0.655569065107937	0.655569065107937	-0.0612988231584831	0.89721129284402	0.89721129284402
Bacteria_Firmicutes_Clostridia_Clostridiales_Peptostreptococcaceae_Intestinibacter_20	0.655943401764075	0.655943401764075	-0.111039631194281	0.89721129284402	0.89721129284402
Bacteria_Firmicutes_Clostridia_Clostridiales_Ruminococcaceae_NA_71	0.657833492536615	0.657833492536615	0.121322462694357	0.89721129284402	0.89721129284402
Bacteria_Firmicutes_Clostridia_Clostridiales_Lachnospiraceae_Coprococcus_3_496	0.659396478954153	0.659396478954153	-0.0898285942828769	0.89721129284402	0.89721129284402
Bacteria_Actinobacteria_Coriobacteriia_Coriobacteriales_Coriobacteriaceae_Collinsella_135	0.661300734593348	0.661300734593348	0.0678242975418195	0.89721129284402	0.89721129284402
Bacteria_Bacteroidetes_Bacteroidia_Bacteroidales_Bacteroidaceae_Bacteroides_280	0.664066276733483	0.664066276733483	-0.0792607112088642	0.89721129284402	0.89721129284402
Bacteria_Firmicutes_Clostridia_Clostridiales_Lachnospiraceae_Lachnospira_1227	0.665359775559968	0.665359775559968	0.0503770522891057	0.89721129284402	0.89721129284402
Bacteria_Firmicutes_Clostridia_Clostridiales_Lachnospiraceae_NA_401	0.665928013984239	0.665928013984239	-0.0738002416511494	0.89721129284402	0.89721129284402
Bacteria_Firmicutes_Erysipelotrichia_Erysipelotrichales_Erysipelotrichaceae_NA_793	0.666508295462243	0.666508295462243	0.0688878635596161	0.89721129284402	0.89721129284402
Bacteria_Firmicutes_Clostridia_Clostridiales_Lachnospiraceae_NA_182	0.667077702805587	0.667077702805587	0.0834458463938889	0.89721129284402	0.89721129284402
Bacteria_Bacteroidetes_Bacteroidia_Bacteroidales_Bacteroidaceae_Bacteroides_60	0.67157548791728	0.67157548791728	0.0502536456871704	0.89721129284402	0.89721129284402
Bacteria_Firmicutes_Clostridia_Clostridiales_Ruminococcaceae_Ruminiclostridium_6_469	0.671737515102391	0.671737515102391	0.058529251106171	0.89721129284402	0.89721129284402
Bacteria_Proteobacteria_Gammaproteobacteria_Enterobacteriales_Enterobacteriaceae_Escherichia/Shigella_32	0.671896434622177	0.671896434622177	0.15243592684959	0.89721129284402	0.89721129284402
Bacteria_Firmicutes_Bacilli_Lactobacillales_Streptococcaceae_Streptococcus_920	0.674326129639645	0.674326129639645	0.0431818462287453	0.89721129284402	0.89721129284402
Bacteria_Bacteroidetes_Bacteroidia_Bacteroidales_Bacteroidaceae_Bacteroides_97	0.674951300445501	0.674951300445501	0.0683592563379227	0.89721129284402	0.89721129284402
Bacteria_Firmicutes_Clostridia_Clostridiales_Ruminococcaceae_Intestinimonas_1473	0.678072127262392	0.678072127262392	-0.0341378087591499	0.89815049359898	0.89815049359898
Bacteria_Firmicutes_Clostridia_Clostridiales_Ruminococcaceae_NA_904	0.680845334582692	0.680845334582692	0.0514736790010853	0.89815049359898	0.89815049359898
Bacteria_Firmicutes_Clostridia_Clostridiales_Lachnospiraceae_Blautia_587	0.682168605434592	0.682168605434592	-0.069607131206137	0.89815049359898	0.89815049359898
Bacteria_Firmicutes_Clostridia_Clostridiales_Lachnospiraceae_Dorea_46	0.682411930288614	0.682411930288614	-0.102108950616755	0.89815049359898	0.89815049359898
Bacteria_Bacteroidetes_Bacteroidia_Bacteroidales_Bacteroidaceae_Bacteroides_198	0.686000349337528	0.686000349337528	-0.08383967487376	0.89815049359898	0.89815049359898
Bacteria_Firmicutes_Clostridia_Clostridiales_Ruminococcaceae_Subdoligranulum_190	0.690305499639145	0.690305499639145	-0.053912085215029	0.89815049359898	0.89815049359898
Bacteria_Firmicutes_Clostridia_Clostridiales_Lachnospiraceae_Blautia_59	0.690682350228904	0.690682350228904	0.0960432410018384	0.89815049359898	0.89815049359898
Bacteria_Firmicutes_Clostridia_Clostridiales_Ruminococcaceae_Ruminococcaceae_UCG-013_132	0.690995939504693	0.690995939504693	-0.095010618276945	0.89815049359898	0.89815049359898
Bacteria_Actinobacteria_Coriobacteriia_Coriobacteriales_Coriobacteriaceae_Collinsella_37	0.692191617256049	0.692191617256049	0.0599171717855005	0.89815049359898	0.89815049359898
Bacteria_Actinobacteria_Coriobacteriia_Coriobacteriales_Coriobacteriales_Incertae_Sedis_NA_1507	0.693490829190238	0.693490829190238	-0.02174696331384	0.89815049359898	0.89815049359898
Bacteria_Firmicutes_Clostridia_Clostridiales_Ruminococcaceae_Ruminococcaceae_NK4A214_group_843	0.693659010572994	0.693659010572994	-0.0436440726039199	0.89815049359898	0.89815049359898
Bacteria_Bacteroidetes_Bacteroidia_Bacteroidales_Tannerellaceae_Parabacteroides_302	0.695289544225075	0.695289544225075	0.0587921183871986	0.89815049359898	0.89815049359898
Bacteria_Firmicutes_Clostridia_Clostridiales_Ruminococcaceae_Ruminococcaceae_UCG-005_1024	0.700886148143821	0.700886148143821	0.0324623565400107	0.901664396723238	0.901664396723238
Bacteria_Firmicutes_Clostridia_Clostridiales_Ruminococcaceae_Subdoligranulum_153	0.70129453078474	0.70129453078474	0.0818945156115557	0.901664396723238	0.901664396723238
Bacteria_Firmicutes_Clostridia_Clostridiales_Lachnospiraceae_NA_432	0.705230542688718	0.705230542688718	-0.0705292508303969	0.904606467140435	0.904606467140435
Bacteria_Firmicutes_Clostridia_Clostridiales_Lachnospiraceae_Fusicatenibacter_73	0.707761732578864	0.707761732578864	0.102978270605482	0.905022951798298	0.905022951798298
Bacteria_Bacteroidetes_Bacteroidia_Bacteroidales_Bacteroidaceae_Bacteroides_21	0.710102409704173	0.710102409704173	-0.0925691566991721	0.905022951798298	0.905022951798298
Bacteria_Bacteroidetes_Bacteroidia_Bacteroidales_Tannerellaceae_Parabacteroides_63	0.710500714435458	0.710500714435458	0.0852476417888773	0.905022951798298	0.905022951798298
Bacteria_Firmicutes_Clostridia_Clostridiales_Ruminococcaceae_NA_224	0.713955901088107	0.713955901088107	0.0536206691058266	0.907219675089123	0.907219675089123
Bacteria_Firmicutes_Clostridia_Clostridiales_NA_NA_1607	0.716756050760066	0.716756050760066	-0.0281478721135976	0.907219675089123	0.907219675089123
Bacteria_Firmicutes_Clostridia_Clostridiales_Lachnospiraceae_Coprococcus_1_995	0.723412486890802	0.723412486890802	0.0272228067018835	0.907219675089123	0.907219675089123
Bacteria_Firmicutes_Erysipelotrichia_Erysipelotrichales_Erysipelotrichaceae_Erysipelatoclostridium_1677	0.725468745164006	0.725468745164006	-0.0387073191195376	0.907219675089123	0.907219675089123
Bacteria_Firmicutes_Clostridia_Clostridiales_Clostridiaceae_1_Clostridium_sensu_stricto_1_360	0.726105916206392	0.726105916206392	-0.0547912812351326	0.907219675089123	0.907219675089123
Bacteria_Actinobacteria_Coriobacteriia_Coriobacteriales_Coriobacteriaceae_Collinsella_623	0.732081502164545	0.732081502164545	0.0190233669721185	0.907219675089123	0.907219675089123
Bacteria_Firmicutes_Clostridia_Clostridiales_Ruminococcaceae_Ruminococcaceae_UCG-013_466	0.734372113675199	0.734372113675199	0.0546657687957651	0.907219675089123	0.907219675089123
Bacteria_Firmicutes_Clostridia_Clostridiales_Lachnospiraceae_Agathobacter_230	0.737668916583388	0.737668916583388	0.0743165031740342	0.907219675089123	0.907219675089123
Bacteria_Actinobacteria_Actinobacteria_Bifidobacteriales_Bifidobacteriaceae_Bifidobacterium_22	0.739519472461536	0.739519472461536	-0.0910595017086771	0.907219675089123	0.907219675089123
Bacteria_Firmicutes_Clostridia_Clostridiales_Lachnospiraceae_Blautia_287	0.73972969640743	0.73972969640743	-0.0695115734913415	0.907219675089123	0.907219675089123
Bacteria_Firmicutes_Clostridia_Clostridiales_Ruminococcaceae_Subdoligranulum_95	0.743758409689726	0.743758409689726	-0.0601467663472527	0.907219675089123	0.907219675089123
Bacteria_Bacteroidetes_Bacteroidia_Bacteroidales_Marinifilaceae_Odoribacter_1240	0.746034164178347	0.746034164178347	0.0342806201545258	0.907219675089123	0.907219675089123
Bacteria_Actinobacteria_Coriobacteriia_Coriobacteriales_Eggerthellaceae_Slackia_864	0.746101414193275	0.746101414193275	0.0329415833110753	0.907219675089123	0.907219675089123
Bacteria_Firmicutes_Clostridia_Clostridiales_Ruminococcaceae_Ruminococcaceae_UCG-005_926	0.746731131424366	0.746731131424366	-0.0420281032171973	0.907219675089123	0.907219675089123
Bacteria_Firmicutes_Erysipelotrichia_Erysipelotrichales_Erysipelotrichaceae_NA_1117	0.747497644071723	0.747497644071723	-0.0277294031978673	0.907219675089123	0.907219675089123
Bacteria_Firmicutes_Clostridia_Clostridiales_Lachnospiraceae_Blautia_166	0.75100989638462	0.75100989638462	0.0893085476327279	0.907219675089123	0.907219675089123
Bacteria_Proteobacteria_Gammaproteobacteria_Betaproteobacteriales_Burkholderiaceae_Ralstonia_2654	0.752499096327346	0.752499096327346	-0.020212611809019	0.907219675089123	0.907219675089123
Bacteria_Actinobacteria_Actinobacteria_Bifidobacteriales_Bifidobacteriaceae_Bifidobacterium_25	0.755492501912832	0.755492501912832	0.0697572298626098	0.907219675089123	0.907219675089123
Bacteria_Firmicutes_Erysipelotrichia_Erysipelotrichales_Erysipelotrichaceae_Holdemania_2232	0.755632718791934	0.755632718791934	-0.026796352061886	0.907219675089123	0.907219675089123
Bacteria_Firmicutes_Erysipelotrichia_Erysipelotrichales_Erysipelotrichaceae_Dielma_1414	0.755774721205161	0.755774721205161	-0.0365617430184998	0.907219675089123	0.907219675089123
Bacteria_Firmicutes_Clostridia_Clostridiales_Ruminococcaceae_Ruminococcus_2_79	0.756088272856637	0.756088272856637	-0.0713763898346389	0.907219675089123	0.907219675089123
Bacteria_Firmicutes_Bacilli_Lactobacillales_Streptococcaceae_Streptococcus_231	0.757707423460085	0.757707423460085	0.0760111610144706	0.907219675089123	0.907219675089123
Bacteria_Bacteroidetes_Bacteroidia_Bacteroidales_Rikenellaceae_Alistipes_571	0.758532158529809	0.758532158529809	-0.0265834995719574	0.907219675089123	0.907219675089123
Bacteria_Firmicutes_Clostridia_Clostridiales_Ruminococcaceae_NA_254	0.759083326053925	0.759083326053925	0.0655360175396195	0.907219675089123	0.907219675089123
Bacteria_Proteobacteria_Gammaproteobacteria_Enterobacteriales_Enterobacteriaceae_Klebsiella_19	0.75920752092992	0.75920752092992	-0.092157426301936	0.907219675089123	0.907219675089123
Bacteria_Firmicutes_Clostridia_Clostridiales_Lachnospiraceae_Dorea_40	0.760977310118872	0.760977310118872	0.0913169529436862	0.907219675089123	0.907219675089123
Bacteria_Firmicutes_Clostridia_Clostridiales_Lachnospiraceae_NA_266	0.761224233204135	0.761224233204135	-0.0501781863593879	0.907219675089123	0.907219675089123
Bacteria_Firmicutes_Clostridia_Clostridiales_Christensenellaceae_NA_463	0.762830194388	0.762830194388	-0.0362788296851658	0.907219675089123	0.907219675089123
Bacteria_Firmicutes_Clostridia_Clostridiales_Family_XIII_Family_XIII_AD3011_group_2161	0.763263880573386	0.763263880573386	-0.0266824305152752	0.907219675089123	0.907219675089123
Bacteria_Firmicutes_Clostridia_Clostridiales_Lachnospiraceae_Fusicatenibacter_362	0.76327939485641	0.76327939485641	-0.0488940966749205	0.907219675089123	0.907219675089123
Bacteria_Firmicutes_Clostridia_Clostridiales_Ruminococcaceae_Faecalibacterium_419	0.765912310320699	0.765912310320699	0.0473043333623386	0.907219675089123	0.907219675089123
Bacteria_Firmicutes_Clostridia_Clostridiales_Christensenellaceae_Christensenella_1849	0.766465088359337	0.766465088359337	-0.0264204968551571	0.907219675089123	0.907219675089123
Bacteria_Bacteroidetes_Bacteroidia_Bacteroidales_Bacteroidaceae_Bacteroides_170	0.767789995077721	0.767789995077721	-0.0425826387310418	0.907219675089123	0.907219675089123
Bacteria_Bacteroidetes_Bacteroidia_Bacteroidales_Rikenellaceae_Alistipes_888	0.768410107315924	0.768410107315924	-0.0159957377564221	0.907219675089123	0.907219675089123
Bacteria_Firmicutes_Clostridia_Clostridiales_Ruminococcaceae_Ruminiclostridium_5_560	0.771067268194257	0.771067268194257	0.0295077647248137	0.907291044222065	0.907291044222065
Bacteria_Actinobacteria_Coriobacteriia_Coriobacteriales_Eggerthellaceae_Adlercreutzia_922	0.77243084774565	0.77243084774565	-0.0337508217913745	0.907291044222065	0.907291044222065
Bacteria_Firmicutes_Clostridia_Clostridiales_Ruminococcaceae_Ruminococcaceae_UCG-005_700	0.773428431140121	0.773428431140121	0.032625328622637	0.907291044222065	0.907291044222065
Bacteria_Actinobacteria_Actinobacteria_Bifidobacteriales_Bifidobacteriaceae_Bifidobacterium_84	0.788008339597741	0.788008339597741	-0.0378517375585442	0.919211889943069	0.919211889943069
Bacteria_Bacteroidetes_Bacteroidia_Bacteroidales_Prevotellaceae_Prevotella_9_105	0.790023455365491	0.790023455365491	-0.0501915559001133	0.919211889943069	0.919211889943069
Bacteria_Bacteroidetes_Bacteroidia_Bacteroidales_Rikenellaceae_Alistipes_167	0.791122858580114	0.791122858580114	0.0378404553108584	0.919211889943069	0.919211889943069
Bacteria_Actinobacteria_Actinobacteria_Bifidobacteriales_Bifidobacteriaceae_Bifidobacterium_1002	0.793369038008774	0.793369038008774	-0.0363452666273995	0.919211889943069	0.919211889943069
Bacteria_Firmicutes_Clostridia_Clostridiales_Ruminococcaceae_Ruminococcaceae_UCG-002_396	0.796030743667196	0.796030743667196	0.0492168097580185	0.919211889943069	0.919211889943069
Bacteria_Firmicutes_Clostridia_Clostridiales_Lachnospiraceae_Blautia_424	0.798325776458428	0.798325776458428	-0.0351972347805161	0.919211889943069	0.919211889943069
Bacteria_Firmicutes_Clostridia_Clostridiales_Ruminococcaceae_Ruminococcaceae_UCG-005_1278	0.799096569812975	0.799096569812975	0.0297715398343877	0.919211889943069	0.919211889943069
Bacteria_Firmicutes_Clostridia_Clostridiales_Christensenellaceae_Christensenellaceae_R-7_group_387	0.799230495956668	0.799230495956668	-0.0278484681238712	0.919211889943069	0.919211889943069
Bacteria_Firmicutes_Clostridia_Clostridiales_Lachnospiraceae_Roseburia_192	0.80131294262741	0.80131294262741	0.0565651906211284	0.919211889943069	0.919211889943069
Bacteria_Firmicutes_Clostridia_Clostridiales_Lachnospiraceae_Roseburia_197	0.801509432867542	0.801509432867542	0.0604771770727315	0.919211889943069	0.919211889943069
Bacteria_Firmicutes_Clostridia_Clostridiales_Lachnospiraceae_Roseburia_351	0.805227185031351	0.805227185031351	0.0494496775410573	0.919211889943069	0.919211889943069
Bacteria_Actinobacteria_Coriobacteriia_Coriobacteriales_NA_NA_1180	0.805542855929801	0.805542855929801	-0.0258406107987318	0.919211889943069	0.919211889943069
Bacteria_Firmicutes_Clostridia_Clostridiales_Ruminococcaceae_NA_2596	0.808196027053004	0.808196027053004	-0.0175125027618388	0.919211889943069	0.919211889943069
Bacteria_Firmicutes_Clostridia_Clostridiales_Christensenellaceae_Christensenellaceae_R-7_group_416	0.809388918242782	0.809388918242782	-0.0434904820997227	0.919211889943069	0.919211889943069
Bacteria_Firmicutes_Erysipelotrichia_Erysipelotrichales_Erysipelotrichaceae_Coprobacillus_532	0.810830791491285	0.810830791491285	0.0364673440705972	0.919211889943069	0.919211889943069
Bacteria_Firmicutes_Clostridia_Clostridiales_Christensenellaceae_Christensenellaceae_R-7_group_342	0.812007106370256	0.812007106370256	-0.0454462678623679	0.919211889943069	0.919211889943069
Bacteria_Actinobacteria_Coriobacteriia_Coriobacteriales_Eggerthellaceae_Adlercreutzia_644	0.812054219712912	0.812054219712912	-0.0255942387157965	0.919211889943069	0.919211889943069
Bacteria_Actinobacteria_Actinobacteria_Actinomycetales_Actinomycetaceae_Actinomyces_1801	0.815636517374829	0.815636517374829	0.015650958213627	0.921367177034529	0.921367177034529
Bacteria_Bacteroidetes_Bacteroidia_Bacteroidales_Bacteroidaceae_Bacteroides_116	0.817701070377408	0.817701070377408	0.0478873502123765	0.921802644018885	0.921802644018885
Bacteria_Actinobacteria_Coriobacteriia_Coriobacteriales_Eggerthellaceae_Adlercreutzia_555	0.81949876712469	0.81949876712469	-0.0380992308908171	0.921936113015276	0.921936113015276
Bacteria_Actinobacteria_Coriobacteriia_Coriobacteriales_Eggerthellaceae_Adlercreutzia_1055	0.827387813403761	0.827387813403761	-0.0107485526606696	0.928907790508517	0.928907790508517
Bacteria_Firmicutes_Clostridia_Clostridiales_Ruminococcaceae_Ruminococcus_1_245	0.829642460256664	0.829642460256664	-0.0350220928769923	0.929538185063079	0.929538185063079
Bacteria_Bacteroidetes_Bacteroidia_Bacteroidales_Rikenellaceae_Alistipes_634	0.832323723489991	0.832323723489991	0.0191362637740911	0.930643022802454	0.930643022802454
Bacteria_Bacteroidetes_Bacteroidia_Bacteroidales_Bacteroidaceae_Bacteroides_4	0.839456596230336	0.839456596230336	0.0402008921211012	0.93409658959146	0.93409658959146
Bacteria_Firmicutes_Clostridia_Clostridiales_Ruminococcaceae_Subdoligranulum_291	0.841403582438123	0.841403582438123	0.0315964403545158	0.93409658959146	0.93409658959146
Bacteria_Firmicutes_Erysipelotrichia_Erysipelotrichales_Erysipelotrichaceae_Erysipelotrichaceae_UCG-003_343	0.841621005922771	0.841621005922771	-0.0233362884932479	0.93409658959146	0.93409658959146
Bacteria_Firmicutes_Clostridia_Clostridiales_Lachnospiraceae_Roseburia_1797	0.84221823651689	0.84221823651689	0.0196347087079122	0.93409658959146	0.93409658959146
Bacteria_Firmicutes_Bacilli_Lactobacillales_Streptococcaceae_Streptococcus_1342	0.847880273848191	0.847880273848191	0.0168218324125939	0.937145085526766	0.937145085526766
Bacteria_Firmicutes_Clostridia_Clostridiales_Family_XIII_Family_XIII_AD3011_group_1445	0.848380887990533	0.848380887990533	0.0193206094317395	0.937145085526766	0.937145085526766
Bacteria_Firmicutes_Clostridia_Clostridiales_Lachnospiraceae_NA_203	0.852058869197309	0.852058869197309	-0.0494877572814141	0.93931791001872	0.93931791001872
Bacteria_Firmicutes_Erysipelotrichia_Erysipelotrichales_Erysipelotrichaceae_Turicibacter_58	0.862624840888555	0.862624840888555	0.036913734311329	0.947672397661914	0.947672397661914
Bacteria_Firmicutes_Clostridia_Clostridiales_Lachnospiraceae_NA_381	0.863089615356934	0.863089615356934	0.0371362205369047	0.947672397661914	0.947672397661914
Bacteria_Firmicutes_Clostridia_Clostridiales_Lachnospiraceae_Roseburia_533	0.86617414648977	0.86617414648977	0.0275142919245589	0.94916089106364	0.94916089106364
Bacteria_Firmicutes_Clostridia_Clostridiales_Lachnospiraceae_Dorea_262	0.868555914960318	0.868555914960318	-0.0267407825952395	0.949874895046244	0.949874895046244
Bacteria_Firmicutes_Clostridia_Clostridiales_Ruminococcaceae_Faecalibacterium_872	0.871173455141527	0.871173455141527	-0.0182916545282832	0.950843393385086	0.950843393385086
Bacteria_Proteobacteria_Alphaproteobacteria_Rhodospirillales_NA_NA_459	0.87312625907473	0.87312625907473	0.0274943462455058	0.95108396077783	0.95108396077783
Bacteria_Actinobacteria_Coriobacteriia_Coriobacteriales_Coriobacteriaceae_Collinsella_9	0.875128210351086	0.875128210351086	-0.028733476535391	0.951377004916329	0.951377004916329
Bacteria_Firmicutes_Clostridia_Clostridiales_Lachnospiraceae_Fusicatenibacter_194	0.880594626788461	0.880594626788461	0.0199142869077311	0.955427767009615	0.955427767009615
Bacteria_Firmicutes_Clostridia_Clostridiales_Lachnospiraceae_Dorea_211	0.892675677741184	0.892675677741184	0.0198507597347189	0.966625142169447	0.966625142169447
Bacteria_Firmicutes_Clostridia_Clostridiales_Lachnospiraceae_Fusicatenibacter_242	0.895871794125416	0.895871794125416	-0.0187270271167269	0.968176407430814	0.968176407430814
Bacteria_Firmicutes_Clostridia_Clostridiales_Ruminococcaceae_Ruminococcus_1_143	0.899179264264435	0.899179264264435	0.0274704715730787	0.96843820711122	0.96843820711122
Bacteria_Firmicutes_Clostridia_Clostridiales_Ruminococcaceae_Faecalibacterium_155	0.899642050321898	0.899642050321898	-0.0227740831078521	0.96843820711122	0.96843820711122
Bacteria_Firmicutes_Clostridia_Clostridiales_Lachnospiraceae_CAG-56_264	0.904865091048328	0.904865091048328	0.0205656260689206	0.971286370664077	0.971286370664077
Bacteria_Firmicutes_Clostridia_Clostridiales_Lachnospiraceae_Coprococcus_3_313	0.907398540297015	0.907398540297015	0.0177189646846137	0.971286370664077	0.971286370664077
Bacteria_Firmicutes_Bacilli_Lactobacillales_Streptococcaceae_Streptococcus_456	0.907595461112334	0.907595461112334	0.0215123187088777	0.971286370664077	0.971286370664077
Bacteria_Firmicutes_Clostridia_Clostridiales_Lachnospiraceae_Lachnospiraceae_NK4A136_group_131	0.917030454478047	0.917030454478047	-0.02600377753203	0.977497750476215	0.977497750476215
Bacteria_Bacteroidetes_Bacteroidia_Bacteroidales_Rikenellaceae_Alistipes_608	0.921252394619663	0.921252394619663	0.00799430092364483	0.977497750476215	0.977497750476215
Bacteria_Firmicutes_Clostridia_Clostridiales_Ruminococcaceae_Ruminococcaceae_UCG-002_371	0.921761757607464	0.921761757607464	0.0184117017955484	0.977497750476215	0.977497750476215
Bacteria_Firmicutes_Clostridia_Clostridiales_Lachnospiraceae_Coprococcus_3_1251	0.922141946804779	0.922141946804779	0.0102349310578205	0.977497750476215	0.977497750476215
Bacteria_Firmicutes_Clostridia_Clostridiales_Peptostreptococcaceae_Romboutsia_297	0.922302066933842	0.922302066933842	-0.0173160132312484	0.977497750476215	0.977497750476215
Bacteria_Firmicutes_Negativicutes_Selenomonadales_Acidaminococcaceae_Phascolarctobacterium_1676	0.92438653848442	0.92438653848442	0.00449530298643027	0.977717765373489	0.977717765373489
Bacteria_Firmicutes_Clostridia_Clostridiales_Ruminococcaceae_Ruminococcus_2_256	0.928061183749587	0.928061183749587	0.0191010002114136	0.977717765373489	0.977717765373489
Bacteria_Firmicutes_Clostridia_Clostridiales_Ruminococcaceae_Faecalibacterium_202	0.928106334630844	0.928106334630844	0.0180188728986964	0.977717765373489	0.977717765373489
Bacteria_Bacteroidetes_Bacteroidia_Bacteroidales_Rikenellaceae_Alistipes_462	0.929633285109219	0.929633285109219	-0.0100943196131661	0.977717765373489	0.977717765373489
Bacteria_Firmicutes_Clostridia_Clostridiales_Lachnospiraceae_NA_1530	0.932948607076039	0.932948607076039	0.00642160745358943	0.97886751623242	0.97886751623242
Bacteria_Firmicutes_Clostridia_Clostridiales_Ruminococcaceae_NA_377	0.934292492724568	0.934292492724568	0.0132622308894195	0.97886751623242	0.97886751623242
Bacteria_Firmicutes_Clostridia_Clostridiales_Ruminococcaceae_Ruminiclostridium_5_272	0.940103263686395	0.940103263686395	0.0113138144385147	0.982439382037172	0.982439382037172
Bacteria_Firmicutes_Clostridia_Clostridiales_Christensenellaceae_Christensenellaceae_R-7_group_1505	0.942628897145284	0.942628897145284	0.00850294987637162	0.982439382037172	0.982439382037172
Bacteria_Actinobacteria_Coriobacteriia_Coriobacteriales_Eggerthellaceae_Eggerthella_453	0.943070226472841	0.943070226472841	0.0120983420278233	0.982439382037172	0.982439382037172
Bacteria_Firmicutes_Clostridia_Clostridiales_Peptostreptococcaceae_Romboutsia_128	0.95005947193564	0.95005947193564	-0.0139135138077892	0.985982926089516	0.985982926089516
Bacteria_Firmicutes_Clostridia_Clostridiales_Clostridiaceae_1_Clostridium_sensu_stricto_1_119	0.950339366358416	0.950339366358416	0.0152398238685309	0.985982926089516	0.985982926089516
Bacteria_Actinobacteria_Actinobacteria_Bifidobacteriales_Bifidobacteriaceae_Bifidobacterium_18	0.953413838461047	0.953413838461047	-0.0170561044714748	0.985982926089516	0.985982926089516
Bacteria_Firmicutes_Clostridia_Clostridiales_Ruminococcaceae_NA_309	0.955250792090819	0.955250792090819	0.0100733139896025	0.985982926089516	0.985982926089516
Bacteria_Firmicutes_Clostridia_Clostridiales_Ruminococcaceae_Subdoligranulum_551	0.956493368697124	0.956493368697124	0.00701664589582002	0.985982926089516	0.985982926089516
Bacteria_Firmicutes_Clostridia_Clostridiales_Lachnospiraceae_Lachnospira_624	0.958323307139798	0.958323307139798	0.00808903399895456	0.985982926089516	0.985982926089516
Bacteria_Firmicutes_Clostridia_Clostridiales_Lachnospiraceae_Roseburia_193	0.960796934539819	0.960796934539819	0.0111196639108448	0.985982926089516	0.985982926089516
Bacteria_Firmicutes_Clostridia_Clostridiales_Lachnospiraceae_NA_275	0.961821504593608	0.961821504593608	0.00633893370632887	0.985982926089516	0.985982926089516
Bacteria_Bacteroidetes_Bacteroidia_Bacteroidales_Bacteroidaceae_Bacteroides_250	0.964438689913458	0.964438689913458	0.00636171420899122	0.985982926089516	0.985982926089516
Bacteria_Firmicutes_Clostridia_Clostridiales_Lachnospiraceae_Lachnospiraceae_ND3007_group_827	0.965620197340163	0.965620197340163	-0.00397774026316794	0.985982926089516	0.985982926089516
Bacteria_Firmicutes_Negativicutes_Selenomonadales_Acidaminococcaceae_Phascolarctobacterium_294	0.966227348335445	0.966227348335445	0.00506491822359001	0.985982926089516	0.985982926089516
Bacteria_Firmicutes_Clostridia_Clostridiales_Ruminococcaceae_Ruminococcaceae_UCG-010_1074	0.96828223122918	0.96828223122918	0.00278972956267358	0.986246651103562	0.986246651103562
Bacteria_Firmicutes_Clostridia_Clostridiales_Ruminococcaceae_DTU089_2001	0.970948832120746	0.970948832120746	0.00322733381627071	0.987131312656092	0.987131312656092
Bacteria_Firmicutes_Clostridia_Clostridiales_Lachnospiraceae_Lachnospiraceae_FCS020_group_687	0.975961103670601	0.975961103670601	0.00334527435318158	0.989608442284522	0.989608442284522
Bacteria_Firmicutes_Clostridia_Clostridiales_Clostridiaceae_1_Clostridium_sensu_stricto_1_201	0.977048699792784	0.977048699792784	0.00555581862738894	0.989608442284522	0.989608442284522
Bacteria_Bacteroidetes_Bacteroidia_Bacteroidales_Bacteroidaceae_Bacteroides_76	0.978793049472669	0.978793049472669	-0.00563166185202629	0.989608442284522	0.989608442284522
Bacteria_Firmicutes_Clostridia_Clostridiales_Lachnospiraceae_Lachnospiraceae_NK4A136_group_539	0.982788220487109	0.982788220487109	-0.00390432094613421	0.991056733480718	0.991056733480718
Bacteria_Bacteroidetes_Bacteroidia_Bacteroidales_Bacteroidaceae_Bacteroides_423	0.983978300627174	0.983978300627174	-0.00259782993033942	0.991056733480718	0.991056733480718
Bacteria_Firmicutes_Clostridia_Clostridiales_Ruminococcaceae_Ruminiclostridium_5_613	0.98564112291525	0.98564112291525	-0.00233631021022019	0.991056733480718	0.991056733480718
Bacteria_Firmicutes_Clostridia_Clostridiales_Peptostreptococcaceae_Romboutsia_1410	0.988130245316487	0.988130245316487	0.00157089359837784	0.991743152977607	0.991743152977607
Bacteria_Proteobacteria_Deltaproteobacteria_Desulfovibrionales_Desulfovibrionaceae_Desulfovibrio_279	0.990151869208124	0.990151869208124	-0.00283458252351854	0.991958715684781	0.991958715684781
Bacteria_Firmicutes_Clostridia_Clostridiales_Family_XIII_Family_XIII_AD3011_group_418	0.999001105670429	0.999001105670429	-0.00021498919598551	0.999001105670429	0.999001105670429
