bugName	pval	p6M	p1Y	s6M	s1Y	Adjustedpval	Adjustedp6M	Adjustedp1Y
Firmicutes	0.00622114016962116	0.145023790815085	0.00183563463087304	-0.104904153951463	-0.285000260993225	0.0559902615265905	0.335214590662181	0.0165207116778574
Actinobacteria	0.0391761343187936	0.278138434414119	0.0129705075470223	-0.248751639624757	-0.684277112049091	0.171622373074468	0.417207651621179	0.0583672839616002
Fusobacteria	0.0638101425282797	0.0345645216361478	0.066401505644865	1.25412200321917	1.10067360759642	0.171622373074468	0.176397706010687	0.131274862808231
Verrucomicrobia	0.0762766102553193	0.0391994902245972	0.0875165752054871	1.31315321994288	1.08240864758386	0.171622373074468	0.176397706010687	0.131274862808231
Proteobacteria	0.159460853666786	0.167124743207321	0.0785450654101438	0.333833550470217	0.455516912150803	0.276775315114415	0.335214590662181	0.131274862808231
Bacteroidetes	0.184516876742943	0.388669903004532	0.0729359032446233	0.176923585352264	0.410724171446339	0.276775315114415	0.444944754761516	0.131274862808231
others	0.248175193035034	0.186230328145656	0.143200762912314	0.34250353678454	0.400971907321799	0.319082391045043	0.335214590662181	0.184115266601546
Cyanobacteria	0.555795143068901	0.43523308338929	0.712049381175445	0.290432071558143	-0.140701986544535	0.625269535952513	0.444944754761516	0.712049381175445
Synergistetes	0.731983877408908	0.444944754761516	0.684281952947204	0.294397337186674	0.161236895057467	0.731983877408908	0.444944754761516	0.712049381175445
