bugName	pval	p1M	p6M	s1M	s6M	Adjustedpval	Adjustedp1M	Adjustedp6M
Bacteria_Firmicutes_Bacilli_Lactobacillales_Streptococcaceae_Streptococcus_25	1.32056721113827e-08	9.35771470576935e-09	5.0441289344943e-06	1.22091732453878	1.14817469668084	4.84648166487744e-06	3.43428129701735e-06	0.00156033881339816
Bacteria_Firmicutes_Bacilli_Lactobacillales_Streptococcaceae_Streptococcus_71	1.63418820919858e-07	3.29520275653965e-08	0.0033807438132318	1.58588268126781	0.872382350799549	2.9987353638794e-05	6.04669705825026e-06	0.112793907223279
Bacteria_Firmicutes_Bacilli_Lactobacillales_Carnobacteriaceae_Granulicatella_225	4.87478010846587e-07	8.97438315066257e-08	0.049852690333894	1.06018565421476	0.403101051311841	5.96348099935658e-05	1.09786620543105e-05	0.450430910966855
Bacteria_Firmicutes_Clostridia_Clostridiales_Family_XIII_Mogibacterium_241	1.77924817046371e-06	3.35451925584709e-07	0.0231017640365131	0.962680327070303	0.46142890532932	0.000121986088704507	3.03330358382614e-05	0.357735280099395
Bacteria_Firmicutes_Erysipelotrichia_Erysipelotrichales_Erysipelotrichaceae_Solobacterium_212	1.81684170352803e-06	4.13256619049883e-07	0.204866463688731	0.870597170218009	0.232625819278561	0.000121986088704507	3.03330358382614e-05	0.637169425201392
Bacteria_Actinobacteria_Actinobacteria_Actinomycetales_Actinomycetaceae_Actinomyces_92	1.99432297609548e-06	1.02013689420728e-06	0.000269071178059864	0.946021276465978	0.850889895440463	0.000121986088704507	6.23983733623455e-05	0.019749824469594
Bacteria_Firmicutes_Clostridia_Clostridiales_Clostridiaceae_1_Clostridium_sensu_stricto_1_35	7.34007009572935e-06	2.51371219209551e-05	3.67533699118222e-05	1.20724450509942	1.55742605526287	0.000384829389304667	0.00083866579499914	0.00449616225254625
Bacteria_Proteobacteria_Gammaproteobacteria_Enterobacteriales_Enterobacteriaceae_NA_12	1.67365308676448e-05	5.96669959197582e-06	0.00246275064789887	1.49353367585725	1.19096059457636	0.000767788353553206	0.000273722343781891	0.112793907223279
Bacteria_Actinobacteria_Actinobacteria_Actinomycetales_Actinomycetaceae_Actinomyces_172	1.90895317193629e-05	3.85558057323343e-06	0.0346837461904858	0.948966383890275	0.49281790706368	0.00077842868233402	0.000202142581482381	0.445138785761376
Bacteria_Firmicutes_Bacilli_Lactobacillales_Enterococcaceae_Enterococcus_296	2.43692927994754e-05	0.00354769631011781	8.50320879236056e-06	0.460824872044578	1.02400941331276	0.000894353045740748	0.0417438527216094	0.00156033881339816
Bacteria_Firmicutes_Bacilli_Lactobacillales_Streptococcaceae_Streptococcus_3	2.99847824964949e-05	5.06854270094502e-05	0.000217646331804425	0.824966599559054	0.967803258737799	0.00100040137965579	0.00143088859326679	0.019749824469594
Bacteria_Firmicutes_Bacilli_Bacillales_Family_XI_Gemella_183	3.85665468901619e-05	7.75989642529972e-06	0.0993267259422795	0.869734297306805	0.358279716460225	0.00117949355905745	0.000316431332009444	0.539480505552784
Bacteria_Fusobacteria_Fusobacteriia_Fusobacteriales_Fusobacteriaceae_Fusobacterium_214	5.50610652769734e-05	1.25397979764053e-05	0.287890502270378	0.874363457346097	0.234892177966235	0.00155441622743456	0.000460210585734076	0.708943617457306
Bacteria_Firmicutes_Negativicutes_Selenomonadales_Veillonellaceae_Veillonella_112	0.000108984684851432	5.60915179604911e-05	0.00329209024366018	0.957929888561854	0.83530457453923	0.00285695566717682	0.0014703990779643	0.112793907223279
Bacteria_Actinobacteria_Coriobacteriia_Coriobacteriales_Atopobiaceae_Atopobium_307	0.000141962160568054	3.526672503289e-05	0.409450138937613	0.713265505803797	0.157570627950128	0.0034733408618984	0.00107857400725589	0.765792207883182
Bacteria_Firmicutes_Clostridia_Clostridiales_Lachnospiraceae_Anaerostipes_14	0.000741213551916808	0.000166438676857365	0.141710906187577	-1.03615990813458	-0.482631218976891	0.0167935459348653	0.0040721996271102	0.584194191266804
Bacteria_Firmicutes_Clostridia_Clostridiales_Lachnospiraceae_Agathobacter_10	0.000780284475914828	0.000186050498605619	0.306627735495596	-1.23069675313673	-0.398592994678788	0.0167935459348653	0.00426753331176638	0.728264287886669
Bacteria_Actinobacteria_Actinobacteria_Micrococcales_Micrococcaceae_Rothia_496	0.000823661653481134	0.000636483352591827	0.0048651103502011	0.439569521044864	0.453198496626462	0.0167935459348653	0.0122941784421684	0.137345807578754
Bacteria_Firmicutes_Clostridia_Clostridiales_Ruminococcaceae_Ruminococcus_2_55	0.001196544199073	0.231259250326577	0.00241002834263306	-0.266677149373391	0.95866478730948	0.0231121958452522	0.534292116592834	0.112793907223279
Bacteria_Firmicutes_Clostridia_Clostridiales_Ruminococcaceae_Ruminococcaceae_UCG-013_22	0.00126250392132454	0.000428286485326265	0.73692547318679	-0.869767102681609	-0.099074159146202	0.0231669469563054	0.00924594941851407	0.903960178826683
Bacteria_Actinobacteria_Coriobacteriia_Coriobacteriales_Eggerthellaceae_Slackia_724	0.00133653951732648	0.000555208711930131	0.999961793523257	0.28977909776865	4.63073721970056e-06	0.0233576191837533	0.0113200887376866	0.999961793523257
Bacteria_Firmicutes_Clostridia_Clostridiales_Peptostreptococcaceae_Peptostreptococcus_293	0.00253792211926696	0.000755902993532478	0.629598572713876	0.531096149042009	0.0903018098864571	0.042337155353226	0.013870819931321	0.873550562338314
Bacteria_Firmicutes_Clostridia_Clostridiales_Lachnospiraceae_NA_24	0.00290679091038881	0.000863422965776511	0.564551622954546	-0.774457136556756	-0.163355479751987	0.0463822723527258	0.01440346492909	0.868029348770618
Bacteria_Firmicutes_Clostridia_Clostridiales_Lachnospiraceae_NA_163	0.00326165923538613	0.000795549690735843	0.264249432792013	-0.698746819871367	-0.282304077080058	0.0498762058077795	0.013903177928574	0.708367630510855
Bacteria_Proteobacteria_Gammaproteobacteria_Enterobacteriales_Enterobacteriaceae_Klebsiella_168	0.00357529561237202	0.136046103167715	0.000915747056287438	0.292456133268008	0.903876049673718	0.0524853395896213	0.381136792843904	0.056013194942915
Bacteria_Firmicutes_Clostridia_Clostridiales_Peptostreptococcaceae_Romboutsia_113	0.00502355118504871	0.00363457276072447	0.0148196970641041	-0.785216514415507	-0.826718676113806	0.0709093571120338	0.0417438527216094	0.278600046642979
Bacteria_Firmicutes_Clostridia_Clostridiales_Family_XI_Parvimonas_425	0.00522644670108674	0.00134516349627462	0.369996181077888	0.424219760209949	0.14401974825779	0.0710409607147716	0.0214641305709907	0.73882669485171
Bacteria_Actinobacteria_Actinobacteria_Actinomycetales_Actinomycetaceae_Actinomyces_228	0.00699080609806679	0.00192480825436073	0.13544223590695	0.64846166726906	0.381433788011811	0.0916294942139469	0.0294335262229328	0.564855688384665
Bacteria_Firmicutes_Bacilli_Lactobacillales_Lactobacillaceae_Lactobacillus_220	0.0074902560143979	0.00208338403908594	0.490443392314625	0.543630023139015	0.149375546837277	0.0947904812856562	0.0305840776937816	0.843173004934285
Bacteria_Firmicutes_Bacilli_Lactobacillales_Streptococcaceae_Streptococcus_325	0.00954462973516779	0.093526809495808	0.00300531594378538	0.242482962654415	0.600834189962328	0.113612043414934	0.31524027655972	0.112793907223279
Bacteria_Firmicutes_Clostridia_Clostridiales_Ruminococcaceae_Ruminococcus_2_26	0.0095966576181552	0.00578253296111219	0.0260823158554602	-0.9408695242694	-0.977912695424238	0.113612043414934	0.058949711020227	0.382888396758156
Bacteria_Firmicutes_Clostridia_Clostridiales_Lachnospiraceae_Lachnoclostridium_159	0.0110412113982057	0.00298415799597676	0.402483959255625	0.604273879561539	0.21040009846959	0.122674908203932	0.0417438527216094	0.765792207883182
Bacteria_Firmicutes_Clostridia_Clostridiales_Family_XI_Parvimonas_567	0.011276733922196	0.00664630054523837	0.748680768698788	0.260525917424432	-0.038498552992526	0.122674908203932	0.0641892710553284	0.90982066924654
Bacteria_Firmicutes_Negativicutes_Selenomonadales_Veillonellaceae_Veillonella_202	0.0113649778717539	0.00340129238085368	0.121057288405349	0.494257393967509	0.328999808027032	0.122674908203932	0.0417438527216094	0.555350310559538
Bacteria_Firmicutes_Clostridia_Clostridiales_Ruminococcaceae_Faecalibacterium_7	0.0120375387428138	0.00347802494160579	0.515056648832978	-0.803956909627762	-0.222978231934909	0.123322271820007	0.0417438527216094	0.848151357182092
Bacteria_Firmicutes_Negativicutes_Selenomonadales_Veillonellaceae_Veillonella_418	0.0123456293932882	0.00329460678246539	0.353616325739529	0.453060672873375	0.171142126918827	0.123322271820007	0.0417438527216094	0.73882669485171
Bacteria_Firmicutes_Clostridia_Clostridiales_Lachnospiraceae_NA_342	0.0124330355785838	0.00418633373745366	0.773975993126634	0.441074141000012	0.0537399115638765	0.123322271820007	0.0451877788719263	0.923266977232586
Bacteria_Firmicutes_Clostridia_Clostridiales_Lachnospiraceae_Lachnoclostridium_63	0.0135761402513153	0.00366484211916814	0.36046803516536	0.693455654528199	0.270251596115644	0.131116933479808	0.0417438527216094	0.73882669485171
Bacteria_Firmicutes_Clostridia_Clostridiales_Lachnospiraceae_NA_276	0.0139543179865185	0.00375353444090766	0.281229846295209	0.480077853310019	0.221373447667519	0.131313710283392	0.0417438527216094	0.708943617457306
Bacteria_Firmicutes_Clostridia_Clostridiales_Lachnospiraceae_NA_151	0.0144296980912972	0.331126418941727	0.00389292262962631	0.207363405533528	0.871815145567069	0.132392479987652	0.620017325263335	0.119058550422738
Bacteria_Firmicutes_Clostridia_Clostridiales_Lachnospiraceae_Blautia_23	0.0164535266717456	0.00476934809350253	0.489395014541863	-0.654502957096398	-0.201379395490685	0.147279128988552	0.0500100214375837	0.843173004934285
Bacteria_Firmicutes_Clostridia_Clostridiales_Ruminococcaceae_Subdoligranulum_19	0.0184297253693626	0.00973755412262656	0.868406570269321	-0.5218238832681	0.0424960920504506	0.159617681118433	0.077688747021825	0.9678493719115
Bacteria_Firmicutes_Clostridia_Clostridiales_Ruminococcaceae_Ruminiclostridium_5_193	0.0187017991501162	0.98852033814665	0.00826999243388467	-0.00187839845878634	-0.49414576541765	0.159617681118433	0.991228941262984	0.189877829856415
Bacteria_Actinobacteria_Actinobacteria_Micrococcales_Micrococcaceae_Rothia_565	0.0198825122067421	0.00640379940753966	0.702573194547447	0.306890934932823	0.052450698114191	0.165838226815326	0.0635187670964069	0.899583017120681
Bacteria_Actinobacteria_Coriobacteriia_Coriobacteriales_Eggerthellaceae_Slackia_122	0.0209451183472749	0.855947316746231	0.00827805252780011	0.0183891101764094	0.384127015012867	0.170819076298886	0.934985627134178	0.189877829856415
Bacteria_Firmicutes_Clostridia_Clostridiales_Lachnospiraceae_Roseburia_89	0.021623187929687	0.0217552146292945	0.0233941327585435	0.647553190272487	0.827214187675356	0.172515434134677	0.140073048578089	0.357735280099395
Bacteria_Firmicutes_Bacilli_Lactobacillales_Streptococcaceae_Streptococcus_185	0.0223734196571398	0.00961596240888291	0.0746909756266959	0.546960146884326	0.476561844982933	0.174703085407879	0.077688747021825	0.50762200101847
Bacteria_Actinobacteria_Coriobacteriia_Coriobacteriales_Eggerthellaceae_Slackia_117	0.0236388824932646	0.555454611464799	0.0071237979030748	0.112798882663467	0.728946866535165	0.180300156510578	0.770890020011259	0.186745273602032
Bacteria_Firmicutes_Clostridia_Clostridiales_Ruminococcaceae_Faecalibacterium_251	0.0240727729401045	0.0108795862837797	0.0608013812182639	-0.275815633161891	-0.266592703842698	0.180300156510578	0.0798561633229428	0.469514517592203
Bacteria_Firmicutes_Negativicutes_Selenomonadales_Veillonellaceae_Veillonella_245	0.0247522773749504	0.0416391021082796	0.0159416920422413	0.323416141333141	0.509797653853225	0.180406827082285	0.200616457147603	0.278600046642979
Bacteria_Firmicutes_Clostridia_Clostridiales_Lachnospiraceae_Eisenbergiella_147	0.0250701585318707	0.00747673018305594	0.506058594862578	0.444014419869339	0.139656985275829	0.180406827082285	0.0701071253588548	0.848151357182092
Bacteria_Firmicutes_Erysipelotrichia_Erysipelotrichales_Erysipelotrichaceae_Erysipelatoclostridium_178	0.0267279018860982	0.00764110358134657	0.289758971712795	-0.469918208002012	-0.236872939993772	0.187131883982838	0.0701071253588548	0.708943617457306
Bacteria_Actinobacteria_Actinobacteria_Bifidobacteriales_Bifidobacteriaceae_Bifidobacterium_107	0.0270244955070583	0.0167793744218402	0.0427118303426448	-0.462843011961809	-0.518093095966556	0.187131883982838	0.114037600237321	0.450430910966855
Bacteria_Firmicutes_Clostridia_Clostridiales_Lachnospiraceae_Blautia_4	0.0285068906842629	0.0106751930298223	0.107308111458728	-0.473394385926501	-0.384456997314459	0.190247876988235	0.0798561633229428	0.539480505552784
Bacteria_Actinobacteria_Actinobacteria_Micrococcales_Micrococcaceae_Rothia_381	0.0291501157985548	0.00837175448869514	0.341694658784071	0.355045837220708	0.161819342802265	0.190247876988235	0.0749374121305151	0.73882669485171
Bacteria_Actinobacteria_Actinobacteria_Corynebacteriales_Corynebacteriaceae_Corynebacterium_588	0.0299552384441646	0.00872391283135506	0.29457423868079	0.27860830688525	0.138000596639108	0.190247876988235	0.0762303811692216	0.715951957588411
Bacteria_Firmicutes_Negativicutes_Selenomonadales_Veillonellaceae_Dialister_494	0.0300208252425984	0.0114270127543951	0.114182169093482	0.297209693704626	0.232530644691232	0.190247876988235	0.0822296800169218	0.544218909835168
Bacteria_Firmicutes_Clostridia_Clostridiales_Lachnospiraceae_Coprococcus_3_60	0.0300664219763422	0.00905264042402492	0.198500262173254	-0.331645972907056	-0.21060740723559	0.190247876988235	0.0772632333864452	0.637169425201392
Bacteria_Actinobacteria_Actinobacteria_Micrococcales_Micrococcaceae_Rothia_373	0.032534341457692	0.0235660029711454	0.0434660747799027	0.371023458126757	0.420672715258961	0.195304308320576	0.146588526956108	0.450430910966855
Bacteria_Firmicutes_Clostridia_Clostridiales_Ruminococcaceae_Ruminiclostridium_5_167	0.0326010630461474	0.010045805158749	0.20387961426774	-0.42896870160609	-0.271660708878551	0.195304308320576	0.0784427764523593	0.637169425201392
Bacteria_Proteobacteria_Gammaproteobacteria_Pasteurellales_Pasteurellaceae_Haemophilus_324	0.0328611245300927	0.00970062237086739	0.289380070246643	0.399903020710621	0.203650517789491	0.195304308320576	0.077688747021825	0.708943617457306
Bacteria_Firmicutes_Clostridia_Clostridiales_Christensenellaceae_Catabacter_380	0.0329941883266368	0.0128626671494449	0.106903337009736	0.315250578251027	0.263881103616242	0.195304308320576	0.0907807469970437	0.539480505552784
Bacteria_Firmicutes_Clostridia_Clostridiales_Lachnospiraceae_NA_368	0.0336201896727455	0.0678305211713329	0.0173202066901009	-0.266636658009649	-0.467668222803658	0.195850946188851	0.272226832208098	0.288932538875773
Bacteria_Firmicutes_Clostridia_Clostridiales_Lachnospiraceae_Anaerostipes_43	0.0353474892697885	0.0103548104182155	0.363943880554934	-0.789818351969231	-0.350952588758513	0.202695758781443	0.0791711546559396	0.73882669485171
Bacteria_Bacteroidetes_Bacteroidia_Bacteroidales_Tannerellaceae_Parabacteroides_99	0.0364371247903836	0.419101841317289	0.0108315746531423	0.109485721662358	0.490237638490885	0.20366482636104	0.699138071652022	0.233834582217837
Bacteria_Firmicutes_Clostridia_Clostridiales_Lachnospiraceae_NA_49	0.0371918777055722	0.123537048544515	0.013774987123949	-0.334492429321731	-0.742817163765606	0.20366482636104	0.371623744392107	0.278600046642979
Bacteria_Actinobacteria_Actinobacteria_Bifidobacteriales_Bifidobacteriaceae_Bifidobacterium_361	0.0373962602857195	0.0413186586405688	0.0299473701356638	0.288573328207021	0.403548548011729	0.20366482636104	0.200616457147603	0.422718647684178
Bacteria_Firmicutes_Erysipelotrichia_Erysipelotrichales_Erysipelotrichaceae_Holdemanella_84	0.0377362621050428	0.486849361481684	0.034523849570215	-0.118222039671365	0.498504222390254	0.20366482636104	0.729297916775381	0.445138785761376
Bacteria_Firmicutes_Clostridia_Clostridiales_Lachnospiraceae_NA_562	0.0406231343783866	0.0528439251950704	0.336153715186096	-0.188491246511208	0.121501284177059	0.215190327226541	0.228161418195187	0.73882669485171
Bacteria_Actinobacteria_Actinobacteria_Bifidobacteriales_Bifidobacteriaceae_Bifidobacterium_9	0.041044476582719	0.0197563369193818	0.931476718662296	-0.513565716172842	0.024313618984397	0.215190327226541	0.129474565168092	0.971447010278707
Bacteria_Firmicutes_Clostridia_Clostridiales_Lachnospiraceae_Lachnospiraceae_NK4A136_group_210	0.0425820290442928	0.151783207825379	0.0156060337059953	0.235432531844393	0.536669304706148	0.218555588419125	0.409377917099774	0.278600046642979
Bacteria_Actinobacteria_Actinobacteria_Bifidobacteriales_Bifidobacteriaceae_Scardovia_909	0.0431491588741673	0.0252108122864589	0.706926417281816	0.14117000774955	-0.0293201860713849	0.218555588419125	0.14827474519921	0.900840260911203
Bacteria_Firmicutes_Erysipelotrichia_Erysipelotrichales_Erysipelotrichaceae_Erysipelotrichaceae_UCG-003_13	0.0434729099580276	0.0290372876238252	0.0519512757110111	-0.621463708834257	-0.735656105638109	0.218555588419125	0.152238350827769	0.450430910966855
Bacteria_Firmicutes_Clostridia_Clostridiales_Lachnospiraceae_Lachnoclostridium_146	0.0448708864998699	0.0254531578952323	0.782979588542168	0.310473697836793	-0.0492088068201613	0.222535342506112	0.14827474519921	0.929826371424519
Bacteria_Firmicutes_Clostridia_Clostridiales_Christensenellaceae_Christensenellaceae_R-7_group_198	0.0467378168932207	0.0270380991669522	0.768120673930247	-0.361025219351562	0.0619640390101478	0.228703717330826	0.150348218095022	0.923266977232586
Bacteria_Firmicutes_Clostridia_Clostridiales_Ruminococcaceae_Intestinimonas_548	0.0482951710782631	0.0431410462682895	0.0413681064102751	0.179990535336796	0.242552544346126	0.233214839285823	0.20298415359567	0.450430910966855
Bacteria_Actinobacteria_Actinobacteria_Actinomycetales_Actinomycetaceae_Actinomyces_432	0.048996718513121	0.0353821523182895	0.0559940152715566	0.319101942118392	0.36941703710653	0.233529814211889	0.175476350010977	0.456662302325806
Bacteria_Firmicutes_Clostridia_Clostridiales_Ruminococcaceae_Ruminiclostridium_9_513	0.0498207525708478	0.0520381485745851	0.437388620796345	-0.175574514379354	0.0917679583641786	0.23441302812181	0.227776587543197	0.786870705060091
Bacteria_Actinobacteria_Actinobacteria_Actinomycetales_Actinomycetaceae_Actinomyces_430	0.0522067662430995	0.0275487927222311	0.818331584869807	0.242518022280019	-0.0322863449344886	0.242005663999056	0.150901595956102	0.93904317241794
Bacteria_Actinobacteria_Actinobacteria_Bifidobacteriales_Bifidobacteriaceae_Bifidobacterium_5	0.0529209780075973	0.0165640010225411	0.512966880192427	-0.770494489255058	-0.267963201286915	0.242005663999056	0.114037600237321	0.848151357182092
Bacteria_Bacteroidetes_Bacteroidia_Bacteroidales_Bacteroidaceae_Bacteroides_11	0.0534126942341241	0.028470932065126	0.081566271876065	0.573002547179928	0.598959986888518	0.242005663999056	0.152238350827769	0.517343558597988
Bacteria_Proteobacteria_Gammaproteobacteria_Enterobacteriales_Enterobacteriaceae_Escherichia/Shigella_2	0.054954895461707	0.0265938644087398	0.102322809997146	0.757390148852908	0.711844339725741	0.242416007088841	0.1501530498155	0.539480505552784
Bacteria_Actinobacteria_Coriobacteriia_Coriobacteriales_Coriobacteriaceae_Collinsella_1	0.0551450307011427	0.0440513195406758	0.570474873075606	-0.540814809615411	0.198464389636111	0.242416007088841	0.204643471790228	0.868029348770618
Bacteria_Firmicutes_Negativicutes_Selenomonadales_Acidaminococcaceae_Phascolarctobacterium_44	0.0554848626579363	0.586593766493291	0.041277090799326	-0.142250793829327	0.737696784630191	0.242416007088841	0.791470265819992	0.450430910966855
Bacteria_Firmicutes_Clostridia_Clostridiales_Ruminococcaceae_Subdoligranulum_6	0.0606978423192063	0.0190233269661777	0.324373307580035	-0.405349500171159	-0.220785926231754	0.262071860366455	0.126937472665222	0.73882669485171
Bacteria_Firmicutes_Erysipelotrichia_Erysipelotrichales_Erysipelotrichaceae_Catenibacterium_79	0.0619478493386203	0.226772213289282	0.132842954909501	-0.104912895664102	0.177400143769207	0.264358845433414	0.534292116592834	0.564855688384665
Bacteria_Firmicutes_Clostridia_Clostridiales_Lachnospiraceae_Lachnospiraceae_NK4A136_group_132	0.0628941594016362	0.0246335673216795	0.154822366365333	-0.473182746751372	-0.390288035469793	0.265312143682764	0.148205232902564	0.585771221196673
Bacteria_Firmicutes_Clostridia_Clostridiales_Family_XI_Finegoldia_625	0.0657136370905635	0.0459167327469273	0.0699143385631504	-0.195865920417408	-0.226816971614491	0.270692773265621	0.208042480470646	0.50762200101847
Bacteria_Firmicutes_Clostridia_Clostridiales_Ruminococcaceae_Ruminiclostridium_5_36	0.0664691197237808	0.0308458529290853	0.117161832865161	-0.513594144590766	-0.487229179653358	0.270692773265621	0.157228167013532	0.548856048007588
Bacteria_Firmicutes_Clostridia_Clostridiales_Christensenellaceae_Christensenellaceae_R-7_group_338	0.0674006402746953	0.05925774209548	0.497269058355238	-0.249589712975377	0.116686827290524	0.270692773265621	0.24435495897799	0.847795782184759
Bacteria_Firmicutes_Clostridia_Clostridiales_Lachnospiraceae_Lachnoclostridium_123	0.0674896067891678	0.0265692647639617	0.152497048965636	0.286074353468303	0.242406481021128	0.270692773265621	0.1501530498155	0.585771221196673
Bacteria_Firmicutes_Clostridia_Clostridiales_Lachnospiraceae_NA_28	0.0685868522356349	0.0286903401617188	0.92301711217718	-0.461449519251704	-0.026302709872734	0.270692773265621	0.152238350827769	0.9678493719115
Bacteria_Verrucomicrobia_Verrucomicrobiae_Verrucomicrobiales_Akkermansiaceae_Akkermansia_15	0.070289319655263	0.882495400642305	0.0351744544607082	-0.0341760260030993	0.679107254782956	0.270692773265621	0.934985627134178	0.445138785761376
Bacteria_Firmicutes_Clostridia_Clostridiales_Lachnospiraceae_Lactonifactor_571	0.0713705220095527	0.0850834802904846	0.347849247412747	0.218735951604546	-0.151608442462748	0.270692773265621	0.306133698692234	0.73882669485171
Bacteria_Firmicutes_Clostridia_Clostridiales_Lachnospiraceae_NA_243	0.0714212358369219	0.0785777311719402	0.0461021663814455	-0.31899326188077	-0.480904341528208	0.270692773265621	0.297299250928887	0.450430910966855
Bacteria_Firmicutes_Clostridia_Clostridiales_Ruminococcaceae_Angelakisella_637	0.0718892925184398	0.0795603611791247	0.0460854915293306	-0.158860358886666	-0.240366275707999	0.270692773265621	0.29794543421162	0.450430910966855
Bacteria_Fusobacteria_Fusobacteriia_Fusobacteriales_Fusobacteriaceae_Fusobacterium_493	0.0719109886404552	0.0229014244617755	0.452597109473686	0.279451092557211	0.113645776425196	0.270692773265621	0.144910737542614	0.802430624042719
Bacteria_Firmicutes_Clostridia_Clostridiales_Ruminococcaceae_Faecalibacterium_20	0.0722830838692939	0.0241295696986692	0.597791249146253	-0.575660916910238	-0.173277151907182	0.270692773265621	0.14759253465686	0.868029348770618
Bacteria_Firmicutes_Erysipelotrichia_Erysipelotrichales_Erysipelotrichaceae_Turicibacter_271	0.0802674121777542	0.0987770083141931	0.0467426578513944	-0.309216824473185	-0.487996029585093	0.297556972416523	0.329556018648262	0.450430910966855
Bacteria_Firmicutes_Clostridia_Clostridiales_Family_XIII_NA_643	0.086648466084271	0.0299409727296812	0.681000180220891	0.228350097197775	0.0538630514153619	0.317999870529275	0.154765309743563	0.894134103958239
Bacteria_Bacteroidetes_Bacteroidia_Bacteroidales_Bacteroidaceae_Bacteroides_16	0.0876825766620316	0.0338439652319551	0.818784237530629	0.469508712156799	0.0654796633635872	0.318608966682828	0.170147058083938	0.93904317241794
Bacteria_Firmicutes_Clostridia_Clostridiales_Lachnospiraceae_Coprococcus_1_156	0.0895627212564538	0.0521341508273257	0.0952246929898721	-0.256530577987966	-0.294492525412092	0.321991817131906	0.227776587543197	0.539480505552784
Bacteria_Firmicutes_Clostridia_Clostridiales_Eubacteriaceae_Anaerofustis_828	0.0903682756528237	0.92584603390048	0.0420912788709068	-0.00638783732285268	0.190566296327231	0.321991817131906	0.95064196529053	0.450430910966855
Bacteria_Proteobacteria_Deltaproteobacteria_Desulfovibrionales_Desulfovibrionaceae_Desulfovibrio_164	0.0953190055586641	0.113070445730525	0.0520679664997156	0.235914968536938	0.391596627497947	0.336366106154132	0.360776160837433	0.450430910966855
Bacteria_Bacteroidetes_Bacteroidia_Bacteroidales_Bacteroidaceae_Bacteroides_87	0.10238659812673	0.131378781534527	0.0512198785497738	0.256353022404518	0.451795821302347	0.355777180625085	0.379783797577797	0.450430910966855
Bacteria_Firmicutes_Clostridia_Clostridiales_Lachnospiraceae_Anaerostipes_234	0.102758531733676	0.872059614610971	0.0408958576624918	0.0236459914935493	0.414052103154104	0.355777180625085	0.934985627134178	0.450430910966855
Bacteria_Firmicutes_Clostridia_Clostridiales_Family_XI_Peptoniphilus_522	0.104790517159384	0.0565878883585999	0.130901834698113	-0.218834967460283	-0.219861820009286	0.358868160448706	0.235997216222797	0.564855688384665
Bacteria_Proteobacteria_Alphaproteobacteria_Rhodospirillales_NA_NA_450	0.105606979096622	0.653772044574723	0.0714443290068042	-0.0402114033512985	0.222357785820164	0.358868160448706	0.838931259996235	0.50762200101847
Bacteria_Firmicutes_Clostridia_Clostridiales_Lachnospiraceae_Dorea_40	0.110504958167927	0.0420911912816497	0.236539931365151	-0.386225443474419	-0.295722424173196	0.372067152730543	0.200616457147603	0.683290834194869
Bacteria_Firmicutes_Clostridia_Clostridiales_Ruminococcaceae_Ruminiclostridium_6_90	0.118129213339833	0.0934378999562937	0.553108789225578	-0.384161177619383	0.177319426036892	0.39412201177926	0.31524027655972	0.865167261093296
Bacteria_Firmicutes_Clostridia_Clostridiales_Ruminococcaceae_Subdoligranulum_219	0.122982917590917	0.487298964066544	0.118146124775475	-0.056173666246133	0.173563489223279	0.40025234533063	0.729297916775381	0.548856048007588
Bacteria_Firmicutes_Clostridia_Clostridiales_Ruminococcaceae_Ruminococcaceae_UCG-002_213	0.123879282532002	0.083099415030541	0.101720973658549	0.197292814346625	0.250191645335657	0.40025234533063	0.302110218683496	0.539480505552784
Bacteria_Firmicutes_Clostridia_Clostridiales_Christensenellaceae_Christensenellaceae_R-7_group_300	0.124129505879765	0.763993538512215	0.0729601680884963	-0.0294370063604755	0.242648383232812	0.40025234533063	0.904469769787042	0.50762200101847
Bacteria_Firmicutes_Erysipelotrichia_Erysipelotrichales_Erysipelotrichaceae_Erysipelatoclostridium_290	0.12432906639698	0.0717790985686972	0.755035965875116	0.239233260023893	-0.0534925007426317	0.40025234533063	0.274405512236582	0.914515509822335
Bacteria_Actinobacteria_Coriobacteriia_Coriobacteriales_Eggerthellaceae_Eggerthella_230	0.125599202447583	0.232972784724913	0.238313969419464	0.174967371891238	-0.231416895444166	0.400825280854461	0.534292116592834	0.683290834194869
Bacteria_Actinobacteria_Coriobacteriia_Coriobacteriales_Eggerthellaceae_DNF00809_175	0.130527213538063	0.0454046208575846	0.476594231440955	-0.344153872482445	-0.158852702616233	0.412961098004043	0.208042480470646	0.82895773904659
Archaea_Euryarchaeota_Methanobacteria_Methanobacteriales_Methanobacteriaceae_Methanobrevibacter_101	0.133119039193156	0.228487106414001	0.266361670328332	-0.200291153191009	0.24845037926526	0.417561430631524	0.534292116592834	0.708367630510855
Bacteria_Firmicutes_Clostridia_Clostridiales_Family_XIII_Family_XIII_UCG-001_334	0.136129170465787	0.052124024340907	0.731736880793123	-0.145540240533553	-0.0335710992636371	0.423277896174509	0.227776587543197	0.903960178826683
Bacteria_Bacteroidetes_Bacteroidia_Bacteroidales_Bacteroidaceae_Bacteroides_372	0.138662269273366	0.802629159096323	0.0540026160287238	0.03325026293666	0.351890553408323	0.423277896174509	0.930220604025809	0.450430910966855
Bacteria_Actinobacteria_Coriobacteriia_Coriobacteriales_NA_NA_316	0.139279355705104	0.84836727166347	0.0736919730491345	-0.0246674608982324	0.317662551938231	0.423277896174509	0.934985627134178	0.50762200101847
Bacteria_Bacteroidetes_Bacteroidia_Bacteroidales_Bacteroidaceae_Bacteroides_73	0.139891085956824	0.0699480036716626	0.170221933011808	0.406437605216757	0.404647156953622	0.423277896174509	0.274405512236582	0.612465190346409
Bacteria_Firmicutes_Bacilli_Lactobacillales_Streptococcaceae_Streptococcus_182	0.140708183469455	0.100975350739844	0.617114768232266	0.302345682733914	-0.120621547760894	0.423277896174509	0.330874586799311	0.868029348770618
Bacteria_Firmicutes_Clostridia_Clostridiales_Lachnospiraceae_Howardella_187	0.149627420458532	0.0548633728573811	0.60862515308022	-0.0681371460054242	-0.0238144725160345	0.443693888589482	0.234126253937894	0.868029348770618
Bacteria_Firmicutes_Clostridia_Clostridiales_Ruminococcaceae_Harryflintia_624	0.149912921485275	0.440685623356463	0.0539449344182781	0.0808886019202146	0.269695291353259	0.443693888589482	0.715626653857619	0.450430910966855
Bacteria_Firmicutes_Clostridia_Clostridiales_Ruminococcaceae_Ruminococcaceae_UCG-005_443	0.152549578302721	0.0555476729973679	0.385237216353738	0.175070927658937	0.104136131765131	0.44497611522162	0.234321792988897	0.750918403860905
Bacteria_Firmicutes_Clostridia_Clostridiales_Ruminococcaceae_Ruminococcaceae_UCG-005_581	0.152771091329493	0.17069556122429	0.0780505236313923	-0.107704631163601	-0.18801506071241	0.44497611522162	0.450685402656938	0.517343558597988
Bacteria_Firmicutes_Clostridia_Clostridiales_Lachnospiraceae_Blautia_482	0.159285809689098	0.0710996492461445	0.955708431418115	-0.177755946417467	-0.00714161481823122	0.456617810081535	0.274405512236582	0.988014068536474
Bacteria_Firmicutes_Clostridia_Clostridiales_Ruminococcaceae_Ruminococcaceae_UCG-014_106	0.160109074597978	0.0803904919038492	0.884247710105891	-0.395779958276917	0.0423269907390131	0.456617810081535	0.298013237663764	0.9678493719115
Bacteria_Firmicutes_Clostridia_Clostridiales_Ruminococcaceae_Faecalibacterium_78	0.16050053814855	0.144329839731479	0.0950316762116708	-0.315350742013986	-0.487115470878232	0.456617810081535	0.392363342084835	0.539480505552784
Bacteria_Actinobacteria_Coriobacteriia_Coriobacteriales_Eggerthellaceae_Adlercreutzia_61	0.161829015041241	0.397111166316848	0.181796907918332	-0.176522867782517	0.376554215399862	0.456855757847196	0.677859525759456	0.630433860528177
Bacteria_Firmicutes_Clostridia_Clostridiales_Lachnospiraceae_Lachnoclostridium_5_404	0.163950307018238	0.0609922910504481	0.374446226818578	0.161795611965875	0.100807062027821	0.458030095206163	0.248713009061272	0.73882669485171
Bacteria_Firmicutes_Clostridia_Clostridiales_Lachnospiraceae_Lachnospira_246	0.164741069665432	0.395931991773928	0.061407893309062	-0.155303056284641	-0.46278149790453	0.458030095206163	0.677859525759456	0.469514517592203
Bacteria_Bacteroidetes_Bacteroidia_Bacteroidales_Rikenellaceae_Alistipes_118	0.166834752605246	0.449326066144099	0.0610821985816123	0.172942620906401	0.583125150827595	0.460363565459588	0.716011593613837	0.469514517592203
Bacteria_Firmicutes_Clostridia_Clostridiales_Ruminococcaceae_Ruminococcaceae_UCG-002_127	0.172408429547757	0.456530552876398	0.0632235474237773	0.0944890026831546	0.325419657680079	0.472193236149455	0.716011593613837	0.473531467439311
Bacteria_Bacteroidetes_Bacteroidia_Bacteroidales_Bacteroidaceae_Bacteroides_72	0.173808316828773	0.206297436593076	0.0859040271250903	0.340024959543624	0.617226562703159	0.472501127971553	0.51504189952149	0.534352168727257
Bacteria_Firmicutes_Clostridia_Clostridiales_Ruminococcaceae_Ruminiclostridium_9_267	0.175162990663444	0.238712809138178	0.333906472582524	-0.118202822425173	0.129898329264725	0.472682482157971	0.534292116592834	0.73882669485171
Bacteria_Firmicutes_Clostridia_Clostridiales_Lachnospiraceae_Fusicatenibacter_34	0.177332900803626	0.0711832129893553	0.318147824958655	-0.4666292397582	-0.337160378814038	0.473762558440651	0.274405512236582	0.73882669485171
Bacteria_Firmicutes_Clostridia_Clostridiales_Eubacteriaceae_Eubacterium_96	0.180095913453338	0.237532388468234	0.0817600174351043	0.222523414449147	0.445897906936371	0.473762558440651	0.534292116592834	0.517343558597988
Bacteria_Firmicutes_Clostridia_Clostridiales_Family_XIII_Family_XIII_AD3011_group_469	0.180243629784794	0.121417962882432	0.134991927964189	0.157863512090182	0.204537369913529	0.473762558440651	0.371336603148771	0.564855688384665
Bacteria_Firmicutes_Negativicutes_Selenomonadales_Veillonellaceae_Dialister_32	0.180726861530494	0.913213079965115	0.0920298409156326	0.02373562451883	-0.506060761832374	0.473762558440651	0.941430338053925	0.539480505552784
Bacteria_Firmicutes_Clostridia_Clostridiales_Christensenellaceae_NA_554	0.183695673538755	0.0682421486734196	0.596046902831787	-0.1990024646688	-0.0738324800700133	0.478129873678888	0.272226832208098	0.868029348770618
Bacteria_Firmicutes_Clostridia_Clostridiales_Lachnospiraceae_Roseburia_98	0.190337269835714	0.352899261004723	0.238310268925737	0.20802362068379	-0.353951631079425	0.491695980495485	0.647570143943667	0.683290834194869
Bacteria_Firmicutes_Clostridia_Clostridiales_Ruminococcaceae_Ruminococcaceae_NK4A214_group_59	0.191587262154917	0.810876099313562	0.106941282246292	-0.0628219347599703	0.577456852607429	0.491695980495485	0.932888803912468	0.539480505552784
Bacteria_Actinobacteria_Coriobacteriia_Coriobacteriales_Eggerthellaceae_Gordonibacter_196	0.195349787660823	0.828987671574238	0.0805966246113773	0.0396115614024476	0.439539184889238	0.492807371547666	0.934985627134178	0.517343558597988
Bacteria_Actinobacteria_Coriobacteriia_Coriobacteriales_Coriobacteriales_Incertae_Sedis_NA_134	0.196566348419663	0.544090522556988	0.160091065476952	-0.125801053559159	0.393478716642538	0.492807371547666	0.762142067856545	0.593468899293346
Bacteria_Firmicutes_Erysipelotrichia_Erysipelotrichales_Erysipelotrichaceae_Faecalitalea_166	0.196874394737929	0.320115346939969	0.277279384559464	-0.130585991418109	0.191835844368825	0.492807371547666	0.618959565250815	0.708943617457306
Bacteria_Firmicutes_Clostridia_Clostridiales_Christensenellaceae_Christensenellaceae_R-7_group_438	0.197391508494569	0.621233759831561	0.1448546904776	-0.04257141865732	0.171579073891953	0.492807371547666	0.823078663747952	0.584194191266804
Bacteria_Firmicutes_Clostridia_Clostridiales_Eubacteriaceae_Anaerofustis_541	0.201730675828425	0.194453256383184	0.111108031106391	0.127600830433598	0.209414779264491	0.494177991959361	0.493652703633837	0.544218909835168
Bacteria_Actinobacteria_Actinobacteria_Bifidobacteriales_Bifidobacteriaceae_Alloscardovia_383	0.204317201307229	0.0916820162308138	0.284259995738946	0.224748046604231	0.180898492263134	0.494177991959361	0.31524027655972	0.708943617457306
Bacteria_Firmicutes_Clostridia_Clostridiales_Lachnospiraceae_Blautia_30	0.204801417989842	0.0894197358478041	0.280150391138909	-0.339601924828612	-0.286296846833703	0.494177991959361	0.31524027655972	0.708943617457306
Bacteria_NA_NA_NA_NA_NA_412	0.206396930935516	0.116875747529827	0.187301547627657	-0.194550791007285	-0.217395598201958	0.494177991959361	0.363503384266494	0.636478407216204
Bacteria_Actinobacteria_Coriobacteriia_Coriobacteriales_Coriobacteriaceae_Collinsella_75	0.206717625681803	0.867775956978526	0.111919624265115	-0.0258870267236636	0.340337161271702	0.494177991959361	0.934985627134178	0.544218909835168
Bacteria_Firmicutes_Clostridia_Clostridiales_Lachnospiraceae_Agathobacter_144	0.206873538531035	0.083142049283469	0.369680180113941	-0.370189578714391	-0.249783272251505	0.494177991959361	0.302110218683496	0.73882669485171
Bacteria_Firmicutes_Clostridia_Clostridiales_Family_XI_Peptoniphilus_914	0.207366241857607	0.227482027023827	0.105324195857834	-0.0718770094478384	-0.127591744883139	0.494177991959361	0.534292116592834	0.539480505552784
Bacteria_Firmicutes_Erysipelotrichia_Erysipelotrichales_Erysipelotrichaceae_Erysipelatoclostridium_133	0.208792565754079	0.263805307627046	0.0966716806814855	0.221044293628257	0.441929884540061	0.494366913753205	0.557542580052943	0.539480505552784
Bacteria_Firmicutes_Clostridia_Clostridiales_Christensenellaceae_Christensenellaceae_R-7_group_500	0.211535094054773	0.76854512388749	0.128090493036368	-0.0209662261052035	0.148826909343925	0.49764986870578	0.906932670310961	0.559633463623177
Bacteria_Bacteroidetes_Bacteroidia_Bacteroidales_Rikenellaceae_Alistipes_110	0.213081845621853	0.134421980716307	0.167731651501701	0.299503130031609	0.368382008872805	0.498095779256179	0.381136792843904	0.612465190346409
Bacteria_Firmicutes_Clostridia_Clostridiales_Lachnospiraceae_Eisenbergiella_287	0.21562034197244	0.250159273744633	0.374049127691425	0.195349751110565	-0.197612582658763	0.498818819506514	0.543245286770888	0.73882669485171
Bacteria_Firmicutes_Clostridia_Clostridiales_Clostridiaceae_1_Clostridium_sensu_stricto_1_191	0.219105942233041	0.0927640280734904	0.345586047052955	-0.387477107798277	-0.2742834097862	0.498818819506514	0.31524027655972	0.73882669485171
Bacteria_Bacteroidetes_Bacteroidia_Bacteroidales_Bacteroidaceae_Bacteroides_344	0.219334590969868	0.114032791981314	0.227193144395201	0.220481679868295	0.220211226751943	0.498818819506514	0.360776160837433	0.67869745759396
Bacteria_Patescibacteria_Saccharimonadia_Saccharimonadales_Saccharimonadaceae_NA_769	0.219891544669497	0.109379307511826	0.908571416540795	0.126400637982476	-0.0113777064043668	0.498818819506514	0.355240759795044	0.9678493719115
Bacteria_Firmicutes_Clostridia_Clostridiales_Ruminococcaceae_Angelakisella_559	0.220187053842112	0.0887366235943645	0.738408084465727	-0.153153522332372	-0.0394044382259164	0.498818819506514	0.31524027655972	0.903960178826683
Bacteria_Firmicutes_Clostridia_Clostridiales_Ruminococcaceae_Ruminococcaceae_UCG-002_154	0.230216270650829	0.123462008733848	0.21474067200254	0.187570255996054	0.201814705835012	0.518339701404013	0.371623744392107	0.662267450629684
Bacteria_Firmicutes_Clostridia_Clostridiales_Lachnospiraceae_Lachnospira_155	0.232766072474614	0.133836014149623	0.199423424657023	0.251292639804343	0.287173187595833	0.518847141502443	0.381136792843904	0.637169425201392
Bacteria_Firmicutes_Clostridia_Clostridiales_Lachnospiraceae_Roseburia_108	0.233269150811725	0.231853899441038	0.432892862742	0.279720716784942	-0.233796652848561	0.518847141502443	0.534292116592834	0.784884723176551
Bacteria_Firmicutes_Clostridia_Clostridiales_Lachnospiraceae_Tyzzerella_62	0.236109877361122	0.130287379282929	0.838867508848493	0.345854253863633	-0.060877445695007	0.522001957780313	0.379783797577797	0.953140482190084
Bacteria_Firmicutes_Clostridia_Clostridiales_Family_XIII_Family_XIII_AD3011_group_125	0.23851931061832	0.093627221103568	0.606076722133618	0.269981832424997	0.109115288999634	0.524171179622297	0.31524027655972	0.868029348770618
Bacteria_Firmicutes_Clostridia_Clostridiales_Lachnospiraceae_Blautia_162	0.242842833772844	0.855543640662111	0.105736891115782	0.0262980483959728	0.321594974649476	0.530495952349011	0.934985627134178	0.539480505552784
Bacteria_Firmicutes_Clostridia_Clostridiales_Lachnospiraceae_NA_29	0.245539655587214	0.676863097302278	0.0977467410756314	-0.113128801703704	-0.602452728171498	0.533213334914245	0.847811456347904	0.539480505552784
Bacteria_Firmicutes_Clostridia_Clostridiales_Ruminococcaceae_Negativibacillus_240	0.252083844005098	0.0998015626413535	0.545557142183396	0.222832113205463	0.107537187943089	0.544204533822769	0.329974535940331	0.865167261093296
Bacteria_Firmicutes_Clostridia_Clostridiales_Lachnospiraceae_NA_441	0.259312233175292	0.732091782703722	0.105687641152107	0.047493325874709	0.29447075400672	0.551157915660855	0.885080560277409	0.539480505552784
Bacteria_Firmicutes_Clostridia_Clostridiales_Lachnospiraceae_Blautia_45	0.25967311483814	0.174735670957788	0.18351380746746	-0.252211763500534	-0.330450360905633	0.551157915660855	0.458057080296487	0.630433860528177
Bacteria_Firmicutes_Clostridia_Clostridiales_Ruminococcaceae_Butyricicoccus_74	0.260512296678668	0.798721687591119	0.153463810688272	-0.0506808968397873	0.387685876869262	0.551157915660855	0.930220604025809	0.585771221196673
Bacteria_Firmicutes_Clostridia_Clostridiales_Ruminococcaceae_DTU089_472	0.261311927316046	0.128126353593515	0.98113169841271	-0.161291784057887	0.00329093064304635	0.551157915660855	0.379212675555	0.996261719514828
Bacteria_Firmicutes_Clostridia_Clostridiales_Lachnospiraceae_Sellimonas_347	0.262960696012395	0.115355920361215	0.36339770485051	-0.227495785462837	-0.17177167581749	0.551466145351709	0.361842929680052	0.73882669485171
Bacteria_Firmicutes_Clostridia_Clostridiales_Ruminococcaceae_Faecalibacterium_66	0.268317578524219	0.111292106869326	0.735885403926109	-0.375350527203966	-0.104217030387605	0.557687683476807	0.358282484395112	0.903960178826683
Bacteria_Firmicutes_Clostridia_Clostridiales_Family_XIII_Family_XIII_AD3011_group_463	0.268966539442493	0.728516010903278	0.112776897772413	0.00735270441820631	0.046346692746234	0.557687683476807	0.885080560277409	0.544218909835168
Bacteria_Firmicutes_Clostridia_Clostridiales_Ruminococcaceae_NA_21	0.276575165657779	0.556637207910037	0.227036469485807	-0.172472913111624	0.478178874992506	0.567783192388676	0.770890020011259	0.67869745759396
Bacteria_Firmicutes_Clostridia_Clostridiales_Lachnospiraceae_NA_18	0.276929676941616	0.118315420931392	0.404810178426097	-0.41890794242164	-0.295199204042253	0.567783192388676	0.364888735141353	0.765792207883182
Bacteria_Firmicutes_Clostridia_Clostridiales_Family_XIII_Family_XIII_UCG-001_504	0.283307882728398	0.660485751566584	0.202735762010355	-0.0320087424897627	0.12657937941907	0.577633294229567	0.841542195911946	0.637169425201392
Bacteria_Bacteroidetes_Bacteroidia_Bacteroidales_Bacteroidaceae_Bacteroides_209	0.287420885142389	0.850584991105083	0.127506587869604	0.0231706939498492	0.256694850988788	0.582396357356989	0.934985627134178	0.559633463623177
Bacteria_Firmicutes_Clostridia_Clostridiales_Lachnospiraceae_Blautia_86	0.288832510643928	0.320442281737479	0.424251237786672	0.159777105823761	-0.172662532911437	0.582396357356989	0.618959565250815	0.774627881928899
Bacteria_Firmicutes_Clostridia_Clostridiales_Family_XIII_Family_XIII_AD3011_group_137	0.293395040743537	0.365086027261287	0.370731790946059	-0.162058128913453	0.214832986341036	0.582396357356989	0.659508822660133	0.73882669485171
Bacteria_Firmicutes_Clostridia_Clostridiales_Lachnospiraceae_Blautia_242	0.295025403328837	0.414636347273063	0.338647338739686	-0.0597427941462425	0.0947688220562482	0.582396357356989	0.695509665829616	0.73882669485171
Bacteria_Firmicutes_Clostridia_Clostridiales_Ruminococcaceae_Butyricicoccus_186	0.297778200557283	0.594812790932362	0.122879692389121	-0.0455115758553241	-0.181481965476547	0.582396357356989	0.796701803913054	0.556751198849472
Bacteria_Firmicutes_Clostridia_Clostridiales_Ruminococcaceae_Ruminococcus_1_238	0.297980765307822	0.379172647360458	0.357476592239508	-0.158029327441709	0.220606972534344	0.582396357356989	0.659508822660133	0.73882669485171
Bacteria_Verrucomicrobia_Verrucomicrobiae_Verrucomicrobiales_Akkermansiaceae_Akkermansia_8	0.299317515286319	0.488848194895759	0.125793050219487	0.201020553305815	0.603691275179771	0.582396357356989	0.729297916775381	0.559633463623177
Bacteria_Firmicutes_Clostridia_Clostridiales_Lachnospiraceae_CAG-56_197	0.299382529978779	0.469105976359775	0.283227269006511	-0.148882313180289	0.287930076402643	0.582396357356989	0.728511426076338	0.708943617457306
Bacteria_Firmicutes_Clostridia_Clostridiales_Ruminococcaceae_Ruminococcaceae_UCG-004_56	0.299926189483572	0.192977871436573	0.736878648646138	-0.250996243306429	0.0858167606630476	0.582396357356989	0.493652703633837	0.903960178826683
Bacteria_Firmicutes_Clostridia_Clostridiales_Lachnospiraceae_Lachnoclostridium_116	0.302037771986895	0.125591619271388	0.535270853745858	0.307079027554859	0.163581866894458	0.583409801679949	0.37473271766341	0.858275347652741
Bacteria_Firmicutes_Erysipelotrichia_Erysipelotrichales_Erysipelotrichaceae_Faecalitalea_388	0.309809107711136	0.131423820960164	0.49897517425588	-0.179156398189405	-0.104860532930956	0.595287657225062	0.379783797577797	0.847795782184759
Bacteria_Bacteroidetes_Bacteroidia_Bacteroidales_Tannerellaceae_Parabacteroides_114	0.311946758247516	0.988528044965265	0.151978795949025	-0.00296289271053607	-0.400270234103475	0.596273230608533	0.991228941262984	0.585771221196673
Bacteria_Firmicutes_Clostridia_Clostridiales_Ruminococcaceae_NA_150	0.319618943746644	0.135616090300082	0.509952490642974	-0.189455352401815	-0.110918358924359	0.60488266351366	0.381136792843904	0.848151357182092
Bacteria_Firmicutes_Clostridia_Clostridiales_Lachnospiraceae_Lachnospiraceae_UCG-010_302	0.321225218720491	0.373124078508553	0.151996107186152	0.136356855825281	0.292132409951953	0.60488266351366	0.659508822660133	0.585771221196673
Bacteria_Firmicutes_Clostridia_Clostridiales_Ruminococcaceae_NA_636	0.321395420668021	0.275029058655353	0.526276747477852	0.111578405002123	-0.0838110995530134	0.60488266351366	0.572420651321355	0.850852715085337
Bacteria_Firmicutes_Clostridia_Clostridiales_Lachnospiraceae_NA_608	0.325524319464612	0.248586760663651	0.203095031461584	0.127899282782994	0.18385306131808	0.604940853058755	0.543043697402142	0.637169425201392
Bacteria_Firmicutes_Clostridia_Clostridiales_Lachnospiraceae_NA_396	0.326957009302457	0.138432050594385	0.662974004124318	0.18211906113321	0.0679646591840796	0.604940853058755	0.38488304975863	0.884230180050849
Bacteria_Firmicutes_Clostridia_Clostridiales_Lachnospiraceae_Lachnospiraceae_NK4A136_group_161	0.327309876103873	0.352364740538843	0.160032621355966	0.187626077998463	0.379499255130636	0.604940853058755	0.647570143943667	0.593468899293346
Bacteria_Firmicutes_Clostridia_Clostridiales_Ruminococcaceae_Ruminiclostridium_5_46	0.328019699614965	0.152819549435066	0.891272776525506	-0.297526472327445	-0.0375767440897739	0.604940853058755	0.409377917099774	0.9678493719115
Bacteria_Firmicutes_Clostridia_Clostridiales_Ruminococcaceae_Intestinimonas_358	0.333069230878884	0.142162492928848	0.676093178181393	0.194875430598905	0.0724087901609444	0.611182038662752	0.392282969209679	0.894134103958239
Bacteria_Firmicutes_Clostridia_Clostridiales_Lachnospiraceae_Oribacterium_666	0.336081602234928	0.143561385261783	0.680090059417012	0.140381117257369	0.049916891566845	0.613641532438899	0.392363342084835	0.894134103958239
Bacteria_Firmicutes_Clostridia_Clostridiales_Ruminococcaceae_Ruminococcaceae_UCG-005_462	0.338034232578563	0.574458733963338	0.14460950564047	-0.0692578871549597	-0.243316265691754	0.614151303744221	0.781872236362408	0.584194191266804
Bacteria_Actinobacteria_Coriobacteriia_Coriobacteriales_Eggerthellaceae_Senegalimassilia_105	0.345203877492415	0.19503989653108	0.883878374845333	-0.173346616266842	0.0259726124789713	0.621732201567672	0.493652703633837	0.9678493719115
Bacteria_Firmicutes_Clostridia_Clostridiales_Lachnospiraceae_NA_221	0.346989158852942	0.49981424746194	0.152974215979389	-0.115480736016235	-0.328951826951815	0.621732201567672	0.731500798814851	0.585771221196673
Bacteria_Firmicutes_Negativicutes_Selenomonadales_Acidaminococcaceae_Phascolarctobacterium_57	0.347289104417909	0.259402134184901	0.643545429038009	0.171705894412227	-0.0939443981939973	0.621732201567672	0.556728556993326	0.873550562338314
Bacteria_Firmicutes_Clostridia_Clostridiales_NA_NA_598	0.359032913340883	0.181873035551672	0.356736787207326	0.11328118204501	0.103554876827313	0.639636306777205	0.473385844308253	0.73882669485171
Bacteria_Firmicutes_Clostridia_Clostridiales_Lachnospiraceae_Lachnospira_170	0.364940079362332	0.231915347506155	0.7363137249148	-0.226205788752977	0.0808360253620259	0.64693774557957	0.534292116592834	0.903960178826683
Bacteria_Firmicutes_Erysipelotrichia_Erysipelotrichales_Erysipelotrichaceae_Candidatus_Stoquefichus_211	0.36665681493338	0.908828918683064	0.174749080356549	0.0188610006734892	0.302862974623277	0.64693774557957	0.940814782948877	0.62264963583353
Bacteria_Firmicutes_Clostridia_Clostridiales_Lachnospiraceae_Lachnospiraceae_UCG-009_596	0.369486367191012	0.334654808800187	0.195758073836926	-0.0792139452671258	-0.143617746068418	0.648683849554687	0.623443222485627	0.637169425201392
Bacteria_Firmicutes_Clostridia_Clostridiales_Lachnospiraceae_Blautia_179	0.371181494295597	0.473312679398895	0.169073005830015	-0.112793496329157	-0.294234557382504	0.648683849554687	0.728511426076338	0.612465190346409
Bacteria_Firmicutes_Clostridia_Clostridiales_Ruminococcaceae_Ruminococcaceae_UCG-002_442	0.374418582407906	0.165013840664839	0.682173158333262	-0.18498943501794	-0.0711414067976718	0.650406300955034	0.438841155970986	0.894134103958239
Bacteria_Firmicutes_Clostridia_Clostridiales_Ruminococcaceae_Ruminiclostridium_9_709	0.375711541696096	0.636727568406881	0.274695612475083	0.0429940002073312	-0.130606741290855	0.650406300955034	0.831597927421086	0.708943617457306
Bacteria_Firmicutes_Clostridia_Clostridiales_Family_XIII_NA_478	0.380045723644581	0.22311064727352	0.304640894819153	0.144684108156771	0.160260454905784	0.652743937191231	0.534292116592834	0.728264287886669
Bacteria_Firmicutes_Clostridia_Clostridiales_Ruminococcaceae_Ruminococcaceae_UCG-005_339	0.380619080542026	0.330744794646675	0.552160332481392	-0.116845236705455	0.0954491801603737	0.652743937191231	0.620017325263335	0.865167261093296
Bacteria_Actinobacteria_Coriobacteriia_Coriobacteriales_Eggerthellaceae_Gordonibacter_301	0.383690861653252	0.222579626148616	0.835069468166455	-0.216928486048361	0.0479222422364899	0.654951377798807	0.534292116592834	0.951771723034438
Bacteria_Actinobacteria_Actinobacteria_Actinomycetales_Actinomycetaceae_Actinomyces_336	0.387321712740188	0.881782214136861	0.182960362559726	-0.0227712439447312	-0.272019487616321	0.658088280442819	0.934985627134178	0.630433860528177
Bacteria_Firmicutes_Clostridia_Clostridiales_Ruminococcaceae_Ruminococcaceae_UCG-002_70	0.394276809571279	0.493830185598783	0.386712747492401	-0.103568475197317	0.176808053603437	0.658616152161493	0.730789024656264	0.750918403860905
Bacteria_Firmicutes_Clostridia_Clostridiales_Christensenellaceae_Christensenellaceae_R-7_group_244	0.394308092702065	0.806022212752609	0.18380496751094	0.0245029411736779	0.181647157280562	0.658616152161493	0.930220604025809	0.630433860528177
Bacteria_Bacteroidetes_Bacteroidia_Bacteroidales_Rikenellaceae_Alistipes_88	0.394869494086804	0.202226702142709	0.975038033400554	-0.196035977476127	-0.00639243465461087	0.658616152161493	0.508336984153249	0.996261719514828
Bacteria_Firmicutes_Clostridia_Clostridiales_Lachnospiraceae_Blautia_280	0.395569246512713	0.217155769838781	0.353069990303657	-0.239485313115371	-0.229932242429277	0.658616152161493	0.534292116592834	0.73882669485171
Bacteria_Firmicutes_Clostridia_Clostridiales_Ruminococcaceae_NA_454	0.397246237596943	0.754996459109954	0.258615445009765	0.0315557725351224	-0.154837321010969	0.658616152161493	0.899622404199198	0.708367630510855
Bacteria_Firmicutes_Clostridia_Clostridiales_Lachnospiraceae_Lachnospiraceae_ND3007_group_329	0.398399961253001	0.184095585691124	0.805804769810831	-0.191978212234768	-0.0465266034550463	0.658616152161493	0.475796337666497	0.929969655725079
Bacteria_Firmicutes_Clostridia_Clostridiales_NA_NA_663	0.413460781047691	0.517570337665952	0.19331051360626	0.0511009764766015	0.138425661764192	0.680448908719743	0.741024661485899	0.637169425201392
Bacteria_Firmicutes_Erysipelotrichia_Erysipelotrichales_Erysipelotrichaceae_NA_224	0.417761734833575	0.874765248218495	0.238027712381278	0.0273306158681641	-0.273181580175386	0.684457842338938	0.934985627134178	0.683290834194869
Bacteria_Firmicutes_Erysipelotrichia_Erysipelotrichales_Erysipelotrichaceae_Ileibacterium_867	0.421064069212674	0.704481760034378	0.28534185106642	0.0309576839902991	-0.112901848926896	0.685831033905795	0.874580503638942	0.708943617457306
Bacteria_Firmicutes_Clostridia_Clostridiales_Ruminococcaceae_Fournierella_259	0.42236626096076	0.874289125851619	0.248262851288806	-0.0168705711069638	0.167907665845359	0.685831033905795	0.934985627134178	0.706298189325519
Bacteria_Firmicutes_Clostridia_Clostridiales_NA_NA_593	0.424206116339552	0.551845468559018	0.197713539550643	0.0511739612553526	0.148957133967349	0.685831033905795	0.770065729890341	0.637169425201392
Bacteria_Firmicutes_Clostridia_Clostridiales_Ruminococcaceae_Ruminococcaceae_UCG-002_141	0.427170192497729	0.64988898321116	0.32666012868934	-0.0677247059957479	0.19846064918619	0.687594125643274	0.83687458539823	0.73882669485171
Bacteria_Bacteroidetes_Bacteroidia_Bacteroidales_Bacteroidaceae_Bacteroides_42	0.433179799069121	0.221587467155509	0.423458197735781	0.241145762431498	0.210484168845035	0.690552370392703	0.534292116592834	0.774627881928899
Bacteria_Firmicutes_Clostridia_Clostridiales_Ruminococcaceae_Butyricicoccus_279	0.434395771880458	0.232757915147224	0.397462144066544	-0.190654272266227	-0.177981698394251	0.690552370392703	0.534292116592834	0.763709983625245
Bacteria_Firmicutes_Clostridia_Clostridiales_Lachnospiraceae_NA_623	0.434904749820007	0.625568220229418	0.33018449147026	0.0487049646561191	-0.125510781920424	0.690552370392703	0.825840060518693	0.73882669485171
Bacteria_Firmicutes_Clostridia_Clostridiales_Ruminococcaceae_Ruminococcaceae_UCG-014_160	0.436534468477131	0.675863827218056	0.201765240746495	0.0699550139646847	0.283916109439252	0.690552370392703	0.847811456347904	0.637169425201392
Bacteria_Firmicutes_Clostridia_Clostridiales_Ruminococcaceae_Butyricicoccus_136	0.444298602447007	0.330533979784587	0.275761654101887	-0.226594265995547	-0.335882989995423	0.699282657921158	0.620017325263335	0.708943617457306
Bacteria_Firmicutes_Erysipelotrichia_Erysipelotrichales_Erysipelotrichaceae_Faecalitalea_153	0.445864147012401	0.444689997375943	0.228401066386195	0.153594723433132	0.324476714494917	0.699282657921158	0.715794864197241	0.67869745759396
Bacteria_Proteobacteria_Gammaproteobacteria_Betaproteobacteriales_Burkholderiaceae_Parasutterella_115	0.452443812341015	0.820405286249922	0.218560146956004	-0.0417843703291918	-0.307855603847567	0.705927239075126	0.934985627134178	0.668429782773779
Bacteria_Firmicutes_Clostridia_Clostridiales_Ruminococcaceae_Phocea_475	0.453947761367111	0.476233781986496	0.229314672320575	-0.0908308271612684	-0.202290632144116	0.705927239075126	0.728511426076338	0.67869745759396
Bacteria_Actinobacteria_Coriobacteriia_Coriobacteriales_Coriobacteriales_Incertae_Sedis_Raoultibacter_703	0.458080067460011	0.431936034951444	0.511570702597881	-0.0673292248361188	0.0742332549349823	0.709347615011915	0.706591589232548	0.848151357182092
Bacteria_Firmicutes_Clostridia_Clostridiales_Ruminococcaceae_NA_37	0.461447023240219	0.240747652772444	0.972956136598	0.342528607984217	0.0130291089774958	0.711559065248573	0.534292116592834	0.996261719514828
Bacteria_Firmicutes_Erysipelotrichia_Erysipelotrichales_Erysipelotrichaceae_Holdemania_532	0.46536014189256	0.28075127312764	0.3480393818498	0.0794987990995501	0.0929526772736889	0.711787017904782	0.572420651321355	0.73882669485171
Bacteria_Firmicutes_Clostridia_Clostridiales_Lachnospiraceae_Dorea_27	0.465726395406787	0.276902590038316	0.36326092880133	-0.308457666426769	-0.342499894374767	0.711787017904782	0.572420651321355	0.73882669485171
Bacteria_Firmicutes_Clostridia_Clostridiales_Ruminococcaceae_NA_736	0.467762638994236	0.224421878779051	0.588038203381712	0.0869408661586442	0.0510526096432092	0.711787017904782	0.534292116592834	0.868029348770618
Bacteria_Firmicutes_Clostridia_Clostridiales_Lachnospiraceae_NA_516	0.469428601217569	0.743024269701124	0.31154630299239	0.0375613237727299	-0.151475904066359	0.711787017904782	0.891143486863766	0.728264287886669
Bacteria_Bacteroidetes_Bacteroidia_Bacteroidales_Marinifilaceae_Odoribacter_184	0.471292221664474	0.238570825568379	0.909837289878829	0.205204688689208	0.0259577677656404	0.711787017904782	0.534292116592834	0.9678493719115
Bacteria_Firmicutes_Clostridia_Clostridiales_Ruminococcaceae_DTU089_128	0.47984882733001	0.659880055274149	0.373052203324516	0.0420310120886473	-0.115433003906726	0.720482991493354	0.841542195911946	0.73882669485171
Bacteria_Firmicutes_Clostridia_Clostridiales_Ruminococcaceae_Caproiciproducens_689	0.483237495759493	0.313882099354744	0.76614948184044	0.101930199015811	-0.038323601228644	0.720482991493354	0.613246203706811	0.923266977232586
Bacteria_Firmicutes_Clostridia_Clostridiales_Lachnospiraceae_NA_69	0.486384655345204	0.294701230337627	0.857194932315766	-0.245646292312782	0.0559314081959602	0.720482991493354	0.587800823553855	0.9678493719115
Bacteria_Firmicutes_Clostridia_Clostridiales_Lachnospiraceae_NA_531	0.487730482096209	0.241091135031974	0.82501831414018	-0.115946957115359	-0.0289422415357705	0.720482991493354	0.534292116592834	0.943245237661826
Bacteria_Firmicutes_Clostridia_Clostridiales_Ruminococcaceae_Anaerotruncus_291	0.488172874262782	0.274150793080753	0.413760255908935	0.156827709765239	0.15601424684783	0.720482991493354	0.572420651321355	0.766919262215047
Bacteria_Firmicutes_Clostridia_Clostridiales_Lachnospiraceae_Blautia_255	0.490663262700663	0.518919177116828	0.4617780516173	-0.123405136582537	0.185287505167496	0.720482991493354	0.741024661485899	0.810873420782531
Bacteria_Firmicutes_Clostridia_Clostridiales_Lachnospiraceae_NA_360	0.490792228537707	0.241668913772235	0.585721451569447	0.201699238026813	0.120649047197344	0.720482991493354	0.534292116592834	0.868029348770618
Bacteria_Firmicutes_Bacilli_Lactobacillales_Lactobacillaceae_Lactobacillus_423	0.502343434581644	0.246812200090884	0.788314055109486	-0.17682810750695	-0.052030147618962	0.727904980356705	0.542395673253619	0.929826371424519
Bacteria_Firmicutes_Clostridia_Clostridiales_Lachnospiraceae_Lachnoclostridium_138	0.504819757727503	0.888335607661359	0.257387254577708	-0.0267658741868857	-0.288410402785223	0.727904980356705	0.934985627134178	0.708367630510855
Bacteria_Firmicutes_Clostridia_Clostridiales_Lachnospiraceae_Blautia_145	0.505226321537662	0.589499091120794	0.250353185750175	0.0848177094615274	0.2445604564671	0.727904980356705	0.792476800151397	0.706766301310109
Bacteria_Firmicutes_Clostridia_Clostridiales_Ruminococcaceae_Ruminococcus_1_330	0.510183574867257	0.902768779341958	0.26446032317279	0.0139649218517729	0.172935037165526	0.727904980356705	0.938572640279033	0.708367630510855
Bacteria_Firmicutes_Clostridia_Clostridiales_Lachnospiraceae_Lachnospiraceae_FCS020_group_321	0.510869188026985	0.263319243000921	0.88750110290564	-0.142130533667304	-0.0238828443976077	0.727904980356705	0.557542580052943	0.9678493719115
Bacteria_Firmicutes_Clostridia_Clostridiales_Ruminococcaceae_Candidatus_Soleaferrea_439	0.511222931778134	0.256303093738799	0.584409549606715	-0.146430859653162	-0.0924040856358172	0.727904980356705	0.553313149424348	0.868029348770618
Bacteria_Bacteroidetes_Bacteroidia_Bacteroidales_Prevotellaceae_Prevotella_7_188	0.512813565112105	0.30015481727814	0.919677865915019	0.116622393652702	-0.0151235532961492	0.727904980356705	0.595442259140958	0.9678493719115
Bacteria_Firmicutes_Clostridia_Clostridiales_Ruminococcaceae_Oscillibacter_152	0.51296507303252	0.375794105010356	0.700248911641259	-0.147767206834172	0.0856992242176493	0.727904980356705	0.659508822660133	0.899583017120681
Bacteria_Firmicutes_Clostridia_Clostridiales_Lachnospiraceae_Sellimonas_190	0.517787166103888	0.759187702760099	0.256986884439285	-0.0493267368343103	-0.247433341989186	0.727904980356705	0.901688954410862	0.708367630510855
Bacteria_Firmicutes_Clostridia_Clostridiales_Ruminococcaceae_Ruminiclostridium_5_446	0.517802103462724	0.837661405283544	0.262647469718983	-0.0203246733177934	-0.150866854937878	0.727904980356705	0.934985627134178	0.708367630510855
Bacteria_Firmicutes_Clostridia_Clostridiales_Ruminococcaceae_NA_693	0.519601435436182	0.264338988907935	0.575044358238173	0.101981496279899	0.0661117804434459	0.727904980356705	0.557542580052943	0.868029348770618
Bacteria_Firmicutes_Clostridia_Clostridiales_Family_XIII_NA_888	0.520102017100216	0.827833426125168	0.261449636177523	-0.0152076991906837	-0.103199072785388	0.727904980356705	0.934985627134178	0.708367630510855
Bacteria_Firmicutes_Clostridia_Clostridiales_Ruminococcaceae_NA_555	0.521632179383688	0.310019495170211	0.411065572078983	-0.101231818533973	-0.109129090665952	0.727904980356705	0.611705132943373	0.765792207883182
Bacteria_Firmicutes_Clostridia_Clostridiales_Ruminococcaceae_Negativibacillus_103	0.527633699033659	0.29263686028672	0.985403281154994	-0.123589796327257	-0.00287224703900184	0.73349078615664	0.587800823553855	0.996261719514828
Bacteria_Firmicutes_Clostridia_Clostridiales_Lachnospiraceae_NA_52	0.529747137458608	0.735557413854522	0.369833223478976	0.089399725769461	-0.317038341667322	0.733649809235129	0.885080560277409	0.73882669485171
Bacteria_Firmicutes_Clostridia_Clostridiales_Ruminococcaceae_Intestinimonas_379	0.538542055024104	0.669443802270506	0.270912392072689	-0.06668060996579	-0.226671358485025	0.743026068397919	0.844281358877237	0.708943617457306
Bacteria_Firmicutes_Clostridia_Clostridiales_Lachnospiraceae_Lachnospiraceae_UCG-001_266	0.543555370346887	0.278337697031987	0.605405706567973	-0.172839056553805	-0.109037153279984	0.744231480909369	0.572420651321355	0.868029348770618
Bacteria_Firmicutes_Clostridia_Clostridiales_Ruminococcaceae_NA_409	0.548018413973659	0.491472811835377	0.573688016341454	0.0775078347477611	-0.0848289195746769	0.744231480909369	0.730245028111673	0.868029348770618
Bacteria_Bacteroidetes_Bacteroidia_Bacteroidales_Barnesiellaceae_Barnesiella_149	0.54812600630843	0.900158825506899	0.334443389988615	0.0113015164816266	-0.118224998534556	0.744231480909369	0.938517866366568	0.73882669485171
Bacteria_Firmicutes_Clostridia_Clostridiales_Family_XIII_NA_252	0.548438251855536	0.954792601976355	0.29957314631573	0.00618634607074036	0.153591145335144	0.744231480909369	0.970661731095075	0.723311478275481
Bacteria_Firmicutes_Clostridia_Clostridiales_Ruminococcaceae_NA_374	0.549555126230079	0.280189486073722	0.640099136646097	0.142550129579807	0.0816112661925285	0.744231480909369	0.572420651321355	0.873550562338314
Bacteria_Actinobacteria_Coriobacteriia_Coriobacteriales_Eggerthellaceae_Eggerthella_38	0.552361148748113	0.998020434528331	0.309235121464637	-0.000493368372337623	-0.273124064826463	0.744474110599007	0.998020434528331	0.728264287886669
Bacteria_Firmicutes_Clostridia_Clostridiales_Lachnospiraceae_GCA-900066755_732	0.557029337430437	0.283545977521077	0.703064942837718	0.0741071293225548	0.0347452771795498	0.744474110599007	0.574924716852128	0.899583017120681
Bacteria_Firmicutes_Clostridia_Clostridiales_Family_XIII_NA_192	0.557840877768734	0.501228919909923	0.56838039262257	0.116849011089339	-0.131257023608129	0.744474110599007	0.731500798814851	0.868029348770618
Bacteria_Firmicutes_Clostridia_Clostridiales_Christensenellaceae_NA_796	0.557848447996531	0.371255589968436	0.394336962519632	-0.0736329620121577	-0.089965053549239	0.744474110599007	0.659508822660133	0.761692974972131
Bacteria_Bacteroidetes_Bacteroidia_Bacteroidales_Tannerellaceae_Parabacteroides_76	0.564819019293129	0.323291080167327	0.982240835008773	0.211598866330197	-0.00634264378005496	0.749300816278713	0.619943843906019	0.996261719514828
Bacteria_Bacteroidetes_Bacteroidia_Bacteroidales_Bacteroidaceae_Bacteroides_39	0.565548572504642	0.847617803463066	0.363126078658161	-0.0376039543516888	0.241218948755564	0.749300816278713	0.934985627134178	0.73882669485171
Bacteria_Firmicutes_Clostridia_Clostridiales_Lachnospiraceae_NA_318	0.567786554515592	0.293256235389051	0.65972351840692	-0.175032803526047	-0.0965264316359303	0.749559947867706	0.587800823553855	0.883644274654524
Bacteria_Firmicutes_Clostridia_Clostridiales_Lachnospiraceae_Lachnospiraceae_UCG-004_264	0.579610478599086	0.431221727401834	0.702448708915375	0.132673358863064	-0.0847122041766673	0.760050047206387	0.706591589232548	0.899583017120681
Bacteria_Firmicutes_Clostridia_Clostridiales_Lachnospiraceae_NA_51	0.579874695416317	0.536235700415118	0.571332643282661	-0.13079034480234	0.161022481523515	0.760050047206387	0.756917315585955	0.868029348770618
Bacteria_Firmicutes_Clostridia_Clostridiales_Lachnospiraceae_Lachnospiraceae_NK4A136_group_111	0.585181632420485	0.314142469473789	0.591790659007444	-0.227848466881593	-0.161128488074744	0.764276366897929	0.613246203706811	0.868029348770618
Bacteria_Firmicutes_Clostridia_Clostridiales_Lachnospiraceae_NA_356	0.592201907604904	0.717472432398504	0.310293137123631	0.050716114969491	0.189716372771045	0.770702482592197	0.880643420368732	0.728264287886669
Bacteria_Firmicutes_Clostridia_Clostridiales_Ruminococcaceae_Ruminiclostridium_5_377	0.594671762066132	0.371481923266888	0.875548155475074	-0.142253084459583	0.0326237667139648	0.771182108403782	0.659508822660133	0.9678493719115
Bacteria_Firmicutes_Clostridia_Clostridiales_Lachnospiraceae_Lachnospiraceae_UCG-010_247	0.599002245869259	0.350665363116102	0.976774998287602	0.146003467002009	-0.00605517551664535	0.774062761387387	0.647570143943667	0.996261719514828
Bacteria_Firmicutes_Clostridia_Clostridiales_Lachnospiraceae_NA_120	0.607895095609235	0.324330294359552	0.79679013175807	0.202798104472804	0.0702357581555132	0.775090309944692	0.619943843906019	0.929826371424519
Bacteria_Firmicutes_Erysipelotrichia_Erysipelotrichales_Erysipelotrichaceae_Dielma_971	0.608617541748797	0.455133554882372	0.723064454423973	0.0317306472942266	-0.0201269434372218	0.775090309944692	0.716011593613837	0.903960178826683
Bacteria_Actinobacteria_Coriobacteriia_Coriobacteriales_Eggerthellaceae_Enterorhabdus_215	0.608873489884975	0.326073579152616	0.64353264158603	-0.046732856618709	-0.0295496298603299	0.775090309944692	0.620017325263335	0.873550562338314
Bacteria_Firmicutes_Clostridia_Clostridiales_NA_NA_763	0.609675371699906	0.373305576848903	0.922378139634738	0.0563211699625634	-0.00819580712108875	0.775090309944692	0.659508822660133	0.9678493719115
Bacteria_Firmicutes_Clostridia_Clostridiales_Ruminococcaceae_Flavonifractor_82	0.610357219547728	0.356122587211111	0.519081377968916	0.182214035230457	0.169621810874731	0.775090309944692	0.650233778639193	0.849968117053125
Bacteria_Firmicutes_Clostridia_Clostridiales_Christensenellaceae_Christensenellaceae_R-7_group_604	0.614418791804826	0.754114210110122	0.327980486561142	0.0263401495900772	0.110997653392149	0.777557574456452	0.899622404199198	0.73882669485171
Bacteria_Firmicutes_Clostridia_Clostridiales_Family_XIII_NA_403	0.620985960566019	0.643742275379867	0.523838969157748	-0.0412952649305116	0.0767537399438976	0.783167860920031	0.834817721075657	0.850658856995104
Bacteria_Bacteroidetes_Bacteroidia_Bacteroidales_Prevotellaceae_Paraprevotella_364	0.64501864077816	0.502283927251614	0.405194704248613	-0.0745724254575673	-0.123235741220121	0.810691236868441	0.731500798814851	0.765792207883182
Bacteria_Firmicutes_Clostridia_Clostridiales_Ruminococcaceae_Ruminiclostridium_5_171	0.64992612622715	0.464450331208467	0.774839861001734	0.137434208948473	-0.0711385209353159	0.813127054891228	0.725333070440457	0.923266977232586
Bacteria_Firmicutes_Clostridia_Clostridiales_Lachnospiraceae_Lachnoclostridium_139	0.653093203915285	0.37588226988289	0.938279984550633	0.174669861081885	0.0201466849201038	0.813127054891228	0.659508822660133	0.97549222189825
Bacteria_Actinobacteria_Coriobacteriia_Coriobacteriales_Eggerthellaceae_Gordonibacter_437	0.653603490988862	0.372901974322247	0.92048432199795	-0.124279052601948	-0.0182403436866446	0.813127054891228	0.659508822660133	0.9678493719115
Bacteria_Firmicutes_Bacilli_Lactobacillales_Lactobacillaceae_Lactobacillus_354	0.661677691299682	0.411789289089773	0.535545107935907	-0.105753563914548	-0.102193035435773	0.820390921307375	0.695509665829616	0.858275347652741
Bacteria_Firmicutes_Erysipelotrichia_Erysipelotrichales_Erysipelotrichaceae_Coprobacillus_502	0.665769176988921	0.378741802324016	0.890873182807587	0.113424203764761	0.0229556644205847	0.821124963545002	0.659508822660133	0.9678493719115
Bacteria_Firmicutes_Clostridia_Clostridiales_Ruminococcaceae_Ruminococcaceae_UCG-002_142	0.666962507107031	0.484756969193004	0.44326079295521	-0.113382629719603	-0.167287661800094	0.821124963545002	0.729297916775381	0.793544931778351
Bacteria_Firmicutes_Clostridia_Clostridiales_Ruminococcaceae_Ruminococcaceae_NK4A214_group_129	0.66898191852849	0.886451794620571	0.383146748846287	0.020848511065505	0.172221021310691	0.821124963545002	0.934985627134178	0.750918403860905
Bacteria_Actinobacteria_Coriobacteriia_Coriobacteriales_Eggerthellaceae_NA_126	0.671575552839783	0.381621876738547	0.655208371543079	-0.0491497293587124	-0.0337123776205316	0.821372682621288	0.660637871523806	0.880811254052418
Bacteria_Firmicutes_Clostridia_Clostridiales_Lachnospiraceae_Lachnoclostridium_148	0.673659884111737	0.478435822948885	0.457241191898772	0.0875015640200047	0.123609321700702	0.821372682621288	0.728572394283157	0.806766910706007
Bacteria_Firmicutes_Clostridia_Clostridiales_Lachnospiraceae_Lachnoclostridium_47	0.678521791629128	0.395074183797967	0.910828815433886	0.165922529300047	0.0291959123328126	0.823162288182199	0.677859525759456	0.9678493719115
Bacteria_Firmicutes_Clostridia_Clostridiales_Ruminococcaceae_Candidatus_Soleaferrea_700	0.681644866274276	0.782756728738266	0.491659463367676	0.0226181330148297	-0.0748857732919578	0.823162288182199	0.917801020597264	0.843173004934285
Bacteria_Firmicutes_Bacilli_Lactobacillales_Streptococcaceae_Streptococcus_317	0.681856500292612	0.405411836988913	0.607033087528595	0.10895260773806	0.0891832564161311	0.823162288182199	0.688824741550606	0.868029348770618
Bacteria_Firmicutes_Clostridia_Clostridiales_Lachnospiraceae_Blautia_130	0.696155565808292	0.452072563933737	0.908747861314281	0.130989362000201	-0.0262779704981819	0.837669156234895	0.716011593613837	0.9678493719115
Bacteria_Firmicutes_Clostridia_Clostridiales_Ruminococcaceae_Ruminiclostridium_9_205	0.701130796084084	0.88070418935561	0.409634339195636	0.0278793392916083	0.204890767758627	0.840898699878624	0.934985627134178	0.765792207883182
Bacteria_Firmicutes_Clostridia_Clostridiales_Lachnospiraceae_Roseburia_58	0.707204828787128	0.45532262678659	0.931742091602465	0.20953601112786	-0.0316920790965918	0.842535958907712	0.716011593613837	0.971447010278707
Bacteria_Proteobacteria_Gammaproteobacteria_Betaproteobacteriales_Burkholderiaceae_Sutterella_199	0.707864348056266	0.415031653451461	0.867652689261243	0.108415088665256	0.0295435601830052	0.842535958907712	0.695509665829616	0.9678493719115
Bacteria_Firmicutes_Clostridia_Clostridiales_Lachnospiraceae_NA_253	0.709383137063986	0.894223310964841	0.419734675245746	0.0184078655323678	0.150589866384949	0.842535958907712	0.934985627134178	0.774083546809995
Bacteria_Firmicutes_Clostridia_Clostridiales_Lachnospiraceae_Marvinbryantia_297	0.711958472048598	0.424924476460609	0.91182357688665	-0.103066074610642	-0.0190947467090953	0.842840889039682	0.702465238112808	0.9678493719115
Bacteria_Bacteroidetes_Bacteroidia_Bacteroidales_Tannerellaceae_Parabacteroides_308	0.715314727925703	0.423297524236444	0.886980563715206	0.126795882121345	0.0296714560448211	0.842840889039682	0.702465238112808	0.9678493719115
Bacteria_Firmicutes_Clostridia_Clostridiales_Lachnospiraceae_Blautia_249	0.718368154865528	0.506734602353146	0.502692255419216	0.0427159386056727	0.0582190641796778	0.842840889039682	0.735065608947053	0.848151357182092
Bacteria_Firmicutes_Clostridia_Clostridiales_Lachnospiraceae_NA_119	0.718826153322672	0.433196478412325	0.649306516629611	-0.128581224558265	-0.1001150965892	0.842840889039682	0.706591589232548	0.876086366187748
Bacteria_Firmicutes_Clostridia_Clostridiales_Ruminococcaceae_Oscillibacter_424	0.723159962358229	0.910052446721665	0.434146045789754	-0.014000752188915	-0.129752818443605	0.845221994221243	0.940814782948877	0.784884723176551
Bacteria_Bacteroidetes_Bacteroidia_Bacteroidales_Bacteroidaceae_Bacteroides_223	0.725516988859517	0.484043673536954	0.54834858647776	-0.0815088823791008	-0.0939429258574995	0.845284872734739	0.729297916775381	0.865167261093296
Bacteria_Bacteroidetes_Bacteroidia_Bacteroidales_Rikenellaceae_Alistipes_436	0.73516927054403	0.510807850991939	0.868145369733391	0.0667072620701949	-0.0224887528011576	0.847838881681383	0.736642929591727	0.9678493719115
Bacteria_Firmicutes_Clostridia_Clostridiales_Ruminococcaceae_Negativibacillus_638	0.735542507139066	0.533048060948943	0.515361723846339	-0.0524957705858722	-0.0732118412873938	0.847838881681383	0.756807769770892	0.848151357182092
Bacteria_Firmicutes_Bacilli_Lactobacillales_Streptococcaceae_Lactococcus_64	0.740940715738758	0.443347157769899	0.773352008635129	0.171025836061079	0.0820985854774001	0.847838881681383	0.715794864197241	0.923266977232586
Bacteria_Firmicutes_Clostridia_Clostridiales_Lachnospiraceae_Shuttleworthia_351	0.742570049537795	0.47069564301693	0.997978643040687	-0.0926959882169572	0.000428268871407929	0.847838881681383	0.728511426076338	0.999961793523257
Bacteria_Firmicutes_Clostridia_Clostridiales_Ruminococcaceae_Anaerofilum_929	0.743509554082531	0.711616907593975	0.452338141185253	0.0248331218654365	0.0650316703395138	0.847838881681383	0.876387265392579	0.802430624042719
Bacteria_Firmicutes_Clostridia_Clostridiales_Ruminococcaceae_Ruminococcaceae_UCG-003_239	0.744816989583563	0.44666796381483	0.793607015708422	0.134645136034694	0.0608514315257818	0.847838881681383	0.715839051179226	0.929826371424519
Bacteria_Firmicutes_Clostridia_Clostridiales_Ruminococcaceae_NA_263	0.746042211425432	0.476410741848286	0.993683197827419	-0.112093662849529	0.00165337779040576	0.847838881681383	0.728511426076338	0.999128037267569
Bacteria_Firmicutes_Clostridia_Clostridiales_Ruminococcaceae_NA_272	0.746190623387157	0.563380581302594	0.794590677794909	0.0703162139310023	-0.0425148783465787	0.847838881681383	0.774384544337273	0.929826371424519
Bacteria_Firmicutes_Clostridia_Clostridiales_Ruminococcaceae_Ruminiclostridium_5_309	0.749708234625831	0.707766783598817	0.628005766052616	-0.0479917411849057	0.0833353002048751	0.849206549715061	0.874580503638942	0.873550562338314
Bacteria_Firmicutes_Clostridia_Clostridiales_Ruminococcaceae_Anaerotruncus_433	0.75958682606119	0.614473608006249	0.730985119121884	0.0676578461169823	-0.0605606305994354	0.857748815890636	0.817071790356136	0.903960178826683
Bacteria_Firmicutes_Clostridia_Clostridiales_Ruminococcaceae_Ruminiclostridium_9_448	0.764892458722835	0.892080793032181	0.4746908564005	0.0120636330155443	0.0859782597385381	0.861090590034603	0.934985627134178	0.82895773904659
Bacteria_Bacteroidetes_Bacteroidia_Bacteroidales_Rikenellaceae_Alistipes_176	0.774093171831935	0.876930263680442	0.547407364682983	-0.0309033795811813	0.159976279053831	0.864976462660269	0.934985627134178	0.865167261093296
Bacteria_Firmicutes_Clostridia_Clostridiales_Ruminococcaceae_Ruminococcaceae_UCG-013_94	0.774568861983317	0.66861097407015	0.703488626467672	-0.0808371074200378	0.0966682653430589	0.864976462660269	0.844281358877237	0.899583017120681
Bacteria_Firmicutes_Clostridia_Clostridiales_Lachnospiraceae_GCA-900066755_204	0.776967199936588	0.511836367972453	0.642142795908307	-0.124324617987517	-0.117118683610859	0.864976462660269	0.736642929591727	0.873550562338314
Bacteria_Firmicutes_Clostridia_Clostridiales_Peptostreptococcaceae_Intestinibacter_102	0.777771751165909	0.635356568942153	0.741418026769385	0.105738289013004	-0.0980607020098933	0.864976462660269	0.831597927421086	0.903988092439749
Bacteria_Firmicutes_Clostridia_Clostridiales_Ruminococcaceae_Ruminococcus_1_400	0.781678668609584	0.543112817193741	0.918208755273676	-0.0549014473677498	0.0124453183391864	0.866695079697031	0.762142067856545	0.9678493719115
Bacteria_Bacteroidetes_Bacteroidia_Bacteroidales_Prevotellaceae_Prevotella_9_68	0.784175214911186	0.558779560003533	0.886229215480036	0.100543063569062	-0.0329795553210203	0.866844288772305	0.770947738801867	0.9678493719115
Bacteria_Firmicutes_Clostridia_Clostridiales_Ruminococcaceae_Butyricicoccus_408	0.793017996910569	0.499645037473677	0.801671303193949	0.0628234565932971	0.0313260349072644	0.87338962251354	0.731500798814851	0.929855236604038
Bacteria_Firmicutes_Clostridia_Clostridiales_Lachnospiraceae_Blautia_135	0.794855950734393	0.534095946514063	0.642295214957784	-0.0642016567961983	-0.0646416268151552	0.87338962251354	0.756807769770892	0.873550562338314
Bacteria_Actinobacteria_Coriobacteriia_Coriobacteriales_Coriobacteriaceae_Collinsella_17	0.799825491638272	0.575219356451908	0.59667900917881	-0.139425359571024	-0.177011561705668	0.876226732630585	0.781872236362408	0.868029348770618
Bacteria_Firmicutes_Clostridia_Clostridiales_Lachnospiraceae_Blautia_180	0.806032573771004	0.852192040870991	0.596721412729134	-0.0399052466544634	0.149336865285893	0.878145829179028	0.934985627134178	0.868029348770618
Bacteria_Firmicutes_Clostridia_Clostridiales_Family_XIII_Family_XIII_AD3011_group_393	0.808227862163255	0.893793643254674	0.521097619446739	0.02060501923131	0.130940527131352	0.878145829179028	0.934985627134178	0.849968117053125
Bacteria_Firmicutes_Clostridia_Clostridiales_Lachnospiraceae_Agathobacter_83	0.808755559298397	0.585353215195449	0.611566516576142	-0.150614376922647	-0.184815707904771	0.878145829179028	0.791470265819992	0.868029348770618
Bacteria_Firmicutes_Clostridia_Clostridiales_Family_XI_Anaerococcus_678	0.81563367364677	0.92732921954771	0.574304889223261	0.00784856923167001	-0.0639293154873855	0.883001646691341	0.95064196529053	0.868029348770618
Bacteria_Firmicutes_Erysipelotrichia_Erysipelotrichales_Erysipelotrichaceae_Turicibacter_340	0.82398150417693	0.978761917094628	0.553989935577451	0.00392734415684048	0.114025206460387	0.889415329508627	0.989547172379418	0.865167261093296
Bacteria_Firmicutes_Clostridia_Clostridiales_Ruminococcaceae_Hydrogenoanaerobacterium_694	0.833343473166676	0.565494596327097	0.722974720710897	-0.0444702817523022	-0.036586923494382	0.896882858217508	0.774389988253897	0.903960178826683
Bacteria_Firmicutes_Clostridia_Clostridiales_Lachnospiraceae_NA_33	0.839151160099926	0.682392745474373	0.592760605891905	-0.104096089202772	-0.181275624153228	0.900492619171558	0.851830399962907	0.868029348770618
Bacteria_Firmicutes_Clostridia_Clostridiales_Lachnospiraceae_Dorea_269	0.843766330082662	0.833586990420777	0.664979644942873	-0.0293766545700066	0.0813603417080759	0.901309440594203	0.934985627134178	0.884230180050849
Bacteria_Firmicutes_Negativicutes_Selenomonadales_Acidaminococcaceae_Acidaminococcus_95	0.844824107804921	0.940185125948226	0.607528972091577	-0.0161778277718487	0.147133831198987	0.901309440594203	0.961136326526459	0.868029348770618
Bacteria_Bacteroidetes_Bacteroidia_Bacteroidales_Bacteroidaceae_Bacteroides_140	0.859088742976926	0.611306776693243	0.989454833109634	0.0814370536088186	-0.0028341772845496	0.911342285912795	0.815816680168801	0.997609680635263
Bacteria_Firmicutes_Clostridia_Clostridiales_Ruminococcaceae_Acetanaerobacterium_702	0.859194634675278	0.7923538057449	0.590033801802405	-0.0225608528963335	-0.0610324758562334	0.911342285912795	0.926095053211396	0.868029348770618
Bacteria_Bacteroidetes_Bacteroidia_Bacteroidales_Rikenellaceae_Alistipes_499	0.877527802260639	0.732168605883837	0.636619845224629	0.0220992480521187	0.0411967339283056	0.920058133726442	0.885080560277409	0.873550562338314
Bacteria_Firmicutes_Clostridia_Clostridiales_Lachnospiraceae_Lachnospiraceae_FCS020_group_363	0.879158272966459	0.837536150266886	0.615650676328423	0.0247560234365493	0.0813545471527924	0.920058133726442	0.934985627134178	0.868029348770618
Bacteria_Firmicutes_Clostridia_Clostridiales_Lachnospiraceae_Blautia_121	0.879629085403527	0.649170150652036	0.714460046543587	-0.0259663941799552	-0.0281906114559707	0.920058133726442	0.83687458539823	0.903960178826683
Bacteria_Bacteroidetes_Bacteroidia_Bacteroidales_Bacteroidaceae_Bacteroides_50	0.880689976429873	0.872068028744486	0.617317874738778	-0.0309871525576817	-0.12876850256389	0.920058133726442	0.934985627134178	0.868029348770618
Bacteria_Proteobacteria_Deltaproteobacteria_Desulfovibrionales_Desulfovibrionaceae_Bilophila_226	0.880965825343386	0.642705616248567	0.738932026288842	0.073948653160133	0.0711136979569306	0.920058133726442	0.834817721075657	0.903960178826683
Bacteria_Firmicutes_Clostridia_Clostridiales_Lachnospiraceae_Tyzzerella_4_359	0.884505659823709	0.630495615749758	0.950132850816537	0.0745891175637417	0.0126403503677539	0.920058133726442	0.829361616416348	0.985024735168557
Bacteria_Firmicutes_Clostridia_Clostridiales_Lachnospiraceae_Blautia_41	0.884960548243689	0.87613929491592	0.624440666463614	0.0188782684476495	0.0801933834834009	0.920058133726442	0.934985627134178	0.873550562338314
Bacteria_Verrucomicrobia_Verrucomicrobiae_Verrucomicrobiales_Akkermansiaceae_Akkermansia_31	0.889465281986964	0.771839258256773	0.788000596700665	0.0851954293353647	-0.102410494450236	0.922129261268971	0.907900665962294	0.929826371424519
Bacteria_Firmicutes_Clostridia_Clostridiales_Ruminococcaceae_NA_275	0.897504216691129	0.852382801159934	0.645046873007311	-0.0127034949989811	-0.0425205490851072	0.927842387396182	0.934985627134178	0.873550562338314
Bacteria_Firmicutes_Clostridia_Clostridiales_Ruminococcaceae_UBA1819_91	0.906776970997637	0.662685816399325	0.847932254349836	0.0801752725790614	0.0470150691303289	0.932768310871993	0.841542195911946	0.960466473291327
Bacteria_Bacteroidetes_Bacteroidia_Bacteroidales_Prevotellaceae_Prevotella_9_54	0.907352280603002	0.804347027570834	0.803171961862343	-0.0397556418762203	0.0538877434066001	0.932768310871993	0.930220604025809	0.929855236604038
Bacteria_Firmicutes_Clostridia_Clostridiales_Lachnospiraceae_Lachnoclostridium_174	0.919611560097459	0.952131437459437	0.68980147012188	-0.0121652057607096	-0.105724016935966	0.942730286468624	0.970645104298925	0.899583017120681
Bacteria_Firmicutes_Clostridia_Clostridiales_Family_XI_Ezakiella_942	0.924797332973696	0.866395698393026	0.696802949166459	0.00965754342433926	0.0293016298822441	0.943316877586389	0.934985627134178	0.899583017120681
Bacteria_Firmicutes_Erysipelotrichia_Erysipelotrichales_Erysipelotrichaceae_Holdemania_250	0.92532445757793	0.706380637138647	0.978760493478009	-0.0632456774163951	-0.0058835904300629	0.943316877586389	0.874580503638942	0.996261719514828
Bacteria_Firmicutes_Clostridia_Clostridiales_Lachnospiraceae_Hungatella_206	0.932807287640107	0.723751797156136	0.985068488191209	0.0532053245265136	0.00376519525660182	0.947069882757701	0.885080560277409	0.996261719514828
Bacteria_Firmicutes_Clostridia_Clostridiales_Family_XI_Ezakiella_514	0.934167023319586	0.825749352393392	0.727848016855755	0.0269056906633785	0.0554540275514772	0.947069882757701	0.934985627134178	0.903960178826683
Bacteria_Firmicutes_Clostridia_Clostridiales_NA_NA_713	0.942686893793242	0.825894902768662	0.865485059240125	-0.0165692955501511	0.0170690414739024	0.950956656800497	0.934985627134178	0.9678493719115
Bacteria_Firmicutes_Negativicutes_Selenomonadales_Veillonellaceae_Megasphaera_53	0.943183169142727	0.734999467741448	0.92100942983237	-0.0621060011923132	-0.0244317600994717	0.950956656800497	0.885080560277409	0.9678493719115
Bacteria_Firmicutes_Clostridia_Clostridiales_Family_XI_Anaerococcus_843	0.964293474046185	0.875771116040389	0.798079855582353	-0.0104267790687023	-0.0221646401302473	0.969577273903972	0.934985627134178	0.929826371424519
Bacteria_Firmicutes_Clostridia_Clostridiales_Christensenellaceae_NA_980	0.990633523385889	0.986626521308084	0.903051480748366	0.000884709915441614	-0.00849912644801146	0.993340172356888	0.991228941262984	0.9678493719115
Bacteria_Firmicutes_Clostridia_Clostridiales_Ruminococcaceae_NA_568	0.993397314031784	0.958559634500852	0.909732476050041	-0.00385703985940565	-0.0113200205403673	0.993397314031784	0.971799408458046	0.9678493719115
