Acidaminococcaceae	Actinomycetaceae	Akkermansiaceae	Atopobiaceae	Bacillaceae	Bacteroidaceae	Barnesiellaceae	Bifidobacteriaceae	Burkholderiaceae	Campylobacteraceae	Carnobacteriaceae	Christensenellaceae	Clostridiaceae_1	Clostridiales_vadinBB60_group	Coriobacteriaceae	Coriobacteriales_Incertae_Sedis	Corynebacteriaceae	Desulfovibrionaceae	Dysgonomonadaceae	Eggerthellaceae	Elusimicrobiaceae	Enterobacteriaceae	Enterococcaceae	Erysipelotrichaceae	Family_XI	Family_XIII	Fusobacteriaceae	Lachnospiraceae	Lactobacillaceae	Leptotrichiaceae	Leuconostocaceae	Marinifilaceae	Methanobacteriaceae	Micrococcaceae	Mitochondria	Muribaculaceae	Neisseriaceae	Pasteurellaceae	Peptococcaceae	Peptostreptococcaceae	Porphyromonadaceae	Prevotellaceae	Pseudonocardiaceae	Puniceicoccaceae	Rhizobiaceae	Rikenellaceae	Ruminococcaceae	Saccharimonadaceae	Staphylococcaceae	Streptococcaceae	Synergistaceae	Tannerellaceae	Veillonellaceae	Victivallaceae	others	BioProject	sample_alias	env_material	Group	ID	prepost
SRR31418698	3.30684820366852	0	0	0	0	3.91119073050116	1.31590678291425	1.74167676310891	3.21894112928079	0	1.21685682292092	1.26919950634304	1.89029519895213	0	1.40859969135296	0.772632838545234	0.94141679163695	1.87833277316723	0	0	0	2.16199641589299	0	1.6629621579027	1.71306488550555	1.17809206214042	0.581363943335507	3.90179400460377	2.32207157037956	0	0	2.276058766595	0	1.34446884974845	0	0	1.06265524558999	1.80828993060818	0	1.64947817786366	0.904966009572254	4.21729945107295	0	0	0.94141679163695	2.10352978709141	3.39123766601233	0	0	2.14043051366724	0	2.45192262247224	2.12237195083838	0.86517323843024	4.6406784962632	PRJNA1188648	001-BL	fecal	Baseline	1	0
SRR31418709	3.48970346758622	0	0	0	0	3.62714681293476	1.07232340306726	0	2.9425294504082	0	0	0	1.71747740258029	0	1.60899640515529	0	0	1.39421341707872	0	0	0	2.99497487781337	0	1.36819012075177	0	0	0.950793060952512	3.86736707273927	0	0	2.3086599735538	1.92743602889743	0	0	0	0.98450927663119	1.1223338236571	0	0	1.80420484049787	0	4.36915505799328	0	0	0	1.63150866780438	3.42276322193367	0.589189730414382	0	1.36819012075177	0	2.06568422328137	1.85075399180226	0	4.61161517727311	PRJNA1188648	001-6M	fecal	6M	1	1
SRR31418710	3.59249881167273	0	1.12156474031764	0	0	4.09417719199662	0	0	3.40327390654008	0	0	1.43468803877738	1.69827976704133	0	0	0	0	2.43704880026591	0	0	0	1.55561774586731	0	2.28598027706921	0	1.43468803877738	0	4.01842241239763	1.68280759169948	0	0	2.91588205197611	0	0	0	1.59591060579893	0	0	0	0	0	4.5739952503413	0	0	0	2.63778654222781	4.13451585422187	0	0	1.46171796914576	0	2.85888521549982	1.34175038565281	0	3.04822339765884	PRJNA1188648	001-12M	fecal	12M	1	1
SRR31418685	2.46057528549313	0	0	0	0	3.85327277139266	2.91400891035041	3.43314614118318	2.78222002677905	0	0	2.13336649753322	0	0	2.35441301621012	0	0	2.42190325146128	0	1.70076285346146	0	2.10380140425473	0	2.64211082425648	0	1.67416832055329	0	4.07993655205508	2.46281195446185	0	0.887055678874325	2.73421974015877	1.96709682891308	0	0	0	0	0.60012661089789	0	0	0	3.27048079593827	0	0	0	3.16013574652112	3.88541743770944	0	0	2.13574175749352	0	3.38374187895543	3.09554664448221	1.7437115226585	4.63981803959422	PRJNA1188648	002-BL	fecal	Baseline	2	0
SRR31418686	1.96874308017006	0	0	0	0	3.61416966308686	1.66049587494753	1.44755387908518	3.0771302271371	0	0	0	0	0	1.64416219797197	0	0	1.86205126437905	0	0	0	1.56194781320668	0	1.61844871150594	0	1.55177271992335	1.55177271992335	3.8144769020471	0	0	0	1.13571191402523	0	1.07842501453945	0	0	0	0	0	2.52670816411342	0	4.42212955175168	0	0	0	1.65240581998233	4.00184938935714	0	0	1.93600746505964	0	2.61342500854845	3.44397645936574	0.641294764411804	4.5032326303827	PRJNA1188648	002-6M	fecal	6M	2	1
SRR31418687	2.53354698310533	0	0	1.75955608878937	0	3.89453122945112	3.09470673765311	3.18697956332265	3.28556976475472	0	0	2.39354168154935	0	0	3.27306654366238	0	0	3.22446255598851	0	1.54695526831536	0	2.08212841687418	0	2.75532241829375	0	1.97048791251843	0	4.15032637602494	2.07593156076367	0	1.39730409313866	2.78436325815925	0	1.45311592295417	0	0	0	0	1.6580447577898	1.91088376300599	0	4.27841435516331	0	0	0	3.22268554250051	4.18778796691081	0	0	3.00617085898338	0	3.59051368802058	4.01793709183956	2.42258594334965	1.11333191228878	PRJNA1188648	002-12M	fecal	12M	2	1
SRR31418682	3.37805156595225	1.11363644195069	0	0	0	4.27540932410066	2.89792886813982	2.15266340145124	2.82827832557783	0	1.30898634268205	1.69797551114724	0	0	1.45744457610513	0	0	1.96958851733377	0	0	0	2.61723313767081	0	1.75083402546805	1.54564981358057	1.47119611248135	1.34663695647483	3.89885225607252	2.2789500165643	1.36430501282881	0.923190318481706	3.19512028963107	0	1.26775913622239	0	0	1.55690621413465	1.45744457610513	0	0	1.22220381181547	3.13753289245686	0	0	0	3.49868814982291	3.72374799140426	1.00960830348558	0	2.08245562324884	0	2.76430396163868	2.32867558061548	0.923190318481706	4.60336554262962	PRJNA1188648	004-BL	fecal	Baseline	4	0
SRR31418683	3.58529461923878	0	1.10708107017046	0	0	4.09810577051957	2.63106744155036	2.29145171533789	3.26231134122918	0	1.29396592711645	0	0	0	1.57254193916582	0	0	2.10656200128028	0	0	0	2.7094130608212	0	1.5490718076975	0	0.947636328971165	1.7002782079371	3.90142203486808	0	0	0	2.14490211652902	0	0	0	0	0	0	0	1.40782277082368	0	3.98529190327094	0	0	0	3.01950961606406	3.67389420513306	0	0	2.18850837682578	0	2.95918002568846	2.45796948271505	0	4.59908221285498	PRJNA1188648	004-6M	fecal	6M	4	1
SRR31418684	3.45661865894452	1.03329485329203	2.96270077834185	0	0	4.41472103782656	3.01797579923495	2.33831508771966	2.99706966819697	0	1.50228953028171	1.9954945721239	1.85959847100408	0	2.15336892942704	2.17420949085661	0	2.91589072494338	0	2.5183723127942	0	2.65210459981011	0	2.61978599354478	1.92206591933605	2.30045413737328	0	4.22922745964438	0	0	1.31373205981233	3.04837755735321	1.0862294188598	0	1.17595867337867	0	0	0	1.72249455581944	1.92927853961914	0	3.3745696974635	0	0	0	3.84501804031476	4.2503267470501	1.67380295117997	0	2.52928871659595	1.9954945721239	3.50481791969676	1.9954945721239	0	2.43090041431953	PRJNA1188648	004-12M	fecal	12M	4	1
SRR31418707	3.37381386165227	0	0	0	0	3.90401772730032	2.22851020630172	1.50773556387244	3.3319359023817	0	0	1.20744446600762	0	0	1.3744628035557	0	0	2.3988573978025	0	0	0	0	0	1.85666136087387	0	0	0	3.96318534589876	2.19838375385777	0	0	2.51340858389356	0	0	0	0	0	0	0	0	0	4.30452888621195	0	0	0	2.2957832701322	3.53864833731329	0	0	1.88431234547645	0	2.91556356089468	2.24047117595608	0	4.56380005400778	PRJNA1188648	005-BL	fecal	Baseline	5	0
SRR31418708	3.55564166966734	0	0	0	0	3.79432915683876	1.69787434024284	0	3.38147130691576	0	0	0	1.31641268452788	0	1.63361492930666	0	0	1.9295671223677	0	0	0.89539552705636	1.88340374083474	0	1.29805917010022	0	0	1.70527731716648	3.76264629868728	0	0	0	0	0	0	0	0	0	0	0	2.07045048052604	0	4.33642952803276	0	0	0	1.63361492930666	3.66424096455924	0	0	1.29805917010022	0	2.77404058859069	2.0829340917796	0	4.58770859537511	PRJNA1188648	005-6M	fecal	6M	5	1
SRR31418681	3.78981079313058	0	0	0	0	4.2137746588179	2.32097760464193	1.45302892769314	3.43470523999232	0	0	1.28452218012098	0	0	0	0	0	2.92776605682803	0	0	0	2.55995296278128	0	1.34823467022404	0	1.80187011691371	0	4.17480481514825	1.20982886566692	0	1.00548196274959	2.73442930416163	0	0	0	0	0.745349141553436	0	0	0	0	4.54700396046937	0	0	0	2.61619960019155	3.44856440714219	0.850320520055549	0	0	0	3.42785293270008	2.78926555335904	0	2.29497534829199	PRJNA1188648	005-12M	fecal	12M	5	1
SRR31418704	3.40430691881974	0	1.5961167841531	0	0	4.20352134712016	1.69324413588464	1.76443866245013	3.17885821442973	0	0	0	0	0	1.87918291633892	1.1842308624955	0	2.34605798441951	0	0	0	0	0	1.64198295767117	0	0	1.83962042556651	3.84243463271436	2.25017389380025	0	0	2.49101056210563	0.50481124239942	1.11681613907475	0	0	0	1.36125647930608	0	0.990783592261676	0	3.69012860947128	0	0	0	3.01073969662753	3.65303819499044	0	0	2.36085937583546	0	2.6578059390949	2.53492936099123	0	4.65076002550628	PRJNA1188648	006-BL	fecal	Baseline	6	0
SRR31418705	3.2300231474399	0	0	0	0	4.3183087683143	1.16467097979221	0.699243230843523	3.32375846552435	0	0.991532746697316	0	0	0	0	0	0	1.42521030919015	0	0	0	2.39793257373886	0	1.55904064654805	0	0	3.74798626457701	3.94903800185884	0	0	1.11425859840895	1.55904064654805	0	1.11425859840895	0	0	0	0	0	1.51884510143151	0	2.92637469820601	0	0	0	1.67611264595677	3.17856979075592	0	1.25074232996482	1.96128396707818	0	3.31727571529548	2.30526097654643	0	4.60154290933252	PRJNA1188648	006-6M	fecal	6M	6	1
SRR31418706	3.49012759183238	0	2.53942004729222	0	0	4.57600031966743	0	0.829597632200417	3.4137144376032	0	0	0	0	0	2.50696163413009	0	0	2.27199112787156	0	0	0	2.77777119180516	0	2.08581108283383	0	0	2.72618789520042	4.19863536220927	1.61576053887698	0	0	1.75302737943556	0	0	0	0	0	1.61576053887698	0	0	0	2.88443150024609	0	0	0	2.76076682985342	4.18443274725719	0	0	2.37463347630585	0	3.5007757208187	3.43899263073715	0	1.9505436096694	PRJNA1188648	006-12M	fecal	12M	6	1
SRR31418701	3.58533746977297	0	0	1.1945518328594	0	3.83467036467891	0.520270095694031	2.04336059232981	2.71790310302225	0.611138364567435	0	0	0	0	1.89271983721435	0	0	2.03417186614932	0	0	0	1.83796001216286	0	3.00943722591169	0.94007984943481	0	0	4.08658569615838	2.28384079280966	0	0	2.56133908480467	0	1.67456193834027	0	0	1.40952668510207	0	0	1.86162106895415	0	4.05970648077041	0	0	0	2.97323351083042	3.35654794756328	0.899826719320261	0	2.22016166618674	0	3.15153970697496	3.21597173063915	0	4.61100887610594	PRJNA1188648	007-BL	fecal	Baseline	7	0
SRR31418702	2.54370823399357	0	0	0	0	3.95263503267876	0	2.27745663115053	3.32751206644046	0	0	0.726874100448994	0	0	1.903390664613	0	0	2.11711907404184	0	0	1.41343166991956	2.83869592032858	0	3.53620515512442	0	0.874928326133542	1.76638600545755	3.62039908872928	0	0	0	2.20169969233714	0	0	0	1.51061969524204	0	0	0	1.37551668093971	0	3.90471538257995	0	0	0	2.94944005999739	3.64515426339918	0	0	0	0	3.42764372273331	3.33344507318418	0	4.65953942893755	PRJNA1188648	007-6M	fecal	6M	7	1
SRR31418703	3.19764918129593	0	1.46004303113765	0	1.43739763616454	4.1199992346322	2.49776154963302	2.68274156192392	2.93436817614966	0	1.33276198025853	1.05146166922479	0	0	3.12294104615928	0	0	2.82367325853815	0	1.66678310465303	0	2.98792541764759	0	3.0864445029309	1.63846403921691	0	0	3.9825830259583	0	0	0	2.58704625324753	0	0	0	0	0	0	0	2.51946280016079	0	4.41513123896527	0	0	0	3.31508639660811	4.23335896882132	0	0	2.71824679332458	0	3.759437539452	3.218921481211	1.15194784959492	1.74210360138889	PRJNA1188648	007-12M	fecal	12M	7	1
SRR31418697	2.36733745840646	0	0	1.12231413157393	0	4.10606073528641	0	3.14163435512124	3.43916510473045	0	0	0	0	0	2.29815786874677	0	0	1.97369476719908	0	0	0	2.96876030080786	1.52730323581149	1.61306404565481	0.827244248120006	1.14828991514565	0.827244248120006	3.89991673413532	2.70329709700181	0.877079351886963	0.877079351886963	1.06517865341357	0	1.64634417746922	0	0	0	1.14828991514565	0	1.23898223148497	0	3.70881035710982	1.45899212011883	0	1.44648428341452	2.50457680290963	3.90471452520033	0	0	2.34867025008183	0	3.30681710922271	3.21990896262617	2.51553821181686	4.59674715966738	PRJNA1188648	010-BL	fecal	Baseline	10	0
SRR31418699	2.06111002959497	0	0	0	0	3.63100205847357	1.25629148768677	1.62833020911093	2.67824695848446	0	0	0	0	0	1.88829065763421	0	0	2.06941686172082	0	0	1.32234663109687	2.77739915310031	1.19918936004861	1.6981348541698	0	0	0.50824770127898	3.33329718889261	2.09858406902153	0	0	2.41677369734901	0	1.13342616729514	0	0	0	1.74107847925148	0	0	0	4.16813656020102	0	0	0	2.27863255148281	4.04375354255829	0	0	2.31749985040845	0	2.8751304426346	2.51162053289289	2.41430154042143	4.68436280857891	PRJNA1188648	010-6M	fecal	6M	10	1
SRR31418700	4.01032144841836	0	3.52348847791828	0	0	4.18139835178402	0	0	2.75847789184203	0	1.42601255509233	0	0	0	0	0	0	0	0	0	0	3.24281048183304	0	1.59664147313741	0	1.46592231136586	0	4.13421413119035	1.69698316829384	0	0	2.98735415696653	0	0	0	0	0	1.9198201768886	0	0	0	4.04231643988138	0	0	0	2.85717685446548	4.36038265632395	0	0	2.96377036217421	2.47904451068218	3.36625048750605	2.19750958875368	0	0	PRJNA1188648	010-12M	fecal	12M	10	1
SRR31418694	2.38187482564056	0	0	0	0	4.28091576047799	1.00337846633762	1.08002735315857	3.45120796066198	0	1.14515623140134	0	0	0	1.51552062399664	0	0	1.85144806263559	0	0	0	2.23436162579111	0	2.87352353405133	0	0	1.71789005435176	3.88644700719948	1.94072514801995	0	1.85930581167233	1.9175205224271	0	1.05595011501143	0	2.38536743467911	0	0.910239519124947	0	1.94713352041199	0	3.25724392515603	0	0	0	1.35021637177284	3.8379725020267	0	0	1.94072514801995	0	2.82154793711944	3.02975637633348	0	4.62515768437532	PRJNA1188648	017-BL	fecal	Baseline	17	0
SRR31418695	2.15617291782714	0	0	0	0	4.19337250995629	0.884012075596344	1.44129781854689	3.36248962163042	0	0	0	0	0	0.884012075596344	0	0	2.37983182786168	0	0	1.32156812697457	2.05749509853805	0	1.95436985203803	0	0	1.73439519201172	3.23719535659786	0	0	0.425541513571787	2.39609933582567	0	0	0	3.51642434234076	0	0	0	1.04077113712397	0	3.77499961193401	0	0	0	1.69974513354427	3.66709611350702	0	0	0	0	3.03280765278307	1.93801060155677	0.969426335464418	4.68633363789385	PRJNA1188648	017-6M	fecal	6M	17	1
SRR31418696	2.45691606424901	0	0	0	0	4.56857102869369	0	2.41902977471227	3.20376370137751	0	1.6406695156297	0	0	0	2.11111723397464	0	0	2.83645806999976	0	0	0	2.5642801557603	0	3.00469766434327	1.50184807052942	0	2.33506335168855	4.02131425605798	0	0	0	2.84608366123352	0	1.52460881769946	0	0	0	0	0	0	0	3.54307310186516	0	0	0	0	4.33776745135503	0	0	2.58406152182529	0	3.27351410082179	3.5688568423334	0	2.19450574481661	PRJNA1188648	017-12M	fecal	12M	17	1
SRR31418691	3.2553694110887	0	0	0	0	4.31801693166757	0.983995540054956	0	1.84575227729601	0	0	0	0	0	2.34165742452596	0	0	2.22646589796188	0	0	0	0	0	2.14367374070999	1.39656799242096	0	0.697826958675089	3.99887476508196	0	0	1.08976725436191	0	0	0.983995540054956	0	0	0.919561238086226	1.48997859529856	0	1.15501779292984	0	2.61662226864874	0	0	0	1.58967203622849	3.27326801581319	0	0	1.91063308171597	0	2.69259351461996	3.6039838755426	0	4.64423204939678	PRJNA1188648	019-BL	fecal	Baseline	19	0
SRR31418692	0	0	0	0	0	4.31758434785492	0	1.89658061509065	2.04046976099501	0	1.00874142402594	0	1.18250908271547	0	0	0	0	2.60667437557152	0	1.59644977028815	1.042968417182	3.61664735568883	0	1.9445477559874	1.38786351390953	0	0	3.83833110405333	0	0	0	0.930948394188804	0	0	0	1.57764426063087	0	0.83611242064062	0	1.62321411682475	0	3.59843958317236	0	0	0	1.55798744662	3.26933395448761	0	0	1.70926925349811	1.94865671869164	3.04154196733776	2.54600285404658	0	4.64493221602674	PRJNA1188648	019-6M	fecal	6M	19	1
SRR31418693	0	0	0	0	0	4.69391525797682	0	0	0	0	1.72797090690798	0	1.96751285842282	0	0	0	0	1.31533670817668	2.90180024737132	1.63966519782007	0	3.45731212934774	0	3.05510795642922	2.16210224157978	0	0	4.31050685384852	1.9188561060161	0	1.52869865549334	0	0	0	1.31533670817668	0	0	0	0	1.72797090690798	0	0	0	0	0	0	3.49941298013448	0	0	2.39247316897611	0	1.43499065977162	3.74745122404745	0	1.7004835000492	PRJNA1188648	019-12M	fecal	12M	19	1
SRR31418688	3.62070188932938	0	0	0	0	4.34197088027501	2.28656276692443	2.00802364268458	3.04937788842769	0	0	0	0	0	1.18276947861511	0	0	2.82482085112799	0	0	0	2.72026275760938	0	2.66870165389881	0	0	0	3.92571639208706	1.42112448185575	0	0.540980674819873	2.10881240317066	0	0	0	0	0	0	0	1.29145881486167	0	3.27150324996854	0	0	0	2.98093403441312	2.88273153112849	0	0	0	1.03745948261735	2.88518891541528	1.8940402084294	0	4.62313092553132	PRJNA1188648	022-BL	fecal	Baseline	22	0
SRR31418689	2.47801288303983	0	0	0	0	4.43565794907093	1.8707777547059	1.80160256073712	3.17168765930235	0	0	0	0	0.878576153600612	1.37954684317966	0	0	2.67320634310201	0	0	1.51469701342407	2.31277553068638	0	2.81033988135721	0	0	0	3.84937801854777	0	0	0	2.09919007296203	0	0	0	2.13889098572708	0	0	0	1.18228290741096	0	3.56501418224478	0	0	0	2.37710136632807	3.77055822990991	0	0	0	0	2.68415348674741	2.28411687655257	1.18228290741096	4.55460849286377	PRJNA1188648	022-6M	fecal	6M	22	1
SRR31418690	3.7488714495342	0	0	0	0	4.51651193127846	3.51151407382145	0	3.33599065509681	0	0	2.2453447781028	0	2.30839639418024	0	0	0	3.39094283305851	0	1.6625926537483	0	0	0	2.1333713008809	0	2.23913160324198	0	4.04333098158943	1.88064696514029	0	0	3.13448641686923	0	0	0	0	0	0	1.45468193638799	0	1.04123918853696	3.43416055019334	0	3.06466351593351	0	3.65458512138167	4.15367650266386	0	0	1.32205848739635	2.22643205820618	3.17403649075055	2.03526244543111	1.93433156571677	2.25147031729771	PRJNA1188648	022-12M	fecal	12M	22	1
