"CV_rep1"	"CV_rep2"	"CV_rep3"	"CV_rep4"	"CV_rep5"	"CV_rep6"	"CV_rep7"	"CV_rep8"	"CV_rep9"	"CV_rep10"
"ERR1624539"	0.383599359674148	0.259694634853906	0.405080256406963	0.648367706253715	0.419335207492801	0.616119738928547	0.610494910328324	0.386127963951348	0.451807083968128	0.301301851662992
"ERR1624542"	0.389651511561771	0.540903337406686	0.471496989385277	0.406171689775345	0.649215894331669	0.701957923080557	0.615769484991892	0.589189365731753	0.691425532442815	0.703069189252665
"ERR1624545"	0.944475031021224	0.973867717104863	0.61232631154946	0.950824021897407	0.978328435777662	0.985464440073248	0.935084888122636	0.940181362228363	0.879273590613549	0.944915163703433
"ERR1624547"	0.401977746523005	0.352323441041949	0.604725536215896	0.402637186327552	0.694985020716033	0.633515591839468	0.656420061969125	0.507292177157997	0.709754793556224	0.667451079393027
"ERR1624549"	0.2743102621019	0.547743672491385	0.355385183389643	0.65110777170381	0.395194363960236	0.645021064811681	0.615970871371922	0.372723175183877	0.447097377032331	0.550017632243737
"ERR1624550"	0.187254864438196	0.151257312660614	0.0524658844905638	0.031850477499615	0.147591134297974	0.122706065514568	0.0823091212328918	0.161702071981874	0.142842140727031	0.0523073746764593
"ERR1624552"	0.766624573077715	0.769869530311605	0.704918764754423	0.711427515580796	0.753451055677133	0.791973931555393	0.833346130043809	0.788424504691933	0.694932385460284	0.784058718599816
"ERR1624553"	0.313101675146287	0.0952317550158247	0.346374959625316	0.271731497763403	0.176732172791983	0.320255762421226	0.459246656774772	0.390660755649974	0.404325667202889	0.142890237440656
"ERR1624554"	0.186917961735261	0.676636658159963	0.432910430905691	0.44126107416509	0.378707517619643	0.441276786203349	0.723540489270983	0.300639054103311	0.334978749073746	0.211729940801627
"ERR1624555"	0.508458077049806	0.285021138775443	0.48869201020986	0.425779474397454	0.314890728148691	0.287889474584644	0.389954202757364	0.443737257867274	0.370289044095477	0.403998401791549
"ERR1624556"	0.878853379982824	0.839351610738718	0.891204921306092	0.822034530068781	0.840044416179875	0.85436467135767	0.792583748551456	0.895025071660329	0.735665399513856	0.846688762636424
"ERR1624559"	0.66366155237089	0.535460728464931	0.714252601441791	0.767926715367373	0.6650207065011	0.841066906141219	0.635569670883067	0.831050583271894	0.58833017506374	0.876498868212678
"ERR1624560"	0.722836213643555	0.66698613839778	0.862747288170641	0.667942930486725	0.849988715560975	0.807763284616772	0.594895725492376	0.656827759958804	0.823179067331166	0.644654081798309
"ERR1624562"	0.729043091850667	0.870192870738737	0.771144176040121	0.810906505193542	0.733294926216117	0.623849539547019	0.744445039860021	0.801938418958326	0.834632335809548	0.890264074265897
"ERR1624564"	0.499797541402785	0.761145980657581	0.814446439710406	0.616701922775413	0.826235660415683	0.855771240849197	0.715104733205737	0.714629539662229	0.82802890054968	0.628807302165328
"ERR1624565"	0.629806119129284	0.569392033241689	0.54588857445391	0.448610804461918	0.588820036931799	0.531378730654046	0.408108634606734	0.552979388688571	0.741822758288561	0.492963873855367
"ERR1624567"	0.644166045187965	0.689321102247223	0.647804098969199	0.633900554486262	0.666320201773308	0.545900795540589	0.50569219835726	0.381351077058697	0.488821850587027	0.605680775520932
"ERR1624570"	0.329812551255539	0.391543244929192	0.310220946820129	0.373299167808068	0.367718364788303	0.255767795683124	0.275397227430396	0.371667166940669	0.307167216827975	0.380526069892193
"ERR1624536"	0.263938507658062	0.239896756986686	0.249864472168291	0.272134699972324	0.339405789878476	0.280573232782709	0.377238892128084	0.149155592803732	0.199011981695234	0.213509294806652
"ERR1624537"	0.356591270475051	0.421886505287102	0.312073614813061	0.492767086820479	0.298527998620599	0.388448918815773	0.337524628419194	0.281798389038149	0.452074667607778	0.471969538312834
"ERR1624538"	0.169167450396825	0.297648119456236	0.271363419081963	0.373585929023028	0.381892358550816	0.296381114123163	0.330959713148935	0.243945456234577	0.435402771934593	0.373125873600082
"ERR1624540"	0.385066627343655	0.279428036353943	0.36176075906822	0.484709376448526	0.437219700578981	0.453106411858218	0.384891460065503	0.579401992736292	0.339879413627802	0.418618944567943
"ERR1624541"	0.288424644171206	0.103047330700457	0.144009670709875	0.138372827754497	0.154376020003248	0.156483642699534	0.18665950391758	0.126856252050137	0.113920741968929	0.221648572106875
"ERR1624543"	0.411723018209622	0.325971469794656	0.374244199804558	0.414584464560516	0.397872520232798	0.31652082256556	0.408932039408869	0.434722214063884	0.385983303154892	0.158084195246193
"ERR1624544"	0.676578505433655	0.571535609871382	0.78672561404662	0.808712692743044	0.827265565911999	0.734959993988269	0.776301757948733	0.783777006695429	0.729892584805526	0.751902894714238
"ERR1624546"	0.378905614551394	0.586859985978509	0.501553205010138	0.464637879840717	0.341133269371317	0.652479535203487	0.791778809318163	0.457731407793784	0.486398960229955	0.607751127926698
"ERR1624548"	0.277563272931625	0.228224879226178	0.337954355095712	0.364858534322865	0.404130028078263	0.256590240690387	0.304214249666043	0.309220131538686	0.512123128837907	0.373220901709999
"ERR1624551"	0.314088982344511	0.307201879240576	0.242739210228671	0.393743548642213	0.37264746114427	0.333973616492777	0.244823213452098	0.33984074576207	0.377011146943157	0.377738822778832
"ERR1624557"	0.218448689761768	0.188008326917915	0.206560161485446	0.340498208508983	0.156728617864554	0.448861058614673	0.270396466554173	0.179638925368025	0.293823423630747	0.261892625544798
"ERR1624558"	0.806560836405652	0.852321363741959	0.899994510547473	0.844716744106494	0.846010946510064	0.817914977741105	0.967006577069169	0.780209258215683	0.802938832181623	0.93066833636039
"ERR1624561"	0.51234455941421	0.741417489991837	0.671488228502674	0.735759873760538	0.726610975464513	0.660141906773646	0.649599300110859	0.696329430306485	0.742106242408396	0.645845108072161
"ERR1624563"	0.438959374869586	0.567657141176657	0.499417344894637	0.476347287866315	0.448283512454089	0.353175217226244	0.211652087791733	0.561558200706024	0.374503879508044	0.460109322992938
"ERR1624566"	0.52178178879636	0.325003361863394	0.49846088434497	0.493537984513903	0.333586210516546	0.45064310617902	0.546089358019283	0.574347276716832	0.519786768667891	0.537261819793797
"ERR1624568"	0.205695556531864	0.187228009972847	0.237773678327098	0.169597675787695	0.122520895936031	0.193618172030281	0.143899984248619	0.208279797761096	0.218996801344363	0.195870708853529
"ERR1624569"	0.802870776432963	0.506036203814933	0.502743876289946	0.387005417818802	0.49513539489991	0.564310286213556	0.533556710482025	0.636458740290385	0.327165182042334	0.643913647874346
"ERR1624571"	0.682996025864844	0.702118956492308	0.591900468368196	0.762875272660295	0.660863851839588	0.616364310793253	0.593589624369106	0.950104002333956	0.607431003895933	0.822543818178662
"ERR1624572"	0.688139752526676	0.667822015970819	0.775372638753888	0.499710945824152	0.464948451829046	0.448033089630246	0.521682487155563	0.584460388009406	0.405677937599154	0.756955435999141
"ERR1624573"	0.854547508475652	0.771094443618078	0.688608560186891	0.543696798072085	0.867232116486041	0.864703764230119	0.950779757625534	0.801348434114644	0.59595717764774	0.819520651795494
