"CV_rep1"	"CV_rep2"	"CV_rep3"	"CV_rep4"	"CV_rep5"	"CV_rep6"	"CV_rep7"	"CV_rep8"	"CV_rep9"	"CV_rep10"
"SAMPLE-1"	0.991692044525477	0.935535365358827	0.952424488238191	0.964441832296925	0.977757333512414	0.98712989762165	0.973784542722341	0.972827985788064	0.779251817082223	0.970300842701888
"SAMPLE-2"	0.00942024202990612	0.0112305318702248	0.0459439953407154	0.00466109283259685	0.00221176998982325	0.0566304396143781	0.00815109378996963	0.00773744406666072	0.00192985700994842	0.0341648881918614
"SAMPLE-3"	0.965815589695568	0.979941426678179	0.996367712779562	0.995144169296598	0.993506843712796	0.906744347459654	0.982685942360173	0.989743673224618	0.977973771892032	0.979941525879514
"SAMPLE-4"	0.976764250336951	0.989920956557426	0.991873359240273	0.583201181255331	0.997502165264371	0.680288699359858	0.989997720102576	0.998315466659833	0.986893341834477	0.987987068875338
"SAMPLE-5"	0.95256237028285	0.674326683408095	0.338166609116382	0.93011680435346	0.805859765229746	0.810850954064766	0.977256488681412	0.88025434422961	0.967152955221842	0.954049233183665
"SAMPLE-6"	0.999015666727836	0.999377741625718	0.998276432827838	0.99978655793265	0.999116826430694	0.996967370723919	0.998286314309706	0.999680811526948	0.84343227759699	0.984589180722707
"SAMPLE-7"	0.945477203830902	0.902943223534968	0.591933296622989	0.786295075890961	0.910386604615596	0.807650173482808	0.764320275301771	0.630240005593108	0.804949631378007	0.943842529050618
"SAMPLE-8"	0.118727903163859	0.384005251363753	0.563905755940644	0.166679396137805	0.433628057756704	0.155690268618789	0.0469784665612676	0.0834321898322939	0.203138999537826	0.323568533826937
"SAMPLE-9"	0.9807421873114	0.844876750097813	0.985379198167909	0.440853639233694	0.891370427287065	0.709685073698624	0.833372892785955	0.939992961031941	0.649532672590761	0.56793193449944
"SAMPLE-10"	0.569895893964306	0.979856066529331	0.985493397348873	0.983272111526071	0.975304951908013	0.978240348148415	0.943788323676149	0.986131296651075	0.983799875314769	0.994100424280821
"SAMPLE-11"	0.999771925317715	0.999713298871704	0.999441857766392	0.998979042172843	0.999483514847335	0.999259920171322	0.9997299108178	0.99866469371384	0.99937912161472	0.99948745813777
"SAMPLE-12"	0.000811110398652005	0.00180427849216766	0.00201674036140674	0.00359617293878763	0.000757771711861849	0.00109204462231331	0.00757411423358261	0.00033541697639832	0.00191110325374862	0.000953371146098443
"SAMPLE-13"	0.982580825313494	0.929566864079203	0.94534354397909	0.991832407978686	0.975703082849104	0.992371394193343	0.975223640287717	0.929958078629594	0.943235908347169	0.98475091814097
"SAMPLE-14"	0.0131671907437165	0.0102389360523151	0.0229255394193302	0.0118613310312535	0.0143392311940979	0.00809689696929937	0.0529593558521451	0.0117749944203875	0.0201534121619456	0.0515424529545101
"SAMPLE-15"	0.29645270342007	0.538142007289392	0.0153818426350352	0.240451726426493	0.927086282810963	0.0923186233397004	0.427368513842899	0.42162832564581	0.543941207557806	0.00645199714268442
"SAMPLE-16"	0.999933485548398	0.999923020955181	0.999803071115542	0.999971834121805	0.998424039462037	0.999984632712116	0.999925955487952	0.999891431251035	0.986671564590696	0.999938381251182
"SAMPLE-17"	0.999416937847239	0.999769964063637	0.9998566257825	0.998837320251289	0.999505921667819	0.999723269658369	0.99944309667667	0.999711825948094	0.999233466496949	0.999872407850199
"SAMPLE-18"	0.0381424512649381	0.0134696871758995	0.00652503692437373	0.0234175237380269	0.00871467258429348	0.0415801039565235	0.0634870738481126	0.0356163498246555	0.0704591546899605	0.0150967633902231
"SAMPLE-19"	0.761108515691966	0.968666314202711	0.882786324854887	0.886477314434154	0.82782828100427	0.880700306355215	0.848357795851674	0.987596071625596	0.905812977091738	0.982301818948549
"SAMPLE-20"	0.267384810949944	0.600185745636163	0.152932558113042	0.478371621915517	0.138694283214203	0.787478731998404	0.0692481390170791	0.417287753675266	0.44606555649868	0.5490671220765
"SAMPLE-21"	0.0546899796240314	0.151842425352585	0.062479241838209	0.159738417161394	0.0409163941142339	0.00934092832224277	0.0215161922059013	0.0390665212663993	0.049029410164593	0.119368947545775
"SAMPLE-22"	0.858972612049663	0.960055260568477	0.988112762851069	0.943699231652302	0.958776796530207	0.979633167471744	0.932801060622203	0.936438946685185	0.794820043564753	0.916485177595368
"SAMPLE-23"	0.0286623281280669	0.0779658740217269	0.0382421169344161	0.203637691309937	0.175738704267568	0.0471678123686262	0.00761236319799584	0.0186665479935233	0.0117171961086386	0.0174606498549161
"SAMPLE-24"	0.0347032623100184	0.029250170892834	0.00464958527240811	0.0202198269847421	0.0243686944600158	0.0377736238278537	0.102403114201773	0.081195510376517	0.0273187915431238	0.0371163705426578
"SAMPLE-25"	0.00465891549579174	0.00826204349608661	0.0154106980870483	0.0729655784290758	0.0241944986862631	0.022285578732693	0.00252736036832063	0.0051219020645373	0.0432887692025885	0.0714786270228285
"SAMPLE-26"	0.984421783190104	0.99276709917962	0.994718505851925	0.989294127330838	0.989598591516522	0.978272918583489	0.990446497752716	0.990325175304375	0.991087608129374	0.986177232777045
"SAMPLE-27"	0.968661729015365	0.960289994906946	0.991516996991271	0.972721576146464	0.998597830569933	0.941947742626504	0.996424766062589	0.972752377593926	0.820546618011906	0.991655712981936
"SAMPLE-28"	0.820378691602133	0.938294391582469	0.989119427194117	0.956047568962457	0.977384474553022	0.98854381779919	0.578232220277593	0.961346825920534	0.362574076728961	0.9658610687026
"SAMPLE-29"	0.992499697267691	0.999735023536314	0.997880594168238	0.998527514138641	0.998893435878466	0.992865214113913	0.999926815657788	0.971098412469287	0.99679642409889	0.925626324343516
"SAMPLE-30"	0.310589186531117	0.553084285619282	0.787457758533809	0.23441078132194	0.169383689325708	0.382977573421103	0.699446346328494	0.711137369977994	0.517891202130767	0.176145408916847
"SAMPLE-31"	0.0108825483627883	0.0293128773620424	0.010124882022263	0.0204750128106968	0.0029586935021252	0.0112320805801661	0.0178283485679432	0.0402030401590285	0.151804723374454	0.0076453116969514
"SAMPLE-32"	0.997534824945237	0.998799337794285	0.999935106112316	0.999756409934335	0.998274680067322	0.999753754153666	0.998604332096606	0.99961602656541	0.999936355471066	0.99710772326656
"SAMPLE-33"	0.0171562809978604	0.026841538576722	0.00584958505376762	0.00819512964261961	0.0046563670226754	0.00517257951995035	0.0334778935270737	0.0104799267664651	0.0189436643693775	0.00688793367527605
"SAMPLE-34"	0.00231683426805934	0.0918983460708806	0.118720980630348	0.122727404007795	0.0443422166127919	0.0159480751334901	0.00950867318809851	0.0725860934742964	0.0178275675749216	0.00368206561828761
"SAMPLE-35"	0.999453423701101	0.998633520129597	0.999785370290923	0.999610882066102	0.999976676091209	0.999081964114512	0.990889158883204	0.999930973779841	0.999685993546195	0.999950660870997
"SAMPLE-36"	0.439494771557468	0.46987458013104	0.103115591693937	0.198776787539994	0.0847458118280011	0.155536035907524	0.245012282111059	0.408078041701461	0.284207023435467	0.227074468216054
"SAMPLE-37"	0.0159516163617734	0.0380487418000395	0.00698370238492034	0.0214419318596925	0.0259043443546602	0.00594248415595867	0.0454367164413497	0.0103116604430914	0.0724714222483023	0.0242460217476518
"SAMPLE-38"	0.840869130656748	0.429181700973649	0.719087278713467	0.487958916320296	0.235190590183654	0.0664591418598817	0.911622784696379	0.536902010765773	0.408450967931956	0.197557129486293
"SAMPLE-39"	0.995660567078757	0.981435310892919	0.994126644006705	0.997643623155058	0.98731030120726	0.992001075422574	0.997087494111693	0.990380183858535	0.998251964471075	0.995429040675654
"SAMPLE-40"	0.00181091266513497	0.00332852206793359	0.00506163699185575	0.0049910000014009	0.0032593944474036	0.00406123766430518	0.00859429683606697	0.00126073564575348	0.00615797228877352	0.00120715138637615
"SAMPLE-41"	0.000558115158148084	0.00143807318348068	0.0273996045858379	0.0234471144857695	0.00772148792778232	0.00829102582891872	0.046672108288014	0.00431149660527928	0.0585216001624985	0.00476493190865487
"SAMPLE-42"	0.0223035863036158	0.380797878434994	0.259938182212498	0.0809706097141033	0.0220353940778052	0.147850417698692	0.124655610608411	0.0676517881155246	0.0684395874646419	0.0245096285558051
"SAMPLE-43"	0.0213559779005138	0.106161440521521	0.125918345975003	0.0643775263301898	0.165963101291488	0.0887078518428007	0.0891252584654788	0.0729133127727297	0.111597325479351	0.100200925848583
"SAMPLE-44"	0.997984233772448	0.99928376573181	0.999357501471452	0.995696544357351	0.998495551028187	0.999912965892132	0.99977529980331	0.999945337576613	0.999791871491753	0.999866680554919
"SAMPLE-45"	0.361819777421393	0.356017557036438	0.488394075691518	0.380329965717418	0.150825097801785	0.360507307361312	0.422734655088107	0.409171047880698	0.447118621558658	0.723555079619412
"SAMPLE-46"	0.208561535304475	0.0168129951174494	0.029500460223466	0.0601353106014197	0.368869305966049	0.0328671801034781	0.0191459966080265	0.095196509781026	0.226283303082249	0.295794139179513
"SAMPLE-47"	0.707763953707171	0.111478088773827	0.25875437848931	0.0906787899158667	0.403886396995153	0.152527535506721	0.663888937024988	0.17212997370507	0.41059511341632	0.263671397361595
"SAMPLE-48"	0.965757596511383	0.958174989578692	0.940260382313865	0.966260270688391	0.926023839827321	0.937212831238143	0.920365673127691	0.892229481413685	0.724228418859052	0.977906882591231
"SAMPLE-49"	0.0387215661996554	0.01042657544972	0.0200338729160887	0.0305631264346107	0.0433597068555157	0.0600658648370887	0.146375919933849	0.0230965730299557	0.0423710682717183	0.00100960403797756
"SAMPLE-50"	0.349207300790067	0.748800056960589	0.687857342516145	0.339553876734711	0.418448002649096	0.697048217855549	0.782891521937316	0.269369393468674	0.0496439483203449	0.197385807046359
"SAMPLE-51"	0.997338128678068	0.999267590496077	0.99735835610052	0.987688587062089	0.991281925277571	0.994165293512748	0.998825133136596	0.984988994877413	0.99187607987317	0.993842920678372
"SAMPLE-52"	0.00273130735143873	0.00277681650882707	0.00932346246276246	0.0140521344524281	0.0135304630256183	0.00362114343843339	0.0114732219987555	0.0040814570981446	0.0101416235311551	0.0220581296858219
"SAMPLE-53"	0.657972489005747	0.472140634857338	0.929154380192494	0.419646599618692	0.944764162217646	0.316137781364992	0.327185662612394	0.656542068942536	0.162362355002354	0.740135722150948
"SAMPLE-54"	0.0509531341670887	0.00862142761865053	0.0661293573554838	0.0981087717126675	0.0625925794986847	0.0213361565177772	0.0367723231050118	0.10359832326158	0.0318061183265142	0.421142697184862
"SAMPLE-55"	0.00032413782896183	9.4020978601785e-05	4.73554478904493e-05	0.00670932505429002	0.00056673590024316	0.000801459041140132	0.00024910249165349	0.00397045879909915	8.31685007835032e-05	0.000599299150206294
"SAMPLE-56"	0.999983343698189	0.99996390295012	0.999995471520887	0.999951454459017	0.999987346539192	0.998465806318379	0.999619373650376	0.999996086300106	0.999927218515435	0.999986277825408
"SAMPLE-57"	0.841126645379874	0.376900272309266	0.440765862646147	0.367276598714211	0.429538125447567	0.499541303799456	0.171799832065321	0.265162704275466	0.586007821109574	0.59650941616603
"SAMPLE-58"	0.986141330750854	0.989708499566718	0.996706113512008	0.993777986779748	0.972515880176077	0.996574296246842	0.994855537018859	0.992653684185218	0.987325350820261	0.987115622095884
"SAMPLE-59"	0.00144793936889244	3.25723478999002e-05	0.000545527632541483	0.000444688531164817	0.00123572782207917	0.00136989155830284	0.00147388179907131	6.80803703643937e-05	3.84342240192376e-05	0.000719006844757788
"SAMPLE-60"	0.00304232723135557	0.00132134830954436	0.00795871423719023	0.00177857923621375	0.0119370449573192	0.000165619423584109	0.00484726580510022	0.00935139542236904	0.0139090348459952	0.00344318516562796
"SAMPLE-61"	0.760345258987506	0.186209977901946	0.722975533093732	0.954619693336762	0.949508507310246	0.641129992882514	0.877661020553188	0.48584259822979	0.741360373821115	0.666886008014827
"SRR5865065"	0.997722263421748	0.992418324382562	0.995833263146508	0.994623912937481	0.998535024270417	0.996528062192963	0.999193121375956	0.999255997136292	0.999599221150773	0.997079966695335
"SRR5865066"	0.752427676925502	0.93590865697735	0.96294383280322	0.831312675127597	0.932860019508361	0.918766557298249	0.871807904251681	0.461629857271314	0.900954247110194	0.89847424513589
"SRR5865067"	0.196046562628187	0.0656094677182406	0.315538174822333	0.0841155805559687	0.123099581750179	0.344466875947842	0.0583576002093793	0.117522656042815	0.16530010051475	0.0517825556946498
"SRR5865068"	0.99870895493062	0.995027150238801	0.994875998764828	0.999325572157621	0.999670899257319	0.999612929788242	0.999315898080855	0.998923867035916	0.998291707171366	0.997369578945162
"SRR5865069"	0.672416336675121	0.802220344685819	0.762071329381762	0.684088400246948	0.71281236895328	0.534811547529339	0.742721516447679	0.31051942600408	0.737210098256096	0.33954251074527
"SRR5865070"	0.0195764091309933	0.0736849265482052	0.049394128730439	0.052439106827561	0.0364825163614677	0.0244585451706073	0.0498659873618752	0.0614604488427727	0.0866261616196751	0.0186295217807414
"SRR5865071"	0.567637741977204	0.556621253712048	0.418702460305614	0.529158953779422	0.222369655024191	0.585458094844368	0.527903387603477	0.899533419692008	0.490623090926304	0.400030948152523
"SRR5865072"	0.109149600982297	0.273240291048962	0.158401196770895	0.0526697164003925	0.142349089142268	0.157671530037736	0.0470036223692244	0.0590306197108007	0.387620717635105	0.185507557379587
"SRR5865073"	0.9334218972051	0.848669911012319	0.961133130629374	0.948475022155935	0.981240911198649	0.744954260115116	0.958751149645786	0.86416862064549	0.982218038890115	0.903423940697954
"SRR5865074"	0.890229681749524	0.89434914800456	0.915900920172384	0.939030552879183	0.847303493717095	0.725313868419763	0.878094451115084	0.801059596589411	0.732377713129663	0.966398724765085
"SRR5865075"	0.963878819471329	0.961364405429887	0.880657150981832	0.956378120803574	0.991827183234139	0.659266109227614	0.865780623123526	0.996121321789556	0.923605323900503	0.976819310945585
"SRR5865077"	0.0320066614584932	0.0324047882291367	0.166997438540206	0.156677141118164	0.0951563714274002	0.307068524585153	0.0520564991213172	0.0391155084554998	0.0756725652049521	0.140262406794512
"SRR5865085"	0.922771254578741	0.90793353659215	0.906073864671796	0.987599187567494	0.955318417272637	0.955345475340661	0.90899939578188	0.876959375602176	0.695867314423302	0.971086095694544
"SRR5865086"	0.496929985488181	0.59404046050171	0.394899779758938	0.70997211009286	0.626468325140773	0.752026176330829	0.721242155340313	0.705792859579309	0.790967980423288	0.948099852465793
"SRR5865087"	0.987210107127283	0.891967245213228	0.918093745290107	0.71617778291424	0.983175679096285	0.859024402184304	0.988212570927291	0.980398822795695	0.98798946188673	0.995138718032205
"SRR5865096"	0.994559689725363	0.998745730922477	0.996276270436956	0.997552531161466	0.997896514857444	0.99798088296695	0.998150203701231	0.998929435622218	0.998968681370389	0.998386985939452
"SRR5865097"	0.571154271653652	0.784833313693314	0.74123064419281	0.55968677500629	0.714475935609046	0.910001084100958	0.925466330630614	0.906816508792543	0.567825754245601	0.891840805748109
"SRR5865098"	0.926776205506422	0.659431772853791	0.977184080705815	0.928593172637113	0.888487142934301	0.940739664672795	0.953381699608899	0.969390297943278	0.94575881065844	0.944629336157991
"SRR5865110"	0.226366345337649	0.0625821683877058	0.221321972925949	0.077553154840961	0.0817296889963005	0.0741511863163912	0.108836739431483	0.181418595902931	0.129348471964649	0.114737679395961
"SRR5865111"	0.527274985039824	0.454515666407356	0.271007878654638	0.16766306578125	0.354492617112997	0.644331830720282	0.216291942903224	0.473043855048583	0.360128249424776	0.20022385861149
"SRR5865112"	0.977085264658814	0.991182439486313	0.988220418168437	0.961394240356337	0.981118813087615	0.994403092423521	0.99552473360462	0.996689973169311	0.942534740234956	0.981828715333355
"SRR5865114"	0.0103112425531987	0.0154021912575045	0.0288039924674725	0.034688835915866	0.215371556333917	0.150429306783641	0.0785992915052963	0.00537798617245864	0.0157283073180341	0.00358935096573733
"SRR5865115"	0.827136852536789	0.99660990918701	0.998340903112793	0.999961386758038	0.983917750867573	0.995676721697468	0.999978688698683	0.999727439890408	0.987160714146071	0.997847420842335
"SRR5865116"	0.999038888694803	0.999102758401576	0.999911197157496	0.999809158256675	0.999966322104898	0.999923135965616	0.999942989437262	0.999842282215829	0.999618307639966	0.999953967170661
"SRR5865120"	0.280687513617541	0.166499618738631	0.171059848109505	0.118960800094935	0.0381488205024892	0.434189395718208	0.131677786123435	0.0392563486460376	0.201582095650729	0.109781170278103
"SRR5865121"	0.228050469836439	0.146515077203397	0.0703469121284675	0.113563398662486	0.0490588737734352	0.20975797486489	0.0713033429784775	0.0709214016372827	0.0501490200722505	0.0760688292699882
"SRR5865122"	0.267010616785507	0.919828256499408	0.208609430107518	0.659339618608817	0.209871142706151	0.590521409240441	0.318203717873881	0.815602889661972	0.621882648857856	0.644913772395267
"SRR5865123"	0.813749086615788	0.937752261934251	0.942665953914605	0.859676674381397	0.784723188563102	0.956606882239899	0.753225569361268	0.884015333196713	0.790208314232052	0.808458403812478
"SRR5865124"	0.000125177095237462	0.0262272057285672	0.00166761748330921	0.000551191906759275	0.0171120308401997	0.000251998914333937	0.000472539624345928	0.00358727778227727	0.00150597064634429	0.000980853680422143
"SRR5865125"	0.995582097179936	0.990617732877286	0.995915377291036	0.994075513616558	0.997867267558412	0.998547038109822	0.999132775314937	0.996229258920586	0.992274041193725	0.999885519260228
"SRR5865126"	0.989855945596526	0.996472229080805	0.990026527237275	0.996104837735676	0.999388918774731	0.996642913279552	0.998894949479553	0.99355452457173	0.991374921249292	0.995965131417933
"SRR5865127"	0.68189887617324	0.152455827143987	0.491899586949209	0.235154930510035	0.388360116337688	0.096203134674659	0.246703231348292	0.66662368104793	0.54684434944209	0.480991043201317
"SRR5865128"	0.0166500280124166	0.00781817084867835	0.0496237059658625	0.030594081162388	0.00746904055263563	0.0117196391761523	0.0698538241867128	0.0093662591732645	0.0306518345227132	0.0267200227299777
"SRR5865129"	0.073908379090859	0.0078870078111425	0.0149250247565363	0.0268498161520316	0.029583577666989	0.0199629682801702	0.00638184183766995	0.0163214241288992	0.0268073768842522	0.00600792908410426
"SRR5865130"	0.328298128249112	0.102168743036439	0.0296141655014372	0.017565958913391	0.0143593121190631	0.0346691825957037	0.0226260539830023	0.0715852942982441	0.065103761777393	0.0531812866718233
"SRR5865078"	0.966999482624696	0.954779385849505	0.925322397701447	0.990546764981167	0.966446973312142	0.975750984835755	0.980287586465811	0.974585320603626	0.995849568119557	0.99000983183957
"SRR5865079"	0.926703374641243	0.996585665348424	0.98987915426687	0.987573960383251	0.994211931454663	0.988733303541188	0.956249152170129	0.988159354898858	0.992671309424134	0.952076500794161
"SRR5865080"	0.920204202204316	0.952075235407113	0.615304636865999	0.46223172349248	0.766594587667585	0.792266865129099	0.629162053259359	0.970106947537393	0.775383270590538	0.499636236832067
"SRR5865081"	0.0158423240211755	0.00838780207404887	0.00142798220314963	0.00136812906114069	0.0132382381797966	0.00231888321507354	0.0101470442913778	0.0185183075593009	0.00633840208184211	0.00717327730230673
"SRR5865082"	0.997313434539301	0.995946599922013	0.998603919492832	0.997245555967761	0.997906840651585	0.999091808227227	0.996404583346913	0.999119535138582	0.992951667394729	0.999435713583418
"SRR5865083"	0.96645847672807	0.986892418558756	0.989085282203446	0.994953021326045	0.991463897998036	0.974330504490099	0.992241516063558	0.995429376016417	0.889223131642486	0.976337573699257
"SRR5865084"	0.71746770877127	0.806324246714622	0.872638348952374	0.192554563221876	0.57548978055539	0.540246835350312	0.675328672670231	0.740521964144591	0.789775596185804	0.179979492243639
"SRR5865088"	0.764065125356985	0.516006130412335	0.763616761390749	0.772359427178677	0.906684271147442	0.855500257457017	0.757964147500798	0.624696399947025	0.880851047649667	0.754546122469025
"SRR5865090"	0.612732868086829	0.982455416620761	0.614252707779368	0.899328271925153	0.757975805323629	0.983581168448766	0.720185771684268	0.759244189937757	0.623856390505196	0.66060546319464
"SRR5865091"	0.913571228378734	0.909763682541923	0.885140980367856	0.894699192521935	0.840594504698813	0.767412554523581	0.96426253720657	0.739026299849353	0.918282055246881	0.888411502441583
"SRR5865092"	0.996674849338764	0.981177307984457	0.989414534524742	0.991053743190958	0.992118619387243	0.9984585313733	0.996726270741488	0.99985167285629	0.997220189295277	0.994961675251507
"SRR5865093"	0.939829263173304	0.929876393331411	0.977311073745859	0.974417969518163	0.911410578083478	0.975306907079824	0.924774690749459	0.866943620624425	0.919204019867263	0.951111503281201
"SRR5865094"	0.872716092619329	0.441891273454153	0.942934290677133	0.430874188568091	0.951989790966794	0.903726081321305	0.939326799053874	0.802076429902598	0.804388708713758	0.97281327511079
"SRR5865095"	0.996072149306021	0.86885206329176	0.938787882668332	0.985448700983784	0.878661191453418	0.950153940170092	0.944827512060597	0.969004231231191	0.993862440404517	0.891344680980871
"SRR5865099"	0.866547831423642	0.738663694879439	0.830002659439346	0.964528542721748	0.980743092340102	0.890821972290899	0.965831386610797	0.807198468917873	0.875688955719236	0.904647226116552
"SRR5865100"	0.718303684972953	0.811918305602712	0.82250119170793	0.596244565414066	0.582916112228775	0.921701785620838	0.883674847270005	0.604120512943624	0.418139549547666	0.327097572122914
"SRR5865101"	0.561583640015541	0.747331515488163	0.782843891760674	0.808798296855604	0.484253072704596	0.843665434281563	0.413483506100681	0.474986025140277	0.769046166435509	0.502497275584152
"SRR5865102"	0.0340665548402808	0.123454219314063	0.0746230608634174	0.117680581804884	0.104715750514997	0.0159889163104808	0.118799565904686	0.0447008180215245	0.0177805395042033	0.125273845708181
"SRR5865103"	0.989788113849872	0.993173926703371	0.932067217806059	0.976628494423286	0.889099943724934	0.930472120353013	0.917985229132937	0.978532356375352	0.714800987488208	0.967373496658549
"SRR5865104"	0.994565654557689	0.991972673133254	0.978971659895072	0.982854155565987	0.965521247164675	0.987602849532034	0.928457502435671	0.992505287655604	0.992051992370355	0.993727522363044
"SRR5865105"	0.314034835255278	0.298853266185189	0.250892647495937	0.348949551738896	0.320080799404869	0.385700661860461	0.250639848828407	0.320746390985062	0.343849888772202	0.370679107344334
"SRR5865107"	0.994879661958779	0.998126915119483	0.996024964341261	0.996449453160739	0.997988897217429	0.998200576932938	0.991024473226182	0.98513128481316	0.996534118700487	0.989950867888656
"SRR5865108"	0.999061709825587	0.997730571653266	0.999221540045957	0.997863935270298	0.997024362448417	0.997673982189913	0.998452698114322	0.999140730040905	0.958675253244067	0.997707044551747
"SRR5865109"	0.904651741161456	0.390182992713104	0.956315356925362	0.565843640761709	0.867628966734561	0.845828742668617	0.937864201232068	0.725717094401199	0.966857135380836	0.867289194525226
"SRR5865117"	0.304598219200945	0.0854176762183575	0.199765908072317	0.104942805295676	0.120776297034749	0.0705265100622356	0.085667241573508	0.16335675432542	0.0731856224593533	0.0848036869787305
"SRR5865118"	0.846546921762212	0.792817558318844	0.935088275580419	0.896742281543326	0.924930432729196	0.80862445005803	0.875519455811304	0.727741297652375	0.476398803526366	0.882174004688394
"SRR5865119"	0.0855372389591837	0.0624570551968302	0.240289758510704	0.0926979088268194	0.0578263063608154	0.0878263619496564	0.0611741557455584	0.0553364337854071	0.188823827893055	0.0574521508519092
"SRR5865131"	0.818454354626567	0.76608068339337	0.433991684508974	0.465962109516623	0.649454860178459	0.755935137251634	0.715020943083465	0.871388663210681	0.802429830574185	0.889107535524521
"SRR5865132"	0.991355300596667	0.964731482840199	0.966506166039185	0.942256803747371	0.900468276833571	0.980378426381077	0.770021405699442	0.787567681356221	0.763303624506122	0.86743166999181
"SRR5865133"	0.472130919497662	0.610509917628399	0.482068588797104	0.605654274128597	0.398877744517886	0.81138087773673	0.781330085033246	0.818745787590832	0.735754446902247	0.61975963978882
"SRR5865134"	0.47527797021711	0.31359849868491	0.833630451384648	0.778453339001746	0.761011312308566	0.363032108280846	0.49986219629039	0.903041538986762	0.39886483309188	0.329574216234407
"SRR5865135"	0.0572460839045398	0.290100451238458	0.065694732667534	0.0944945269406461	0.0552549317332844	0.00877852479644901	0.12650725919357	0.0208508160668535	0.0109045407259023	0.0882567585181824
"SRR11292125"	0.909572676107008	0.629102925450382	0.649549946981314	0.461693408676817	0.696646116311563	0.944291397632557	0.719320712184227	0.464024834304324	0.778390162720041	0.722439230010342
"SRR11292126"	0.995692956944453	0.947415334782857	0.982578902648473	0.984699743029397	0.997562442494704	0.998970898288292	0.995183738685297	0.993032334468007	0.987825352149202	0.976989147852121
"SRR11292127"	0.870803274468074	0.724507415059948	0.975842020518874	0.297143950600122	0.387949950189912	0.242337868940224	0.152478455341253	0.431810719941116	0.110330387129838	0.755852958220007
"SRR11292131"	0.994677345926478	0.985425828244591	0.988263134722192	0.990470901529339	0.984677220905741	0.980186021312725	0.956845536758766	0.994245370590333	0.995096700893124	0.970244693587479
"SRR11292132"	0.0177324467570748	0.0132671403357332	0.0100454307726511	0.00488686702788209	0.0725655191243279	0.00441437744501589	0.0138170386515569	0.0271437972545401	0.00614602265520245	0.00634818240231047
"SRR11292136"	0.0366994708297373	0.075536939047892	0.0291503462084809	0.03999557707754	0.104669674673902	0.0517416648378741	0.0269867445275311	0.0361837574659878	0.0379394115064156	0.0326991055744127
"SRR11292137"	0.452294813925186	0.621225686570352	0.58402805646738	0.476839889539418	0.646600335806918	0.513844096397025	0.413287876203036	0.523048233679274	0.281715446663934	0.550146160461796
"SRR11292138"	0.588094069271792	0.72262878482502	0.651939537364176	0.742664233404125	0.69176404656989	0.842214656095137	0.679409868763471	0.0171709513778513	0.842745507746463	0.0032345595727635
"SRR11292140"	0.172419613262037	0.166805645946643	0.0737051725242872	0.280760999785788	0.644304058971107	0.1067147177404	0.303998015100194	0.350995682662664	0.539009440938173	0.205754457820406
"SRR11292141"	0.895027265287765	0.839037390143156	0.27141691163926	0.774958423801341	0.837685868991457	0.902660286532988	0.104613826473233	0.126016987423711	0.648362401544355	0.634346627201023
"SRR11292142"	0.102752658279867	0.295343210814239	0.507341262671346	0.013316761977893	0.465068559752472	0.157267870380598	0.308875370517367	0.0683444668624834	0.0897358891145344	0.0527375470515307
"SRR11292143"	0.103292525549683	0.103382495056415	0.0883563094230744	0.0572756584820905	0.0271355815019398	0.0700430286246975	0.0740815399489759	0.0422678713663994	0.0323205580787381	0.23250566847571
"SRR11292144"	0.0266747620314108	0.0055989512114787	0.104835143246643	0.0664681695108781	0.134546100713559	0.10298823206371	0.0282984021410408	0.0207315998760134	0.089987744650648	0.0466463376112385
"SRR11292145"	0.124335438758522	0.15230631597414	0.243682383439161	0.237993903831393	0.273324441549019	0.0856947249998037	0.181449432921128	0.0860725076637345	0.145861488268788	0.120526755101794
"SRR11292146"	0.993254924014021	0.990033495966539	0.997945907027788	0.968311681136381	0.889155243023253	0.941935387040637	0.951178478300667	0.992973726838025	0.940288434649243	0.875838827738172
"SRR11292147"	0.737137220492078	0.147651088330837	0.893726786764234	0.715240082266176	0.212081775629858	0.286986344475906	0.340191277639056	0.42797992476848	0.450992860988865	0.279598025191368
"SRR11292148"	0.988490297604281	0.996292498177345	0.997646061100288	0.994759873058505	0.96422494438624	0.9906984655828	0.964283045873715	0.995774059767489	0.994881986815733	0.906433158808604
"SRR11292129"	0.969282338722164	0.987755907410364	0.99801770500848	0.967555806826687	0.997682206705829	0.994783013425591	0.984973695538423	0.995642625732513	0.88278043649667	0.989657850920728
"SRR11292130"	0.997008437358756	0.988355936908688	0.99615794093039	0.984670925604438	0.99489970550932	0.997960336941695	0.966856587019496	0.985998146821574	0.994890391049645	0.9985890880329
"SRR11292133"	0.992863383448935	0.997742552637745	0.998580627357397	0.997475023776326	0.997821231120855	0.999234844049477	0.989783753873343	0.99880005953687	0.997530762921212	0.99652560504692
"SRR11292134"	0.117498557190369	0.323924181150269	0.5743843382962	0.452058662578298	0.254341706392298	0.642314208091806	0.137840007593861	0.150116123248995	0.116607374986743	0.612722709310834
"SRR11292135"	0.0978996833439428	0.146443811212707	0.08877464292372	0.0609391654244724	0.015118310539296	0.0394017120542268	0.112847414071614	0.0599996265429524	0.154159757417311	0.0401821105044749
"SRR11856064"	0.994350451885976	0.998939683782307	0.998271254112936	0.999611965725171	0.996928824384779	0.996531959521669	0.991257786877803	0.999344422060971	0.996171971145466	0.995045910227326
"SRR11856046"	0.992235408060662	0.703946413895096	0.935069693399748	0.999834587984784	0.83034625646762	0.948640215115101	0.952572538523447	0.988780488598512	0.715790468770336	0.997115350138794
"SRR11856063"	0.158968833822814	0.16632375454269	0.377838933201763	0.211012691476773	0.180293140813541	0.376787796305926	0.351748603778592	0.197432926208054	0.247575516551625	0.243915093096617
"SRR11856044"	0.848118906381906	0.807547470677099	0.952364989087864	0.777550929538706	0.910528199389602	0.934506085003321	0.949420790103228	0.934062788220834	0.907455534416603	0.876572795303798
"SRR11856062"	0.000908769667205768	0.00132254077854804	0.1096746127607	0.000348344678417821	0.00723096532655137	0.0115591100553135	0.00221042832650682	0.000527888808862223	0.00567209440487758	0.000437206385666929
"SRR11856043"	0.994675915915681	0.997524833010524	0.988135863861012	0.981421441056757	0.993965214106942	0.980525620838738	0.989622122206032	0.990221534125856	0.96101153709154	0.976104512808066
"SRR11856061"	0.20256877971292	0.128305430410879	0.304680147246232	0.269421743306448	0.500964767384523	0.693455678008921	0.133025436338098	0.447024813843164	0.0242346618880126	0.220773483437547
"SRR11856042"	0.954722289441031	0.98800004988869	0.913885167863854	0.8998605045505	0.975075353775056	0.990162290295793	0.966054404520985	0.833715733641453	0.94582732394959	0.950017296869181
"SRR11856060"	0.659417529553573	0.804660626294037	0.735325100080869	0.552976837388448	0.680102686819519	0.672937885201902	0.973089283181551	0.708414031355356	0.793233890640588	0.615572434178102
"SRR11856041"	0.270521377938971	0.821214390255352	0.666408773397387	0.692465378257424	0.680862907931485	0.122526178843504	0.675392553822469	0.986800559395018	0.626848479138871	0.757018392981722
"SRR11856059"	0.0187094292226539	0.0620426290219617	0.122794029324195	0.0793711239216324	0.135086153039474	0.107826048717693	0.0729828478408564	0.0773622229316354	0.143850384022585	0.121665352232984
"SRR11856040"	0.958145465990406	0.762957674480411	0.80024541491183	0.959791260747038	0.791297774365065	0.908978642336239	0.762059359789572	0.712115489123041	0.441553242575162	0.666972173238
"SRR11856058"	0.151937433810616	0.157071163865816	0.150599594580769	0.135234637325564	0.0698025177153727	0.225291514706178	0.217190415941688	0.215301744675294	0.0387257023379507	0.0667032436680245
"SRR11856039"	0.875082431225122	0.93605437070865	0.855811888467741	0.955819958557966	0.274734792200338	0.969156707699616	0.978916257439416	0.929711727160274	0.892315207876817	0.971948690706921
"SRR11856057"	0.0190797789839755	0.0193412663913752	0.00558268797769687	0.00726990689868604	0.0140121884255476	0.0447770205892728	0.0155845880303853	0.00645487809492001	0.0174257034414193	0.0212606200484969
"SRR11856038"	0.973580179443139	0.877739714206211	0.920821203344143	0.906379115155988	0.909683016675345	0.848879173677781	0.902786967441299	0.944029328282773	0.886736705229657	0.95247362732217
"SRR11856055"	0.00307349581410799	0.00200099390414931	0.00882839070713648	0.00927669947744666	0.00226914272965959	0.00511487822568413	0.00294573622500315	0.0188064564642494	0.0103557212176937	0.0115748243871544
"SRR11856037"	0.98298345096793	0.965166817177816	0.991526094999341	0.965317253728946	0.927702118505233	0.995638127722241	0.870212100669354	0.882610629559292	0.986761943574124	0.93605940315297
"SRR11856054"	0.302084718970612	0.38493220996841	0.703202198063438	0.22080569182795	0.411920424291348	0.300970796977702	0.331892272396777	0.460738758134854	0.484307660723218	0.610441221511327
"SRR11856036"	0.544151883599894	0.73952745984719	0.93348502354149	0.888211653624807	0.672111345199333	0.367878018476128	0.265911245403559	0.757543927170245	0.521944053092047	0.717081425486461
"SRR11856053"	0.946454237231316	0.95397414555512	0.929192500001037	0.969015556619451	0.939927854377034	0.962156822519799	0.994136383636944	0.97571700225735	0.982495897789969	0.969135087426628
"SRR11856035"	0.116078217561955	0.317145714030464	0.223119097919907	0.255619447060413	0.0752836024015649	0.261872410429232	0.363259078216309	0.324604952626078	0.230905348908155	0.432198867841264
"SRR11856052"	0.379553429655124	0.235418301716388	0.339478257408845	0.183779651242436	0.209703762365561	0.268759935908676	0.068648040112724	0.340732081513923	0.122942329005976	0.550275964130796
"SRR11856033"	0.873432469891231	0.165203295954786	0.0963539261032936	0.292384605293309	0.413595958280626	0.218101347738779	0.286861342001578	0.427818724856341	0.64639493164131	0.277914113469936
"SRR11856051"	0.0365251697147015	0.036184985141593	0.0423811933735899	0.129681257463859	0.0898386296772336	0.0771359145708837	0.333944902392715	0.0493120382080935	0.137526416778053	0.203738250964359
"SRR11856032"	0.654456360023401	0.529423004397218	0.738851019566422	0.538210847490131	0.755827627790111	0.69901919468919	0.621946864852051	0.567584875060015	0.583713302926228	0.551660265359612
"SRR11856050"	0.857381909875034	0.884522249858551	0.520507943832081	0.150183273588399	0.849980178630079	0.579114387862132	0.941097589067722	0.352788264470495	0.555291758372771	0.452655654155767
"SRR11856031"	0.246764792957291	0.107093863867797	0.351753518385549	0.0550737898124811	0.10439021206189	0.163575814847459	0.339997419412656	0.453276646402867	0.464857395635255	0.0812481290292279
"SRR11856049"	0.858322988380816	0.307870770600682	0.0481268881449164	0.0342936005049613	0.0498154653941782	0.021661618039363	0.179864106116067	0.0319556544228098	0.035740738198106	0.148407711141103
"SRR11856030"	0.00427236850808007	0.00211209364063206	0.00105222101755435	0.00330962821196476	0.0035008063871021	0.000623176047826558	0.0107922281240454	0.00174813833803075	0.00047647217404364	0.00149978147401576
"SRR11856048"	0.0908671407468927	0.133010109461237	0.0629906796788884	0.128478204638	0.291771999034423	0.0963554979895905	0.782445078223706	0.0631215212710201	0.0851936993279244	0.0839966312420178
"SRR11856029"	0.787459368323038	0.873482659860474	0.848512479044573	0.757809595279851	0.927944224100792	0.720754673086129	0.667976833088612	0.803271798361585	0.767034447806593	0.835658007679944
"SRR11856047"	0.116135275913323	0.134803764912491	0.102614112158418	0.303131649266001	0.155776098208725	0.12840398746909	0.0410195620724541	0.209666058248493	0.220613782317298	0.0628581382334935
"SRR11856028"	0.793868017735999	0.930402959868943	0.823748873765992	0.882839134631212	0.936418660225373	0.829939282991082	0.87807448902333	0.926442617204347	0.912069640272929	0.843327940372368
"SRR20283928"	0.0654747282605379	0.214814223691854	0.030748001971435	0.369085440089173	0.139158962883549	0.0802188728243144	0.17031623215102	0.0635692258336807	0.0654778333968779	0.0432294256331174
"SRR20283917"	0.202494488241488	0.0465105715506305	0.00939382030966791	0.0514778757656807	0.00583470993386702	0.569022295070595	0.215004869983157	0.64889975220461	0.0297193912153135	0.011721821025884
"SRR20283896"	0.0451086920425774	0.404124003095835	0.00587344287543608	0.658152757447903	0.262530769804697	0.792268562236898	0.067061450656899	0.148247880475881	0.0608598927677542	0.341098843539752
"SRR20283895"	0.995158998345329	0.978088851529502	0.998590698062386	0.999548770009592	0.994031149910328	0.998117399395734	0.726458426662648	0.999719905792543	0.970946882232419	0.991719054101111
"SRR20283894"	0.98831090846112	0.00766779243176356	0.635052160608276	0.333109419910852	0.988013735810443	0.248337073177747	0.815239223001985	0.876589719507502	0.981931876172824	0.990200804462935
"SRR20283893"	0.322880600159036	0.135450052598055	0.0178636983207608	0.0843710351061364	0.294440721333711	0.120482948822811	0.030272565082007	0.514417652177438	0.087930098603663	0.091132665078633
"SRR20283936"	0.945344861591521	0.73130553589269	0.132814445929154	0.733996848456622	0.342238232126485	0.687493683793517	0.653056144416646	0.508565503015037	0.968853576635488	0.975797768193368
"SRR20283935"	0.00919607050359254	0.18526433439852	0.0713518817584477	0.0109089738282435	0.526450483686784	0.21245584875408	0.00643622874451457	0.104706384897425	0.531547867130563	0.0725950029676301
"SRR20283934"	0.94430809872864	0.999967721504127	0.999987044025561	0.988552819326522	0.974185385908295	0.999728253976184	0.999962576064068	0.902559361807859	0.999985506815568	0.999946702633746
"SRR20283933"	0.0229172433439074	0.0516768804539113	0.112836923676963	0.0211998172021306	0.090814045597268	0.0433324679264567	0.167469665151926	0.0577091274691336	0.00686344116975485	0.0447839007509572
"SRR20283932"	0.957536991702456	0.840664285439978	0.902531538648415	0.11269413521103	0.600416890614768	0.25582776696727	0.246756753147583	0.881258304785127	0.813908271196155	0.807748388784326
"SRR20283931"	0.961844961667282	0.958938078676	0.539456093698204	0.994165587939485	0.840384725235493	0.984571732621016	0.784122381995093	0.913869431295364	0.481021937280134	0.903365372502499
"SRR20283930"	0.985449004341326	0.13335589041135	0.949526648111582	0.993552235137064	0.739457747679087	0.892738211055689	0.994774484980163	0.994034253745535	0.985536280806348	0.745924903827149
"SRR20283929"	0.508670786024903	0.667711099411037	0.475126664812098	0.321085839039698	0.565658699485752	0.577200690218065	0.000106019044007108	0.427481370010507	0.755601886880053	0.444323278410117
"SRR20283923"	0.614376250168775	0.379889218048366	0.177252808317377	0.0545618711696912	0.243164724392088	0.360663450548535	0.26291068517121	0.0722966070640556	0.0832958808856755	0.0588644951948211
"SRR20283922"	0.443538168068338	0.244840821892079	0.161466356009996	0.287133605099294	0.108823478974368	0.0618723935546744	0.123038484954446	0.194623038814937	0.499633518947212	0.257343247531475
"SRR20283921"	0.819118371704357	0.687531050895469	0.647094759571351	0.782615181654142	0.788950996305319	0.852694141889824	0.511154377090807	0.94733292935719	0.317673421626927	0.829003666975312
"SRR20283920"	0.914516004992393	0.745531811510813	0.938656037148093	0.878910222464007	0.775551899298521	0.917002274545489	0.664866114355968	0.994590616244163	0.963591272153393	0.928021983205914
"SRR20283916"	0.00551323654697446	0.000928083772901575	0.00373307572746112	0.00435662689564675	0.00271834903917981	0.00289746136149594	0.00136097110031083	0.00359964864279112	0.00129509399587802	0.00727733390188668
"SRR20283915"	0.88649797735912	0.890892045614506	0.943988510692351	0.969053636272908	0.855313549208571	0.860073223222192	0.970845795196631	0.63182650879052	0.986986760511229	0.900736341488699
"SRR20283912"	0.103866138686892	0.0628248666141977	0.13416052407559	0.139730470210697	0.0454669671876837	0.0300075918752631	0.176243868618153	0.102295694382962	0.0977751776317823	0.0599200802892895
"SRR20283911"	0.962149805641604	0.944628344898859	0.944160789887952	0.972407444683774	0.910977415087808	0.980515355170906	0.953913733588741	0.994892841524112	0.812806070331047	0.85022651281698
"SRR20283905"	0.0698580486522573	0.0752879172627609	0.193250232463577	0.1328034501514	0.165362455923837	0.393121155446213	0.0731163056511936	0.601328699517941	0.0158495733031404	0.0405649967174939
"SRR20283904"	0.350572376763258	0.37602557914745	0.798892831791303	0.319638107693076	0.511780981861192	0.367965757418064	0.465447850278765	0.581774672707708	0.398658138762931	0.491140721872207
"SRR20283903"	0.244374352177754	0.370191398199897	0.166899015078815	0.251032742240134	0.252604480202955	0.437208715982011	0.317893489787137	0.328499742053267	0.0927530787954237	0.157625302872948
"SRR20283902"	0.0214728663911686	0.164131840146912	0.186824720531469	0.160017253703429	0.0740484479167651	0.0153164515627066	0.127881135526348	0.0413319786346037	0.0557415218912549	0.0745226830185801
"SRR20283901"	0.0439549183353001	0.168407787959556	0.447795134292177	0.105975757424863	0.0255559779825658	0.23539100786844	0.106568139088575	0.337553211354857	0.0728075417271217	0.140447112250961
"SRR20283900"	0.203549479433733	0.108999794269105	0.105729518431944	0.195866840448073	0.136336776435926	0.116377978675121	0.0635994060481592	0.113705268879807	0.0707407438588028	0.277751954290801
