"CV_rep1"	"CV_rep2"	"CV_rep3"	"CV_rep4"	"CV_rep5"	"CV_rep6"	"CV_rep7"	"CV_rep8"	"CV_rep9"	"CV_rep10"
"SAMPLE-1"	0.989588332959861	0.992896940794473	0.990459302114242	0.962546454828227	0.998192876511372	0.998185213045734	0.99599883682797	0.997118816657642	0.96660901497558	0.974465085861146
"SAMPLE-2"	0.727363317002409	0.105933233511312	0.627792974426496	0.601055620843364	0.569264492481962	0.36038886624457	0.468686423789556	0.0534270562341156	0.352107440322234	0.164323963549005
"SAMPLE-3"	0.958794597090596	0.940562426521141	0.957615024847916	0.966091739462362	0.991259064988817	0.994760197331097	0.973725679458608	0.976103822304171	0.925377819744215	0.987942381155613
"SAMPLE-4"	0.984531049829889	0.947927738863399	0.977327586308986	0.992157635424107	0.987827147512389	0.909000290837748	0.965543664437491	0.991613650720778	0.93164664555408	0.853074450911454
"SAMPLE-5"	0.991475077015519	0.71296257727667	0.878794947079581	0.987091913626117	0.813658876816723	0.877043029711999	0.998214395991157	0.994944872992402	0.948445318808827	0.979898869350554
"SAMPLE-6"	0.904315544242085	0.665432242740778	0.996255654906469	0.646868132787648	0.994191974085817	0.960965895919305	0.969322507033725	0.992125278524371	0.600154382957716	0.831832852601418
"SAMPLE-7"	0.96712013107282	0.955387351110754	0.982298628722354	0.975883811111917	0.954378876047952	0.95914950126463	0.971125508309091	0.948135760719387	0.994208011414442	0.938941352023651
"SAMPLE-8"	0.12809497658354	0.409144594866455	0.249596698614247	0.631629394587295	0.0885465622118748	0.533363075331436	0.497439601797232	0.558345352944589	0.50827802073727	0.561100160927568
"SAMPLE-9"	0.757849865955624	0.547207582690066	0.868739259180488	0.96679164490963	0.700139661653014	0.783707767770664	0.663652501604118	0.194748741484344	0.627729485533847	0.684498721506489
"SAMPLE-10"	0.96844442964154	0.994422370665522	0.994473534381554	0.975477715633924	0.997993613656608	0.993008702235953	0.992676576628571	0.998238909889703	0.994652707412435	0.977049478673179
"SAMPLE-11"	0.997525772591517	0.992574549765284	0.992499736736413	0.998724343081981	0.998912974738147	0.997395808275382	0.992953338626816	0.993908245755167	0.998346000662706	0.999357102715878
"SAMPLE-12"	0.0740764689921249	0.0449183112226248	0.0339652455956465	0.0179046179426748	0.0318553598267619	0.0658721992251541	0.0084976981336718	0.0165576982174282	0.019741903833864	0.0142309964713258
"SAMPLE-13"	0.824071224126803	0.725678060360809	0.872653571704042	0.930093096904251	0.788403868530932	0.827651865705744	0.917463117675326	0.914479521727445	0.544522145299476	0.915509696507201
"SAMPLE-14"	0.149381129460898	0.0461540931504367	0.0135819100431314	0.00893561009774218	0.0307597665304725	0.0710557679619141	0.0115486189615824	0.256796342372649	0.048220518725204	0.0563549671365954
"SAMPLE-15"	0.0285466151785054	0.553367537649626	0.484496237246782	0.0902119543387642	0.054627670296658	0.040447669448333	0.0546973889602685	0.166181632667529	0.0812640051147221	0.0681679907401751
"SAMPLE-16"	0.999974373467087	0.999962211099113	0.999967242438631	0.99998726874314	0.9999590663104	0.999975744805481	0.999988109301983	0.999975427809854	0.999993349850265	0.999992447195967
"SAMPLE-17"	0.504875550202195	0.660543359345418	0.813978853736992	0.56751569548947	0.938952477583302	0.847420489531053	0.526047401509529	0.777326500191256	0.971551033454915	0.98501956844291
"SAMPLE-18"	0.0721958931214819	0.0714498345554027	0.0787390227872383	0.347017640754812	0.0615227856424357	0.130999411895806	0.0944367071849577	0.110257780558095	0.00645312157793949	0.0199369803227259
"SAMPLE-19"	0.987737126745115	0.988374553227278	0.995350938314156	0.987062127440781	0.979047982599439	0.995947618342964	0.996501934511133	0.990841119719921	0.998844479151304	0.995164435326949
"SAMPLE-20"	0.557705192461508	0.520078775731802	0.788438465703721	0.0496400160108103	0.36244489267712	0.35341165842653	0.750317251085696	0.534421462227762	0.103136928821621	0.242864176501076
"SAMPLE-21"	0.243307600676867	0.851627200233158	0.243947497307683	0.259991253984956	0.136870784377389	0.59109916303431	0.157203698908319	0.0787304012590573	0.592786195726536	0.252003335032628
"SAMPLE-22"	0.759521017348773	0.314521735867109	0.697547515063317	0.105623345593471	0.387306501441022	0.90729621775177	0.98202608289553	0.841725746647967	0.651808921396927	0.992237771541649
"SAMPLE-23"	0.0959365886029976	0.798559178367346	0.0135210349726405	0.0382310559750231	0.0271263223997314	0.0437043894192094	0.00635172888292791	0.0224592614659965	0.0148107824919447	0.0104706510908811
"SAMPLE-24"	0.0767611014001508	0.0757983448637275	0.0126336203488189	0.0213978509328165	0.265981362426367	0.0244669272139725	0.114089424224247	0.0114837041690231	0.0280947625219508	0.486527913636661
"SAMPLE-25"	0.13692728815495	0.178252324246921	0.0246188459290559	0.0371855468825042	0.0578190666761653	0.284744240448247	0.112754251153231	0.302889169042893	0.139585820577238	0.181515598762999
"SAMPLE-26"	0.983406931898244	0.988057220586199	0.98531147330907	0.972936850560097	0.933054959315815	0.993296215397099	0.991281349671484	0.993353185818319	0.961491564799039	0.974633866449211
"SAMPLE-27"	0.978147620534313	0.791338896737474	0.849689896289833	0.725997965884053	0.338095478430641	0.781319064663452	0.949629290271198	0.979808548104994	0.890701477535452	0.817119801189788
"SAMPLE-28"	0.770611510771083	0.398672828365083	0.63177696170339	0.623942546594144	0.54698369337563	0.86690230566156	0.425851682995319	0.758285600682318	0.550494047118958	0.263822068763858
"SAMPLE-29"	0.810945251260897	0.993372466231593	0.961721334502657	0.970417918672092	0.955727741827908	0.949313140512908	0.966003683102707	0.992393526394826	0.978257263019376	0.992856701300568
"SAMPLE-30"	0.0143646001176272	0.01414952607136	0.00702540648061258	0.00553269610560173	0.0710852959001647	0.0454166714883343	0.0783715375154817	0.00817048512626185	0.0943200038103668	0.0324145294488831
"SAMPLE-31"	0.0385181534881056	0.0155688648969068	0.100278585412829	0.0329367793955255	0.24376105379155	0.0393289775234547	0.46914216837804	0.00208397022317762	0.0622091498732857	0.00153472501889756
"SAMPLE-32"	0.995607163653107	0.988800491045266	0.997051770671885	0.997167129586548	0.993462176359549	0.972669292555967	0.961107804383077	0.952487372626887	0.998556454647767	0.992310011249133
"SAMPLE-33"	0.0144173648607908	0.163110884782657	0.0575259734930287	0.016003201342925	0.207583590319892	0.00971211663373558	0.0313281912050099	0.0253458971916528	0.0887194386701352	0.118683102566772
"SAMPLE-34"	0.020245839072248	0.0500796060900372	0.0210645278041909	0.0790563125640325	0.0601086769826734	0.00764782016290401	0.0957556294275456	0.00125245976004939	0.100272803944027	0.0196447902513477
"SAMPLE-35"	0.992830500564315	0.999292504911073	0.999014720277998	0.999965383209519	0.998745946878223	0.999956030137196	0.999670720299315	0.993514076188395	0.997729109740893	0.995550555736067
"SAMPLE-36"	0.117302947928094	0.206674936123571	0.0802300636045021	0.0854025853801267	0.17297274495045	0.181467669533654	0.0905705931955472	0.0880640149336311	0.591821759158425	0.0967751287158878
"SAMPLE-37"	0.00154360100414776	0.0850665914806372	0.0290102655874475	0.00725867267873472	0.00660012690596208	0.0003353935021784	0.00056285229560543	0.0229382962073856	0.00996195477511686	0.00245761019063148
"SAMPLE-38"	0.962290511869161	0.849840576752777	0.861418097623291	0.927997269028164	0.415748076589634	0.878826107553163	0.966303496197896	0.964506923577336	0.862276367666866	0.695810605393966
"SAMPLE-39"	0.914943631407295	0.935138752403431	0.99666497146754	0.781044463939703	0.946942858867332	0.975326290168425	0.899914373303593	0.982754263712503	0.993081269417671	0.89879376181494
"SAMPLE-40"	0.104186206890127	0.0381295095559643	0.0837217986164793	0.30427141486414	0.257518377802016	0.0787411241904751	0.292197023196919	0.316094374076608	0.0680172321524182	0.00813386604348289
"SAMPLE-41"	0.021622506176348	0.402148940389616	0.104874041110409	0.0248215318438588	0.164370285765731	0.0328190911256947	0.110100979160798	0.0118143687923043	0.00981961056520339	0.0101139604840486
"SAMPLE-42"	0.457153469546313	0.850328660466571	0.510460822972228	0.747277276503758	0.665911905500869	0.65187037524114	0.663509591463667	0.787666810863888	0.739613343144854	0.288940559321092
"SAMPLE-43"	0.103848368356738	0.111439506428338	0.206761717538213	0.228998031128463	0.156556637160708	0.0427120341035932	0.27862990669685	0.297216713782521	0.06650047421219	0.0770466253966729
"SAMPLE-44"	0.963775802502057	0.784279555133021	0.914395102598846	0.940558506475109	0.984881011116989	0.976077025141531	0.95797556806392	0.910089969972714	0.989866459353157	0.908573281733678
"SAMPLE-45"	0.238547836130426	0.103623712877002	0.167255554622383	0.523558281920579	0.0939377441513222	0.14883672368262	0.312211594193156	0.329934972910656	0.182091952277688	0.34240509918968
"SAMPLE-46"	0.174238524970071	0.108316369111189	0.0547011171320685	0.0684897363330247	0.0966131544633571	0.0610904002281485	0.0561058712346552	0.245641617575781	0.0313448578741737	0.0320911667035303
"SAMPLE-47"	0.636095869846079	0.305235951703891	0.318182877307763	0.295090431961488	0.0668919090735843	0.134949488432593	0.202720051389967	0.193304727874113	0.191898546237953	0.314007587240384
"SAMPLE-48"	0.473147697598338	0.544250831711007	0.496562574463808	0.715241377492873	0.131466673048261	0.895984947103405	0.514165752187891	0.762386951421657	0.853900567075951	0.902883821980512
"SAMPLE-49"	0.00483757707765174	0.0309617150466416	0.0114910228693535	0.00638246672685604	0.00908182249036413	0.001816457011275	0.00906900556322962	0.00310226363595554	0.0128513455807396	0.0443944184180059
"SAMPLE-50"	0.44365467331638	0.257099836896818	0.927249800860394	0.843028362653745	0.529631100347551	0.973649605570975	0.852382691845223	0.603663056483734	0.923093881318715	0.861342797203653
"SAMPLE-51"	0.998453245898231	0.974851768220677	0.997118644709025	0.963972448946234	0.999185279211113	0.994906551645792	0.995366339805895	0.999379306862702	0.978395558854381	0.992322698344194
"SAMPLE-52"	0.162640549610759	0.00782418272436819	0.0450542559623055	0.193224081312485	0.0537871201450841	0.0748653228369375	0.0579382535941495	0.16141755682037	0.0220455418921766	0.168052979169775
"SAMPLE-53"	0.790391206706244	0.378787493528095	0.667180466661416	0.336996846491804	0.806345048933119	0.76830343299942	0.709944120745129	0.252671222275421	0.959420864804691	0.500759587850586
"SAMPLE-54"	0.0938923004219727	0.077950453447154	0.125714187324319	0.110782188111648	0.106077209606898	0.110042112462363	0.240174209588837	0.118139660432987	0.321158400488617	0.2049727410562
"SAMPLE-55"	0.00172679281912466	0.000146585833256425	0.000490856174986519	0.00406624488162054	0.00317115794230244	0.0122370387602537	0.000787051459892508	0.00312289749604324	0.00281648823585283	0.0200363468851826
"SAMPLE-56"	0.999909174369604	0.999990107144581	0.999724707452012	0.99901715299095	0.999831907860169	0.991034648071528	0.998101244397277	0.99998947225784	0.999608589837785	0.999926414938492
"SAMPLE-57"	0.580802315327534	0.0222557511985262	0.705618495607788	0.312032119701526	0.0248419249498846	0.173227451705561	0.355682651546135	0.0406457349959666	0.839990944617369	0.598093858001796
"SAMPLE-58"	0.99698428535766	0.998284541424362	0.99906024311254	0.99933292523375	0.998276827788338	0.99865369007129	0.995341981559853	0.998475905880187	0.99431755996741	0.991295838645099
"SAMPLE-59"	0.00172368589737566	0.00161240927779008	0.00341209690399373	0.0116638782219987	0.00511006258003435	0.00736120143999013	0.00111835203729311	0.000710095875661604	0.00403690154901153	0.0398780297431945
"SAMPLE-60"	0.00581541111647251	0.0330185714751066	0.0139663293648556	0.0158207267447705	0.00913026862265758	0.0139151685261	0.0207893564817006	0.0665771181406294	0.0305157568637001	0.0179887368923183
"SAMPLE-61"	0.962636444051031	0.867313107402607	0.797598269235069	0.899303733433951	0.72929441355055	0.630486243376104	0.961710425064147	0.835165378705997	0.340640251245404	0.828253110076144
"SRR11292125"	0.954058817045895	0.942557971433371	0.919299582929595	0.899121654569179	0.869333121261133	0.975743938828124	0.950441569228124	0.894766475182374	0.974288273444726	0.723075125016713
"SRR11292126"	0.782081446593006	0.775655652359834	0.942775484558726	0.566781749396266	0.725411205448882	0.819921282731157	0.965047428738558	0.852549261052523	0.987265172824012	0.664969733194292
"SRR11292127"	0.898374572241664	0.278643569419363	0.845199223351957	0.617065560556363	0.887728080422309	0.891800665826859	0.540699562529903	0.777599625919021	0.712954192597724	0.992894501732482
"SRR11292131"	0.992949544002397	0.997034272716283	0.930512478994986	0.978083303306417	0.999411974646937	0.94282391837352	0.995274454060565	0.985649304596159	0.937629580704369	0.986856563148199
"SRR11292132"	0.00481509152389668	0.0147042498709162	0.00464716401151563	0.013833336601701	0.00525658608042307	0.056785040351875	0.00602004550840117	0.00880967927692415	0.0236952794154216	0.00384116785417044
"SRR11292136"	0.101497821568805	0.16431396659576	0.118710424754141	0.126853548590733	0.046275919416178	0.137097535844332	0.094997307042666	0.15258549866072	0.489053375220035	0.141394340351469
"SRR11292137"	0.909078288337293	0.786669069861875	0.905508333290524	0.796903599411085	0.55301034764061	0.900037627875584	0.891621228260547	0.961333365306216	0.771493265252158	0.746767272033212
"SRR11292138"	0.598417485708453	0.818561955471702	0.00298237176529175	0.502151019395163	0.523010960571054	0.707104589612649	0.433234718549371	0.492723964266629	0.0174054644048815	0.543332391525014
"SRR11292140"	0.886701294992447	0.900239318319724	0.684394235093028	0.572312329496818	0.904575988276933	0.696618710852988	0.73807422289075	0.694407655447658	0.829042144554526	0.891884509567404
"SRR11292141"	0.989627782628006	0.941632881412728	0.986521121777347	0.931057213005549	0.981133962590691	0.983004258232562	0.981727057009836	0.807877735233661	0.995542838670832	0.931389031482651
"SRR11292142"	0.00278462224094138	0.157463780985743	0.0562716294736309	0.0863307818592529	0.0623818493824216	0.0710099451698125	0.0622668542150049	0.515285834845814	0.122673213385553	0.0676658638950039
"SRR11292143"	0.132094510583831	0.0693997363552466	0.0736859031868844	0.115906189382525	0.0118691620923441	0.13171083241168	0.117854034394701	0.0558600535480953	0.0222482946745622	0.0594551154809777
"SRR11292144"	0.393627959864464	0.167011790331918	0.0794964370531572	0.111302871950879	0.20108301662132	0.323740460802921	0.0561329054257508	0.0883006796980736	0.273205028414049	0.205023243280919
"SRR11292145"	0.317887358458149	0.421447509441188	0.616501433262539	0.453875326445526	0.479880045020831	0.752253487355369	0.462917192375971	0.602425382253827	0.569359542409118	0.542320303997743
"SRR11292146"	0.996132261880165	0.979292075080641	0.983531756353089	0.964976613472801	0.986740338800499	0.982313770645521	0.992893983059649	0.993031394757604	0.990203084780475	0.967887926685281
"SRR11292147"	0.689632741050586	0.165366115842284	0.76199044300799	0.560181250449831	0.945642205774458	0.461152840106844	0.675484123565141	0.843586817502658	0.822263177111075	0.808850226567727
"SRR11292148"	0.998491489004407	0.999348663955661	0.996480897507989	0.999648574580421	0.997146710550539	0.999696715828005	0.996356593563319	0.999215099625637	0.996387360694065	0.996892736912815
"SRR11292129"	0.984009852631956	0.989830338183962	0.992574812654885	0.994756887561449	0.996923640770357	0.948693272514997	0.986388341625662	0.990190643707749	0.95325573511085	0.998672981688783
"SRR11292130"	0.987717265189707	0.993046525145277	0.979401166826547	0.985091204246244	0.986144780482921	0.985668870036068	0.986383267462485	0.991099439169081	0.987801218238542	0.988531038008008
"SRR11292133"	0.99957715922985	0.999196236017384	0.998993338726689	0.998575620853263	0.999666219443765	0.999323973078849	0.999554566802667	0.999351806986687	0.999520400290516	0.999780485761686
"SRR11292134"	0.197957643691108	0.095067946033322	0.0577397460496687	0.16016651144721	0.122161458103888	0.103364940502038	0.0573074025681999	0.0629100187242111	0.113972525494127	0.0803947648771835
"SRR11292135"	0.0331914738708564	0.0362281561443346	0.00608578252747876	0.0105906140762724	0.022758336256281	0.0405741013514541	0.00661978313702764	0.0251165017548025	0.0421837278138119	0.032184403680463
"ERR1624539"	0.0488367044032003	0.0252044473159653	0.0578084563262229	0.0817939368099453	0.0409127439498383	0.0140352971113	0.0523750334450087	0.0564032677217496	0.0714440216391606	0.093068627976639
"ERR1624542"	0.0842948793510676	0.312850895580218	0.0485665916760025	0.014706737420234	0.181024882616209	0.0336876854640936	0.108811098747479	0.14945056165447	0.111908866921387	0.0322539827030462
"ERR1624545"	0.982207270490602	0.851753676211108	0.978697117102962	0.532302998489648	0.980055600584402	0.950434271854942	0.244050476039585	0.879864799394464	0.9844284751134	0.257273754375032
"ERR1624547"	0.0164498618512354	0.290090406679347	0.279031108172106	0.0323792162646084	0.00881058188268075	0.034839196488945	0.0102965417968162	0.00409751059799908	0.101008506746899	0.0158267563117646
"ERR1624549"	0.501388312133845	0.497822523953144	0.177586249774128	0.474750569267955	0.349157811780479	0.800816084235942	0.366207210974921	0.139290675019092	0.870879052972073	0.495936785060554
"ERR1624550"	0.733836326608412	0.722640279952404	0.804772440307897	0.577257623149911	0.685661602639205	0.688455289713337	0.401777116915833	0.234545153397604	0.768502636368925	0.220722456127919
"ERR1624552"	0.731049505045627	0.79871054611274	0.60952765001642	0.858153465391559	0.774210091558768	0.889708831588757	0.913983099552929	0.920256476340253	0.902625742106011	0.653690322817257
"ERR1624553"	0.0123270338879613	0.0112574440512411	0.0165858998603194	0.0157873238267941	0.0545404213476238	0.0337928282762673	0.0251549980049406	0.038740850439638	0.043571023472246	0.0165578584452424
"ERR1624554"	0.506625311325673	0.39426422783714	0.694561909097727	0.832865594840001	0.964461890433833	0.504714231694899	0.947292740010154	0.606813638143045	0.0957412576682909	0.775091254977134
"ERR1624555"	0.0292628532236067	0.0053681754405063	0.0368747294240276	0.0148242386142811	0.0502249847591495	0.0304092580834278	0.0555680030737064	0.0756313003262071	0.0748023039701655	0.0269312371409169
"ERR1624556"	9.47333015866781e-05	3.62384107845744e-05	0.000306812180782304	0.981884800415232	5.36835166419027e-05	0.000303425828753134	0.966115838409301	0.0806852515661053	0.983424912041888	0.000616777875116045
"ERR1624559"	0.985970752350728	0.945438331520806	0.970973871844448	0.951463179658092	0.985051835800809	0.957300353078211	0.954751256106263	0.984904321328993	0.980304618889109	0.96229935736416
"ERR1624560"	0.999340424811364	0.999890100076006	0.999697050768033	0.997828851465731	0.999769946768198	0.999512579283835	0.998217624428375	0.99963235850075	0.997067240602414	0.998736161567276
"ERR1624562"	0.645754384552235	0.742468791614643	0.838103528675156	0.650761886601198	0.753691289527115	0.82332750234207	0.783809059556708	0.682798602477495	0.348742923314986	0.724632965768665
"ERR1624564"	0.999711483810988	0.997292544056528	0.997593721629649	0.999833826429392	0.99985258730941	0.999990741155778	0.99847008155105	0.999764343452515	0.999514309203527	0.997739414169858
"ERR1624565"	0.958147714708895	0.112819566691232	0.38764088381865	0.690013903876507	0.934608986262915	0.967620391075993	0.92050066079819	0.993506756300002	0.927443653891332	0.977625186216669
"ERR1624567"	0.578078654076891	0.442101826461358	0.761982577885024	0.809208522116944	0.887800302196624	0.961297026384438	0.930169311625564	0.112975942372522	0.773579257148898	0.607293651249968
"ERR1624570"	0.211079819090401	0.289338151798041	0.109773043186633	0.0838794386793212	0.164318722016934	0.191651666775444	0.430861333396511	0.284518091967549	0.214507260387814	0.17471972897688
"ERR1624536"	0.0232580758451741	0.00417271596964671	0.0165535742950268	0.0146955428105164	0.00268528172146111	0.0170015365288471	0.00214259551757253	0.0159538191575917	0.0512278875545934	0.0461800710612001
"ERR1624537"	0.00358378898460237	0.00580255130587813	0.0192636622807508	0.0146737749991973	0.0233733167518037	0.00663258368903874	0.0267966771548731	0.00308144778986108	0.0143635993816162	0.0392506057988255
"ERR1624538"	0.0394058263240564	0.0359320089194395	0.00425015962474385	0.0965397763062973	0.0478133656129051	0.0257854203585318	0.0434448696931241	0.0446871714441951	0.0200553327938363	0.107175500523402
"ERR1624540"	0.102924442264204	0.350567477296974	0.186226570693959	0.0484696164675178	0.0022370555743323	0.0265239514781615	0.0577744208388486	0.0106395156217585	0.348765985737909	0.382981908113509
"ERR1624541"	0.00502055637427791	0.00867282824071256	0.00282228055599382	0.00693962058051001	0.0214130195022595	0.0077569978866966	0.023127599053851	0.00522428831507758	0.077167260542461	0.0162873529844533
"ERR1624543"	0.684599894733757	0.316569796032106	0.670684191766906	0.179539728958191	0.322695778455306	0.237941683875323	0.326048566826913	0.498476351752301	0.62066969565687	0.77288136128251
"ERR1624544"	0.644005564210839	0.618577045794272	0.859840458358702	0.580749812352424	0.598092285207654	0.480075233628521	0.774545939521738	0.671090492593873	0.769104766592567	0.858010801687104
"ERR1624546"	0.0692276215002602	0.410777309278342	0.410457225469566	0.242421120666828	0.573467561850676	0.225271170162234	0.583084744452813	0.418189441519808	0.495276889177883	0.630994559806338
"ERR1624548"	0.0445414653911285	0.101823992471329	0.0259624329116142	0.0610607418944238	0.00771658421857239	0.10025055308918	0.0886359679618763	0.0563641243579424	0.109865407070322	0.0164641670730756
"ERR1624551"	0.0266751543410729	0.0826945324516375	0.0295525696257694	0.0781598747036385	0.0576711164381037	0.0521949447749272	0.0426689295464637	0.0549950424199651	0.137599745311796	0.0142198082314899
"ERR1624557"	0.935414289311228	0.999552258319659	0.0353276802037466	0.998399839996215	0.369240900032939	0.999984616686718	0.999457240459686	0.994851031469482	0.920944329246107	0.999999383585146
"ERR1624558"	0.800701364895823	0.967346713596806	0.902020633359279	0.931391698141855	0.982629204120173	0.985398157735851	0.963322164040737	0.982692622412582	0.907786120494006	0.964306972853109
"ERR1624561"	0.231558121702879	0.389028931410401	0.281524958480309	0.354354590704957	0.522672808928649	0.9370793020425	0.286712260859053	0.428349034697435	0.756098191509892	0.273280702007814
"ERR1624563"	0.18319992953769	0.494327012265019	0.597504371081902	0.0730760947907883	0.296737822900102	0.621805332224181	0.191962306254406	0.488599155590173	0.331813040268587	0.325470039103046
"ERR1624566"	0.805411577776685	0.213509376280156	0.559542107799913	0.536440076696361	0.49472610136997	0.646698364102272	0.559404807509148	0.274443295049559	0.526021349914411	0.57547328364511
"ERR1624568"	0.27212664449554	0.382190330475053	0.507281339659301	0.145942650730309	0.223016812718117	0.236725675429192	0.19355466051576	0.150915393389999	0.433992583885843	0.188824664478505
"ERR1624569"	0.443145370236163	0.410584803282873	0.399041907760586	0.453867141939682	0.797892210834203	0.214328541599367	0.609467626775447	0.265815106491624	0.363977554598553	0.350756473349592
"ERR1624571"	0.9993567530085	0.989442396430824	0.998548250794046	0.996633544055208	0.992593715995802	0.999146168182207	0.992471719658291	0.999578056214236	0.986991317624301	0.997376014978831
"ERR1624572"	0.931601498724164	0.959282970785989	0.981913690797015	0.838256952488266	0.943185926380278	0.981174063953946	0.681259073701568	0.973642946032144	0.977694700238045	0.964364004140668
"ERR1624573"	0.615736470398256	0.992540071254484	0.829265500660967	0.918825353033743	0.952292594800234	0.98702521868315	0.119058168487178	0.957358106600676	0.994207588727011	0.905535664847765
"SRR11856064"	0.970771211833958	0.984186359183295	0.997507611124589	0.993974606481414	0.867391215013928	0.997945474262929	0.972051907942571	0.982905708819084	0.996120105566616	0.986337851294191
"SRR11856046"	0.986424368896116	0.966731121441763	0.936710220545525	0.920128323727428	0.980054269015959	0.881576851453416	0.934973526599785	0.988893810843906	0.979200284796103	0.977546344574994
"SRR11856063"	0.0770239761164501	0.256624937956966	0.311930673201243	0.510972373641475	0.275234840150838	0.142521810602686	0.366951510220301	0.361088065803054	0.368756902738922	0.199185706538539
"SRR11856044"	0.612537328925307	0.649996829222784	0.720857730892339	0.695508371192413	0.712493094603856	0.65865021125644	0.939592423054552	0.84976333443287	0.785401332119097	0.75367371815115
"SRR11856062"	0.0107235021770465	0.0269732335805777	0.0296213128343681	0.0195810173884259	0.0468273331913883	0.0290826972205031	0.0115428120445056	0.0238652737288417	0.0129612936357353	0.0123939327271147
"SRR11856043"	0.692514452722051	0.990061044176376	0.990628839552146	0.992901145712154	0.989223526711522	0.990393724105384	0.967669536214537	0.996215697449572	0.991448352057646	0.987867029075748
"SRR11856061"	0.171993041640798	0.189841671495883	0.0808210061290129	0.0619768350946718	0.10746297521548	0.166313257958081	0.168145675744184	0.514300696995639	0.21820218140885	0.17233771543993
"SRR11856042"	0.919196593374279	0.964614367010178	0.969889206414213	0.937046124375125	0.801242302994084	0.957306921174232	0.923862422131529	0.951154861392858	0.981614782388789	0.956902585595106
"SRR11856060"	0.915643451647318	0.930253556810943	0.917194515683329	0.988561574251882	0.828544651552568	0.739762240148859	0.883078047006728	0.986302910711416	0.96781614621316	0.887076052556978
"SRR11856041"	0.910825765577789	0.943813064899369	0.883121077956021	0.809280375097693	0.861173050034561	0.921424178676754	0.861441878782102	0.94815937451316	0.965744118800672	0.906814833586264
"SRR11856059"	0.505657201370412	0.237254305100801	0.356854880759747	0.129007320184469	0.280476037848796	0.131233413920372	0.204097771330223	0.0809688766307731	0.219169157188706	0.312049500581388
"SRR11856040"	0.986497072670486	0.960894723698699	0.971778098346428	0.952952891771854	0.989277517182339	0.987680547032913	0.89881704120924	0.993180077798195	0.979741589718563	0.955948251574331
"SRR11856058"	0.0356049694081553	0.00958346644667357	0.0433461213959853	0.123122510483649	0.0228492882033148	0.0327614730864943	0.112270934216007	0.0137417707400385	0.0191429180617854	0.0264886937225132
"SRR11856039"	0.941216335867299	0.970755207391545	0.919801512896776	0.954777292450232	0.748639060421559	0.90300292143494	0.81495168215712	0.952635692669649	0.904841568116629	0.917382379675471
"SRR11856057"	0.0988232930554544	0.0497654094645243	0.0659679005750604	0.0501383601935887	0.0592870703022642	0.0595159801819766	0.323128480673773	0.0587093177477992	0.0381667834043575	0.0884251273822712
"SRR11856038"	0.58503925411947	0.652724964934356	0.57884570336098	0.65548124247879	0.68251019575323	0.652455195633935	0.749741203734165	0.780535308885301	0.801130044409718	0.675660057636778
"SRR11856055"	0.0596122506470259	0.0164114616986649	0.0853663349108911	0.0487896505007461	0.00618359971498982	0.0305206796073573	0.0327878762356134	0.00320078177552949	0.0175725777364144	0.0399179809441171
"SRR11856037"	0.573035052866682	0.956411673527055	0.900128002191256	0.973818549056747	0.980866516477007	0.978488356798769	0.953153688098752	0.703813733341867	0.995468592938327	0.957481368094906
"SRR11856054"	0.157670386326543	0.389043271395228	0.392649939069065	0.324365164767574	0.414838753952415	0.520804941881654	0.511859637948248	0.411040509584667	0.519723369793228	0.35906773346408
"SRR11856036"	0.810417436925033	0.518203517849061	0.80581044196965	0.859836316661698	0.485436042813713	0.845244140160741	0.694105126747186	0.897460401172662	0.665204817236952	0.657765363241984
"SRR11856053"	0.932895048595004	0.755927204168909	0.911760967369663	0.869660932179592	0.951630031963801	0.912950867915877	0.939158096343121	0.848909392433651	0.761750194447359	0.930210478291729
"SRR11856035"	0.27598912536677	0.160205869435666	0.628899351795642	0.145126702073227	0.219979758673939	0.17648413665132	0.512091094538131	0.174521938242542	0.5506204288831	0.431001748764774
"SRR11856052"	0.00914968777379523	0.0185589855600038	0.035690307272458	0.0269433038580245	0.022342132302193	0.0311154400127249	0.0370490638529322	0.015688525241637	0.0388746329367164	0.0113284985388903
"SRR11856033"	0.319433034239152	0.0615503918642953	0.193533373999403	0.696296438828124	0.111562177918119	0.169724223129439	0.110646589335911	0.455699382687892	0.236937597282867	0.212793295625273
"SRR11856051"	0.0461186296754773	0.0760538884945064	0.071316732364504	0.0292970496762636	0.0728497665351427	0.0113074306895947	0.0130564180191951	0.0403848148855026	0.0289808250555762	0.0320099130087839
"SRR11856032"	0.647232710987157	0.59444918235616	0.839698219177812	0.586277085929786	0.833907536774613	0.78609754977128	0.706901480684506	0.706388170486453	0.609914835782934	0.603001841049453
"SRR11856050"	0.551151702193278	0.598732238295659	0.430088894344484	0.686454745061594	0.565864600515551	0.491068291241448	0.948579885826087	0.594516653508815	0.850305690985028	0.466840389501005
"SRR11856031"	0.632661746317201	0.507135781075154	0.293979443691231	0.465163846617884	0.207885942114807	0.438612340288304	0.657977107693373	0.906258523863675	0.90996967187045	0.567176072385679
"SRR11856049"	0.0370998049562566	0.0435037545976587	0.0275286522342335	0.231741782985234	0.154656292714698	0.151966870339368	0.0932718437991958	0.0293558224714745	0.0321582616266535	0.560687875824409
"SRR11856030"	0.0142197399240596	0.0316004597197393	0.0114627527316964	0.0130249751811075	0.0165304667649962	0.0178146490885781	0.0139556802358458	0.00472068648014508	0.0442305381828063	0.0411020994360952
"SRR11856048"	0.104431534280708	0.157607404698978	0.441718253767303	0.17685664574848	0.191340577334767	0.110738622315915	0.0555160271064132	0.0741903256325099	0.0611219129081147	0.0363886225236209
"SRR11856029"	0.46884587164187	0.674157139549283	0.900572828260727	0.594766810950012	0.722463230826346	0.580349162485173	0.522686397106685	0.47042464342778	0.324849673238513	0.545975959966826
"SRR11856047"	0.0249042406945802	0.0248478184341208	0.0047060856688794	0.00894192073586481	0.00837193408565975	0.00101714730836862	0.00790348465590685	0.033147134703879	0.00590881028137103	0.0294711037148932
"SRR11856028"	0.784858922089468	0.872716462694697	0.624189140118062	0.700363573191456	0.867929436507966	0.381818349140423	0.638750254242146	0.628330620903835	0.56121110172622	0.676262491721671
"SRR20283928"	0.312933941285039	0.718988234436237	0.227887600409501	0.604259845657273	0.44087115554756	0.459705005364766	0.513369030194047	0.539742139302697	0.474751119803224	0.301699607592606
"SRR20283917"	0.0254194503797232	0.0340406919415523	0.0786451196248973	0.0969084934592772	0.092008582715125	0.177503204493721	0.497384941478012	0.168898810126301	0.0936429977795451	0.13626495998959
"SRR20283896"	0.460709643834314	0.468452879305675	0.510110750654661	0.358878146326298	0.117958508197661	0.328346764018386	0.201715865847869	0.527663338019413	0.135114691525523	0.196660805559361
"SRR20283895"	0.988735658565475	0.975467868231323	0.894489928761293	0.843447041947811	0.867775278288714	0.968375514656173	0.991146031223317	0.75964151675703	0.931254689568657	0.889739196195306
"SRR20283894"	0.296404013051086	0.525584078304731	0.985832869593112	0.849892632897949	0.675336121535772	0.528555734064862	0.825595921099959	0.709384352614785	0.564254456358808	0.761450279570741
"SRR20283893"	0.683709310585752	0.235768806236478	0.416724617734008	0.715199513309216	0.859230732955218	0.105776494567801	0.0293261228177416	0.42032788405243	0.843256463652323	0.854087240152656
"SRR20283936"	0.99932307258723	0.664724996190378	0.976134630258388	0.871146249074623	0.96850458917317	0.964580672310197	0.87924887684963	0.964771719142256	0.95161965882609	0.95145110146054
"SRR20283935"	0.00379111591851929	0.00231488353732929	0.0022103530309189	0.00175387987377589	0.0461371240225892	0.00141323430543894	0.00374900192073401	0.0265156600547505	0.0603426541207248	0.00382207626526432
"SRR20283934"	0.980250415668226	0.841704224446025	0.964277693772247	0.812909592640457	0.999985264189292	0.984587611870344	0.970397544297293	0.999075183818671	0.999990643426729	0.999970042304345
"SRR20283933"	0.940189315707428	0.73435415657556	0.223558985115112	0.0863526876744734	0.0469046287924973	0.095779010675636	0.00674143545830678	0.0726964726425495	0.88692492644843	0.653791168330858
"SRR20283932"	0.769150607971586	0.0798936573940018	0.507428026736575	0.0884377655937027	0.70609533590927	0.18001832901515	0.663859040705621	0.563040493863191	0.758118558073147	0.0309867390430506
"SRR20283931"	0.409445124381622	0.543770481735944	0.355647492278287	0.738241302669058	0.603189994534079	0.878513151571432	0.881009513472467	0.251990750991396	0.592839853111733	0.437929859483069
"SRR20283930"	0.573578972337846	0.857630425664107	0.413380639258746	0.485056139323268	0.892273539426952	0.882779393943137	0.69276559891688	0.918564451289838	0.764254271207714	0.361684672864027
"SRR20283929"	0.453535055159634	0.425766267512679	0.694355440900932	0.753392541085886	0.773433860387483	0.297663115899918	0.538874356174013	0.48394700057974	0.716123598260297	0.237764495936109
"SRR20283923"	0.134335266622424	0.0910827744931729	0.141161477542068	0.409409216861114	0.155767416808233	0.173250194636449	0.0991076504027787	0.213732187075967	0.351983476247494	0.594125377341935
"SRR20283922"	0.275172855946144	0.237002956042776	0.00299669685412978	0.0100688371466592	0.423178860134279	0.000200852506196825	0.0203478008319062	0.0743361856395472	0.00310307244093648	0.00200428360127986
"SRR20283921"	0.0327005061715088	0.0725840844497423	0.0100934840521655	0.0436911289610311	0.131720117885939	0.147532257867074	0.13828866189585	0.00256183230846854	0.0379155179064746	0.468587449922091
"SRR20283920"	0.818395151454661	0.832571649762689	0.609082951783645	0.976874746056491	0.858392285394377	0.427268325374003	0.979445591892167	0.207181919017337	0.770822420071917	0.740006057683498
"SRR20283916"	0.0783035090569265	0.203157637314599	0.0897178170263077	0.131211122017389	0.360611738228568	0.110649917435059	0.0612853377180691	0.0481929267109183	0.528773560974013	0.105008560001116
"SRR20283915"	0.788464959498775	0.794913883367572	0.807689628426587	0.859866620258592	0.500389380762866	0.83935679123096	0.760192050223374	0.950403164362514	0.964500778115518	0.92199529914176
"SRR20283912"	0.409995696094034	0.288744030804851	0.305239119722609	0.235026840255544	0.337035490454212	0.16364402216919	0.499779609929482	0.23171422345236	0.417385747952625	0.664234084197832
"SRR20283911"	0.787629152480045	0.599394666365039	0.969163460729022	0.776347316040998	0.707437516307224	0.91786146106327	0.903126101514125	0.759383315616669	0.738824647586336	0.723289533303884
"SRR20283905"	0.548008439000169	0.0810973843482685	0.015192889604955	0.191635795330988	0.149318687771578	0.0585516384026033	0.0307107390937406	0.0398996081208936	0.0373605341158476	0.33852548132355
"SRR20283904"	0.946275405198558	0.919701971088543	0.172166872754562	0.0263520103896609	0.0670073255739556	0.219573033733447	0.670783410929132	0.246850042635065	0.556752059739576	0.247675734844709
"SRR20283903"	0.894245510931073	0.880914445629608	0.617761779644812	0.627309798336099	0.834758455152002	0.876471987170308	0.640277599018883	0.816945572141064	0.783664086586583	0.872112865290651
"SRR20283902"	0.0419074467395162	0.0796638393360319	0.187277373757157	0.0664522163372303	0.176472024053965	0.0736563337423083	0.881415116300451	0.223962577430088	0.286257800854684	0.0913858327615667
"SRR20283901"	0.074665596300662	0.0189709096404497	0.0519863530046241	0.0584979801134924	0.0817540415046725	0.105825020777632	0.161049066739309	0.0440126484573446	0.0382376535837289	0.0681657042952007
"SRR20283900"	0.0922735334143053	0.0816264098646702	0.0763774336622572	0.0246170448518389	0.00328578216105891	0.038266007837589	0.015966467483277	0.207834597351152	0.135367501419242	0.107309435415138
