"CV_rep1"	"CV_rep2"	"CV_rep3"	"CV_rep4"	"CV_rep5"	"CV_rep6"	"CV_rep7"	"CV_rep8"	"CV_rep9"	"CV_rep10"
"SRR11856064"	0.586419461039752	0.749886668833505	0.842327241965615	0.803747494626388	0.827178137989882	0.877601007503467	0.844917528223317	0.869135457364531	0.846622843403723	0.772455749483294
"SRR11856046"	0.891848245348733	0.87668547097025	0.848851233801234	0.888588541583373	0.858330346033539	0.989000467957295	0.843419282403755	0.986340795844394	0.852983749144298	0.863516890176792
"SRR11856063"	0.208520396419192	0.203614461301493	0.272517375760469	0.317359838403152	0.23382851861379	0.304677304761602	0.221496425764108	0.23250752488763	0.285379683760397	0.245101468395619
"SRR11856044"	0.627795112425428	0.647797705221876	0.624698651214928	0.631922192741458	0.54471812149893	0.594210326019296	0.572771777525057	0.616574853289091	0.619601685232759	0.701270354009011
"SRR11856062"	0.0989994658857666	0.11164032034742	0.0803424659920318	0.177707890522591	0.0878273864070263	0.101721372645025	0.113303741424043	0.133220999329823	0.0942346289691918	0.0446661238615928
"SRR11856043"	0.905168901218788	0.861815959438212	0.900644669109788	0.927462234702336	0.911828200983523	0.95800521440869	0.934860129726647	0.920289276336327	0.924531789228331	0.960826333937113
"SRR11856061"	0.265191238175349	0.299988645825963	0.338740662620236	0.522547449294941	0.452263604916892	0.513128045295941	0.467973628627958	0.469017515237937	0.295440432387731	0.326199731794265
"SRR11856042"	0.436361364099523	0.490168011338731	0.449565588691657	0.448254348646764	0.509756532523079	0.472101856708945	0.589781138307919	0.479733159851472	0.367984872210426	0.440945849763515
"SRR11856060"	0.758188240210768	0.441312111181401	0.665549530513487	0.512286393914112	0.499847111759175	0.418754220774439	0.565233621680182	0.372754082793927	0.391286375130629	0.42620209037991
"SRR11856041"	0.700657799705789	0.616484792354655	0.636217678756172	0.665319487143149	0.405350080883261	0.652297336161164	0.607330316285537	0.660776124502883	0.481546225128826	0.785990863503115
"SRR11856059"	0.471200287164435	0.28948110942983	0.44039278492891	0.419607028165991	0.486787939753214	0.409368938742081	0.400306429464874	0.492342084120281	0.363982564683851	0.455601934486631
"SRR11856040"	0.907439917076887	0.890742594078215	0.882033479983468	0.900553378291253	0.88838930246774	0.900140531988687	0.941111274789985	0.933119354955345	0.896307945535218	0.914117834996064
"SRR11856058"	0.196676766583849	0.20778184459827	0.212608102103805	0.306608840922918	0.238801245752212	0.198382685212948	0.177261714005354	0.302135330423626	0.17960371846112	0.278819387494265
"SRR11856039"	0.723825424747022	0.721766649215818	0.591215230882505	0.799303838306746	0.75664912544437	0.813179393896276	0.80568124237315	0.767305787528857	0.7147617256554	0.754300311586505
"SRR11856057"	0.320100845828875	0.374454551352988	0.224893288236762	0.171080194377529	0.34318336493489	0.374085977252571	0.346405931519111	0.233036483254039	0.449636515038417	0.313031573068544
"SRR11856038"	0.475536587440189	0.556759705491451	0.624516844265329	0.689539522161785	0.690728573493168	0.733627068368642	0.384493894176335	0.655186579409949	0.648809266079663	0.811560564254215
"SRR11856055"	0.360795554709147	0.288793174380172	0.249823697554068	0.326431790240802	0.230630519636533	0.124226284926079	0.267587411343509	0.325974200085163	0.281704881428333	0.248409154492608
"SRR11856037"	0.263514557156535	0.272256734380248	0.237279846936567	0.252181300588899	0.20685546679943	0.1834506618747	0.379972037641099	0.281962423603536	0.248984765249433	0.209941533367424
"SRR11856054"	0.320862871290992	0.541892151908371	0.499129412500352	0.232950148754441	0.535380128136502	0.372477235333474	0.327708248330448	0.464902209236925	0.482560397986148	0.737144281279052
"SRR11856036"	0.432163768537185	0.306165902033223	0.348776126190203	0.561079112373326	0.454530933577807	0.85721452503403	0.452053348749675	0.552924005252334	0.395563877600055	0.536954951272315
"SRR11856053"	0.50174363724166	0.625010629927638	0.549399631863725	0.573595456338243	0.666828397596944	0.6393384339952	0.612123104641744	0.684150192663649	0.585533061113465	0.674202156141308
"SRR11856035"	0.90530644876981	0.908583101241525	0.881856002531334	0.875603029634776	0.850906480395951	0.903370957979134	0.844009063808238	0.891188443573655	0.788792462288011	0.857670337414344
"SRR11856052"	0.20243436218427	0.294677154363212	0.204367281522668	0.179097730627305	0.19537479139976	0.19163407565569	0.240969485615928	0.171683138969216	0.171331562612874	0.186521433785392
"SRR11856033"	0.584955371764455	0.51608230978408	0.518460624271593	0.636280305464029	0.589801352139578	0.539547466359802	0.57075395452016	0.637534581886107	0.679719183054397	0.533049889825296
"SRR11856051"	0.498587468340998	0.30670014134505	0.181246623195739	0.164745737087318	0.171237475115935	0.347805030017367	0.763435463858556	0.239070950263434	0.29869774120653	0.142422491229019
"SRR11856032"	0.463785142394782	0.442262985254903	0.35364525820994	0.425396897817644	0.416466643994155	0.613566767045885	0.49681904466897	0.508276214370573	0.461398037097161	0.418441526370263
"SRR11856050"	0.441402514292946	0.51473095928104	0.433137277759224	0.481746559310184	0.385942757058788	0.392917164523299	0.460309021682501	0.353736997481003	0.528419717652083	0.54651085883447
"SRR11856031"	0.780427749778806	0.760965162440304	0.849611525493972	0.765543204462218	0.781797373405361	0.863052350653474	0.49599580394492	0.789528146500196	0.773099221814237	0.850844036092281
"SRR11856049"	0.74818509187993	0.832417601559996	0.787460478857094	0.803570949994121	0.715364010848203	0.837124731024353	0.786768447769001	0.800702301793181	0.688036563703413	0.817135253872283
"SRR11856030"	0.47519871515146	0.310616335746327	0.403603719210563	0.427529673461766	0.297544316869862	0.594649206118561	0.471573242643362	0.551388265159733	0.369568498941713	0.34650814577631
"SRR11856048"	0.512204044947785	0.315022729009469	0.333761018286619	0.125475139170378	0.372013976500064	0.161476842840196	0.218836667908704	0.109336124257213	0.372140471382452	0.327071807366424
"SRR11856029"	0.365246611762054	0.25917644306935	0.38027680927319	0.219316872015991	0.386388711107492	0.333074695135933	0.364102264455461	0.310705369948372	0.374732344097293	0.27524144851849
"SRR11856047"	0.500925250504059	0.339173415170344	0.377514414066245	0.143010682125783	0.338160504176935	0.213885527888086	0.80251005500922	0.245012349947959	0.29492559160003	0.352685075746099
"SRR11856028"	0.71846641694441	0.692377628233301	0.633409237717456	0.579451496008756	0.641591558544856	0.593896252996436	0.668292498307154	0.671600086604826	0.83676564523155	0.702506684502352
