"CV_rep1"	"CV_rep2"	"CV_rep3"	"CV_rep4"	"CV_rep5"	"CV_rep6"	"CV_rep7"	"CV_rep8"	"CV_rep9"	"CV_rep10"
"SAMPLE-1"	0.980136719357869	0.966928196668792	0.982968534231588	0.980819501524779	0.997845119903768	0.992973425559031	0.94082517308376	0.995439710776189	0.993610832674766	0.983567928895943
"SAMPLE-2"	0.00885793411922216	0.0156928581502899	0.134862205792416	0.03535593386924	0.147149612658702	0.0148804227989482	0.0771763491216083	0.167212378404007	0.113877661173777	0.130846061307785
"SAMPLE-3"	0.994985485216677	0.948689756246677	0.987849344200614	0.996399707343835	0.994719737673331	0.993774871114484	0.99174715234263	0.871259725061206	0.990858693057856	0.897606065061643
"SAMPLE-4"	0.99352992968859	0.991528186252085	0.978474733660175	0.990311526926059	0.884148568745558	0.989539533163646	0.714976942713841	0.901729010524084	0.958677216345549	0.947310386425407
"SAMPLE-5"	0.253920942183304	0.343896557283601	0.765294553981429	0.366106254327509	0.159280695048712	0.284139615311304	0.223023942867349	0.509770259407439	0.417124992719481	0.0182370419268654
"SAMPLE-6"	0.323763555658502	0.907718455490867	0.950666654548654	0.947200575536571	0.434860548827454	0.972662951699726	0.0613974744850873	0.848228141485725	0.407394297154874	0.99316839025346
"SAMPLE-7"	0.96426616802792	0.902851752330516	0.966129887046362	0.961137220368634	0.987382991506314	0.978264114430006	0.957190899192351	0.967024188877065	0.973264845359144	0.975841839583013
"SAMPLE-8"	0.112876670936281	0.172204235142607	0.274357075166696	0.0960474385306607	0.57260938011693	0.299944594493787	0.292854847369595	0.0977082106203736	0.237010423124588	0.301267744433035
"SAMPLE-9"	0.525150585855027	0.848485889497492	0.928418475084242	0.78741103170757	0.829792212688814	0.62870498980699	0.957964234444065	0.695605125519843	0.839249901391328	0.947624125895933
"SAMPLE-10"	0.997372534785205	0.999102772494056	0.994805491320608	0.980430202335875	0.997343297033946	0.999117993765055	0.917397911893545	0.999550172069231	0.999173766346858	0.992891771932053
"SAMPLE-11"	0.997839482067315	0.999581398530354	0.991542628795105	0.997334056747493	0.992708816046016	0.99794557655435	0.995644956279799	0.998799631208797	0.998681113994169	0.993068851435527
"SAMPLE-12"	0.0065144480035187	0.00590943257194658	0.00512828402450673	0.0191082279861228	0.0226045715077865	0.00489897213924732	0.00183763706764662	0.00343018383377114	0.00893934732263939	0.00294018098319208
"SAMPLE-13"	0.817672299064806	0.793104074408588	0.834619212992591	0.999706981213605	0.99838998573107	0.908397936691859	0.698548047954377	0.856925896861663	0.752729741834425	0.922293887607347
"SAMPLE-14"	0.00372993779403791	0.0103652418554074	0.000990243528364168	0.0139382017742601	0.00183654383590502	0.00532358074527527	0.00526809755319124	0.00836185622631204	0.00674242388143505	0.000810630577843016
"SAMPLE-15"	0.0129833331034348	0.0022080617312748	0.0640668756956791	0.109418727310383	0.414294165577956	0.0366657226330005	0.769890305591304	0.00941950152314261	0.136894508345538	0.116048922505516
"SAMPLE-16"	0.999993551257037	0.999989133396673	0.999987004939082	0.999999254117888	0.999906688409674	0.999997855995195	0.999999440754039	0.999999037759499	0.999999825664787	0.999998306024819
"SAMPLE-17"	0.972380076401894	0.993217143708886	0.998861627366732	0.999926544672274	0.996520527626629	0.990253052162196	0.993445082590879	0.984304436533106	0.987307336721793	0.995860802309629
"SAMPLE-18"	0.160612478735468	0.0738493590238491	0.0739155233828075	0.0215660703292585	0.136452290379424	0.0160329167650558	0.0694584558472203	0.0224102507579256	0.00977277894484396	0.0272941242475059
"SAMPLE-19"	0.99867490270844	0.998274573869005	0.995635254414967	0.993778830871502	0.997075139349586	0.992260183225145	0.99841836383735	0.994985456135346	0.998101880550599	0.996781172531044
"SAMPLE-20"	0.938629765275111	0.66548400796987	0.530721656799601	0.425266830166875	0.437205991186757	0.478088608347896	0.358042835839823	0.226125966771389	0.395880051357862	0.640094711613639
"SAMPLE-21"	0.0183788173237511	0.0710209367892375	0.0537797657628336	0.164977923423236	0.147020880611343	0.0248477304883941	0.0321113456500477	0.0407147196776636	0.0388593698873031	0.0356842930450568
"SAMPLE-22"	0.991480623380989	0.978357322193967	0.99763248261832	0.989973584241278	0.978682674056603	0.932803717753473	0.965045766913258	0.98865259719163	0.994032971189862	0.921194372042378
"SAMPLE-23"	0.0863587590540364	0.649417770604742	0.0829815902592377	0.01891628754848	0.135164485239865	0.0304008470302171	0.0661471716356346	0.224024275427906	0.123137897237929	0.365589473970914
"SAMPLE-24"	0.0335879328931122	0.00447068024106969	0.0135214660504963	0.00964301750394152	0.00842269767550888	0.00737351318401526	0.0636632057793236	0.00821582782400898	0.00134060600927092	0.00608124518832642
"SAMPLE-25"	0.0154529521687677	0.113887462213786	0.0674788856638092	0.00506917363920578	0.0613566652761969	0.0134930249856951	0.0314927611833958	0.0162768232149491	0.17065208268509	0.0164577550798904
"SAMPLE-26"	0.983336270150231	0.992809232842789	0.98454663981565	0.991300178925505	0.986342457106263	0.944718665834788	0.982129637315652	0.982466585072257	0.981175019416815	0.986770583487503
"SAMPLE-27"	0.984488751532887	0.837632493124009	0.967222274649378	0.93904759356155	0.902574741587402	0.59721812699896	0.996200719188658	0.630636196396374	0.766833452818792	0.642419548513903
"SAMPLE-28"	0.816311448292794	0.913954292392895	0.93269747566522	0.683483767026319	0.89977928826421	0.954673003265571	0.667070055727255	0.947694943228761	0.943852806216931	0.887864309283615
"SAMPLE-29"	0.84673050327494	0.994888706698846	0.542183346181029	0.835826245797281	0.590484111333312	0.730501408154185	0.542140418805488	0.854823859121583	0.343094798490358	0.875047754528285
"SAMPLE-30"	0.0638105406410267	0.807918767013767	0.278723098664334	0.176709143311746	0.652714587968565	0.473172722711445	0.0549423317311246	0.398091517616351	0.681468079465537	0.163536769461505
"SAMPLE-31"	0.234653181726304	0.0879137437839349	0.636685249905484	0.0705320131928147	0.262496402489297	0.510773396195369	0.0276538634502053	0.0133471999338534	0.193523594953212	0.168526066625985
"SAMPLE-32"	0.993835212224925	0.986698231981706	0.998093762573869	0.982294118078764	0.987940320263293	0.858303034544378	0.959896099267322	0.981558859461274	0.981735272733616	0.988290995864543
"SAMPLE-33"	0.00814871874643988	0.0293156613486057	0.00924077993213256	0.00496046209926325	0.0315292777269918	0.0141398070174594	0.0394588451590544	0.012799070267911	0.00890717463550753	0.0145054235325387
"SAMPLE-34"	0.0141929547182776	0.0447296290537817	0.00287101628055332	0.0162696850060778	0.0316487618974861	0.0192810830353097	0.0965397708478107	0.0172473947834093	0.0129914029342519	0.00275625374994789
"SAMPLE-35"	0.999545296154139	0.999818284813552	0.997599330354369	0.999894999723054	0.999902435192445	0.999353659122615	0.999984095699913	0.999899044881544	0.999517641887232	0.99987852565046
"SAMPLE-36"	0.078303267460847	0.0411165618197021	0.0267917905521763	0.0196275553712654	0.0202687786130089	0.0132340900902469	0.0450362213843768	0.0873863685989611	0.0371433657129816	0.0713148588366969
"SAMPLE-37"	0.0219179301224806	0.00917545660993799	0.080883443984759	0.00357014282330746	0.00967845088933026	0.0564516831225648	0.000982369225873578	0.00786222270169024	0.0236576442713673	0.0390948461185482
"SAMPLE-38"	0.910963409244246	0.901264311489406	0.88064477981159	0.861118175685093	0.374797420122044	0.634302819494382	0.97562031504986	0.283667901797929	0.75089675293114	0.852579745543124
"SAMPLE-39"	0.924190528005442	0.946893073379398	0.992892959661148	0.997956767223352	0.990373866407832	0.973430985135334	0.976528358131818	0.988088969330454	0.986955871377424	0.97527213331638
"SAMPLE-40"	0.00929040770633754	0.0118131011116041	0.0192672260600608	0.0065217521439149	0.0347364912014253	0.0434444067730856	0.0152466161830507	0.0190233471968157	0.0148085067712027	0.0128101725977554
"SAMPLE-41"	0.0114358886890376	0.0104655011356071	0.00678148222465756	0.0664597310585327	0.015475615822142	0.0133735685921212	0.512927920831606	0.00233741342334709	0.0180057936486514	0.0860535221717034
"SAMPLE-42"	0.231027726216112	0.233207954270591	0.242863687885395	0.356207814074919	0.869497555306912	0.271239973710028	0.834213606647081	0.920587471921675	0.683584117280735	0.473058577788494
"SAMPLE-43"	0.0387741979378196	0.199132081074246	0.0746201770967304	0.202801476949441	0.0711607818561387	0.0206313924325017	0.0353951056569003	0.0318320841757359	0.103502379743154	0.0778032807122027
"SAMPLE-44"	0.997244415570696	0.999777348328429	0.99461874376571	0.999517679875197	0.978358319194531	0.966429860574912	0.990634682529838	0.999107338004418	0.991393120923439	0.988930339672135
"SAMPLE-45"	0.179225774487613	0.13423804699168	0.465283843850272	0.0888377215057037	0.161482589340741	0.0884252953518478	0.150515342951312	0.16741690812141	0.171341424354984	0.138546044029552
"SAMPLE-46"	0.0907874776703693	0.0493138209238511	0.0446665383175893	0.119263665023219	0.165356390228756	0.291140025829663	0.0843786887959292	0.15190216858577	0.137117875178567	0.112052372360123
"SAMPLE-47"	0.0209513222684889	0.254511017495205	0.0128160164411426	0.00678501505743758	0.151869021486377	0.181595856090571	0.00653640352954407	0.418400778756503	0.0535775433531385	0.109832842094872
"SAMPLE-48"	0.874790432017729	0.924648136031955	0.471782127676447	0.84251970551184	0.687622394477101	0.486839787883044	0.839926467621366	0.841882418348424	0.423734530663214	0.926665932230929
"SAMPLE-49"	0.0169463517624776	0.0129049633403637	0.00483567816138927	0.00176604495495842	0.00450007534512694	0.00527107572464917	0.0728607640225395	0.00334233808766183	0.0221158337451294	0.00618262453792488
"SAMPLE-50"	0.841443736131484	0.917090292023435	0.922069619264779	0.964265994546482	0.71296131709662	0.845437486763625	0.891123403558093	0.691993147494993	0.87651022238389	0.928438257525624
"SAMPLE-51"	0.999081236747877	0.996382899265154	0.999072531445244	0.998177566121764	0.998469548424932	0.993917828591091	0.992146559873322	0.974610337475269	0.993783748683976	0.999586519624471
"SAMPLE-52"	0.040495624175494	0.0245085074435874	0.019754929010696	0.0377527850056081	0.0292321356093383	0.106379854943067	0.028262381089486	0.0193449692521464	0.117012890698843	0.0409912606206672
"SAMPLE-53"	0.95902760121785	0.923441528049226	0.976749043211842	0.780214222718135	0.674989261171371	0.977973894108242	0.847762919125729	0.970309433041865	0.769438573323161	0.897117314512905
"SAMPLE-54"	0.0885348318098551	0.236682281167652	0.182709793543571	0.0584777920137962	0.0129985347155162	0.0691925685281258	0.271220300517711	0.0335043884880978	0.273437626910302	0.127088025956699
"SAMPLE-55"	0.000507286202765634	0.000134527407545457	0.000743570531058062	0.00181505638008925	0.000323423805569925	0.00244134366829751	0.000642603145855289	0.027663193966573	0.000261155324047421	0.000757486999599327
"SAMPLE-56"	0.999964651537725	0.999991645498951	0.999913365375911	0.999976284776295	0.999945222170823	0.999988869381095	0.999921091746961	0.99999704390119	0.99997653823382	0.999902522111638
"SAMPLE-57"	0.298712159236541	0.199791871838044	0.0829202202175964	0.333001546104393	0.383884396797656	0.713633981313461	0.605415481630815	0.030213035298506	0.499484376679933	0.15225758571184
"SAMPLE-58"	0.998679667721135	0.998521476598254	0.999463366669262	0.998823675867649	0.997100113286952	0.998591705081174	0.997006463234023	0.998765862019748	0.998783006639466	0.995716661183993
"SAMPLE-59"	0.00197035005973771	0.00312579149818559	0.00407727588483167	0.00785024192542603	0.00199938604787856	0.00334490036875479	0.00318309298207144	0.0108459565345137	0.00194187085512988	0.000709055634187266
"SAMPLE-60"	0.00152060584669485	0.000432628886371281	0.00931135751118795	0.00469679267970978	0.00351907840093639	0.000960592312712471	0.00560093115831703	0.00237202068716111	0.00272248647901413	0.000781661915624514
"SAMPLE-61"	0.905134743865485	0.606448929016458	0.69399488802327	0.404394957749317	0.254900729771863	0.726143821606027	0.581155657959231	0.936640456727565	0.902886805578577	0.402482946307614
"SRR5865065"	0.99948783414411	0.998607527591858	0.995751298795033	0.999755037446733	0.998832713921182	0.997113044062112	0.999806401754967	0.999710920867199	0.998561243377785	0.999346379352289
"SRR5865066"	0.760660233536035	0.822329103142812	0.519443887215715	0.508637722617712	0.838710291572117	0.305192075523923	0.590135711039022	0.733427114610214	0.927979719887883	0.360943818062142
"SRR5865067"	0.0994598610315888	0.0167413581515985	0.0152672595799434	0.0877687848696258	0.147293573596604	0.0408708860983181	0.1199854125704	0.0551858457380241	0.00964897280510016	0.0415187504152608
"SRR5865068"	0.985275077278131	0.991046282759426	0.998757843009212	0.978710868184291	0.999325246065571	0.986812911211364	0.996923230263503	0.994350768457719	0.997864261603391	0.933555806480533
"SRR5865069"	0.855734706289592	0.245754011584324	0.768189273410864	0.779720815833465	0.568573623470814	0.915412433553476	0.830202816884535	0.61765015316414	0.627660160114613	0.821931659335861
"SRR5865070"	0.0687579199051922	0.00399121594057008	0.0408272215516146	0.00792069396589471	0.0539674011609708	0.00880798147783296	0.0113146744859788	0.036025089985981	0.0232304302001197	0.00729543550246644
"SRR5865071"	0.962729792396996	0.675487191394498	0.993519986538213	0.85695452746298	0.682637597153105	0.774134423350258	0.216155458908309	0.839685812935587	0.655593886336144	0.445325024976931
"SRR5865072"	0.218018250090108	0.206139328477211	0.182412482915834	0.144528951543607	0.505465647297	0.142500972372577	0.456470191800466	0.258289449039209	0.128707168601091	0.112014737296824
"SRR5865073"	0.284130988169616	0.346618697491242	0.298192499522389	0.625682137974843	0.275388359094827	0.68431531037118	0.359458625532383	0.662906291986748	0.249943283328849	0.190157317897928
"SRR5865074"	0.942044249282531	0.959212033152304	0.89535113438008	0.980187205274751	0.910694085591324	0.922250897040368	0.686059993165992	0.952047212309633	0.986343007252551	0.940306059391351
"SRR5865075"	0.916855829460002	0.654552455402754	0.957977233710247	0.971234583744822	0.930195384316074	0.524311809909342	0.740262346277347	0.6832509010815	0.967487228947612	0.962363356715306
"SRR5865077"	0.205075852537652	0.180277674497444	0.126685566578447	0.285526977394416	0.189758966558556	0.862322731161768	0.13922971176014	0.288861272303614	0.180993864276046	0.239748735789898
"SRR5865085"	0.702011528971273	0.900947292374462	0.864250812537389	0.771657966641597	0.895715311286438	0.938621776970919	0.857244476660712	0.938461770461264	0.865840418564113	0.887345105300077
"SRR5865086"	0.897067171018283	0.874917749805463	0.94944843649368	0.838217072155829	0.976694091580973	0.868670134619786	0.981391559383188	0.838018341342137	0.886964170773354	0.951548092744353
"SRR5865087"	0.266423052893791	0.695889501968402	0.387447005964639	0.769543975555307	0.685114568313682	0.385576863171249	0.512569988927929	0.746781155385299	0.20740459229858	0.838919080764743
"SRR5865096"	0.998045437659121	0.999134636384765	0.999707760215374	0.999582657696212	0.999558112999708	0.998794396764746	0.994662718538971	0.998620329897245	0.999217776852591	0.999425216596886
"SRR5865097"	0.95114169868479	0.889401751808977	0.880779334448623	0.864170965798666	0.948855101004748	0.894940504895565	0.982403320713082	0.911031571335556	0.969904049767972	0.907440161711481
"SRR5865098"	0.989891413994611	0.933498730400139	0.97935708355816	0.987140855566406	0.995467487395759	0.984817238648767	0.938118759221673	0.974444254536258	0.971047998910729	0.984397873012767
"SRR5865110"	0.225785914492052	0.0472915730185688	0.0512204894405373	0.0490993421948141	0.0823637144389028	0.0244919735596682	0.0347782796484931	0.030948188352169	0.0483112269888371	0.0285062574878394
"SRR5865111"	0.252859298963324	0.174943582285631	0.275790027689393	0.286554546226072	0.288448780553491	0.156004770480691	0.366089671124139	0.21572741763936	0.174005073405712	0.35286424555088
"SRR5865112"	0.996942326875463	0.998704828850349	0.998829615984855	0.999818677199215	0.996155687816384	0.997719633469907	0.999363625845975	0.99992524235992	0.999502072163907	0.99696399113844
"SRR5865114"	0.0194441432357297	0.000805005374944396	0.00149029738910201	0.0204708069622925	0.000818745472499146	0.00912423750788345	0.000814117870441161	0.00509605189987268	0.00662044585293152	0.0131499931335516
"SRR5865115"	0.995914502360481	0.945409702799695	0.904958300265495	0.99547917709406	0.918714698836545	0.967801787987302	0.985568296905089	0.886197040221761	0.976244277004893	0.974983322955326
"SRR5865116"	0.999841293232553	0.999982635716008	0.999987366961692	0.99982339607785	0.999948678411175	0.999901898242977	0.999906180006662	0.999857377626787	0.999887319643697	0.996470725976848
"SRR5865120"	0.00567476760440882	0.179871410505177	0.0703524925197155	0.266191095858938	0.187288356399491	0.113532837519677	0.0515406344620669	0.324948003860124	0.164491951676264	0.0463353108182341
"SRR5865121"	0.031110148516412	0.00861914633964324	0.0236683476421315	0.118387945407312	0.0475597350904018	0.00983523976146766	0.0276360087034533	0.0520741641402641	0.0360198620232458	0.0443228596428036
"SRR5865122"	0.9166807798671	0.704105830953092	0.786807048527861	0.786299835350931	0.970154366821797	0.86163169501962	0.62109783779754	0.809400959834487	0.906676034827174	0.909637308496489
"SRR5865123"	0.851901886154965	0.679529838247768	0.686923015188561	0.282464328732954	0.805064927775995	0.544802785905904	0.350718518199808	0.492963824477243	0.551278888639933	0.652325387594466
"SRR5865124"	0.0310392404938975	0.076927904031874	0.16455745280303	0.163121217208567	0.093360344219059	0.0588689222071597	0.0783575302302911	0.111910126036024	0.189540483191297	0.238636000845218
"SRR5865125"	0.894050280624692	0.903488170625681	0.956116613498471	0.787821532084345	0.931734440261717	0.988902557452341	0.987437943815223	0.997256452604567	0.817754555471844	0.869016263499998
"SRR5865126"	0.998653453006664	0.998846124494474	0.998176265431458	0.991091759402871	0.986651803873062	0.99373322373218	0.999760104349411	0.999807668239335	0.999042016333676	0.91983442889358
"SRR5865127"	0.050906115308941	0.117879380577238	0.0127179292575242	0.0768539355186719	0.0847870798935799	0.948691247723307	0.0194694871008197	0.373897137225983	0.33887594924533	0.212488855893681
"SRR5865128"	0.0207050271673929	0.0246348490709371	0.00492467747709801	0.07766631184732	0.00508679933004432	0.0247335869815489	0.0108408310355669	0.0123524687157925	0.0610190523496185	0.00382454780930761
"SRR5865129"	0.0183430008685361	0.00521862717856165	0.0350199168135596	0.00337898736244663	0.00934039745728382	0.0286282639776748	0.00817665944078902	0.0146164760112664	0.0177574743410933	0.0229626755080184
"SRR5865130"	0.164332492465239	0.223214140782514	0.15028160186955	0.0815777693680175	0.389023048099739	0.833945351681075	0.344812384227792	0.320440736465084	0.117741022812808	0.281847038730665
"SRR5865078"	0.896412440857587	0.895642675002523	0.964117924582761	0.964745431170186	0.963878486966872	0.955212695206676	0.934612043679471	0.993294439791393	0.937716954134505	0.959246813592115
"SRR5865079"	0.905293145213844	0.875007283456145	0.924261279818711	0.895312148696433	0.838049414981003	0.815225122172301	0.933140478065778	0.954771025625502	0.855740690682333	0.944536895455152
"SRR5865080"	0.903549043288677	0.540065484652535	0.826575954405668	0.84269650505848	0.598695093442109	0.990124898965471	0.881292729991594	0.0974175142193941	0.532104167151909	0.786984273483561
"SRR5865081"	0.000176557007865663	0.00489371948004573	0.00455460287495566	0.00360355315209527	0.00426014085702799	0.0153137057606386	0.00441457237880235	0.00249424512270569	0.0065308763605689	0.000134849621553104
"SRR5865082"	0.9991572477922	0.999321500397485	0.990938675259552	0.999885592148791	0.999066261971399	0.999815065673425	0.999148553755726	0.999950539094692	0.998941501937019	0.999795044285599
"SRR5865083"	0.994876859410517	0.979365387649374	0.982522039357553	0.988285855441582	0.987145997196776	0.997703051363572	0.968465670020306	0.957941139134617	0.988786203481259	0.97531280670287
"SRR5865084"	0.679023796209125	0.219238274055192	0.2924891967232	0.486025595090666	0.336230329895879	0.86153598311927	0.709754342078765	0.796247302641871	0.839407551843616	0.666468886093587
"SRR5865088"	0.706477744431078	0.382647185996606	0.849884416211136	0.5517411574409	0.376289223974431	0.996799865188647	0.760495973125976	0.640685373364054	0.539596403181471	0.278430592832242
"SRR5865090"	0.937420813362593	0.962845740641226	0.980544464395283	0.994606341594315	0.982719487865088	0.989130499890567	0.969665462140479	0.980697377570606	0.974232633769299	0.89304029795844
"SRR5865091"	0.860835494746417	0.807273110037447	0.895359222231427	0.883525025614569	0.886000812715085	0.807248653919997	0.819712706108388	0.883532423789585	0.81786685948894	0.956334435697289
"SRR5865092"	0.997968617126387	0.997836319731637	0.994439267238057	0.999435643838711	0.998498671710945	0.997037054566178	0.995841624003738	0.996778489495075	0.996720491663198	0.996591888649148
"SRR5865093"	0.933550268580968	0.804145125656063	0.992780246884691	0.981134758311964	0.937493185743741	0.950025849488653	0.995802491581772	0.994737141591513	0.92555716128081	0.98159853206617
"SRR5865094"	0.93153621219677	0.932815358959077	0.977381892771738	0.960250832019158	0.98116503475766	0.977872939116273	0.973166194048187	0.973307014787468	0.954243147495014	0.987482801948063
"SRR5865095"	0.943793617114851	0.920254323710911	0.762477390187027	0.697311030887609	0.92896308580729	0.948443386936148	0.884425811043121	0.745561749478578	0.915761285207543	0.908798412816249
"SRR5865099"	0.964850492245618	0.983738737431249	0.997459324934973	0.991008102256362	0.990959923460437	0.986019861267363	0.959812773292806	0.992648401877167	0.996317505512181	0.951232106838989
"SRR5865100"	0.470704622067375	0.237778106223663	0.205150140628333	0.246855901648252	0.362858673873129	0.81797564644593	0.446493921449548	0.982776263083773	0.306344646504753	0.297347892029749
"SRR5865101"	0.936388703053211	0.965190938068122	0.976046350890883	0.93348376628859	0.972703931958205	0.897709831683802	0.957730796071439	0.808528008125381	0.865024058510124	0.720776358614679
"SRR5865102"	0.1473811051985	0.1228866264729	0.141103410727717	0.0910445594294107	0.167577632479032	0.193449536995683	0.198907572254366	0.0872112490146867	0.138216780327635	0.0519683352323531
"SRR5865103"	0.980834619977944	0.909880065885657	0.905188775537468	0.283787002976379	0.959344523808932	0.964788592041758	0.85384065161208	0.928468118154182	0.98925465222173	0.347777467571507
"SRR5865104"	0.982844239374513	0.986400529565884	0.987420253147939	0.982665798977315	0.975513990459409	0.98218127687236	0.989208930717465	0.999847355176443	0.996765879037232	0.991655410207499
"SRR5865105"	0.0622151611395443	0.0507373033677194	0.0594067901579182	0.0471898580429527	0.0278680395970775	0.130401217808942	0.0702051111606006	0.0544151707601036	0.0169350857409303	0.116144668219927
"SRR5865107"	0.9982076293102	0.998742913520768	0.998829870126359	0.996884380585344	0.994218304886229	0.998435137032321	0.997235281831115	0.999279909219077	0.998992326813342	0.999188305599889
"SRR5865108"	0.992131145971742	0.994485664254883	0.989764663999285	0.933515900779804	0.9716970982739	0.979043204375041	0.954970489629251	0.993330861270607	0.978371255070319	0.982044899881087
"SRR5865109"	0.533019302807941	0.76725996103482	0.701024139262412	0.445945792629003	0.512356062919066	0.646983856002478	0.715138493465829	0.426483325040975	0.634543759422466	0.744410410965508
"SRR5865117"	0.155293003738841	0.178024125319142	0.60014124460686	0.409392661516983	0.561889096316499	0.372973961920539	0.536801296576867	0.176128491217889	0.514053007397489	0.384917037337256
"SRR5865118"	0.993908895157572	0.980608124105489	0.994004194901604	0.91036102491754	0.991557946979641	0.987210606466019	0.994282436014222	0.980009780358762	0.987514370116215	0.982378170280428
"SRR5865119"	0.247299899566511	0.398592447925535	0.153181016732837	0.118718262698786	0.189263531915551	0.0980218389225314	0.203773103980944	0.152255427804195	0.0751874042290019	0.210718700338763
"SRR5865131"	0.971132147811727	0.942393243495609	0.880641063039148	0.97374236860399	0.934327799823542	0.910206382246763	0.930560576745575	0.919513919327851	0.987407529210007	0.921551569240061
"SRR5865132"	0.911208577522502	0.979357791598882	0.978858508087952	0.967364213678662	0.9846312372691	0.951384448654328	0.981901223865777	0.969564071160327	0.984530515179625	0.971018191536292
"SRR5865133"	0.892277165644645	0.848894316109154	0.914166055546538	0.859200041153123	0.916298768765524	0.89987934472062	0.559268730822436	0.784050942399469	0.909175882118911	0.877296768787473
"SRR5865134"	0.782376565932514	0.933590771119454	0.766266325801936	0.993716225761064	0.974957276218595	0.99048383348122	0.734305115097171	0.854038784290984	0.962260685799356	0.940640698166534
"SRR5865135"	0.0350244601862034	0.00760101223287886	0.0447326290802939	0.00931885868510464	0.00376885598621846	0.0213265119316955	0.0249021284883243	0.0290443922127522	0.0123413555504732	0.0149231724006439
"ERR1624539"	0.0788024533198237	0.0197802899396338	0.0375690821904409	0.0878432272742372	0.0843234334677748	0.0980361538335112	0.0367360981938856	0.0173498022599046	0.0956280959364669	0.0917301884037942
"ERR1624542"	0.196358812860063	0.0902730671085408	0.114653412141862	0.324410528459656	0.0762553714462017	0.266344937547541	0.0738267067018683	0.076312218479691	0.101935405093307	0.119003878779015
"ERR1624545"	0.940667913327296	0.948387612335425	0.933223382726697	0.967247915676066	0.647041093924315	0.787706446152286	0.956160346337563	0.952928740497279	0.990940498368003	0.712258372344441
"ERR1624547"	0.036468565296941	0.00190378220594034	0.0136476994296947	0.0578620486435525	0.0149600386921598	0.0506546363308466	0.00930484821286787	0.0279935140761893	0.0115082396996433	0.0678171935842082
"ERR1624549"	0.546405073072691	0.0829222018452802	0.33729089085813	0.497940532535931	0.603842450831147	0.317864049234039	0.672400546196436	0.439557147974407	0.424887582384313	0.294528171470648
"ERR1624550"	0.191505548789633	0.17709872415558	0.22229977269548	0.212695180374523	0.168939378934109	0.166194461342064	0.147881153468471	0.347063154886144	0.206991765798002	0.427964575883329
"ERR1624552"	0.164682585892394	0.381450643969757	0.334470111498469	0.162983291456741	0.330508784524837	0.736990880692514	0.421597136699674	0.274844701525819	0.578673676717821	0.551072777138748
"ERR1624553"	0.0188229600285783	0.00741684715084373	0.00298593818175665	0.00107560414580998	0.00243049150645938	0.00311962382073519	0.00560119137613549	0.00435414847244042	0.0137511756897363	0.00345610586931311
"ERR1624554"	0.687128420114527	0.186238976577778	0.30812011422223	0.655106157126262	0.68445731562393	0.157990423452849	0.792184542001132	0.658070722830443	0.305944364744747	0.625145141004192
"ERR1624555"	0.0892503233111288	0.0623895008165094	0.0263374359351524	0.0712343481353935	0.102176412361081	0.0546581094185554	0.138538640696623	0.0754882934227911	0.108808769728799	0.147495802615288
"ERR1624556"	0.999096004506758	0.999721896928626	0.999918757816825	0.999918013807806	0.999864257758841	0.999971338804795	0.999710435917428	0.999960786849843	0.999926426914466	0.999498299097491
"ERR1624559"	0.940638163500902	0.964464426915031	0.954895835020602	0.98109449209785	0.974173529643927	0.965873726294822	0.992978434141037	0.941015794011338	0.934790170731681	0.963997900368696
"ERR1624560"	0.99997689329538	0.999903879937896	0.999449876281215	0.999542922835782	0.998954906186657	0.999874349076837	0.999691335356961	0.999982921891614	0.999919782366714	0.999950882964745
"ERR1624562"	0.467076749578102	0.734677287759858	0.838784923119056	0.432116534869764	0.820937275109014	0.908366699463916	0.944217844581244	0.885630502656655	0.858993067853987	0.978607319986645
"ERR1624564"	0.999864634637328	0.994094576880591	0.999505657676801	0.999428266151163	0.996565586371726	0.999659569341942	0.999828649780464	0.999596682969202	0.992064031164003	0.999061087375802
"ERR1624565"	0.893828401386426	0.992310715982984	0.996248713026857	0.991297991906344	0.962929225209476	0.983786572478716	0.881667775382638	0.952498249674755	0.75291066429019	0.959706585919875
"ERR1624567"	0.817232238551202	0.923583461917394	0.939761978999719	0.728368649249719	0.916728358393811	0.785329130042205	0.859632056601348	0.879669922279923	0.736478762289224	0.807645418945758
"ERR1624570"	0.224506368317324	0.236709214566084	0.322252943156855	0.0903311714754367	0.115672400070794	0.0837428634687745	0.207777543232975	0.303929943788782	0.344586624286108	0.312273661004928
"ERR1624536"	0.0610073700266188	0.00293412749411015	0.00767089846711986	0.050924983866643	0.0370344544957875	0.00690927630427005	0.0190081619320192	0.0207816970564136	0.0303742991342601	0.0146899465600519
"ERR1624537"	0.00681131704359557	0.0405645048328198	0.0152019610656967	0.00230373300062841	0.020368576432284	0.099922268914749	0.00428432154801357	0.00851176950020822	0.0161019007759787	0.00163196205871435
"ERR1624538"	0.00802850601882783	0.00149284510353638	0.0100006676207052	0.00816033861945833	0.0162986506287663	0.00339319650088636	0.0136187320733803	0.028750922024127	0.00514850244347459	0.0144322600268781
"ERR1624540"	0.00969124003346807	0.0498225805380763	0.00336825171839685	0.0159009809728479	0.0207682831129059	0.33130675336892	0.0772052883064585	0.115323973398358	0.00471414888549565	0.0286250539503946
"ERR1624541"	0.0174293081823133	0.0229410408387335	0.038925916435648	0.013173624579674	0.107832728399654	0.0689412173058712	0.0236957117486813	0.0650792857057646	0.043736085320611	0.0528142511309188
"ERR1624543"	0.13745565309673	0.446005990946473	0.571203635736854	0.306754936486959	0.220792626699262	0.845288386006071	0.364371218436629	0.557601039368287	0.477978504068147	0.41559812858286
"ERR1624544"	0.568006543599146	0.956687949865063	0.945273401956193	0.838674109792507	0.966223163556325	0.933292712121907	0.823866725165235	0.924327409652293	0.949921578644398	0.700237067626316
"ERR1624546"	0.254628955660972	0.647978408652067	0.316684141489501	0.589689772482975	0.896466613632145	0.249764750388724	0.342432263965131	0.615307609692695	0.644493408830842	0.853787857243013
"ERR1624548"	0.117931626958978	0.215462918902346	0.0495132020099179	0.0931101990588552	0.046035758568951	0.0618064304323793	0.00747547111613725	0.296148011501094	0.208683834726406	0.31240594372905
"ERR1624551"	0.00436307063159395	0.00811956447363833	0.00541719448779943	0.0397876375162118	0.0272721765243764	0.0246961529770008	0.0230420565216504	0.011345572879673	0.0143386333100442	0.00695053915486443
"ERR1624557"	0.999796069709173	0.972670024637053	0.999994271296208	0.99999653008298	0.999860553473912	0.999997262040711	0.999998171261724	0.968250240940168	0.998451181400323	0.999997293968077
"ERR1624558"	0.790470729999993	0.933539420893213	0.787681674505457	0.821745103583936	0.391966941737397	0.840538765983706	0.942265790915008	0.910854852270954	0.964916934151032	0.922922006197622
"ERR1624561"	0.846242815582322	0.767517722991031	0.518863446690252	0.570680074621865	0.504692573905752	0.576924461364538	0.56537567351602	0.38397542231316	0.772614434574752	0.444696515098543
"ERR1624563"	0.62357226623011	0.677912100821463	0.606524354420125	0.396475330601123	0.343162344413107	0.403418898266002	0.236652297107299	0.501558973437401	0.58223721249531	0.353552183799171
"ERR1624566"	0.0496657130731678	0.0452186699345077	0.0193289110814179	0.0289188944409429	0.111369863731728	0.0544310566025372	0.0493292916170637	0.0428692836645091	0.00859349287211453	0.0146267874776298
"ERR1624568"	0.140084340196225	0.412637807393026	0.316902762669725	0.293585571078487	0.140908577628303	0.488552717297282	0.380470384642384	0.17770024885287	0.215465968944557	0.507490068532016
"ERR1624569"	0.980201505218587	0.996153600937517	0.964491066231221	0.687895343173458	0.996574239034836	0.990055138902841	0.915484327873997	0.988345426572807	0.855603933282123	0.94677090910953
"ERR1624571"	0.969957404192695	0.989766197544873	0.991825273088262	0.990433968258355	0.938598236306734	0.99557091459492	0.993218059342698	0.996621573901056	0.998830996516104	0.999311714724104
"ERR1624572"	0.3409116777084	0.9286369315877	0.685030925533645	0.91948544241193	0.631884307711314	0.954785441219457	0.551046863023209	0.787625728470784	0.855481566017716	0.9156979264252
"ERR1624573"	0.977139582485528	0.989518591477431	0.99455782815615	0.940608337965543	0.938896111345451	0.894494268396967	0.956895169548524	0.74867843461419	0.990708606145083	0.989542932224495
"SRR11856064"	0.999292889925696	0.976796644182871	0.997142792639214	0.991631836810802	0.995403523893192	0.995314136070818	0.99266967107838	0.997482528668277	0.998053156813561	0.997712388124032
"SRR11856046"	0.949026846389869	0.99102232196141	0.728524996126298	0.954832703363321	0.99362783089624	0.999256237126415	0.981867321915493	0.991651617885376	0.992899520518468	0.997064176641409
"SRR11856063"	0.159280150909016	0.307704787088674	0.042419816359035	0.0724085508274504	0.0652528678539671	0.102015015940341	0.340723685639438	0.0284911720529843	0.168345212456729	0.046743918876769
"SRR11856044"	0.402106286897954	0.465743883678196	0.763932506278658	0.307204899637816	0.291200730070293	0.706880524307617	0.790868197064863	0.599895929531272	0.713882251833309	0.573439787642225
"SRR11856062"	0.00882492764227505	0.00633765114534091	0.0137611950236249	0.00140826988287453	0.134017630069426	0.00709560746755352	0.00772383155975791	0.0200984935722231	0.11013714415804	0.00798982117868917
"SRR11856043"	0.841224992911038	0.987884520990879	0.959289535381836	0.966284641106796	0.957998693394319	0.944403211131116	0.987968300722729	0.947012541307169	0.885912812846567	0.962501429717915
"SRR11856061"	0.0836964237340432	0.0833387327355785	0.379025523048339	0.0556237232972042	0.207073182823399	0.113612252901859	0.0446981541983962	0.0192264774403727	0.0401573879144187	0.142934321045774
"SRR11856042"	0.623491761089978	0.858281183725726	0.655163417947577	0.580668833255442	0.72498875725233	0.965760108876371	0.961110715442584	0.695738106457954	0.757053590416528	0.741207517790993
"SRR11856060"	0.881059164623008	0.89188113854005	0.948020269468091	0.990253594468551	0.900717696703791	0.970590506162195	0.600440351731069	0.995543704326332	0.974742221008991	0.979636060370282
"SRR11856041"	0.815518446646793	0.982296760487262	0.915153741296813	0.89898545190349	0.86143987821928	0.989096753819538	0.754584067159696	0.956356801730499	0.693732723205997	0.972407636807932
"SRR11856059"	0.0490765489322807	0.0791320670949138	0.030428706102421	0.0438315043850435	0.087538429757167	0.0850767222111555	0.160467707351399	0.0450024052232541	0.0945607479224764	0.196823764345742
"SRR11856040"	0.960787941724769	0.995093783280261	0.984806090538561	0.971355470151213	0.99625496812275	0.974360003203473	0.958586349864483	0.987531712533877	0.943639888879113	0.948601073346042
"SRR11856058"	0.0266945247787604	0.0167315869965733	0.00679014190067916	0.0208557652692116	0.0127927791150057	0.0189190015468046	0.0121896626915482	0.00778380304787886	0.014617424935375	0.011608533777888
"SRR11856039"	0.842073302227027	0.404626983319061	0.943763400737731	0.915091257399485	0.558150642123088	0.0697915641441818	0.497316472494406	0.859373436522966	0.79148575768763	0.66357624044643
"SRR11856057"	0.179957219806109	0.0293754775899709	0.164068509920799	0.0258294662774474	0.0315953398219826	0.03415176255857	0.0689748082462381	0.0936262409810457	0.149538126134557	0.115184353666576
"SRR11856038"	0.679471944938868	0.655041394337537	0.940953394504884	0.748211152184794	0.795398779356893	0.662424520792066	0.927600628756776	0.783901087020017	0.893963390115841	0.936600069035737
"SRR11856055"	0.0596303233558765	0.0060755902040276	0.0432629061432527	0.0202954036032907	0.0229890568366574	0.0358086769737633	0.0191251337835239	0.00886513240836464	0.0100309108823964	0.0318008317685832
"SRR11856037"	0.564544315919862	0.996456339687146	0.997072611526495	0.999126142841207	0.986972625971867	0.997216224327411	0.988396291889461	0.977836887203127	0.988182285624352	0.998208410597331
"SRR11856054"	0.18552020493162	0.420803963881718	0.758188536615297	0.737142015870455	0.790640048870927	0.690591291130195	0.621721987563172	0.576370786076588	0.735485112097533	0.492239016888188
"SRR11856036"	0.882734763126109	0.549774088652602	0.57795353732062	0.461148602803717	0.827599446051789	0.635152735524567	0.772633051029471	0.702593641027293	0.749450029398021	0.523306894394933
"SRR11856053"	0.979127207516331	0.974778526718517	0.864846921906993	0.97295782888131	0.986646593255803	0.983044717571256	0.98473488349677	0.990577838702279	0.985632715468558	0.940161248702301
"SRR11856035"	0.33332124344625	0.0497691435187987	0.237820700195251	0.253036895741973	0.162848748555798	0.113676210312211	0.076461493946769	0.318928209076955	0.055943607791552	0.214895558084166
"SRR11856052"	0.0155070963197632	0.0686223937401468	0.0838863708574693	0.153642515084731	0.0282028853924799	0.0738229042483667	0.0195243794288037	0.0192751451687595	0.0396147164492388	0.258455504308847
"SRR11856033"	0.166296850335801	0.425648335844098	0.28488953330086	0.152404997824362	0.165609591348923	0.305297544391381	0.106526064395392	0.410463535775879	0.191575641631322	0.2432284918592
"SRR11856051"	0.0314373658496185	0.0271771967659478	0.290663535658329	0.0481836786482754	0.0301076163681745	0.0590208291552255	0.0273127412950522	0.00774135923280644	0.030767171980179	0.00296718332842567
"SRR11856032"	0.875937164986744	0.922005963783351	0.886759138800463	0.890057388176511	0.901429560238789	0.858351742768166	0.82803903980403	0.951581761938759	0.92509861199492	0.867412941020954
"SRR11856050"	0.862393987010234	0.936260305392549	0.733881506615597	0.885395244081653	0.936972038957446	0.784570371213056	0.89592819108618	0.876647534036607	0.917990184180531	0.976864785186551
"SRR11856031"	0.304793998806142	0.831368837827465	0.0401990442719024	0.256328757698394	0.156711209599522	0.247762374520892	0.125776848527621	0.128096688633007	0.160693557364066	0.271473204765944
"SRR11856049"	0.108602646107291	0.00642539335818055	0.0133463143821667	0.509676216323381	0.0217009525271618	0.00520521332612623	0.43566143644732	0.0135879994272616	0.0278101050287811	0.139650719820833
"SRR11856030"	0.00631457879165351	0.00320302493961523	0.0170883660120887	0.0074678094538689	0.00107634731658414	0.00204327064190989	0.00220032829179124	0.00577761029973877	0.00450090672538182	0.00126534637391668
"SRR11856048"	0.29118306699896	0.0603631512199178	0.138836484336929	0.0545898215078575	0.0623594601363023	0.0790362486676931	0.0668773153178822	0.130513665605696	0.0871710889970348	0.124187602134465
"SRR11856029"	0.811399340020344	0.731931473063563	0.844186321509011	0.899764970673274	0.921065839246879	0.586834439512804	0.587994044420352	0.951653002271443	0.761374417005585	0.948905400996914
"SRR11856047"	0.146865010162827	0.0104050678297363	0.00781027850994392	0.081973373830744	0.0409542524671685	0.00598520661352005	0.00622248722220392	0.125980389194334	0.0743844645710624	0.0536526807088263
"SRR11856028"	0.867353647872592	0.871930820368717	0.920653198451153	0.898985514062821	0.638448897031377	0.940529040935076	0.917610814145091	0.857428286641737	0.926119133810108	0.887181559879859
"SRR20283928"	0.695135239958789	0.411114390463908	0.927246127561127	0.513722454672552	0.686000731003533	0.681185382726807	0.727564493361628	0.633080409933562	0.655152019549403	0.672713074337916
"SRR20283917"	0.0818935876335855	0.0746987289823529	0.103927542606982	0.126283980168287	0.379355221113514	0.041841127236441	0.0824819099867992	0.420732330919664	0.392847238202923	0.765071143054855
"SRR20283896"	0.740366509809937	0.114486964677646	0.0566361526987574	0.0867291248992058	0.227503259595099	0.426192242862918	0.13201362062715	0.137473251892102	0.247188293643603	0.166415690771607
"SRR20283895"	0.98690815349056	0.972545371455315	0.999735139169015	0.99981473582225	0.993159400664284	0.984249605070124	0.982837859208311	0.968976800658605	0.961472055258626	0.974123817894717
"SRR20283894"	0.978958920057641	0.98722339681933	0.987969522925608	0.870933857084	0.864610879584128	0.999506902328799	0.997526607705473	0.984163146371227	0.881481855312694	0.997312894530648
"SRR20283893"	0.44405267492793	0.409819273600877	0.662834324236281	0.127336294855833	0.353099179356799	0.36804448823784	0.203234108406249	0.789393911377598	0.488907732696181	0.585217797560785
"SRR20283936"	0.99999857522504	0.999855251207341	0.771579342531233	0.943073866952711	0.999734210097399	0.99994826790909	0.999628566580489	0.999881663346287	0.999433793880539	0.983269411646134
"SRR20283935"	0.00113909394327211	7.68598614116484e-05	0.000227249942959863	0.0046811145333543	0.000371321745671499	0.000166565291395562	2.15062384717949e-06	0.00170072384228743	0.000200812218568645	2.46796965712152e-05
"SRR20283934"	0.922761162018784	0.0126204692816804	0.754888275312201	0.478657922744964	0.999638399944633	0.22673618038373	0.220104076788001	0.902437941067383	0.999825154495852	0.99946159195532
"SRR20283933"	0.00648526945894268	0.177415307077297	0.182653238616255	0.72776731403594	0.0554981322100176	0.0492306313271489	0.0106125049238223	0.0209905416191896	0.018889487081767	0.177348570553361
"SRR20283932"	0.990264900276571	0.930177587600201	0.818993455487372	0.956770040318946	0.73414959240955	0.820855202817681	0.0033396949040853	0.958694576853964	0.317117867451204	0.733519061059368
"SRR20283931"	0.234640049336414	0.589287544619332	0.273262901032061	0.49532088443409	0.929789367449577	0.245289846741145	0.751633726402643	0.711172575824479	0.954504002465927	0.816205876603688
"SRR20283930"	0.997750865587114	0.998389835324381	0.983216942648115	0.998394165113273	0.996622629517725	0.993086305938874	0.999356997017686	0.996556806391289	0.983143892945044	0.993661115134923
"SRR20283929"	0.275048233873924	0.327249193656111	0.424312704682304	0.230257677028716	0.00102796661917084	0.192736628982096	0.252930631344181	0.146573636195707	0.273540201442095	0.183737463489937
"SRR20283923"	0.049278555623238	0.037096771672307	0.343511162379882	0.0327548898832735	0.0506320402229747	0.0232303444428353	0.0646188646406112	0.0613441432859366	0.04383182395125	0.0570748991090818
"SRR20283922"	0.322742704097011	0.466178370267566	0.421172726203938	0.246017967630615	0.658055100633019	0.526315696326194	0.190978363494995	0.63238077892434	0.241736079970095	0.24649391468782
"SRR20283921"	0.77235223200936	0.624138665464145	0.338901089603177	0.870883591823765	0.572319046146918	0.232777819931809	0.415010837115908	0.378014495350987	0.226723607540862	0.387194079168007
"SRR20283920"	0.990786837521975	0.989577153741147	0.996076198841106	0.970934884740789	0.678205035560236	0.956552466724879	0.995156654654901	0.919779417776252	0.97957586360717	0.943687735729738
"SRR20283916"	0.0174615970790652	0.00660273385048309	0.0314456779842323	0.0322242735169162	0.0137335550568129	0.0287281987301605	0.0188160251333914	0.0517175396271964	0.0239752175144609	0.00984169757499275
"SRR20283915"	0.322475551587868	0.106007352562237	0.911659439547521	0.90325777588577	0.17084555000221	0.749812232282684	0.692260987938229	0.470566242131371	0.799614443044039	0.692997812820843
"SRR20283912"	0.199136435246366	0.0999678373865201	0.129375099643322	0.181596259459685	0.0465589052851774	0.00811542089195985	0.0921124014562036	0.0284101995482388	0.0799551780679781	0.0318420164716032
"SRR20283911"	0.307708663335144	0.766230405756221	0.446607765089981	0.466318004839062	0.682834135547763	0.6985526526116	0.307202806938924	0.571874118474427	0.36520202282011	0.616671701599215
"SRR20283905"	0.0782113228796816	0.0061994604389683	0.0304605676766443	0.129546697120427	0.0108673781952047	0.029705953444637	0.012796229289647	0.123278078344309	0.156467538181219	0.0980236922386983
"SRR20283904"	0.70378957386576	0.747503227147706	0.520861335886409	0.985568587728839	0.998792612185064	0.8284613238903	0.850730070471933	0.720280409776775	0.99443439871171	0.958844457995473
"SRR20283903"	0.372436105545583	0.598000084428338	0.282767335347828	0.652960507760782	0.486980685218671	0.618621926041412	0.296622586801004	0.67261695953166	0.406293625898755	0.36700744362982
"SRR20283902"	0.0259813902231213	0.0183562441955774	0.0602118032094862	0.0387559466689392	0.0196562367022594	0.0191759622712078	0.0390108813004479	0.039870498968725	0.0417595173487117	0.0381180400062004
"SRR20283901"	0.00578973982617781	0.0189392239027179	0.0117480962037928	0.0167800922034268	0.0291059732164761	0.0231396048897285	0.022288544458421	0.0350351458337193	0.0225398850310811	0.0260796652046954
"SRR20283900"	0.110676926566016	0.0133147639268962	0.318918877026941	0.0604396327077753	0.0281965493751113	0.0118263370132106	0.103944494727458	0.0332321781204635	0.0775064248350263	0.0490018739777432
