"Model_1"	"Model_2"	"Model_3"	"Model_4"	"Model_5"	"Model_6"	"Model_7"	"Model_8"	"Model_9"	"Model_10"	"Model_11"	"Model_12"	"Model_13"	"Model_14"	"Model_15"	"Model_16"	"Model_17"	"Model_18"	"Model_19"	"Model_20"	"Model_21"	"Model_22"	"Model_23"	"Model_24"	"Model_25"	"Model_26"	"Model_27"	"Model_28"	"Model_29"	"Model_30"	"Model_31"	"Model_32"	"Model_33"	"Model_34"	"Model_35"	"Model_36"	"Model_37"	"Model_38"	"Model_39"	"Model_40"	"Model_41"	"Model_42"	"Model_43"	"Model_44"	"Model_45"	"Model_46"	"Model_47"	"Model_48"	"Model_49"	"Model_50"	"Model_51"	"Model_52"	"Model_53"	"Model_54"	"Model_55"	"Model_56"	"Model_57"	"Model_58"	"Model_59"	"Model_60"	"Model_61"	"Model_62"	"Model_63"	"Model_64"	"Model_65"	"Model_66"	"Model_67"	"Model_68"	"Model_69"	"Model_70"	"Model_71"	"Model_72"	"Model_73"	"Model_74"	"Model_75"	"Model_76"	"Model_77"	"Model_78"	"Model_79"	"Model_80"
"SRR5865065"	0.994204837449182	0.997705683600772	0.99764673085319	0.753761176028492	0.992549619395343	0.999333992967247	0.999371628390921	0.998821686690134	0.867485132764047	0.999120823606923	0.996671418232893	0.999986611422542	0.95292232687866	0.998472198406562	0.998322411447657	0.999519153666918	0.99976953289504	0.840662895220144	0.999915956331837	0.998251623903847	0.999073752953536	0.988590458755918	0.997649472566098	0.987237211791124	0.373230522681724	0.999179750334506	0.986852088690855	0.999354410795145	0.998656635113058	0.97864561075214	0.998554830805465	0.990869333238759	0.999584662331941	0.996966582962113	0.999775797152311	0.998826258683081	0.999964898586272	0.994603092257561	0.995254902657424	0.973303430826544	0.999745202501291	0.974908089959446	0.999229782991758	0.993236462850221	0.99981574485704	0.996708570225466	0.975652565626834	0.999970531857137	0.99965881504222	0.998940867158129	0.999979517658563	0.752554053292935	0.999542449882344	0.999714321391337	0.999430176423309	0.99863963892549	0.994299128077871	0.998884420471669	0.964931566461521	0.99980050020246	0.959748867490014	0.999956925712018	0.998487903995913	0.99959512093427	0.99987232831196	0.996648647199447	0.999775269738475	0.997782868633495	0.999828282416721	0.982618782696624	0.959492918611402	0.999203010626253	0.991406597373186	0.997258917643678	0.997597076667328	0.999632579465133	0.997038448277468	0.970693575579957	0.992591882687772	0.999646045067888
"SRR5865066"	0.982452013232365	0.970707493298148	0.999767618465485	0.898860773059458	0.74513218262095	0.992784149050693	0.998957725486517	0.990165104524805	0.725502559924079	0.985472847411439	0.968691249888951	0.99915202100258	0.967391669143188	0.98086746492455	0.971724451609737	0.995101050857959	0.999407418344878	0.985454953040393	0.997904336503525	0.994570754786562	0.999389449280857	0.993907797813331	0.999947361517071	0.961692405531487	0.946545011513864	0.999339355975794	0.901166186460586	0.998869067955984	0.999128028551796	0.707285141565174	0.999879803009558	0.998198210465278	0.99555330601619	0.999076157606588	0.999925427511663	0.83475684577933	0.949680230830506	0.999568145509614	0.993615872389485	0.992430587618636	0.999941769865056	0.971913272857257	0.999401566339185	0.997240678362422	0.998583157558934	0.996745142317248	0.999916321187757	0.999723867804495	0.998285870245708	0.997499551865466	0.999744616762881	0.912276920823422	0.990574441189689	0.996087399832406	0.999875098210629	0.987479692846148	0.958182956579956	0.998380673751568	0.999942789355875	0.999907065950531	0.985674265847395	0.999852794035887	0.980507521257429	0.999973891834061	0.999932160583817	0.998956791512171	0.999356776386501	0.99968929918768	0.999329892485333	0.999052083580075	0.681584636346214	0.99283772821357	0.931330628496097	0.95153281859614	0.994167809470592	0.998780326629667	0.983023747022731	0.990440342573289	0.994227770178713	0.99977646107515
"SRR5865067"	0.143755958196078	0.48174305367616	0.0581159379092253	0.299866730758354	0.429713588364642	0.0837679482331908	0.197670923738743	0.0639016735944581	0.0459928214101438	0.202709828614012	0.269291745634145	0.535987399361496	0.268736865090968	0.0928318775717676	0.29485464913078	0.358822817949061	0.398742651774599	0.494148213063337	0.488926408447267	0.230426324515226	0.524866946969681	0.422079796672737	0.279458976657684	0.183132288497242	0.214568890368142	0.48715730584341	0.503270571047431	0.346757876733732	0.568405005876506	0.411627659637857	0.457104521273404	0.0572287403097178	0.454192194898923	0.605394510274756	0.190618473323801	0.408557546708076	0.514489622849257	0.225619505722991	0.223948877844559	0.129902685183258	0.276814145616509	0.365142360153807	0.410690393948087	0.49822559770787	0.15674069311356	0.303322012749544	0.648365267419566	0.635006276182233	0.290761979900784	0.475782068271407	0.29955548566465	0.0966986501044455	0.505633373405814	0.311996780568312	0.273791341298471	0.440798069013103	0.171808978876354	0.753512578064169	0.481004088747349	0.390640891920458	0.218228774351316	0.351774334664501	0.145407433419777	0.369153863614789	0.560087407403457	0.107579228757259	0.148995289039244	0.253200285661887	0.299610941334172	0.340221329273693	0.400897533025012	0.130291948086682	0.447957178813899	0.576419916561553	0.477931782175846	0.169349037110389	0.101393102179176	0.113464298006917	0.19861672485972	0.423164040351825
"SRR5865068"	0.999262339275787	0.999635012301395	0.999523615977224	0.987967766893254	0.998507637167493	0.985669599954035	0.997687875628937	0.99970357219743	0.989991738588105	0.996323013385814	0.990473776032431	0.999772658699485	0.988561111366776	0.997660831598653	0.993883449960874	0.999894722272513	0.997166339651397	0.996168602313496	0.996537677032509	0.993047323328769	0.996438888455789	0.992154615083006	0.999950551522024	0.998544809158824	0.999558084252418	0.99823204780305	0.983760527675864	0.996372628425361	0.99885556709585	0.998257242036089	0.998749638966446	0.999883407126437	0.999611828302172	0.999191507824085	0.999933736515035	0.974386952662044	0.999670954982515	0.996553336203659	0.998238536529524	0.992465592391857	0.999977223436978	0.993612811310914	0.999309996872882	0.99972468781443	0.950114080434995	0.99231297657334	0.999935051382839	0.997229951518343	0.997314119523237	0.997807986662139	0.999045631741609	0.998216308003665	0.999765522439078	0.989434709981555	0.999924218390099	0.997347437465945	0.99352058866593	0.999691081515773	0.997229092819138	0.999818870302272	0.998558873407688	0.999260702448769	0.964490018013316	0.998583344450554	0.999503248627524	0.999743686733228	0.989339583107727	0.999391758944409	0.999978164832848	0.997534741666621	0.999529866666069	0.999926342789462	0.990121318670365	0.999735631213642	0.997753489525034	0.997273912272094	0.99272228213009	0.996519410450856	0.999817011091286	0.999967345751745
"SRR5865069"	0.231141748337759	0.967507889458947	0.985982292416695	0.0710775506493348	0.860018426723675	0.706107139238785	0.892716545510646	0.869634518306518	0.279825343101067	0.772920146607049	0.170506527334971	0.981453901665192	0.577277823837638	0.665155494783092	0.199699067673505	0.809280258841976	0.974179555402539	0.30505865484751	0.980752631580076	0.801308192313405	0.976278266723749	0.9513189482241	0.908947415902086	0.696513335485615	0.595019874490684	0.555087311343407	0.287544760878138	0.799747260759113	0.923171363374812	0.240398044636884	0.995119147628461	0.187896021487057	0.955845307052216	0.687721905685203	0.995816316504064	0.811237992928936	0.824383570962735	0.976069692405925	0.985717928785861	0.115359068927461	0.660499889598286	0.83339233338047	0.998962368531414	0.705673239105389	0.932163128302363	0.899477353082493	0.98984462325534	0.99789269084437	0.601788246192984	0.98840642380721	0.980982497793627	0.0898293602881095	0.739803320100323	0.932707569639841	0.987353607199512	0.976625771860453	0.0196223299967533	0.664182949473044	0.966182108087482	0.98090650716995	0.386614128473008	0.998907482381544	0.630722245429378	0.991844873565763	0.999470563838522	0.954076698478904	0.995226024490601	0.975456421862517	0.923378078355373	0.874568670261971	0.654795929070502	0.944058824845563	0.151435266409134	0.750005668624298	0.902698504891691	0.647686529500894	0.801277686033037	0.819437382143065	0.760466753746797	0.868632803249866
"SRR5865070"	0.30350138264295	0.797946874681504	0.944327478380001	0.175209002090313	0.178934565768459	0.0849691059140845	0.640374450747064	0.68490576600151	0.462763545292717	0.326437200290027	0.239489569062484	0.694889510854917	0.130839753003911	0.752129211499761	0.245326860600064	0.569963156040791	0.258062123826887	0.637040274010432	0.679948933029411	0.781651271901728	0.700905253172457	0.166030875236692	0.901084502765086	0.21786283852158	0.644568626617074	0.638106114426453	0.01602181318283	0.496377353429253	0.484942407111456	0.223037568479653	0.51191629207874	0.438728814743853	0.441961151467607	0.844444630067639	0.778710273547792	0.0838631038756026	0.41312546908657	0.307442419998109	0.397058120404656	0.190809067849287	0.940749822870756	0.299874735520791	0.893456155477101	0.257155258715815	0.553723816662134	0.158618844982196	0.789337306241175	0.716363013327902	0.102708908141469	0.980052062476736	0.41507632772928	0.0961588595921676	0.367724197665975	0.216057110065744	0.481164137923614	0.45964379758912	0.12433922270739	0.719684819151697	0.354731814011909	0.619745154962252	0.863211794102136	0.898294630864838	0.112809819600438	0.843054887228376	0.776170808830037	0.765154923136547	0.983001671820523	0.898706768576216	0.788098193638235	0.114787151064835	0.346996594241689	0.721037668497979	0.0197773718799691	0.655277916262494	0.964233402376993	0.786424452565815	0.126653853346519	0.137828666938878	0.767552695578698	0.838281015392537
"SRR5865071"	0.404900487838412	0.705812861924568	0.962361071657182	0.374536147141565	0.448027209481021	0.913672865139868	0.567803511467736	0.573462176360764	0.636266745405478	0.86023601548652	0.816520930260612	0.957616934094067	0.351654235745106	0.775182403562038	0.218874024475645	0.596243087607507	0.906903256904654	0.735051146429662	0.794975819268605	0.793872475936618	0.945655665350011	0.990399959997446	0.987282906434334	0.45397914011192	0.438601705379048	0.598052725597863	0.752721341784032	0.642872421778371	0.806394181830236	0.196656198133151	0.993456699298884	0.0703929303401884	0.765178485135286	0.840316103424557	0.997644623286931	0.855688355862207	0.616410029269501	0.856929034547588	0.934899025132906	0.0484532850222772	0.509662772411473	0.917004483577299	0.998627110286315	0.554283456440463	0.993977199355912	0.705946506198155	0.982156873151251	0.988440508198999	0.698387519344917	0.97468932515598	0.97324711789674	0.473176948978098	0.731620524751023	0.943728256529193	0.997209238023549	0.937316809954775	0.236842620245827	0.761611362352795	0.989618095650172	0.958664754090622	0.677827111281779	0.836003200100127	0.584201635342758	0.998122708751194	0.997032489992595	0.892309323354119	0.994710408563203	0.981862374446763	0.810134720735561	0.938570783044191	0.569135121696051	0.898488232898683	0.145334268895316	0.525065506594383	0.966925443075343	0.982545186232452	0.987061729807978	0.975337437770133	0.568135519145516	0.714445587309868
"SRR5865072"	0.583255611748904	0.817729034399693	0.975454810066371	0.418280140297542	0.7626716852582	0.286986069231848	0.970556352708376	0.66795891731204	0.206740975227672	0.861888586262466	0.723242983698325	0.979924355195438	0.589332266554282	0.593016621056381	0.547279536772789	0.928634224144177	0.735560243857434	0.111597657536973	0.993676654589401	0.811368543022627	0.97385493578849	0.808192831209899	0.974869123009755	0.475114274819585	0.93853921381222	0.660079041311666	0.673722181334549	0.753176993810265	0.825709084916084	0.534996486017391	0.925871059297512	0.671918966925868	0.86505468572242	0.92254250031778	0.981985479136458	0.777213841523052	0.988687988552209	0.884373842753758	0.975669524742815	0.710872811825807	0.950156161842959	0.79119500732209	0.987777142777898	0.524766889582215	0.944038841879791	0.889507543286563	0.962372185277313	0.982171465895827	0.756348377343757	0.978061688136034	0.935657997890427	0.635409862474404	0.759315480931171	0.530597105459759	0.808125768271929	0.856016859115281	0.37599500305561	0.983741666565857	0.91099103939886	0.976413536632385	0.804388651647891	0.975650653753421	0.65408505896491	0.983372136123727	0.985468937980315	0.89720178816157	0.936956710689852	0.868385370166471	0.851747284610492	0.866170697761125	0.334486413761243	0.92551143312878	0.271105136445926	0.993953265462931	0.892705957385486	0.961194171427712	0.690278683745991	0.514336784002001	0.893845519681049	0.867300451721199
"SRR5865073"	0.577242915037358	0.732323986525249	0.660179985095167	0.695412688358831	0.424783123068223	0.649839792788333	0.795113035965061	0.698763019888886	0.751304904991433	0.712611865753021	0.914173377383598	0.819761257144937	0.655480188866433	0.710508479869974	0.366708931143211	0.621561594899774	0.825178921933652	0.559600649226884	0.866759253475908	0.812911334140387	0.801180989169447	0.858705029203298	0.947163122576511	0.728830640058017	0.776757235372265	0.873901227873488	0.691334573904009	0.510520222027858	0.929094474330873	0.357742823186566	0.816400305351822	0.846109899271795	0.721868582769066	0.716854185546589	0.959131249250711	0.616874168077892	0.710253195307178	0.896514260727919	0.354893830169266	0.505878503713427	0.911334791919848	0.597494188949828	0.917923538781443	0.685420416394377	0.870664755176361	0.776365566062264	0.778997775692611	0.835167276873204	0.665092312229286	0.683421459562612	0.906868311730658	0.872273661997557	0.833781723158981	0.862846586934979	0.596685942679941	0.611438918219719	0.7613214580106	0.692352501977118	0.968883705787597	0.90899861462282	0.572023675463628	0.946580164377522	0.547869269055857	0.861011652493887	0.960048023681403	0.904962072860118	0.475400968771868	0.828330976854655	0.653853636455918	0.803830123993393	0.297877951983912	0.707255827458891	0.37334123529628	0.752806284080088	0.73815767918904	0.877925618857052	0.739543070749344	0.644899067052989	0.780184248030443	0.851534540240983
"SRR5865074"	0.935688573370967	0.981195890617864	0.978843588531475	0.928763820209719	0.979267792982469	0.977007503160201	0.996032461820105	0.936274521403926	0.943412459763125	0.972573581456318	0.966358093072291	0.981436223200407	0.988432874040883	0.967181521728124	0.957819028574453	0.990321315540443	0.995238966183476	0.949632041152953	0.988950954612301	0.955527626582231	0.959162889855455	0.977266210473723	0.990004762330337	0.970147377825053	0.963826648086225	0.992175146677241	0.977631952196619	0.986102058267555	0.993758010121777	0.94050154966004	0.993274889094177	0.97441140769055	0.963912628843394	0.991667259606246	0.993063583768061	0.964766105618107	0.998190182055693	0.916367068402336	0.988569480693203	0.980886207960767	0.996561903027359	0.982176322572597	0.974437297201518	0.987163568648356	0.964225405881028	0.997943032980021	0.997234136343446	0.992908525062294	0.960710519877686	0.957162387772196	0.996388672095502	0.995811263282909	0.99656953573507	0.965579387379068	0.998933672333541	0.946210323218764	0.991563080456214	0.990340608963245	0.99388165567454	0.9939107671323	0.970549728532123	0.992660708032006	0.974283334226642	0.990284491666145	0.994728427788194	0.900780852387615	0.867339539809412	0.966767038228081	0.990420928970561	0.998362365957246	0.912628391037224	0.961416124538175	0.957846930945162	0.998184651186285	0.926816457414123	0.997630635326233	0.800803523225958	0.997980412931329	0.988931611379106	0.98983636751258
"SRR5865075"	0.995888262893694	0.99988022873145	0.997268170273927	0.992847235628604	0.997415713226542	0.975246463163725	0.997071837368859	0.999387974088022	0.958861136099826	0.996797162766207	0.988896206183607	0.999718790215698	0.515613696434435	0.998446713193498	0.938088504327904	0.998346407022875	0.996739022148278	0.990141813318066	0.999051436655321	0.992247610009432	0.998363071841049	0.936880364442067	0.989167743801742	0.896421021999898	0.994857828328472	0.997830369905089	0.937605237955422	0.992461122570776	0.991509584158839	0.992874455281875	0.994085286984245	0.851472961083484	0.999519384823206	0.995465719826835	0.989564674656801	0.969917759711093	0.997879502897989	0.984621802722732	0.986301828933525	0.652252267251163	0.997414513899414	0.991788655946789	0.996943475731152	0.96277156494221	0.993890783338066	0.254620439674102	0.959009428505492	0.998879539643686	0.988636800039238	0.997390147825591	0.999051044013971	0.959489351954987	0.99827119989563	0.958588942791835	0.957821194812825	0.997356248030634	0.766480949163491	0.998506665299408	0.991466624089544	0.988710451899485	0.469753409638408	0.999741861317863	0.989819047389054	0.995567453295251	0.999745105604853	0.997198339336664	0.998816391866578	0.983004430050528	0.999474163389267	0.978578197211202	0.999012977411391	0.997724975535872	0.970415619321138	0.996560075074838	0.994470924150633	0.997926209408442	0.949960834121459	0.933964544935967	0.964615058614201	0.988048507643665
"SRR5865077"	0.974968724341773	0.96884449293456	0.999405469278048	0.999134680119571	0.996870247032261	0.695121624757125	0.999377944135909	0.954789198858583	0.910397522658692	0.990238904741369	0.996619836672656	0.999301656512934	0.971033329126954	0.990363371991561	0.992766249574555	0.983153644768389	0.992039305019005	0.996309192579101	0.999887084534511	0.999038937628534	0.995371199783002	0.988223150797922	0.99962102249206	0.920588412889341	0.99713599679771	0.999363921300197	0.820063120173074	0.99104508929056	0.993606216426353	0.808914035894963	0.999166720161049	0.995199915363797	0.989442979939972	0.998236733312554	0.99723602720848	0.941906798190102	0.995235052244945	0.950299801535171	0.998086138567565	0.994793432046315	0.99815898941038	0.989756378939979	0.999512122817195	0.993550790645324	0.99258444915116	0.996064277452494	0.998944142949494	0.998863961606434	0.979473455973924	0.999514170274033	0.99907516670089	0.992355217041552	0.890492361347583	0.860921990859126	0.994756480983181	0.98812367877968	0.992851101948046	0.999257986170333	0.999655418015518	0.993789605411592	0.987141904153479	0.997577057572482	0.923192772837157	0.999799323107305	0.998141824076959	0.999088521240451	0.999247004911881	0.999717280088687	0.968452150914053	0.996166050693346	0.986758088422572	0.98127036508513	0.938058916837756	0.998020905153828	0.99756661604373	0.999135402339297	0.845568145208414	0.995460822108961	0.981772896052108	0.997761526069455
"SRR5865085"	0.964492795420945	0.996893285492908	0.983594032358479	0.988951947125341	0.674693078253689	0.985401798624905	0.99364650556871	0.999496837885827	0.974103827335957	0.996535872454593	0.968656123279478	0.999773260485298	0.938420709659919	0.996701108245034	0.919879474920602	0.993554769889048	0.996362727658818	0.983953467817472	0.991162239033163	0.909942259898787	0.991430010379846	0.9822004686488	0.99971946157283	0.989969869042892	0.95204557627766	0.997312917211777	0.722168923366599	0.924216470785672	0.97829125145125	0.78185817351393	0.997871491797821	0.794009661665079	0.958376417807402	0.974010178465017	0.999458848235103	0.884040286676507	0.95638036841841	0.980645224031721	0.958684589199209	0.896472661301656	0.985409848293856	0.915805238821642	0.999149300454635	0.891879298235072	0.99814581154796	0.995801502438232	0.998909926840962	0.998807223969284	0.985970145129515	0.993833234492268	0.999792225329379	0.826503595078427	0.998459149129989	0.965262032933185	0.994637515862895	0.991795914504958	0.962152308494204	0.993970311970879	0.998824966640451	0.998978703369272	0.90551297461317	0.999206043827868	0.907016671666598	0.999324854635152	0.999926535846886	0.999076376732048	0.995575627282174	0.994365050799552	0.999217595131236	0.998106562313671	0.989120972682655	0.974227798272753	0.87850364859585	0.777725029015981	0.982984807498189	0.99951200303222	0.935910782328217	0.995374543753454	0.988332663106748	0.940872903922497
"SRR5865086"	0.945665932810252	0.966190604954982	0.994144126297684	0.754221072014482	0.730946673763289	0.637947973723427	0.974172051626228	0.849255966304175	0.851497861279532	0.984377583131544	0.982666762606638	0.998627206643725	0.862898854261052	0.996452992057731	0.903140231985407	0.979662106769389	0.906076340093871	0.718948354821334	0.995150314895629	0.99015927262649	0.985526902851428	0.878906083281422	0.998621171704301	0.756398203996185	0.967946390717603	0.942235298921873	0.948212471593702	0.879225489010258	0.895285680990793	0.600524099241838	0.918648004156725	0.738759544567301	0.972941539967622	0.989984625758108	0.997618695107446	0.878768071344874	0.989900787143778	0.89811898813553	0.934726923427058	0.929788618220268	0.996604225584495	0.994809982291095	0.999093826337533	0.751286725597456	0.997777251334757	0.937682310142566	0.984440413511959	0.996963248520336	0.924308324912487	0.987411303886255	0.994204251951274	0.936869717005527	0.865124768283109	0.620626905813298	0.985624493502934	0.994768411133833	0.953109590586116	0.98523218088021	0.993163170152659	0.982066685845061	0.828639483676061	0.985530440282038	0.681606152892785	0.996508069619396	0.983449646569317	0.986596370509497	0.986914306022872	0.993557801292921	0.969778787905732	0.914035002972113	0.810896226173197	0.987117585025389	0.723373512135559	0.991659862350043	0.778274245374613	0.997171390901037	0.94052317825402	0.913435696623276	0.963848927991225	0.987898410442521
"SRR5865087"	0.787215775459238	0.981240928266072	0.968952789629829	0.958740712479922	0.953806868601603	0.916829161091097	0.964981665447478	0.966850547484517	0.43746319592228	0.985865218639589	0.911982740069244	0.998891455112598	0.65371102601413	0.976157485742108	0.979013227586248	0.99554499990472	0.952550703324965	0.588006480702915	0.996188136162825	0.974232163852658	0.999015064356576	0.909871222424237	0.973149037771841	0.842582973065473	0.949130835888602	0.97033945889541	0.885786223164076	0.948834343113163	0.963266991432877	0.900768557957877	0.831856533617495	0.90512481554995	0.996806436382869	0.960420521619586	0.961036167367091	0.961860303875846	0.999033289761967	0.942928199196783	0.855828827880875	0.850385184105803	0.998376680387511	0.769601885935081	0.997111668664436	0.881350765118342	0.984517939037821	0.893955292593814	0.927898770731668	0.998669854698931	0.933599761036644	0.995846809331103	0.998636561573753	0.962259929011678	0.967175042725285	0.993076939692053	0.949426878333267	0.978803044980502	0.920557494044628	0.991081671640401	0.970960867107019	0.949664141120435	0.725671532053409	0.998730139986131	0.960982440722988	0.926086588570211	0.990052894380717	0.974502719023408	0.989378015116316	0.951625449319536	0.978408516359573	0.838789451189989	0.95066349664555	0.979485472201286	0.581531269641296	0.990803522521189	0.954603094521352	0.90952221461958	0.974147910718048	0.477838436462909	0.96386519249432	0.996078833694299
"SRR5865096"	0.998251158158334	0.99940704191903	0.999502215017257	0.999170649502468	0.999662083480885	0.999033106201888	0.999120664039043	0.998745849884403	0.996004075650804	0.998672753627216	0.99976893504784	0.999880906793129	0.999375736828581	0.999743374411626	0.997420458486339	0.999472840467515	0.999441747024597	0.999789321552275	0.999860347977275	0.999746927383806	0.999683262292072	0.999053929529504	0.999766452909876	0.998879357853717	0.999843309632838	0.999670207767612	0.999675059977276	0.998936240528135	0.999489036440755	0.996563088603915	0.998714400435872	0.998121616429264	0.999279235836609	0.999310691276421	0.999084891667473	0.998798473965605	0.999314379025893	0.999566469244062	0.999051542339684	0.998218858965963	0.999600850739711	0.996741508795281	0.999917498619966	0.999441540583807	0.9998636773151	0.999835363250671	0.999829860942636	0.999869804715852	0.997368547784955	0.999729530068961	0.999534095555124	0.999146182254286	0.99954338539425	0.998774488208457	0.999479853639432	0.999563769715843	0.999191477995947	0.999426408210428	0.999912942337056	0.99980732895034	0.996811993239665	0.999390956353824	0.99529466270833	0.999635589863237	0.999555677154573	0.999865093907665	0.999575185384063	0.999527181341502	0.999442702148606	0.999348739091679	0.998468291644433	0.999676298512588	0.999261039396331	0.999813416482504	0.998752513475373	0.999161735803569	0.99729981556487	0.999753176733899	0.999632572023684	0.999368883650746
"SRR5865097"	0.866412356433225	0.970511215420922	0.998518123188395	0.710416527089844	0.944718041644842	0.948500574286761	0.993155410964066	0.986099166719056	0.913649266683427	0.977827508987839	0.945068710025566	0.999880348586585	0.67828413090199	0.998759028522709	0.992451713807452	0.998592186353776	0.992563865146739	0.742221682725161	0.999851214102482	0.994069104653253	0.99971234472623	0.845938353045361	0.987267491572299	0.720219783492181	0.864431325929848	0.969339400698762	0.853772917496071	0.993837520390565	0.994220515695795	0.902279554107836	0.997951848767595	0.9417523303387	0.998889953491356	0.936022624930332	0.999702048470777	0.977603743360925	0.999413957419066	0.903020114408415	0.995706498975335	0.80679898789077	0.999173009558609	0.941836740424917	0.999832448615135	0.930469591891085	0.998488767677173	0.981547616134533	0.971947508577662	0.999945133267306	0.970324473322768	0.999387019463578	0.998702800576161	0.976153934239951	0.992428494136403	0.989292729533605	0.997908405235395	0.998603854632705	0.684353116049293	0.996202354948886	0.845381803542714	0.994982874235453	0.855844220987515	0.999673567991167	0.961195558515077	0.992143271166927	0.998611069178049	0.957795698661293	0.99963622917032	0.998637633964765	0.991963918837748	0.922503694589437	0.958128868626214	0.997099424885804	0.774984310973999	0.997601654698324	0.93960401056228	0.992309512406045	0.948431574973441	0.837376859447655	0.932154713868349	0.997662334899011
"SRR5865098"	0.895105773352697	0.998933588232682	0.997865204678334	0.530620737538917	0.995919177112433	0.984851561332157	0.999455197394381	0.99420871946141	0.883729628041995	0.997569862916105	0.99058262422178	0.999669386383929	0.866553834756985	0.993001639482013	0.988910960138047	0.999009141817696	0.998548896760778	0.827425228901861	0.999932946287885	0.988802398335588	0.999291487825396	0.989224364573744	0.998504953618622	0.959085674053409	0.885281139970527	0.992114336213681	0.974136750184615	0.997778789553336	0.992788880543453	0.961389078675292	0.998416170822708	0.972208635409061	0.996653027449698	0.987510009813429	0.999710769676557	0.991520595842581	0.999967213291838	0.99456641246138	0.989732437858772	0.959915562837265	0.999382307237589	0.962092559974148	0.998404775889542	0.970132385514626	0.997450120839783	0.99317067288656	0.991673404120191	0.999772003976569	0.99029924558213	0.994242101762747	0.99767105586952	0.907722595201571	0.996196874460099	0.992896496812685	0.997306035376403	0.995230342057636	0.927952670271949	0.992547723465969	0.957973839634586	0.999774177566638	0.914223016028761	0.999802071009583	0.997342225533573	0.999708811723266	0.999468072136808	0.986413538245336	0.996782590173804	0.996185811109856	0.998275526684574	0.977985324768364	0.702991897668669	0.99381471705733	0.892036970684331	0.99989112462088	0.98861322286956	0.998587813699175	0.986858862862	0.970191972757721	0.998715478591419	0.9993026433317
"SRR5865110"	0.426361055744365	0.667551789608912	0.954440801039962	0.547244592870527	0.434061687064086	0.118532787185387	0.469828382230768	0.0986419122248078	0.111296751904285	0.647217293170887	0.116012637588174	0.208958816979012	0.354712602311512	0.207725297580392	0.166494776028548	0.33972913840885	0.262679689572659	0.702277828935043	0.55484324226012	0.486812322163518	0.753898236686919	0.592148673242558	0.374162653405654	0.158248158854231	0.557818142370936	0.394123612163982	0.130962704198492	0.700506262372393	0.663335356785766	0.16340890996025	0.247276379994646	0.636800835280231	0.371869151291511	0.834604303973313	0.0725302480517575	0.277052299561802	0.750499990990724	0.609620745839155	0.413308435433342	0.463749729867047	0.913360877336631	0.0788064904877419	0.498262161233962	0.331572204675214	0.370732290585248	0.266153742535861	0.56110607089248	0.538050244054227	0.328653659722759	0.968559234808791	0.214374631965902	0.273559466934916	0.157927782522589	0.331779092349696	0.506222084274493	0.0910369142028724	0.104127425607602	0.30498428411262	0.713095124921853	0.422333602708196	0.60326971796924	0.937417286854928	0.182880053984766	0.658664315747395	0.499095471545817	0.883935539226173	0.967756270815211	0.798121852057428	0.291882731817984	0.177725291795697	0.163894005680892	0.235732497775675	0.178404855208551	0.877691385337578	0.958289818040944	0.315477106166146	0.178605153804033	0.0509077777251285	0.704914185883345	0.84474493773736
"SRR5865111"	0.392830038854383	0.907094448357553	0.96972080680816	0.753858063045565	0.339061868632951	0.662811223271983	0.889019032831582	0.594291785045489	0.391844968829662	0.788768443646763	0.601821351529224	0.828678628731201	0.606508230537488	0.832466989888457	0.742684325371221	0.944962419353666	0.755462186223901	0.733978071152041	0.7145467411863	0.409909106158344	0.936376053540483	0.325102447269779	0.897083653045161	0.384555143766838	0.79601197621458	0.84433819899157	0.451126738253617	0.729176348207821	0.951281568803709	0.302019160886498	0.767681264472185	0.793417984253549	0.891155199398071	0.820213669893424	0.636016651326841	0.49706203773755	0.939787109344352	0.563668514076654	0.904717138330601	0.806533969091939	0.947656324901981	0.217636677947404	0.404279839133862	0.836708623254911	0.338976911790485	0.943221345280354	0.888657046675238	0.941332366674656	0.483991315570051	0.986267606431538	0.84282320499125	0.504249120831177	0.840742177764391	0.863541273068301	0.888917139381739	0.800177133864647	0.471134490786037	0.911594847108958	0.884067358741068	0.821307673011261	0.700601473400497	0.989787537328207	0.597510365535909	0.628900345595912	0.979051374366291	0.80765840378114	0.877419594042619	0.95750754851435	0.5841276251936	0.755515288518819	0.56383669904493	0.610541930719525	0.214167146343666	0.939833117412707	0.92475228107214	0.448998416650005	0.237726750538436	0.537710507152055	0.890802335232604	0.922542781103702
"SRR5865112"	0.991220929955229	0.999313392427602	0.999704188663355	0.99919193175151	0.991799932276301	0.991120173764368	0.99942054885954	0.998916363688074	0.984809740681893	0.999481377001291	0.996822106740711	0.999858777122126	0.998627674410338	0.9980954612927	0.989302161065664	0.999650859280784	0.999633132323039	0.999381937046641	0.999872082254091	0.888477731370582	0.9998742770224	0.998229507162586	0.999456939066089	0.998310209508976	0.998758364667069	0.998618510235822	0.996629505264631	0.99885693467061	0.999727374544289	0.998009868854383	0.998180884288692	0.999592864114205	0.912076394236418	0.999025040483951	0.999289999876516	0.997561095941633	0.999943670722877	0.998009180888276	0.998088703721723	0.999299873965233	0.999711689340421	0.989623609879628	0.999702286669781	0.995487393743173	0.950901209970293	0.999848357740921	0.99910476085023	0.999892573840878	0.9986909035336	0.999765648740022	0.99178135143323	0.999393192371721	0.99994779910334	0.997206566517114	0.998835497614147	0.966998939628735	0.997287373725619	0.999270615155216	0.99975351559582	0.999657972506781	0.99663618394548	0.999625892478146	0.996104309053505	0.999519571132129	0.999703204748284	0.998865601050414	0.999929937716964	0.99515882180771	0.998637100865597	0.999385893425672	0.980520249580595	0.588215306426537	0.992733815767217	0.999952183164086	0.999529029125955	0.99972297110784	0.984557577185233	0.993783360352544	0.999879739978183	0.998116316828097
"SRR5865114"	0.0171250780541794	0.627000560041154	0.743584221903392	0.438084629130261	0.432909485610951	0.144064055459907	0.877148710761801	0.663616081840713	0.111325786628488	0.878019276069689	0.515664461159323	0.978926678690525	0.0542131465824097	0.576831149361074	0.515913619409432	0.872663589036749	0.700691938609797	0.105923373127701	0.963286536959371	0.607922209193021	0.988205449741423	0.840024638548732	0.981706708690226	0.175439523029758	0.834132377722725	0.224705614223736	0.296689520534941	0.360148312386999	0.52625569499928	0.337238069595645	0.918814109650219	0.0244737945128345	0.906251223082028	0.561688436102658	0.994744445489066	0.860835789859622	0.991617144373263	0.778769903102292	0.947072204363908	0.0305315920704757	0.707909213681011	0.724322900770853	0.995090435716321	0.199048941366964	0.74329393576771	0.769310710218211	0.805537070988261	0.986341254433331	0.163566309952532	0.962306143200539	0.961741899630806	0.617837059441081	0.612485318148113	0.581063648736898	0.558384722840618	0.86106851340204	0.104141264282646	0.745498135804868	0.916378959693454	0.959466411701941	0.273677798004156	0.981039502028336	0.536818867165099	0.966661743493538	0.991260784668607	0.747035884828237	0.656103433516209	0.697201607747227	0.497552822887098	0.441655722988494	0.436347663434069	0.696404254255376	0.0142329203487672	0.987857526782098	0.501777821236034	0.662754432607363	0.667529162150523	0.602816222080184	0.775857793573574	0.776730859753595
"SRR5865115"	0.999664823661037	0.99997996634356	0.999995589742889	0.999180222869399	0.731408250740506	0.99988119130997	0.999726239157256	0.99907123802567	0.983817602743842	0.999806343337015	0.972807477611775	0.999960171099774	0.99764534162881	0.999600406732269	0.99795944819465	0.999972939793828	0.995575708935395	0.999688297089408	0.999992921085962	0.998457478528001	0.999892450685374	0.849925639609081	0.999996137212861	0.930446950641801	0.99980493926025	0.999796520498665	0.999736801361083	0.999920017786009	0.999871241322171	0.998577776221821	0.999768084817593	0.999965252430556	0.995250926629534	0.999880365514023	0.999854680604883	0.999867008347594	0.999951186153744	0.997931476731108	0.999974235698301	0.9994933976093	0.999996673209288	0.99994693944094	0.999969107734056	0.999996846647086	0.999867699087293	0.998996508338933	0.999998980709462	0.999996598344343	0.999557999048825	0.999669697732239	0.999877750985154	0.997337368223263	0.999902056605679	0.999994898962205	0.999999747683822	0.998115178779264	0.998099421495163	0.999858761923474	0.999802110947678	0.999908245771166	0.999837189462019	0.999989174654035	0.999906312315363	0.999979474674382	0.999964823891961	0.996708561372504	0.999991734989933	0.999948528535271	0.997879933729269	0.999947018964274	0.999658075404818	0.999789033327912	0.999301094659072	0.999866405417154	0.999986415054802	0.999878530347355	0.991802025670023	0.997894211533105	0.988612156601527	0.999995208953628
"SRR5865116"	0.999942745833257	0.999924209029704	0.999998344641275	0.994128643575293	0.999538001124192	0.999974591453903	0.999990706065718	0.999985394336596	0.999622378585964	0.999910310330944	0.999873237777867	0.999988772211248	0.99861944433919	0.999833427788389	0.996989079144946	0.999542606631691	0.99998939104766	0.99920865729621	0.999995224596039	0.999770104245577	0.999943836304108	0.999804486462156	0.999979857824845	0.999858835156111	0.999799066497028	0.999689621649004	0.999842005801468	0.999982859643774	0.999934008367713	0.998725276690063	0.999958559686449	0.999734627872713	0.999719225383813	0.999870470921234	0.999999457228699	0.999681045453501	0.999985119811646	0.999394829775119	0.999974490915625	0.99965152858381	0.999978619505935	0.99993889005774	0.999997928303344	0.998830323702478	0.99990501279376	0.999939389317129	0.999943527565608	0.999996803885039	0.999699785488268	0.999387461818827	0.999908864675631	0.999893379950941	0.999988975728793	0.999807558041421	0.999985207910939	0.999980328825951	0.998121561488983	0.998833970430383	0.999928983881978	0.999997696938127	0.995412392238455	0.999999162588873	0.999956832633151	0.999998914308201	0.999998737797441	0.999750072571834	0.999991332929839	0.999985485464192	0.999999170821525	0.99993163496772	0.999261406803661	0.999896024169768	0.99919688720767	0.999825572690414	0.999964158605196	0.999981557081536	0.999342128631442	0.999875816146148	0.998844240582758	0.999994361040871
"SRR5865120"	0.0653926046671405	0.460360818604981	0.766759044786975	0.130082791969332	0.456781329208399	0.350047042650152	0.836964766983954	0.157593032568096	0.122961829017578	0.7427369634435	0.203132796952731	0.628294728020496	0.336172260911803	0.558364295934245	0.322895242341481	0.88732602085307	0.859221754372235	0.154477275497231	0.905953944982704	0.300649557632067	0.915732907876852	0.482016601693609	0.637109724682132	0.13850755623442	0.375497358669742	0.380103861411655	0.0851064211180994	0.693939073124262	0.784259299252226	0.0176737079480717	0.84426813746529	0.177132729318901	0.652336043594912	0.176482897319265	0.601410753628425	0.532836543155274	0.96284840105575	0.821189848269056	0.909082951326448	0.101054418489226	0.797451743538002	0.237211911924058	0.80237142301517	0.631030452081772	0.374451078693016	0.839038096791346	0.374773012262972	0.979883127158402	0.476765274640831	0.921373165791087	0.656358726602009	0.203509583937938	0.0956233641597555	0.332885195126508	0.714110655777206	0.770936930130334	0.0673036663978197	0.283992270274953	0.553995035797482	0.912915133658494	0.332736767653441	0.993704091614038	0.578734903314887	0.81619720515239	0.963973587869017	0.22644829348222	0.409413541746928	0.547149191586171	0.190415214825663	0.180130657268155	0.0542077450559923	0.626829672572078	0.0964792861815863	0.82682700897228	0.373283403639131	0.0425250031957817	0.0997636643731655	0.310812208811817	0.802483179005144	0.903472229197918
"SRR5865121"	0.148237981665961	0.709112790661989	0.859633605712673	0.838639729242515	0.376037835076223	0.217337945625414	0.682817565537436	0.095305503752511	0.0939746572792867	0.539068843887522	0.288295500364668	0.818756154181698	0.351024319104025	0.238623413259252	0.323858158855008	0.33196313448982	0.402130301470365	0.572567960884946	0.365624428456373	0.154718568525637	0.689337012453174	0.264680176336577	0.852035289818944	0.0422051964529668	0.656205955462355	0.453454331602658	0.235302807398812	0.652702358952458	0.801656027713639	0.126366749144147	0.774030956750978	0.51414912095602	0.422492557368506	0.610523509229812	0.544723277193881	0.309314003827213	0.866769407017384	0.456404845382545	0.572388041202859	0.175934263972583	0.977161049054976	0.365733475645099	0.569088016775657	0.339744472286416	0.269425008008972	0.414744639375472	0.525992332588823	0.871667852131918	0.328737473398917	0.453662766108705	0.704903265070385	0.105022372333673	0.425876772928876	0.275946544595832	0.323716958888345	0.374605576741062	0.207721724181255	0.747073280266835	0.637729341999198	0.809515646409614	0.122534682142799	0.847416993378996	0.164116640078668	0.836121380912931	0.94488883477298	0.717547337087253	0.125454009295425	0.862583920639918	0.871131669572297	0.372260731537382	0.414433526962976	0.154689509694306	0.0543875637141567	0.684578959957558	0.161126156078784	0.722674252875844	0.173646142306099	0.0916835475380092	0.261704233549636	0.893748072497221
"SRR5865122"	0.995323845448518	0.998423775920434	0.999157585685663	0.714871815318865	0.879698903925286	0.857665921345569	0.937683276316859	0.997939249099389	0.957327292072637	0.974717411276005	0.807141918574285	0.9994425801287	0.769120108773054	0.986189159052828	0.897132054180621	0.984223645648709	0.976999838757526	0.994414296772727	0.960061311906579	0.963440561761313	0.997838285582937	0.982372286065083	0.994131382727967	0.97550646614367	0.974994157470124	0.944885183991221	0.759735600410116	0.925600985823353	0.979708999062156	0.685797986231405	0.995080859746163	0.927512007111589	0.996305858462926	0.960428236564765	0.999524852553058	0.816268767913702	0.905912315760855	0.991903940297982	0.996898341515505	0.849611228417415	0.963037419076704	0.820272594338647	0.999843333012625	0.880583568604203	0.998269087895961	0.945228162058443	0.999400866747514	0.997124917863491	0.834706567018499	0.982919668233153	0.99774521531601	0.252223355070052	0.997207257083561	0.89833088572093	0.998454783532939	0.992913654204377	0.386788475009654	0.920452045417852	0.996794679948987	0.994221147208168	0.492883656058053	0.996098389501702	0.576796135375307	0.999081326397404	0.999681517692173	0.998458437117156	0.99621300959088	0.998959056742038	0.999200058407607	0.97680206726987	0.994797795922726	0.997928632379491	0.618440050699491	0.902568629106793	0.888168790460254	0.985742959406188	0.974760635974959	0.909926092235205	0.976731931795456	0.996053177292545
"SRR5865123"	0.39710935912836	0.885459238883713	0.9958314279242	0.379150691664347	0.566475148782083	0.74294693778722	0.94040544112073	0.495079507714771	0.328246879785094	0.93842987570823	0.356615251227863	0.738962574831858	0.586312112204918	0.646791333966436	0.664451232502216	0.979962922057228	0.930369018473683	0.807328718090196	0.980781864538177	0.960488605641175	0.993582604254775	0.81920786244194	0.848797924151329	0.297548573049895	0.970174802318516	0.640482078402143	0.579959196826238	0.807074629741017	0.972205894828633	0.0771266187199553	0.959471088158154	0.940166568145898	0.95493726002834	0.953732175661403	0.968320006934992	0.699113353556962	0.980650479434647	0.775699365627381	0.863040216867444	0.695807501423965	0.959471032131103	0.340602208431965	0.989062051695284	0.917724143588082	0.766294256578735	0.857246040465765	0.978326706626411	0.977861409593824	0.475617118370089	0.982469744343482	0.943404005422585	0.979590626027785	0.874448727741427	0.690428248427907	0.938003930922349	0.675503229752123	0.600200071743814	0.81218502550128	0.975030346774294	0.929166882035949	0.606135049865133	0.99299295323538	0.461033938208533	0.994785835365132	0.993760901447822	0.865607024083587	0.949458997098721	0.995309472440863	0.758179208194677	0.66545287083878	0.270108164994784	0.908386469882674	0.310860667469873	0.99546047543426	0.771620883375225	0.92231306815575	0.460814121278931	0.629041829215145	0.879704711637031	0.980273291535212
"SRR5865124"	0.0350964970858546	0.508984618039832	0.41919428876333	0.767154336408262	0.141576830464005	0.105915398110861	0.829222264525634	0.206378785012572	0.366093554056467	0.706007827034422	0.247738424637697	0.916179416228011	0.555315643127264	0.522103275076717	0.403927805918276	0.722327203647002	0.433261704854326	0.625082161669126	0.822963001281882	0.000224127462950665	0.948519461492251	0.177886895627163	0.878551315367666	0.455859179090366	0.820808853393145	0.0599591234851603	0.172513870599462	0.173797391013984	0.512591494737727	0.327711698650942	0.831247858030346	0.141055653251641	5.35883769563147e-05	0.544117656904361	0.736438497202389	0.167457980008109	0.94545587371874	0.443408066349764	0.507414124595973	0.206772282223215	0.938167375391076	0.094605822120011	0.674092631120847	0.10158685527301	3.58892559839735e-05	0.766212734275112	0.0934243721369549	0.906638655928058	0.0385883219736812	0.94969607692882	0.000106703165760025	0.767071771330553	0.464629767603602	0.309691753627792	0.216887621379859	0.000394917697983051	0.389193003586195	0.240188367398345	0.877711989231018	0.651283377721316	0.411814531671173	0.978417447904365	0.307376796533092	0.763813094179002	0.622617321298066	0.489674916291712	0.659655156766126	0.0213505451514277	0.165718710544987	0.501493694788011	0.0166264530368369	3.64910223600963e-05	0.104923489362684	0.722272169095127	0.536127487556345	0.953289974526581	0.0889082786027046	0.311392987517591	0.956567769385633	0.474890321754549
"SRR5865125"	0.935175170906875	0.994370848642644	0.977263580364906	0.973927450514753	0.995707691806152	0.995141522682886	0.982226615461833	0.86546747954293	0.892975696808855	0.997229463044002	0.986046040322771	0.994294800595086	0.990830831426319	0.997478046740462	0.987384399252709	0.998658120764401	0.994174555189169	0.984946150218805	0.996884262753635	0.982326658281269	0.995238762015326	0.990632177500987	0.990656852604229	0.948750110028153	0.986640553484919	0.998851069645266	0.980543451025504	0.989466762064023	0.995281341788984	0.972939665626299	0.990607329875238	0.99053978203617	0.991402657753165	0.97163875490805	0.971132629884466	0.985304953711972	0.997129343068827	0.996776456112468	0.986852514644573	0.982370592313195	0.997647482871428	0.945998958751692	0.995982353694968	0.992437968992642	0.989397326415319	0.996944633406171	0.996607264398727	0.997853193609937	0.997861513362778	0.9964557947365	0.998667419236036	0.988834648620667	0.995946603942405	0.997205055393814	0.983283179621096	0.982265228063679	0.989597695242974	0.999516889471595	0.998415115211321	0.994505187109704	0.958696247300774	0.999675765827972	0.927704751425808	0.985493772171984	0.996920014975001	0.997218752250922	0.997256718873593	0.964240807225699	0.991311790737628	0.987970462916546	0.94408258151397	0.927692286028231	0.99194623009927	0.995671108722359	0.98862063374614	0.957501310010093	0.930005117570534	0.997074416610715	0.996158427186452	0.964048053255772
"SRR5865126"	0.97673900336889	0.999225047316112	0.996981543463447	0.999695625061643	0.999903906396633	0.984947398829027	0.999036567730149	0.938766481036446	0.851552477825821	0.999841090802681	0.998184506003213	0.999910384676477	0.999302482698657	0.997781938795918	0.994044641180245	0.995678812343049	0.998858613744082	0.999222547159514	0.999636474462759	0.997398711377324	0.999523626249282	0.995603441660499	0.999262493238853	0.983460547204013	0.999876434715146	0.999720133871753	0.999029711406464	0.999390235713647	0.999568588317712	0.998937796656734	0.99987523668863	0.986003092712749	0.999457361652946	0.998707557798765	0.998130078254634	0.997617156786193	0.99990221236818	0.999735908664474	0.999855000883716	0.993572266071013	0.999984491157197	0.997330946508041	0.999630736248571	0.998715926467921	0.998996479938662	0.999679345929909	0.999036281322337	0.999865620888907	0.999656540042952	0.999683510820924	0.999911114906282	0.989584732714255	0.998923722172047	0.998936386417475	0.996945247243843	0.999200787005751	0.991619356578828	0.999992248702183	0.999629920264559	0.998239601256351	0.950394265302027	0.999991960683941	0.957126340051231	0.999242096521459	0.999514586002638	0.999967088611414	0.999297664560453	0.997421916196801	0.997778465557835	0.992152315052365	0.996058622396539	0.997716308108375	0.998985178889987	0.999837078382564	0.998008377164055	0.997509071197914	0.982036990691198	0.996440939459983	0.999787367549704	0.998773653435682
"SRR5865127"	0.887136836423838	0.992688914898767	0.992452600259035	0.860774178444003	0.992317346101873	0.967424111956255	0.996438017956366	0.97844947260494	0.922467403316206	0.986074275379273	0.977603560430057	0.994844971331124	0.982106807697084	0.985746001239867	0.973900598025136	0.996814115687904	0.985076896986638	0.944785701366042	0.996935149045094	0.954529554410944	0.986622339911329	0.926579836862049	0.994996691815133	0.971569909911579	0.975128817273047	0.978077315963678	0.989134818410881	0.990331071774516	0.998291355097588	0.987186942348928	0.997601568237375	0.940463708774656	0.997687425369028	0.966003908132296	0.99288790969002	0.93037456164628	0.997772597003175	0.983995394906971	0.984157616311421	0.972424068102694	0.990381281546258	0.995547147181114	0.977816654358734	0.997081371299185	0.988064781721695	0.998140109679037	0.995902485484751	0.996582662431063	0.729337425706856	0.99339436016798	0.995969195115593	0.981304173553512	0.996880122672944	0.989870101698424	0.996921037480459	0.982307617722513	0.96629119743819	0.997396336373186	0.968551718952557	0.981011902902508	0.985635515166568	0.997922376170963	0.988168446868845	0.980276677183134	0.998733058282821	0.902682113357553	0.980159209728729	0.990711836880077	0.992294711791661	0.972785977801155	0.965034293351841	0.960947496428764	0.944205470412563	0.996313663060304	0.91190505182718	0.995039983887041	0.748531811164436	0.976913721652027	0.989390078032734	0.99321208394388
"SRR5865128"	0.518015702216978	0.939178919457729	0.988025770830838	0.78971188498289	0.945177111062934	0.58210639646426	0.973428007215015	0.51678927412542	0.17076263781865	0.958535021281309	0.632206060580906	0.973949519246347	0.868027046214181	0.468377502934804	0.569854770828428	0.694992263807807	0.987641093275982	0.939572885986001	0.986503525780808	0.732047386448793	0.971993477379199	0.830269251155415	0.946248510288753	0.409209608580991	0.949847056239341	0.925343976256201	0.842648356259109	0.990767093502782	0.946064395586988	0.666373222971475	0.995276796383287	0.679812044802066	0.708113195050982	0.848672160536042	0.981609783344723	0.936879046232406	0.995650644509365	0.709516971925795	0.995326306273599	0.507374630220597	0.990564964580414	0.944081810052683	0.970664458455736	0.917515317113102	0.479750674398882	0.842480746107774	0.98934969316652	0.99491567102067	0.776876738196594	0.844630551566814	0.867932952197054	0.692153448314254	0.941864142564688	0.84787329999442	0.981195500503161	0.860266778562644	0.242469154068627	0.973461907551385	0.939414086875056	0.994322144751584	0.233062536523683	0.999216806056894	0.793869084221011	0.994561675131311	0.998935118362886	0.95017398518245	0.592638750107703	0.96359072194512	0.937629389239941	0.786689266668288	0.847278273823594	0.793297502991507	0.695492206961214	0.988337242574806	0.414559311188128	0.906986651283272	0.491287315242073	0.43091708053697	0.57201814144957	0.990373965428128
"SRR5865129"	0.867868363171187	0.995973863126904	0.956473423287872	0.324842429707783	0.260176898559612	0.373333968637886	0.71958097024018	0.989759212267625	0.494284998171504	0.568209934779485	0.0616962779030277	0.995435917284059	0.509602580346246	0.886061035264333	0.352569185489215	0.833659280805947	0.859021091735464	0.328594332509433	0.479766090825252	0.261382594338481	0.910727718713944	0.0836814250039379	0.617149420332868	0.82679314613679	0.947262751880874	0.647965952410909	0.432738824495847	0.773572575737502	0.630257350196821	0.84925794239367	0.870662891190343	0.163160955074758	0.463634423107465	0.522313651717283	0.844186061945561	0.154802648970896	0.868876003480294	0.0579033048464224	0.392745733403103	0.41615526304011	0.978363691433177	0.841734841877159	0.861584003474376	0.304357873220298	0.430829471972539	0.533001930466294	0.771191818492684	0.864161173668638	0.194799133214271	0.340319373644255	0.479222855981245	0.0385190393421498	0.994034019893356	0.381469868007708	0.920026545919618	0.965037582196225	0.104937637394924	0.826752502587596	0.647869863806662	0.958154478442678	0.178364536603851	0.977197510617342	0.273760409238277	0.855390714914702	0.992447676198177	0.811472199809365	0.194819269341553	0.801975796915218	0.998529461516875	0.200238081765934	0.984775738585126	0.892480867294917	0.259953552569701	0.678930619123592	0.159068415947728	0.849246469193489	0.0685994078539544	0.0999879200143167	0.932276888742616	0.908680206728356
"SRR5865130"	0.933879339530121	0.853419132265117	0.982916854409159	0.214152775636994	0.727993391336669	0.747550992090298	0.725195044650425	0.878596642123535	0.736692905370968	0.518372210573782	0.483646028390756	0.992879716914273	0.471440049353742	0.919981425664936	0.698758324366658	0.963745805903951	0.820858574235864	0.4247451282941	0.765078868162552	0.688059490954298	0.980083662634883	0.806843329567866	0.493420750272065	0.822840402132367	0.676384020743972	0.557900735290913	0.530067468928287	0.824150126473979	0.83987640600314	0.679716589400781	0.964399919163554	0.707361267878027	0.92568980175542	0.743221345281365	0.945710027026833	0.81114170599079	0.963673616058273	0.886839380061851	0.875744550074443	0.842318462944252	0.646059987547376	0.428041349466874	0.981662349440247	0.892006423222914	0.914423950229164	0.828108742720237	0.861104200401845	0.968576655384923	0.615858719612608	0.927958637039441	0.880527301465975	0.33186788695098	0.982421296132713	0.807116042069651	0.912821777731273	0.91790582160739	0.237630790066289	0.911226356567914	0.906256146393035	0.966189078164567	0.474518314643437	0.965717958227694	0.380424049214223	0.943836796546013	0.985836802712074	0.924472423705494	0.897860940253729	0.955636317913588	0.968494556371474	0.555724103198653	0.936817245502654	0.980229516546097	0.259670854300787	0.942899958907699	0.54250468432015	0.583357749866969	0.681685064416785	0.521351814047408	0.959466284934031	0.817033265151519
"SRR5865078"	0.998835130052959	0.998790097677455	0.999973121926328	0.994508744184452	0.997040599316997	0.99695885173654	0.99958857415629	0.99473512149171	0.984673942347603	0.998824339283945	0.994457445607229	0.998633730557814	0.998181704121563	0.986428474526599	0.95941610031844	0.98193500543418	0.999392929062738	0.9990133420424	0.999565598897291	0.996613654061158	0.999296692713404	0.998247588789858	0.998921825476826	0.996518174731747	0.991310750047876	0.997119250598014	0.984391896083965	0.999658306568556	0.998982771666902	0.983501588278028	0.998193360219863	0.999269516683752	0.993556370358862	0.999671230181882	0.998491738817357	0.996482467468974	0.999927109765251	0.999031532559695	0.9965011338751	0.997764283148789	0.999839966415063	0.992669748354187	0.999530870440895	0.994964755177962	0.999259439297129	0.998240752760342	0.995196939002037	0.999354006260272	0.999132124988371	0.999437170957449	0.997368984790884	0.990971708323538	0.994874355726102	0.993582944773458	0.999736774448045	0.992835775176616	0.992647513357945	0.993707785807646	0.999777545057247	0.999808630288723	0.99448930774409	0.999969636009229	0.998190813722074	0.999976827926867	0.999853441233735	0.99961233852944	0.999983191326399	0.99974952195718	0.999448127686513	0.997830036997422	0.979428121388477	0.992517412873525	0.991204332324667	0.999583403947187	0.999956425104849	0.99984611285779	0.991654601050347	0.968450345621835	0.998784504230422	0.999661134739596
"SRR5865079"	0.977433421247103	0.996168348700814	0.998491394230998	0.984333875331786	0.99635560173066	0.939327991421895	0.991601077504078	0.891450621505303	0.83553708114938	0.995370056814065	0.985403947897773	0.988492714381457	0.979064667432939	0.911945732575016	0.838302101968561	0.936042686814262	0.988032086785335	0.997743438250497	0.982599789949093	0.961533919808737	0.993464363880565	0.979239318297391	0.997538070394754	0.947737508575844	0.98179652579002	0.971080474148935	0.964163135541692	0.990483546373875	0.989377789698707	0.967557894907371	0.97893057074087	0.987825419524989	0.978139247754837	0.994249208615032	0.992594311505413	0.976207446873134	0.999348190018934	0.995101984523234	0.98433665925403	0.941819375376216	0.999701402357559	0.996424974692016	0.993044393669931	0.967382375671482	0.983647024517335	0.983180451589691	0.983018779693662	0.990989155979138	0.973411056101854	0.949850826637103	0.96723317541362	0.979632244182465	0.980187395479824	0.952636483126029	0.995425243855526	0.96890235422894	0.972734778181596	0.97818167103089	0.997648267254898	0.995514828668108	0.843094779907005	0.998862876811302	0.948198291471761	0.998361090928051	0.997412041503238	0.992067070692975	0.990507799618078	0.996901073866449	0.997515163805354	0.976632591086775	0.954591259566593	0.916772421197571	0.978366839659799	0.998097570635296	0.973408369727088	0.998898859485326	0.972739071332532	0.959348556597052	0.994619237307027	0.998594669435442
"SRR5865080"	0.977911648016891	0.999677441219029	0.999657231916937	0.98300241997794	0.999399246621266	0.986551835869827	0.996086515503797	0.930266023567924	0.949691535684502	0.993611967294919	0.993876571345545	0.999695145638989	0.99710665299368	0.995453588592422	0.998077685093102	0.998238862051957	0.99914358328687	0.995800140688398	0.999687957865449	0.989478678385611	0.999109694687121	0.999079859903614	0.997223741425299	0.9854793952676	0.997477440371492	0.992555760289135	0.996768421230677	0.996638616495917	0.999286700706753	0.994838292044138	0.999839059378826	0.994868368395097	0.998552335683506	0.997023640910578	0.999759203437462	0.996919757308002	0.999749254615801	0.999482140944383	0.999787411579655	0.97991564188343	0.999758339335836	0.997896169516817	0.999935175710214	0.998519086828002	0.977626383946617	0.99927590450322	0.999182939325912	0.99995032089404	0.995509868425042	0.999416529079242	0.995468545668011	0.996699960809086	0.998127506225208	0.994831783720476	0.998639047982571	0.991199159077993	0.986907902909054	0.998077855112006	0.99946235762818	0.998419654648899	0.92445625424107	0.999646122622623	0.963320088994339	0.999734518114896	0.999869574087042	0.999318030255698	0.999554952798998	0.999147690890833	0.998561047502995	0.995707739236325	0.995602453124137	0.978349221086487	0.991961689478836	0.999830859413704	0.994774466932186	0.984941678035008	0.99781384413412	0.995253455180971	0.997493535441257	0.999878487450873
"SRR5865081"	0.177222143018856	0.466906225915117	0.97320271828223	0.790400847468456	0.194701951440811	0.309701986820083	0.984981367149002	0.895860723236076	0.197892892009097	0.930337820004232	0.381010084801368	0.991047699956885	0.39988267204196	0.740784531428779	0.811587907681766	0.973866123685847	0.947994078020112	0.0885430206656564	0.996047078892217	0.781264297461919	0.968184702140426	0.378100778020754	0.961549368824424	0.509016717961453	0.944868994769136	0.984369155254513	0.119142213762985	0.944401683530572	0.885957090614917	0.410652308291988	0.953442990472018	0.64009598635267	0.634266176062078	0.775141106593749	0.970881518027796	0.734338249115502	0.945967360498931	0.364581000165436	0.993841336971885	0.32896992183639	0.92747607918966	0.947938094978724	0.9934023852691	0.777767800769899	0.634087784680353	0.920335316175874	0.995875962123358	0.997615625839543	0.82621821541673	0.994478001364736	0.992332078329517	0.659944611423836	0.802437129745468	0.523991261848856	0.884019029056259	0.920576078149678	0.28290087889493	0.979228972110033	0.888079270357322	0.906293005263067	0.832546927090027	0.99353909979193	0.781597054749812	0.964367670028541	0.993007003316664	0.742220341146923	0.832866614996182	0.961842967992474	0.780828009798565	0.944853828585321	0.875076784335501	0.610832746120474	0.430340461298627	0.988217322523737	0.977205095099468	0.870198242886194	0.714024600509754	0.479226761543671	0.152675208557413	0.877436110079045
"SRR5865082"	0.999933390301907	0.999896258493138	0.999989006843791	0.999901375723523	0.999852710681102	0.99959466139445	0.999931393184299	0.99989157588156	0.996964718593349	0.999800471794416	0.999817013715772	0.999923764220621	0.999897578785245	0.999736581776557	0.999421158171084	0.999507948992069	0.99980895412686	0.999947618781384	0.999926661258588	0.999819716860595	0.999982599430976	0.999507959752767	0.999914436303365	0.999579228826555	0.999938703892203	0.999683781070021	0.999925843934293	0.999963843602485	0.999869813157478	0.999945304163679	0.999043461961539	0.999905516352677	0.9997185371298	0.999977273983759	0.999860784661937	0.999621789303939	0.999977800783756	0.999724323942072	0.999848983701424	0.999971160487049	0.999992002599878	0.999753541608673	0.999778649733314	0.999448491841633	0.999866179124021	0.99996336296082	0.999908933622401	0.999886362256509	0.999767562421005	0.999843664757339	0.999591709995086	0.999953393125812	0.999963761069125	0.999518252990966	0.999974922974891	0.999762014683175	0.999216112472878	0.999909634882308	0.999889742902207	0.999884136732532	0.997949530115971	0.999963027222088	0.999461187827681	0.999946143053453	0.999743336365672	0.999891868182688	0.999989394042884	0.999962433221871	0.999978920105295	0.999515875852504	0.999852105640227	0.999834265571915	0.999695483167433	0.999992533460777	0.999932249946091	0.999981812629609	0.998189007502293	0.999668850419462	0.999918741134226	0.99997289722066
"SRR5865083"	0.99989615413424	0.999885068588731	0.999974588098169	0.99850687829146	0.999906182709136	0.999625231226596	0.99970348777535	0.99946988981429	0.982826313900163	0.999614314337609	0.99976311311435	0.99916296740663	0.99964586504073	0.996767407463477	0.99429853190218	0.99617807279982	0.999682694906419	0.99795549050869	0.999908972604509	0.998710574138878	0.998651195289561	0.99704829546025	0.999881267418908	0.998244868704242	0.999079714153535	0.999281131801204	0.99923384193846	0.999880964808499	0.999187570710357	0.99958542404989	0.999446142986437	0.999684915916798	0.998755439894126	0.999895933474982	0.999658500853982	0.998980965303119	0.999894082813801	0.999888451213551	0.999891750647042	0.999762708478563	0.999987851719763	0.999776764958329	0.994825005819928	0.998996025549736	0.998379328784645	0.999213097636965	0.999797195458069	0.999446080069615	0.999387327471232	0.995463869180652	0.99935082177452	0.982559542214816	0.999346475070714	0.997705651172668	0.999927402297779	0.999027658912877	0.999045376855241	0.999814292667939	0.998937271054524	0.999800178704942	0.989934347737565	0.999964907476778	0.999622277248571	0.999940634358171	0.999735074605997	0.999847939183311	0.999915552621949	0.999808516266673	0.999969530528144	0.998674996716736	0.995481359462411	0.998365403236711	0.998965393576745	0.999857275618561	0.999950879494903	0.999921306592372	0.996448973235121	0.9991381509805	0.998246334949811	0.999963254914242
"SRR5865084"	0.727659148841261	0.823124589188776	0.873540097677798	0.508718331295864	0.323845587951075	0.452526093239522	0.792979654832762	0.368123622511533	0.376760210105348	0.76511719672179	0.506770556261625	0.935715508155705	0.641632286901883	0.396893426000645	0.411169184861755	0.877673411516035	0.742127056106249	0.736066333336889	0.909194463979673	0.612314745779515	0.845294276580058	0.634300679297509	0.80579771798759	0.335979161129504	0.617252660325932	0.55163559055698	0.634953760853185	0.506937471224384	0.936142303913423	0.342119829104652	0.7932888484718	0.635799261128305	0.718375335509751	0.661312216344284	0.567859636388538	0.465878814049548	0.864825001883155	0.91199693232965	0.900686012528503	0.643281183183398	0.719805562150718	0.381250989541181	0.916132220416776	0.831724395882961	0.894312777362103	0.887364226209093	0.748171236832216	0.945686639444045	0.532294975881551	0.950913437670282	0.953623709187263	0.332091238274419	0.65931278311782	0.474332611194455	0.862964811006182	0.676825648094667	0.304023147356387	0.7918502307107	0.863174251796125	0.863095793146724	0.741867240794357	0.863042752078108	0.306597170202427	0.840768308172137	0.969364539326419	0.596969527863919	0.590907254445509	0.738057639974007	0.375978209429856	0.528227139487724	0.229039465083358	0.788229278321889	0.344983892185551	0.89646631714637	0.627428754316886	0.48965322472943	0.34652380659221	0.220902742419249	0.840773157555517	0.582330800991005
"SRR5865088"	0.992085424619761	0.984669898424602	0.999530389616561	0.973094686614347	0.991784611358668	0.962252225679171	0.989072102045916	0.968907791589263	0.870254586148921	0.983280417587048	0.954045023117401	0.985336234576419	0.98693656960428	0.946952194915224	0.925700788597354	0.979460986812515	0.962260676727104	0.995661951279654	0.987267757480937	0.988608608782186	0.994554923110712	0.916443467933119	0.986425549164855	0.943488608840994	0.97020588451176	0.957868919043206	0.983413654040375	0.993106889434722	0.99216814128982	0.969123453365879	0.973621978089488	0.989350720024719	0.984124300953046	0.998037724395805	0.985069580783711	0.957572887693706	0.998195556197857	0.984605493954317	0.97912496005563	0.985414648091586	0.997995963097564	0.978455169439624	0.985463678383451	0.978657608798886	0.987230134332964	0.993937389227335	0.965542076234501	0.996304891916151	0.96149869472009	0.999806845107849	0.963792629120079	0.991752415990222	0.9783366788742	0.956751732937526	0.996451249373139	0.938619103254921	0.91174079294959	0.996706464372973	0.981312800033022	0.969757186107901	0.993204898085292	0.998545046020248	0.935181355693552	0.987295696968254	0.990959977488127	0.994064622636048	0.999892977747311	0.997100209900041	0.988965479519928	0.959330642236097	0.95000586095791	0.994553442599239	0.944994037412435	0.996648043179575	0.999641084352679	0.993619113399994	0.854967729914405	0.903553730204027	0.996331782442135	0.995851904732739
"SRR5865090"	0.904221004170643	0.971358906453128	0.999631131817243	0.67103568458415	0.592334111428236	0.914506253245656	0.969753348443442	0.864624986965028	0.832460158888548	0.943129233727122	0.751722724340146	0.989351269517787	0.850810552900796	0.935673342463198	0.936149688694298	0.995230970312269	0.961604142753985	0.914288722252599	0.985806547786877	0.956325337422648	0.994312737258604	0.87168990762887	0.909052458871372	0.827397686173864	0.933357047399479	0.85101361352389	0.689268922838822	0.92663280297734	0.991504220562129	0.278559810063332	0.981828734094512	0.980017538449936	0.988990079884361	0.976728287193109	0.99545869908248	0.884930617414402	0.983378732179809	0.959634040802591	0.988289934635276	0.949339624088223	0.986444011049923	0.807043394289318	0.997124832206551	0.967366681890252	0.98126134908068	0.987598080761531	0.993310530436204	0.998559485473067	0.813873370459983	0.999177315828846	0.988040624235918	0.933349940242695	0.958799359151426	0.91636218681952	0.981554653375043	0.913791312088564	0.678169751644732	0.954400253545206	0.973302973623023	0.947050832690778	0.973424797134266	0.990410992313909	0.759549310953916	0.976067312991087	0.993435479095908	0.943298764238923	0.994297934721465	0.998099627624401	0.928428552341287	0.948248681538768	0.565979594528223	0.981046551988524	0.563607348013388	0.993883116911619	0.975953117051072	0.955374258239528	0.942029194597728	0.769235493705432	0.976627282120318	0.984228190372702
"SRR5865091"	0.933940358334064	0.974167993031027	0.99878767467035	0.737344751606759	0.986403784897895	0.849632048510083	0.96938661926405	0.691717684164476	0.762554948026318	0.965922668214516	0.924544981538418	0.996888300229421	0.944505935165911	0.916020385154247	0.870482549999206	0.975341945544139	0.977022076410519	0.943018447375849	0.990649420696677	0.969453904030789	0.993782290348492	0.949829644959324	0.969462699044343	0.811347973634762	0.826825103965495	0.96768190305997	0.89514005423539	0.970102780032663	0.996438665372001	0.85278735230755	0.994638141981152	0.881020798254017	0.996165603799883	0.986206147543032	0.994683672763644	0.949389475548882	0.996217607219117	0.995872465862794	0.995125065346845	0.758480659035361	0.986028285244423	0.950833483170442	0.998709600277962	0.979479431420323	0.982692256113045	0.985564762580273	0.980756147340391	0.999317321185267	0.916214119733029	0.998602747760023	0.989861842903818	0.871567899342174	0.88323288750196	0.986708033936517	0.982570386861778	0.956748336136593	0.712540471186904	0.976071167348411	0.974201600400327	0.988588024266391	0.936973400851595	0.999651383397806	0.798814548410176	0.987988918750415	0.998340299460915	0.985958271991469	0.997268028517538	0.997826440769984	0.965109926789527	0.940091210371503	0.867230630922084	0.971571723661047	0.795964870470732	0.990008289026425	0.99378879916859	0.869581512867662	0.961858629611452	0.797460082919336	0.950638523390523	0.991329355461935
"SRR5865092"	0.999905880584964	0.999930616580328	0.999860625992954	0.964121925109835	0.999251547206704	0.999555643716074	0.999658260552369	0.999951235677329	0.997383241034601	0.997058060461065	0.996964676598646	0.999680334414654	0.996987401109238	0.998658778751497	0.979309065525407	0.997757739724593	0.999864654093979	0.997901780626087	0.999311881229759	0.991027918139227	0.999719388673466	0.999097847005229	0.997661499589535	0.999590841086023	0.987757315288019	0.998798614136033	0.998467267955276	0.999913462996602	0.999567159852367	0.999935651157164	0.997411685537204	0.999345303763543	0.998714481608012	0.998831948237942	0.999809874621884	0.998628981247895	0.999950166661509	0.99949519368105	0.998515457834463	0.999589300456488	0.999852065363392	0.998486080257071	0.999262761517082	0.996948033958358	0.999697211858354	0.999785989089408	0.998239857354257	0.999636388485515	0.999546992166474	0.99500701409259	0.996125259633189	0.998430253590047	0.999995253005079	0.999910760014679	0.9999509134923	0.999552583729799	0.986884231469699	0.99851953151599	0.998460241615476	0.999933670509652	0.994033052213055	0.999896008693361	0.99909852064068	0.999868365696999	0.999252774579318	0.997212047075194	0.999896229773944	0.997771879049157	0.999988344229009	0.999578773746513	0.999237645559698	0.996700902584851	0.998031020591148	0.999874931633738	0.999296443673891	0.999823882527793	0.997632549892646	0.998715206412506	0.999655513299601	0.999797068119133
"SRR5865093"	0.783956439909693	0.927895214860343	0.616688860441584	0.13705772159132	0.698937444983385	0.702725747314756	0.518277718451139	0.904907422665396	0.534031750810639	0.433861061615252	0.357606254840581	0.923363908950323	0.240703300071291	0.877462420575545	0.747257151496053	0.989628395404538	0.830605097316636	0.232959140909729	0.945347769042509	0.818226353907787	0.959611142411153	0.782586191132852	0.316574795578038	0.544504748008645	0.361641300935312	0.753214282024987	0.39523582272063	0.683106710765718	0.879308404039718	0.743528153592062	0.338225114656989	0.751272787520315	0.975669980652814	0.433054966732664	0.862054835801907	0.549913146332936	0.902907111924245	0.922405680351581	0.295303851957484	0.215224222817438	0.705160641179149	0.299268521003574	0.942931577853922	0.587600609404553	0.931448856348653	0.382561395491888	0.696606033795231	0.964837268521046	0.803980575992589	0.940031470522265	0.979109814429414	0.807768294858169	0.991807080189628	0.973545506717191	0.732882504741321	0.88951121124961	0.221463416021501	0.30917724825813	0.482123102775875	0.856486648178213	0.626944541184922	0.904872707672669	0.53955984470663	0.535870063523622	0.86922368389545	0.775894563568403	0.95595074046326	0.662661139441038	0.84391076372129	0.535975357091911	0.610605975224325	0.901866699141533	0.450730577258839	0.937383810877611	0.577441012385926	0.294816422676313	0.794234420770276	0.112994754153918	0.93581220236041	0.812623466039726
"SRR5865094"	0.974628364298195	0.986827544555763	0.997965425172375	0.953753420139967	0.974048038339782	0.923257518882006	0.988372475014975	0.931082841342821	0.91691122838047	0.988568375719814	0.961717286084184	0.995925724550755	0.966221589514087	0.972963481179122	0.953816899020212	0.998386475437086	0.974958444395044	0.978170489613768	0.989548265676324	0.962061288457856	0.99736903848443	0.975454957862024	0.984006602237714	0.925646515073991	0.966183390330941	0.982573920453436	0.96046781854816	0.969126177243569	0.996299004232212	0.886476030900155	0.9925627606294	0.983190518897474	0.992838576492004	0.980009127795698	0.991432942430001	0.889534204974008	0.998168537556123	0.996727889872199	0.951903130058388	0.996267967194194	0.990927702912565	0.955147771129112	0.996500281995007	0.97202942772955	0.991112317590114	0.993158366371275	0.982800383731086	0.994966487735961	0.962160572797557	0.997961744702666	0.996432975543667	0.972167603434013	0.987729463602318	0.975677542283085	0.983902949848357	0.968786435075505	0.911985031436481	0.983080266171488	0.989789544514325	0.990472525504118	0.957748603736898	0.996932721815033	0.932365081164609	0.993055075440965	0.998882242372354	0.991010011907688	0.997397179599129	0.997974956862025	0.956857903903744	0.960572250970567	0.82384290821555	0.968613974230698	0.920429992978975	0.999182506208488	0.977906785882119	0.954932750750954	0.942069770902622	0.799206625024365	0.999243201198551	0.990075374231027
"SRR5865095"	0.676299601813548	0.87853111066812	0.996648124373113	0.243900324504896	0.653776374353161	0.661845974619418	0.894792410106565	0.704676989110916	0.651040791983623	0.924021537266555	0.680141137136684	0.964854564817101	0.727495698807977	0.736403074999941	0.693860098768415	0.928911766930995	0.972691590353508	0.864913348137336	0.909023452726873	0.901197384564461	0.987994969256841	0.981385263022575	0.937128787107279	0.721401972628336	0.576014036850586	0.857422998330018	0.796760426387464	0.90417327843811	0.986240178445581	0.256198873132589	0.985025524543603	0.675842246167302	0.97336381500758	0.797609092551071	0.996859747828076	0.938445052632624	0.942544283602596	0.986527599796754	0.980541981869604	0.748240954756613	0.890305512275971	0.441543410908306	0.998089695189568	0.900292066717469	0.960105140116174	0.968142792940576	0.989367036092074	0.991710988244462	0.538057991882788	0.9827735819282	0.988054297074744	0.785424927055609	0.848057393662421	0.993687514327422	0.990286776720023	0.921598152747446	0.416733230754973	0.842354038180075	0.995297631633569	0.96793828144623	0.644116545611137	0.997525934881945	0.631533770514943	0.991716579103797	0.999029553737675	0.959378764597741	0.952587070549118	0.993113115126303	0.696993621426405	0.871753145189241	0.468228797900937	0.930296053184196	0.447297557430927	0.939090388959085	0.877700136166166	0.877092341911535	0.982402837576623	0.897709851372556	0.939610229760783	0.968673395785499
"SRR5865099"	0.999666386362069	0.999919514540477	0.999565224106813	0.70884524312599	0.995927648156682	0.928276071905101	0.995509180298832	0.999901561639656	0.985083151707342	0.994686199408874	0.981785802016473	0.999980649113949	0.979750545320704	0.999525461137653	0.993901953966198	0.997918563585154	0.998512493763652	0.999712619903051	0.999735755990977	0.996132023701078	0.999140392658026	0.959003607708812	0.997778049574299	0.997351500449601	0.994536849626156	0.997875173522704	0.989820537166941	0.991248426573911	0.995292044481602	0.997229727390077	0.999018659080733	0.99667438272704	0.999674498969666	0.998529273779319	0.999795462876317	0.955124993621698	0.998108897865152	0.952583340583572	0.996810976346648	0.971387386943812	0.999783434473149	0.995264494745421	0.999881839355078	0.991365186051143	0.999281705684898	0.993585996177215	0.995245120593426	0.999186835059378	0.99727239083431	0.998978849034306	0.992734091434289	0.801323089089425	0.999410231381454	0.908632495469413	0.999454099963	0.999910701498722	0.894757006712278	0.998587592921018	0.988762469359647	0.999441140085437	0.937668175206962	0.999159075798285	0.912871295596165	0.99920013480084	0.999712898249022	0.999689428103847	0.999798087501793	0.999500281922158	0.999958623263891	0.939477266219391	0.999735192392232	0.999877954082873	0.991078283006403	0.996850145144339	0.987472846431365	0.991616206782904	0.9587310436851	0.887797141689462	0.99596429260946	0.99956581222127
"SRR5865100"	0.0936959448278029	0.977323033362011	0.977578684203485	0.921870461474653	0.954637811220411	0.343709935303384	0.983269581202962	0.768976965794232	0.455328020633641	0.944199581860487	0.847063139114821	0.990123787522208	0.566607432642369	0.930440411339656	0.921991184759179	0.991196785541575	0.973359181154736	0.854955891638659	0.997418038944061	0.868545536495453	0.998263679457686	0.93299671017038	0.987811462084931	0.686804707665728	0.969483915135623	0.888378889092392	0.660913644001117	0.898149558299734	0.959112122113045	0.644455818108715	0.992504740648815	0.914749387740511	0.972997803784238	0.720493295647902	0.993323478518219	0.899808314703618	0.997418158852381	0.950921516865501	0.99034549453914	0.574543790353655	0.998319653970784	0.930319844389991	0.993998815534165	0.955061482071797	0.647740499982548	0.963233980516886	0.980291990545339	0.996243415758505	0.697339591429557	0.984819710894808	0.933552496182758	0.927816802766943	0.915513974041057	0.718654785407091	0.937916998795638	0.990832544689993	0.560323730592702	0.905083458373659	0.989110722067434	0.982316427475585	0.329989263046701	0.994935666289744	0.868300328936675	0.986827571911346	0.996538322929272	0.96656332058154	0.818330148314593	0.991874328858046	0.863681598868063	0.814930246367142	0.838851870007502	0.642581074054044	0.41244220032598	0.998024217080195	0.721450761648069	0.728125074495715	0.783590914824923	0.880595958478429	0.96918126124032	0.996493038006721
"SRR5865101"	0.995200454335305	0.996787395201358	0.998768885476459	0.992828533677134	0.983548132214974	0.918463187507651	0.9989651746508	0.995443913232334	0.970863791703445	0.992093373494061	0.98014079854139	0.998900116532202	0.991020316490367	0.994112569487079	0.931290847313736	0.999432867872888	0.987358470741525	0.992382014687417	0.998526520926568	0.994259342898914	0.993964099643197	0.890076920515665	0.999961447074699	0.976984584755483	0.997277038012047	0.997777113601635	0.90000128215271	0.990660654274578	0.98302833640067	0.960284439186996	0.998432057045543	0.997964411034223	0.988774936528712	0.998193996437739	0.997541286182316	0.773738829914933	0.993159368162764	0.999509346342035	0.99571123169815	0.994319245856761	0.998999786076352	0.985198852390471	0.988999582655324	0.999727380731575	0.993917952996287	0.971988382007256	0.999951377974023	0.994587269635023	0.913927118252987	0.99901504090208	0.992693585453865	0.964077389796797	0.993553245249126	0.846627917707786	0.999827563545846	0.985231224948694	0.975609024693521	0.99975438720338	0.99229975827134	0.999731190140865	0.999738052070544	0.998986640703768	0.96204438145244	0.997236056951849	0.998703801894587	0.996965712487326	0.996930868089672	0.998044081050586	0.997679449677623	0.979378637608171	0.994132705138343	0.996017368778482	0.937349091333668	0.997207517613822	0.995980210660932	0.999403965661906	0.704620484067869	0.978896275202114	0.999151306202319	0.996691044222808
"SRR5865102"	0.553361739049913	0.816946080196265	0.815506244778209	0.744200122427241	0.842687933276925	0.166673838386081	0.802154732906694	0.333406779001978	0.246941198202119	0.782250457556069	0.56774461424108	0.947961711484667	0.769170641749129	0.493066411471123	0.610621997082192	0.59147923569899	0.756613272779283	0.927633265534893	0.894407786544295	0.527961852561054	0.80768835723262	0.62155946225447	0.840624000478561	0.402160623681163	0.667387481720826	0.868929217793452	0.56301456734713	0.855746242999751	0.720130119761597	0.758870042516383	0.934799452408557	0.330717546697596	0.500015788344721	0.874789640511626	0.778914565833735	0.714811009300626	0.957236639139682	0.691771300129123	0.746610759739045	0.537292192844105	0.944288917403654	0.730814534594955	0.889140565162461	0.59701890087878	0.687063779442963	0.686807612924446	0.733546904161455	0.876593672795413	0.636454284439786	0.908144798440226	0.781831622151468	0.356235287740153	0.605593769191667	0.462083335659829	0.752779077633929	0.656969434073936	0.413555162990506	0.922110812648668	0.824232097657311	0.911025679691578	0.500174372287168	0.921422659230278	0.343672338237985	0.910858548152593	0.905576317575721	0.884735248979405	0.82978269692041	0.794499768170475	0.739616311206965	0.462500910139308	0.570016399948737	0.69654869214855	0.605223621455498	0.956724520807919	0.70600593882321	0.886977012457634	0.376010181915265	0.158965676981497	0.828169748078759	0.774043632056924
"SRR5865103"	0.965334860261583	0.985246412156808	0.98716785802383	0.992418581665151	0.911982780929426	0.725550426742686	0.950051107409661	0.914151305098674	0.719881827186795	0.983062122983253	0.967889617078024	0.977489816496525	0.17943883498871	0.606802358537493	0.491898055500275	0.890177801122873	0.997227902820466	0.973054397091986	0.927602780998883	0.935244594522801	0.986866606553406	0.823673741282595	0.883710005828848	0.185699248256357	0.987929710121434	0.852555678582639	0.991957453289106	0.962260217587449	0.996245359620306	0.852889340712979	0.942357189461136	0.878802370763356	0.953780080343552	0.680107956461662	0.982787997260127	0.948851233660092	0.997450654059422	0.628399193169704	0.693293982933227	0.109614935303491	0.979950097738136	0.976127648123271	0.974454673539319	0.872072408763281	0.874379087052822	0.549801473433345	0.0903206995135888	0.992810403404106	0.954655872655354	0.925067820493387	0.978214105283114	0.962761474227574	0.994481796404336	0.996583354898662	0.646704677686656	0.9798002347828	0.225796648970102	0.962512858510125	0.976654467536571	0.976683266360505	0.102424053231773	0.996750975294939	0.631744603327427	0.977197539101645	0.998014423790958	0.798250299877041	0.978812023156501	0.962850309534785	0.957613901154021	0.881235278258128	0.891119773807402	0.916333725441089	0.946086142120918	0.989088710829009	0.840072823973372	0.90956970013475	0.935915990339405	0.919985632737027	0.682947771964539	0.977606215760095
"SRR5865104"	0.975594952444023	0.999895455600552	0.99833698202041	0.974377978573058	0.999827206023783	0.994477748243071	0.997030240195361	0.987621543027202	0.947054315675652	0.996406899348136	0.999270908619326	0.999887301500814	0.998731367564622	0.998109889950999	0.995516899447535	0.996541059848048	0.999576049233437	0.952982613966947	0.999825775029881	0.996446263375821	0.999645259244944	0.997780798446105	0.999547876106741	0.989685878462976	0.991850207513988	0.996558919005738	0.998945962747481	0.999121482569859	0.993474819018578	0.99972149294687	0.999376962498675	0.97572192901097	0.997795397182734	0.996383649838235	0.999702082020656	0.99951934407848	0.999848266191605	0.999879835566719	0.99919226779996	0.986014732354064	0.999457180040602	0.999258248105665	0.999405824328518	0.99798700555811	0.998289271876412	0.999394401007834	0.99981791187047	0.999944490067667	0.997378508000446	0.99807066155132	0.998069583201521	0.992634622521414	0.99944877131604	0.994610576481438	0.998477249062542	0.999367003377969	0.991946788012487	0.999631438708947	0.999322043442395	0.999908730016409	0.959895285701399	0.999921058504247	0.991404978180218	0.999755622601827	0.999840738394937	0.999010947845017	0.998408295716878	0.997631290067044	0.999712143425611	0.994135971954361	0.996496220296794	0.998104129358102	0.991090683449584	0.999972435009787	0.996104067764828	0.999117981418242	0.996817346057302	0.999490263141868	0.999416516868129	0.997535596058491
"SRR5865105"	0.792786726814784	0.976740232463724	0.985066889001336	0.778360883709298	0.650867782104778	0.128418371464127	0.633246834892982	0.916023919277467	0.426850607847059	0.740730178734679	0.236885380092143	0.916831851890659	0.702234201003067	0.616502038342087	0.461156968279015	0.899428157585653	0.719827448827134	0.920596277190401	0.764701431394376	0.718304352261626	0.914082586244739	0.654120732388461	0.553845140714935	0.684664706720832	0.949557420289217	0.729278402138822	0.247952134805678	0.659808750348611	0.910961915552338	0.756278546802446	0.59348557202697	0.804191634784849	0.863141436475009	0.939191781169076	0.55436538543352	0.385138365378816	0.63281658190144	0.727046728812274	0.573094139177666	0.465335261356686	0.910172944375761	0.0796874476704666	0.809832417786033	0.721938687811893	0.666234248814751	0.590684625192842	0.869764809774739	0.800393613555178	0.45033590982033	0.991545542785341	0.802040024689576	0.383801213791551	0.972236103106647	0.442586188694123	0.672242187293506	0.603159067911487	0.246750310587199	0.672649002790603	0.807131688084697	0.906621405900008	0.860514361018933	0.942623681925828	0.145305244324668	0.798425310317882	0.924163145069449	0.97960595815625	0.98846555948152	0.945311189073288	0.918299748517135	0.324499909506032	0.903407894695331	0.913026621222053	0.292435327583128	0.847318924516927	0.988102708165157	0.682291289379415	0.220660516278108	0.079010700093769	0.950125219730325	0.801247901909128
"SRR5865107"	0.999601951256717	0.998561941082545	0.999978643092569	0.991508346178548	0.994533638863189	0.9996025182481	0.999888054890517	0.999823298943249	0.992759597165295	0.999278537914527	0.996318988651387	0.999867049943839	0.994601161656041	0.996743057823702	0.993914246041166	0.994706846331737	0.9992697884309	0.994350172519727	0.999674910318515	0.995257737702012	0.999897059658687	0.996806289234659	0.999205300083898	0.997695237931496	0.994105993613379	0.998817853044829	0.997869317508102	0.999954862482378	0.997959114326903	0.998388376722174	0.996771665620685	0.997055722769218	0.99504157214883	0.999621638686172	0.999944774489815	0.998716277914998	0.999978326708404	0.996800902893341	0.999379164188104	0.998662054907723	0.999921341201777	0.99971889068568	0.999879823156026	0.984286436511339	0.99906295146787	0.998974965438603	0.99960324183453	0.999488484684809	0.999357227564034	0.997867443275158	0.998995043902881	0.998386272049876	0.999218243107831	0.997561539363558	0.999514331213607	0.999552326997026	0.990278557501752	0.998825946544697	0.999417405403532	0.99995459545232	0.98330840865164	0.999944940457387	0.999801176128842	0.999962170574438	0.999886797276936	0.988092591560448	0.999789316813245	0.999030333334326	0.999988761719168	0.994543099106475	0.995628671567664	0.996712704191291	0.990753407296092	0.999903933805246	0.999820841137303	0.999906428777224	0.994219755522603	0.989264022379641	0.994383632220351	0.999787985226497
"SRR5865108"	0.985818845151347	0.991913162406295	0.996618317146816	0.988210600026254	0.999050035224869	0.923575916393911	0.984866143062055	0.985144196354572	0.791361246123787	0.988420162133421	0.998211281870949	0.999050711681656	0.998186378503538	0.970309924072702	0.996635349309683	0.992432223568467	0.974448547202058	0.986210934180869	0.932735795872439	0.991932246052596	0.997867399658069	0.99000371569699	0.994032792898884	0.984538885079588	0.948061789229854	0.984724511781784	0.998602797992573	0.995314355601722	0.995721830912186	0.999649385801056	0.968951796614686	0.943366119951685	0.998270006942517	0.998537165664664	0.998135357531357	0.998681062632428	0.99950262258095	0.99953428249117	0.998558084945872	0.977067171147439	0.998783266436803	0.991203955821617	0.948166791633084	0.994921313021736	0.979100913169866	0.99519266013848	0.985895534581921	0.981716598945851	0.976829540639514	0.998869402854833	0.996189684541551	0.892629328395428	0.994987393539473	0.991788114950972	0.872348626208104	0.98071317127054	0.980276784997555	0.998240617626225	0.990389229360925	0.985042591822127	0.929288049667915	0.997926926628479	0.956810354547071	0.981078883585609	0.996423818477761	0.999435522126337	0.949429791006464	0.99856076298034	0.99487650554885	0.682424343033577	0.984694327255493	0.997731371765866	0.961169478529078	0.999907438488379	0.997496691657418	0.98444322118096	0.9983873747384	0.946514283894555	0.999638211160068	0.994977675958056
"SRR5865109"	0.619882864752579	0.865337677697343	0.898605179236673	0.978699450504476	0.96319635448587	0.479973638016041	0.906040613480638	0.69054955647761	0.577415174577161	0.968567384508664	0.778557502746202	0.923844426010226	0.959518623319348	0.770837971290805	0.634674763637425	0.948818088518744	0.855581511143564	0.970836197473898	0.807682004019046	0.873151783127702	0.931550017561686	0.90597466856467	0.844737491618914	0.715452464662206	0.97871889036866	0.934073146664649	0.787393898058836	0.91339248330264	0.971440095735229	0.909408355730734	0.808670093633775	0.828502386768206	0.957253222189262	0.936409750310088	0.88409872292624	0.907420691020911	0.988429881117975	0.938969080257667	0.85872941736157	0.548536831506737	0.980560457525676	0.441323573145867	0.863763618640334	0.852562453220074	0.748721600768644	0.943227497903831	0.846668417598869	0.896386665723255	0.921313959066491	0.995596610107797	0.980179643732314	0.925600950569352	0.969225428882501	0.959248492247498	0.674270990688803	0.528322156765231	0.681672174271489	0.990089578827938	0.905076870348704	0.886564439773607	0.895867896397051	0.991662466556128	0.497830359364835	0.801421014593272	0.972917805611018	0.995922903944834	0.964793006977558	0.95805411595821	0.68198128308736	0.66111962657199	0.74240346280281	0.817360259233105	0.61141422887637	0.991200508381208	0.96259023495245	0.855466928767595	0.832331005197822	0.364538077547977	0.995137148702918	0.863513288340026
"SRR5865117"	0.645103151319804	0.931527005718391	0.879104024913419	0.537532682020896	0.82377642666202	0.502140280923216	0.807768465993646	0.518384138612817	0.465164227546477	0.718889401742901	0.826973378330462	0.917498543060989	0.693136270440906	0.743687561870025	0.69174780524573	0.743591932236386	0.851833806462142	0.695323017675268	0.956684491817836	0.757812791705654	0.710213953339411	0.606585375969251	0.863486169350481	0.45672399618967	0.773739832886569	0.872393351986085	0.776718583662979	0.696232566775434	0.891500719030977	0.679143658781698	0.898957767871294	0.426767191767009	0.848092908253963	0.876626497187434	0.793210065140847	0.588577525234145	0.871747443183437	0.726352936631381	0.924863449283446	0.76603064293515	0.745822266404384	0.660607234834572	0.929582314383996	0.588103116524558	0.838735258914811	0.853833021211235	0.946306752277657	0.913060058721262	0.613768952844333	0.857851253521119	0.939844402228171	0.498079579818364	0.81207558644644	0.766666503940644	0.8752184761698	0.89922122269696	0.601661537962074	0.940790007157103	0.757131592140933	0.854157053897748	0.677581197082089	0.976673591300319	0.610114349525191	0.918714003970279	0.980607775659879	0.844780687125933	0.92570820455	0.77946518756339	0.764955316829425	0.764832168730771	0.760505253383715	0.747107987570171	0.518801790378712	0.860960570645688	0.711730049335212	0.742312642132593	0.295769321990332	0.581001503947007	0.538444985032712	0.775163415512508
"SRR5865118"	0.987046206446253	0.999253106676734	0.997492491999592	0.972823767871074	0.993216359965869	0.981645325836928	0.988549400909501	0.984635860370117	0.936506584610886	0.993877544460256	0.969303547832594	0.998610387777919	0.989913179750295	0.992194529756439	0.976565938368937	0.999266686115523	0.99494494533184	0.988762696882398	0.997613095114125	0.962995938585937	0.998889508995826	0.919001196375244	0.99360028977712	0.979280824858651	0.975651792555573	0.988651574064209	0.989168431930825	0.953734856551023	0.988447015617235	0.999031657942583	0.998704536860416	0.990128336559573	0.996775798286006	0.983781219488924	0.996892187848868	0.985113010266714	0.998316069919009	0.999463348583278	0.997566260936401	0.980127223483797	0.998102140345592	0.99892906500036	0.995166662998458	0.994323687199075	0.995312375762021	0.991701753337589	0.993227384939999	0.998665798099788	0.968545582123672	0.995685994503926	0.99375899535878	0.9965656820364	0.997739339070594	0.952383455241905	0.99897883776551	0.99410494981	0.985023994251838	0.997934653642978	0.993757177604309	0.987639328951601	0.968370033415575	0.984612266950721	0.925550016120851	0.983105383686592	0.994849025245324	0.987313146652993	0.988016505079582	0.997024844117979	0.995080627503464	0.987650240522078	0.992424340174081	0.968310458828446	0.981216860907043	0.999690499935008	0.920015884718401	0.992366424258246	0.978400309665342	0.988586425090038	0.998116737589728	0.989551807803933
"SRR5865119"	0.310857687901894	0.314339343975209	0.441150622055621	0.288805595751888	0.257999948158207	0.137391730841088	0.312217959852644	0.149107616344789	0.382596317817275	0.292279162298235	0.506935875286013	0.46550875547292	0.321763849851936	0.503568743742586	0.286074533077264	0.566950002124264	0.360996222947545	0.643452691380101	0.432110788722206	0.616338715907695	0.336356011672914	0.232472922665742	0.382100993535468	0.206668135783222	0.253433752479505	0.605449141456864	0.249133422051362	0.100062891535646	0.478273871430297	0.147086938528138	0.271488009540125	0.249805584362572	0.595761579708203	0.568907287495463	0.295043894254112	0.292212781467958	0.425376983091256	0.505622150273488	0.594899474719362	0.169234093394481	0.126450809674882	0.213925952230774	0.539647022282454	0.427203169711033	0.489694222472949	0.374700724374014	0.466525192306434	0.566134908528124	0.262967150175374	0.901346708701815	0.808164315583268	0.371011063555431	0.441113240783491	0.190670881117462	0.37385637154203	0.415210084120731	0.362496414214091	0.44032726333547	0.497989060347836	0.261673681905247	0.510400381845655	0.249451798290273	0.128084020930699	0.296646071936823	0.511307551561002	0.644321435194219	0.588605562154344	0.566353456041912	0.0873746896518482	0.387788834840294	0.320260470742457	0.309898435828609	0.153841447031233	0.608535345934063	0.682655226904775	0.295703912538704	0.210873551368458	0.226559055600652	0.394898186124155	0.186588466764977
"SRR5865131"	0.997440198672392	0.999879601086942	0.999928531875666	0.497982001869374	0.991901401010983	0.953938953792246	0.998029572715183	0.999560694037674	0.917729754574629	0.998377309620387	0.923827221003519	0.999984697218013	0.995108363420629	0.999298244497192	0.991671630486936	0.999942885359344	0.999653656969942	0.994466066595653	0.999296972075313	0.990469478997491	0.999488666869797	0.950173329112441	0.999869222680406	0.99627340835873	0.993369851239426	0.99568375030761	0.979541018841754	0.99737578663003	0.999182405423784	0.981124079735613	0.999866574020706	0.999415401906362	0.999601269089909	0.99537065000182	0.999801728038886	0.985443920942948	0.999225715855689	0.989622765485875	0.99974583994759	0.987970852038473	0.999910916702645	0.995777815883125	0.999657732156266	0.999816695131379	0.992768137875665	0.997553987990764	0.999960475673458	0.999949785779614	0.991946824082842	0.998476046638789	0.999194593691922	0.138454608769744	0.999129110454933	0.966162018488685	0.999988757421341	0.999519211050149	0.835233654266129	0.999466767047647	0.98709392826081	0.999992491967837	0.994553047399617	0.999977538401919	0.921698403683957	0.999601737116856	0.999991698067285	0.999317091187803	0.998542931910156	0.999899184804667	0.999946731978041	0.956832947006468	0.998511869099068	0.999825299881382	0.979170616221605	0.998410526742022	0.934399808720225	0.991629898527217	0.852607928671317	0.912563854402744	0.998814290420152	0.999748275705854
"SRR5865132"	0.971892043861505	0.996095621460896	0.998060760406651	0.335746786114643	0.914913360368985	0.988400533949552	0.974061047687454	0.990650296284028	0.895121891675767	0.930041687819733	0.913554147812648	0.977947247760084	0.909786048966522	0.991008862505637	0.881435657075613	0.992632300139273	0.99250167452488	0.964544567188249	0.991816880441006	0.963576376944316	0.996442645097545	0.764539316939178	0.940040468864982	0.911167868913527	0.74034237369233	0.979403333975628	0.972652775209717	0.983867142952919	0.978514528311777	0.987724517877148	0.806248057047511	0.97277215280369	0.979615989800279	0.976621688146811	0.96900554136957	0.979855398666146	0.998427997367618	0.817483349405785	0.94205253890754	0.913259000301784	0.995128985433902	0.990113386918798	0.970801761656947	0.946397516104475	0.993051673774924	0.915452557002275	0.911382699260833	0.998397461337517	0.980583697876647	0.995208885860952	0.983015716737514	0.864149750833452	0.999633050983678	0.992950859987367	0.999432635950798	0.993835637817796	0.821390906378221	0.947619909046735	0.908160956323856	0.965116321687959	0.965522054075901	0.994506023050897	0.971977873949463	0.986117065373745	0.987669153231138	0.874709721529069	0.999225141726942	0.969002398014999	0.994908072280224	0.914664435997662	0.984040723155738	0.9844520755344	0.742306408004692	0.99656942125441	0.989455029898926	0.986986723852736	0.747473830181919	0.852367819644573	0.932972458444258	0.993432885808271
"SRR5865133"	0.995118789628044	0.998495975612964	0.999868770538294	0.981235099518373	0.991621831641917	0.703485150904393	0.999613984052046	0.999337492272002	0.867097540914771	0.981689922847337	0.953983566163201	0.999862694265654	0.978362829152834	0.994148237076726	0.973266522388639	0.998113788535673	0.996206934131529	0.997549265109099	0.998176225099736	0.993583382800571	0.99951661045825	0.987270820036287	0.998045340557369	0.991798348500684	0.998286080499254	0.996603247529304	0.960714827442135	0.995014768176536	0.990826424675392	0.981920046148874	0.999590034459923	0.983368180823972	0.998109832883702	0.999326877954375	0.999363643708	0.744243378906875	0.669440340442347	0.996455430300006	0.998772378705888	0.99234633183446	0.999406477933928	0.946072994731525	0.999572057478013	0.993197032965302	0.996482312223821	0.99467414991345	0.998292581245352	0.999469269000836	0.996105361247944	0.999853828912554	0.99498372755924	0.959537264362122	0.999081353212691	0.793657154554722	0.986958512179464	0.997380197004386	0.826064922644274	0.998676890855042	0.99906135908214	0.999702582349826	0.955503051208437	0.999104361652196	0.88458697628855	0.999797017609449	0.999867440606237	0.999887989669509	0.999833465388345	0.999461860953877	0.999365674792233	0.984500382703898	0.982533236895707	0.998550621053989	0.949263035348163	0.816636231422088	0.999441713277819	0.990767435612768	0.961848475574546	0.88149706602172	0.999771762170586	0.990870829334394
"SRR5865134"	0.997928795856774	0.992847969549948	0.996828494499232	0.920178958318519	0.984189300922333	0.932505425991079	0.997631764411892	0.999576779024376	0.995889751236176	0.969647468452671	0.996176251154154	0.999937696526076	0.971770964065222	0.999325034318602	0.984204009419113	0.999737030798121	0.991731077628633	0.979646678728491	0.997514782232306	0.982468991071522	0.995650285415123	0.961716091920463	0.999154578016606	0.998406524378593	0.990212076029114	0.989391094923357	0.890689048591713	0.971329092958216	0.99659694332915	0.959378982931833	0.998315728383841	0.992871993244354	0.996653639332396	0.985889091678242	0.999945798495401	0.944653853149803	0.996415552190116	0.921347054016847	0.998981488843001	0.988910963033647	0.997984370216612	0.991011978568767	0.999351079519343	0.99215980203213	0.984023986326992	0.998693299819621	0.999291337902406	0.998603478477155	0.946608624450606	0.997853926227715	0.99907312898253	0.990273988740998	0.999476313383614	0.822588208586148	0.995291691820011	0.999104048247387	0.989080471223581	0.997955041985262	0.997760728729483	0.998184978052254	0.980431604583791	0.994730997198405	0.918861027433711	0.996987230299124	0.999703584210003	0.993531309146137	0.97370319256131	0.998605146730642	0.999618003003553	0.998812390640919	0.994609765773434	0.999868950032211	0.9514040588008	0.998003332045559	0.930762916493166	0.9973460796803	0.914263641434755	0.995107841320921	0.999358888883055	0.99746564182853
"SRR5865135"	0.106526691512288	0.798605903012529	0.610621369374408	0.521135679542575	0.475311540806402	0.128893530533324	0.406026401276165	0.216888018497727	0.145139739980329	0.674058738164533	0.415956330589534	0.691146027861875	0.0997899516904085	0.228174148624125	0.242707874582839	0.715681132558479	0.400007344933007	0.49204339811024	0.606685911583625	0.142612600082284	0.796013577116832	0.383518741049252	0.602146316627456	0.168658480632467	0.574644138338065	0.611884480032529	0.420347829899199	0.25785519392888	0.239017923381933	0.256618493493633	0.742608404025792	0.10636580928426	0.337431744246236	0.437895518666847	0.208972932588833	0.294624214595874	0.912601885015594	0.459833726268283	0.657736062378563	0.358887925344455	0.576107547802695	0.34244457585533	0.694117995298336	0.310676484457063	0.170888929688368	0.236087069865524	0.377218903590534	0.780974887102698	0.151558249348476	0.602172037341232	0.188502166030189	0.210774033891196	0.354263769368837	0.17970553810541	0.275305011598588	0.372123390411278	0.165406695135393	0.319896965031896	0.543650405514527	0.62471076176776	0.272960279544168	0.808392115658738	0.358678710781417	0.635354453179091	0.534386019619339	0.511422699300857	0.226018938153814	0.534115953133135	0.312186377139407	0.204236827939638	0.307543545369168	0.0643351173682868	0.232227480407135	0.9088619539688	0.743601203663932	0.122060834094801	0.162137431570658	0.152132694453993	0.650983487160217	0.797604097625006
