"Model_1"	"Model_2"	"Model_3"	"Model_4"	"Model_5"	"Model_6"	"Model_7"	"Model_8"	"Model_9"	"Model_10"	"Model_11"	"Model_12"	"Model_13"	"Model_14"	"Model_15"	"Model_16"	"Model_17"	"Model_18"	"Model_19"	"Model_20"	"Model_21"	"Model_22"	"Model_23"	"Model_24"	"Model_25"	"Model_26"	"Model_27"	"Model_28"	"Model_29"	"Model_30"	"Model_31"	"Model_32"	"Model_33"	"Model_34"	"Model_35"	"Model_36"	"Model_37"	"Model_38"	"Model_39"	"Model_40"	"Model_41"	"Model_42"	"Model_43"	"Model_44"	"Model_45"	"Model_46"	"Model_47"	"Model_48"	"Model_49"	"Model_50"	"Model_51"	"Model_52"	"Model_53"	"Model_54"	"Model_55"	"Model_56"	"Model_57"	"Model_58"	"Model_59"	"Model_60"	"Model_61"	"Model_62"	"Model_63"	"Model_64"	"Model_65"	"Model_66"	"Model_67"	"Model_68"	"Model_69"	"Model_70"	"Model_71"	"Model_72"	"Model_73"	"Model_74"	"Model_75"	"Model_76"	"Model_77"	"Model_78"	"Model_79"	"Model_80"
"SRR11856064"	0.943360332377805	0.90825319977696	0.948452590339149	0.837455782359284	0.846584441711483	0.969412667003807	0.984910452849977	0.985732105849447	0.928848322890067	0.883274883110171	0.994261539919834	0.928404262636553	0.957839407321423	0.868636391532843	0.9102037912158	0.840160890674554	0.933697964484692	0.893617945200529	0.963578576957195	0.963426803400632	0.974318250878319	0.880480265728158	0.92537338107229	0.93339841558333	0.849090020157647	0.986993473913191	0.925150232889868	0.928288808592274	0.778435482243349	0.297515948539545	0.630396862086404	0.975015213769879	0.914741290520379	0.949998568376168	0.95794897486917	0.748085568528083	0.991911389867453	0.861516186616173	0.929897278902851	0.982329911208626	0.997435680270617	0.900403893151354	0.961810241370543	0.939530727973953	0.922478716788275	0.942488064337741	0.939882811786629	0.975985463060137	0.890334526129157	0.983412760066075	0.941686401004282	0.975967920795301	0.969400286415565	0.951233851827045	0.807106293396422	0.903270911754256	0.86206699780875	0.998755400499277	0.937594574664385	0.888152514206539	0.973434661624728	0.981170913899598	0.768033585503821	0.946404711800448	0.998848904663611	0.913674588330898	0.938872302621942	0.960581777374991	0.97761339628417	0.990720331196882	0.91262906529665	0.825428794885836	0.664948536042913	0.985487629336771	0.968932335344687	0.807815213699748	0.823160537849844	0.938203346947811	0.90098895180177	0.465482640849403
"SRR11856046"	0.92339847702327	0.904806265507646	0.977397511065243	0.944673070623134	0.917962497099892	0.993175219204963	0.9674415111876	0.995109527880392	0.995793679758069	0.837406033282026	0.992561041068063	0.957911598137564	0.937384601847478	0.947032133266627	0.936466641040827	0.928138968633049	0.986140010544487	0.992654439672176	0.978030682541555	0.977068028742793	0.996073163567666	0.94366322082954	0.974998522771405	0.927571469485381	0.88818562162466	0.982248543134479	0.952734783632096	0.95858892878085	0.930250085069439	0.84252442241512	0.80855670659704	0.986621380406398	0.943879616196773	0.885412335201011	0.92457981934673	0.678322086307997	0.983910413470207	0.80014975750185	0.852886759602439	0.994022155909239	0.999436912689881	0.923792795120444	0.988387137601405	0.963474487767201	0.976472194447665	0.779191029952813	0.979497284647697	0.951569333583781	0.957761555488123	0.991547527276585	0.942326348398792	0.994570227926498	0.993789381107442	0.991390718990454	0.943768325157507	0.959209051253132	0.821761889986056	0.994079031228022	0.95484062791781	0.874183051769071	0.984907453756633	0.99485961138288	0.730903581242205	0.959838240911624	0.993639584572042	0.966394086669929	0.925298780345853	0.985359736989472	0.987212368871976	0.991626711964012	0.987629317921876	0.988512759594081	0.945028494274465	0.979991483427828	0.994302658443655	0.966198682436811	0.976929333523887	0.988561895710827	0.961286163410853	0.883416293917443
"SRR11856063"	0.0766405343033947	0.0136024271143634	0.0180057162160658	0.109903859926796	0.253889922744108	0.167761685688837	0.181688924058223	0.192674739632636	0.409456829385753	0.126303575978859	0.227802909080219	0.148377439441797	0.0604448115242178	0.103045945022841	0.0569863355212805	0.213848090318642	0.0627956617176741	0.0475397473491897	0.078528036719294	0.0539255262825567	0.0197489976778182	0.0875361624942844	0.0830778140123159	0.0213373126325832	0.0528577225659749	0.0491501362686152	0.128654717802542	0.182546644172591	0.034113251839417	0.0315821106251879	0.0359496930952816	0.0998294903427754	0.097133826697373	0.0847415873052384	0.102865003802137	0.144757808823322	0.127707437903586	0.0558234723009896	0.0554098981626193	0.100240084100736	0.131720151189975	0.148535617592806	0.0440107764305118	0.162222251719785	0.117750534723411	0.0599237829754126	0.0499052062700972	0.00771342264769616	0.0554964509838414	0.166504991738811	0.105346060794166	0.0105161748879564	0.0658449710055848	0.0872749736207242	0.13774185349742	0.0501609402489455	0.064388237129996	0.0410545535565714	0.23787196505223	0.19418902837875	0.116507514277187	0.143629171305114	0.155208487848809	0.117612005982968	0.00913521309139287	0.112285853603823	0.0417353225319792	0.121977972329169	0.0546364331488715	0.0412573413893405	0.168442714572532	0.388056959285458	0.164195094536037	0.252205633613672	0.123934517445203	0.174291416352884	0.0591951783211147	0.171119800052906	0.0159957684762418	0.113619525399411
"SRR11856044"	0.944709484465959	0.977282098594505	0.98059788005723	0.980982466581119	0.992981246628231	0.970735356622865	0.980176103397573	0.975786915018348	0.987690769490303	0.899078587224704	0.975611962859943	0.968765277725073	0.832334680403593	0.90179118077554	0.942677552647185	0.975255154220251	0.956028448202273	0.943956902836044	0.894607850283799	0.98726792578781	0.904531315381513	0.959062049393453	0.996288700067259	0.963040923823327	0.946934899110573	0.978841516369583	0.884713959538815	0.923191281582237	0.948126760124588	0.980124263966972	0.949826958475303	0.915103888403108	0.949879339583908	0.856719126899642	0.847855749337427	0.921458855755907	0.999307336986175	0.979352419394006	0.90505920818806	0.987477870175347	0.987235399197274	0.922324346839403	0.988596752553012	0.980788769640077	0.911077258393056	0.982219144510283	0.872372482685108	0.88471868174361	0.980294168251484	0.96053146185786	0.942565735325662	0.980369236955509	0.986473207911423	0.95879681550704	0.983703816000765	0.965850854557758	0.930547607510115	0.973509093383794	0.994830051187618	0.948095364555758	0.975634946870373	0.990947595267594	0.884627675828559	0.993092405395659	0.97286968674086	0.972141786693542	0.970486615646572	0.98848091876449	0.98737251853831	0.980529198714088	0.944593818918786	0.995307831060362	0.98924613849882	0.987426150381797	0.962391002888432	0.933938795238545	0.995244198925189	0.907703330531985	0.973487251295913	0.811796406717078
"SRR11856062"	0.308166875263284	0.29341213198217	0.13039915771839	0.100400096442556	0.437222637418831	0.162790721403702	0.309094051439374	0.152429047355065	0.0324227666967061	0.27140282895202	0.204771283053156	0.38381921314273	0.265597596438696	0.353642606707597	0.322561975449834	0.231268079970776	0.137986378384022	0.0926751119475251	0.170340597945294	0.11438416112444	0.158497206887071	0.171431860661683	0.0972048996539775	0.120999483183627	0.131184103277967	0.237248033858024	0.303846676567377	0.197564506218641	0.218884248535549	0.173966622621113	0.258979662043186	0.101554363394482	0.223734301612334	0.265187785789561	0.185863029019225	0.273514914538731	0.0569978162563902	0.138301929763877	0.217080519287424	0.613459352806561	0.169422704853754	0.167763701788277	0.194788625833481	0.248655248166838	0.0977108216985677	0.175819236787895	0.052663743488863	0.190164190716218	0.31581784011552	0.240669730642648	0.242062610401883	0.237233602964355	0.0253532553173031	0.135323398190418	0.120282476396463	0.106991265538501	0.146688505358926	0.297633739585317	0.165670604812088	0.187813428325595	0.342556911788937	0.322711758543226	0.269560367719458	0.532483264156519	0.108289465762735	0.297731561919837	0.546892405685739	0.235381174395892	0.305788414519457	0.176239132425964	0.046886528354717	0.101415468407076	0.236726186992135	0.115521145544314	0.232216660198229	0.187171954368793	0.0711239982321112	0.0397007853478788	0.174561238834029	0.0936039988607868
"SRR11856043"	0.983144845918887	0.99871691662142	0.992364671643116	0.998762391030289	0.9996614430675	0.986296572002382	0.998903547180711	0.996521320559454	0.95405552394038	0.94678733501042	0.99449517355343	0.965752799739827	0.920243131783709	0.963786118503371	0.980005130644763	0.997623969991997	0.96599089420069	0.993994079223858	0.988917806449194	0.998309407243468	0.974518962219399	0.994736438895116	0.991615963114673	0.985377189860744	0.973842098113316	0.96494549835721	0.95513973210986	0.956328601830717	0.99352669002537	0.994515675235032	0.989243601657525	0.771838283727851	0.972236527264359	0.924803236933823	0.80348749357098	0.955238823180919	0.99932208395819	0.975636717632404	0.985285090786114	0.999198519733726	0.999406324119273	0.870974596533839	0.997763453556219	0.998316247047319	0.972363914812115	0.981813824490584	0.981716850908234	0.987816510825956	0.99184707580261	0.993494323086589	0.97786266301899	0.988911335626274	0.996511723190705	0.952172697437487	0.977214469502412	0.997917152034034	0.971195421667592	0.995285348554271	0.99315633310783	0.895286996994484	0.993650920236269	0.997393444418532	0.968129702789267	0.994288662151196	0.994521154421347	0.981717382413255	0.956323589074876	0.995749468525585	0.988889183497385	0.997739289867008	0.983168546611323	0.99755423411603	0.991674325054616	0.989579846348208	0.991085446711517	0.976504461611001	0.98425902358357	0.893722042304877	0.974524272814273	0.913264559703555
"SRR11856061"	0.0589640625818614	0.00744233696470932	0.0217533404464319	0.0356315189333659	0.284083310136181	0.0720668999762582	0.0474105498199327	0.029886901457696	0.160749962585146	0.195814145081503	0.0149587513434715	0.237917753048225	0.0180204808001338	0.0783348528334726	0.0688062777723268	0.0890754408291667	0.119471465522881	0.0224440367651183	0.0258376407350504	0.0932893872807849	0.123919298440989	0.176450078855655	0.0958302563457695	0.275531411180822	0.0660366546074945	0.278226249625274	0.0417435984485396	0.0918663611298997	0.00259663878768177	0.0158314202281768	0.0643876799896591	0.0555639852853524	0.0460762638441834	0.0328866114991437	0.0409347436602603	0.0728570110663066	0.0854143753038051	0.215526066909353	0.140353261051919	0.0181175536600456	0.744516052042659	0.282130032766321	0.0293513083485359	0.0442170713937912	0.246647623957509	0.283313453738097	0.0737344970123833	0.00713728139143812	0.0296535054571594	0.130601795164048	0.064845261772802	0.0653080301006169	0.68970310607339	0.0525134110905313	0.0209957529480481	0.0204222887928609	0.0423901417242825	0.0141380477179081	0.206407630148081	0.120671313366137	0.0129440826450636	0.041893240638597	0.103329009732621	0.0983309046764962	0.0039917456947092	0.088205900096031	0.0386592628282417	0.0220450823621279	0.0280369851568831	0.0183747683025117	0.106104744466227	0.0146346477197095	0.0434428292551344	0.0747918712461096	0.016924421432428	0.0515069343472827	0.0823967673009382	0.0925256552463869	0.02309092079401	0.156416432180791
"SRR11856042"	0.986303268524094	0.98103755843263	0.974582345502118	0.964426470127698	0.989124919863824	0.977409177071099	0.980358245506673	0.98705650388123	0.988557341641727	0.935003117811478	0.950624544859047	0.930090230454278	0.844127096139016	0.668663542515452	0.980875213262344	0.970020293259202	0.983319753016336	0.91991187415478	0.782946796604748	0.985404835314865	0.956295347021592	0.969892904146551	0.98955658756424	0.976994380130215	0.986840225813404	0.92155038156592	0.863880236905907	0.840595538618175	0.982839615469178	0.942405587726358	0.975048951488977	0.877490560701318	0.878503554250147	0.983015764513735	0.819201066987241	0.988030181986541	0.963580256763175	0.985521301724368	0.983387601278912	0.963905780674662	0.997475680190743	0.92200949849925	0.963599098552382	0.984170023978699	0.979413738201288	0.996684740293549	0.94495228050666	0.943223125609652	0.939247194933671	0.972725918903021	0.925872965430192	0.990189294878183	0.996507775362625	0.977113011573558	0.927658367848219	0.954975003373322	0.987251204907422	0.984616777966722	0.975020488045029	0.874178650942456	0.970454562566821	0.92921019951623	0.94442253190828	0.987828901747362	0.773040870289938	0.979706025948834	0.975353744500472	0.964147717036093	0.918383524434973	0.995456824185041	0.955991698293259	0.947273101677522	0.915999550633924	0.985360291524204	0.97815202120972	0.862026374074382	0.968303674748244	0.964146679793596	0.868623514235812	0.983600514760746
"SRR11856060"	0.992266294308741	0.99921257064333	0.992152021357832	0.99258818217581	0.999277346867967	0.952463628180311	0.995583642941826	0.992047818855988	0.936623395113691	0.972183829243091	0.983642128663593	0.99482469372413	0.97298738751166	0.981220610521365	0.986681764616516	0.99672671125313	0.974825675233715	0.973003289266905	0.963381337101272	0.998207239369909	0.988744547148737	0.982818032470375	0.989422089465261	0.998704633068069	0.999388432578919	0.979621955368985	0.977213699139234	0.974131056877551	0.993701129680642	0.989786299666872	0.996787777991356	0.985847900646958	0.98238703246414	0.981293943541506	0.978163585129809	0.989319249911463	0.998864148850299	0.998627786835993	0.998741857980483	0.99437814632837	0.906839173480222	0.932463315036911	0.999247175882916	0.992434029369487	0.854593791013037	0.993527976701161	0.985272629283671	0.992201415085639	0.995504118254362	0.899903975573389	0.979351717574623	0.945654674826282	0.985357366421366	0.979000645078789	0.995034456657179	0.993774685703979	0.985381067175827	0.99935996603924	0.991402449576381	0.979186988644045	0.998618129363638	0.996899732452876	0.963511141801195	0.996361230676737	0.997426371535028	0.98725148358991	0.994953631175494	0.993574722254608	0.992237172634	0.998769748332987	0.735909992464522	0.996192517354933	0.997323397836658	0.998047405659937	0.954598737178896	0.985769875378335	0.998720453173503	0.8350305362929	0.996955281673998	0.992422054652958
"SRR11856041"	0.42675861014988	0.518566553143834	0.834863399453711	0.520309078092657	0.929310854450356	0.709787787178863	0.841707337792179	0.977299267209697	0.12546238461955	0.515951023388865	0.842398862109057	0.485982785388841	0.850010460616987	0.392385499232989	0.255097963252408	0.518221572522645	0.397965396160727	0.280143806034602	0.798411178266724	0.956804885916955	0.768597191795279	0.552277157833079	0.088977329573904	0.604501870991012	0.464763297893673	0.711760813442671	0.628807310953695	0.450615838473173	0.556834891862229	0.150561750105953	0.588899530277166	0.479167449287549	0.357309108631075	0.154461171259928	0.142228975031913	0.0818262537425358	0.717837064596965	0.521679363121732	0.192274426154942	0.842540759227272	0.974142971378653	0.279934835043723	0.944015130356635	0.894357358416622	0.947074373351675	0.273714671311634	0.783934444078154	0.379454924132554	0.71715914331095	0.873943965458834	0.478539457504111	0.500681648600414	0.870155497730755	0.203249596079304	0.0382753784925427	0.930823610694112	0.130885002727348	0.591019851275754	0.329649493436083	0.265260517504934	0.257723635550677	0.912663342675089	0.342026398944682	0.741265498026742	0.952054738905537	0.657372809542038	0.215840605858082	0.610324429958916	0.78541424251398	0.710533069552128	0.22398673152038	0.122522749409057	0.179436785235941	0.827598678560237	0.488398261785681	0.514277944224963	0.520306069721289	0.257568299414543	0.748798530635815	0.0702872176412304
"SRR11856059"	0.107204837568969	0.0286138380609643	0.059987828820279	0.0244400187396935	0.0358010457605847	0.0515557663718851	0.102587044552699	0.0406876202044236	0.0196887070803804	0.0463814831450717	0.0276230966949566	0.053871992371183	0.0275266472945404	0.0562942126982619	0.101551837853863	0.0164804520843017	0.0284068612401284	0.148024155168462	0.0495829959440251	0.0164129183349894	0.0429560628887677	0.0925775012811877	0.0255118413049539	0.0403555927228316	0.0127608605246278	0.0335768142108588	0.0759770080839979	0.0592018402500971	0.135087860405063	0.0370037391477425	0.0111872840563835	0.00713293937995823	0.0975182268116436	0.0529212467794113	0.0175860395046143	0.0349275575630703	0.00734470505932469	0.0307913319881249	0.00829708981128186	0.0995087408162383	0.077157563515645	0.087200307068479	0.0252581637683556	0.0855636071693962	0.0733527649226922	0.0230298964497957	0.0357884661289628	0.00844778219598087	0.042359157662777	0.0534736873160971	0.0870076047130583	0.0331380553696118	0.0354825172519237	0.00445957390236901	0.0123338954587956	0.0938670746266412	0.0433838316570457	0.0428993884370915	0.0530716791196473	0.0392777106265178	0.0358531723164574	0.0429823033674798	0.0670140502360036	0.0329006673426059	0.0184050059917855	0.0721693034058622	0.0143329968930166	0.0543874001322881	0.0558229960000298	0.0889669934659956	0.0543224996900426	0.00947531733055685	0.0281039706676766	0.0212409098021385	0.0522564120827591	0.0502323765097519	0.0251651680103589	0.0312839081248859	0.0054715801497265	0.0145766004933955
"SRR11856040"	0.885532657084313	0.95728220124236	0.939980564603036	0.977087514900541	0.996623392718147	0.915124254755434	0.980131942319642	0.933954958080993	0.975744303587295	0.763147648555452	0.956191182239324	0.926074140157777	0.605541711830398	0.70866633874775	0.88084864159152	0.969863061012393	0.955063097779851	0.955656615015175	0.78901125131585	0.939920587367101	0.929646514317124	0.934586389940743	0.948981345365696	0.795879535858528	0.856928467772556	0.915096799883683	0.722261062665971	0.913535728474651	0.861775310236986	0.954922190504618	0.939486318363879	0.709561443503496	0.919167777013039	0.655656440265971	0.761689488493463	0.862283364258152	0.963865535086826	0.873666071163569	0.815256479724142	0.91149751667051	0.994086501025486	0.794842698109481	0.93277534985623	0.966714257132881	0.944493812968944	0.856586997307477	0.779292157779689	0.847031184047873	0.944675574116874	0.963642862095486	0.887744284372676	0.959718901799201	0.985172501668657	0.972768193883915	0.704225009747254	0.789939368970707	0.932407032438334	0.872782712552574	0.917168348110107	0.788385048321963	0.914105980142599	0.87908600287567	0.96101326681344	0.898507250305414	0.739789748363932	0.90356622701733	0.811722237741034	0.93856851151684	0.647895604930733	0.974382371831737	0.999286815055925	0.963748660236627	0.678911628838006	0.967645884788562	0.964789608079023	0.820814431457847	0.830304641294436	0.815985182738357	0.92944313903626	0.933798231219349
"SRR11856058"	0.0217332195767214	0.00170522923345735	0.0015889390932893	0.0108175780232174	0.0126412183530165	0.00214895384553747	0.0285650781611471	0.0013488123538629	0.00330965420702736	0.00484566939315224	0.00605343354475645	0.0112827794260537	0.00493263525022122	0.0186874642640176	0.0160947698160982	0.00667014398588606	0.00105172708318412	0.0407075412749257	0.0141734249690373	0.0131237596466201	0.00732163037235722	0.0115402752744148	0.00416234776212543	0.00211721635361394	0.0055469532884237	0.00549910533925187	0.0137713525515575	0.0293598981651578	0.00917158032047188	0.00322130508656474	0.00164912773309325	0.00487377628203142	0.00930805677347164	0.0175832070921566	0.00528906984971294	0.0137305566754459	0.0128545340764121	0.00794813401037047	0.000461325339150699	0.00348180838317857	0.0480394023923849	0.025944227007276	0.00286832334161419	0.00473889956065227	0.00817578888922263	0.00239719799689566	0.00272134820032986	0.00165415161446665	0.00539490522695548	0.00697524447250321	0.0148417086494976	0.00600871645018677	0.0110265169416659	0.00109678128141936	0.0256870267325961	0.00379076812495536	0.00696610152198922	0.0038224325182572	0.0204249787542812	0.0381550180723783	0.00150009510179896	0.0156391245820303	0.0314441728893497	0.00608164199851377	0.00296974047795304	0.0126590542098923	0.002985661810942	0.00684436077935535	0.00209355970483967	0.0103412447456729	0.00594755567127574	0.00291097013597731	0.0344810701588161	0.00818451498062424	0.003602014298937	0.0223075666485765	0.00347105215749884	0.0126123313215917	0.00238751471064135	0.0092566621746182
"SRR11856039"	0.891903371301168	0.982606549193714	0.823305567533162	0.989069074518653	0.999548373695204	0.969486850210504	0.993497868929264	0.935355375271956	0.152754507137159	0.811858044524721	0.935184349745694	0.884584082701698	0.775684308270111	0.835251076484233	0.637232466973477	0.991917175061425	0.762597294344288	0.831802414938374	0.740720569771136	0.984828903656953	0.923252798376118	0.808198531013559	0.939152900414707	0.914541198973485	0.937782664946985	0.931578835730818	0.743900201813688	0.922709432845477	0.743852342865939	0.961218355022882	0.974118120497787	0.846577936648785	0.848757660043972	0.64825179509483	0.532974578893502	0.404819745143824	0.985032426547259	0.874242175884828	0.81159517091822	0.991337380573813	0.978494956695933	0.424330010032164	0.989236704583661	0.975223784198696	0.900346861920782	0.953239156069313	0.968191639510728	0.859603649228011	0.968625103900186	0.981821909568525	0.886836793715083	0.920144696964386	0.941479293177232	0.174129466214385	0.680651352249865	0.89734377225368	0.633804874254713	0.877323361766883	0.970644927378245	0.814273864683203	0.53596392671428	0.997475415996097	0.78715710726347	0.976950101046934	0.986292676938127	0.886395659998417	0.96822239113608	0.98842817535835	0.990241030858447	0.969478256079105	0.612403039569408	0.908434005661603	0.932457825890863	0.984541811852403	0.856027185026012	0.779456732177097	0.845593321502122	0.772734279535238	0.90246695734251	0.233245141202267
"SRR11856057"	0.410514468752794	0.191026922353343	0.170642230872483	0.27114924515808	0.147864212888418	0.463628584468558	0.378037448608165	0.192938533923162	0.521478703702488	0.363535637637416	0.0812476562110285	0.239197997225624	0.222300450417159	0.377793093344618	0.389934573774401	0.338298369642425	0.299319163974161	0.326010695637887	0.307545070481079	0.0186604953196571	0.125855288765138	0.301869614977663	0.191512748624749	0.021496230567908	0.0678955264566613	0.047683188463229	0.270340296123631	0.0952315227470354	0.205957175877429	0.374627880211183	0.244858750187875	0.0290479499374419	0.446739613166816	0.293980633035763	0.318183956721907	0.343537292921077	0.276118782040369	0.310258088004009	0.00793136318729507	0.381722129440637	0.210178828945487	0.426162136273681	0.196822659415764	0.484114070172604	0.284218426356256	0.0087810875378318	0.157111021287497	0.471367683719796	0.353540736988986	0.338729810268847	0.609416343655822	0.321851743248502	0.329465838479371	0.131865101571215	0.66724411630953	0.164334156770218	0.0252673699220166	0.0554356433460906	0.205998680572919	0.423882206132153	0.415061805532808	0.076601606969268	0.377942920510534	0.654163664907804	0.0863003825692358	0.380298331262033	0.257662763117265	0.397207774798247	0.242809943742543	0.0392998135327941	0.170312502560227	0.373561340301877	0.472787815030066	0.0190779360524608	0.521341024051047	0.371413142941338	0.115789790897781	0.313442931584768	0.144216432616334	0.25778628832385
"SRR11856038"	0.595444710121265	0.364463921274186	0.554161578305826	0.716992077763168	0.869068983394896	0.708081981147085	0.80764678356636	0.884089018632585	0.588704569331064	0.540725217687225	0.798252279075055	0.651223599478559	0.606749737167124	0.529253120395569	0.507129063432189	0.834883532320574	0.549322106829461	0.476739771373419	0.616261061426223	0.400016247908076	0.838408889433794	0.513279278858817	0.490120565815006	0.481639437144304	0.560414607532373	0.817170286825885	0.502013169022407	0.803193667851311	0.109548461214426	0.733922741395796	0.647095087262089	0.795426225760107	0.654508267853453	0.567606663414186	0.312599291384415	0.543828527723854	0.426568384942195	0.568369873174768	0.520909678129548	0.517296124828431	0.790310343937628	0.506622847578163	0.616439405628459	0.902473382721033	0.78326821036866	0.743571109867271	0.696956678953561	0.348219986988581	0.739707584792958	0.866235740069323	0.622233925063258	0.824513351264639	0.496377545170788	0.49079115400295	0.665013611923755	0.33528186575556	0.335954795687049	0.310256322848588	0.818941922392236	0.638059871745534	0.661155619868212	0.86764055186787	0.743853828436673	0.844300514458058	0.814823913990817	0.363259485391423	0.770282172250036	0.834276181749324	0.825396347572494	0.349689035458562	0.311049218832309	0.14764486357067	0.543288511098124	0.242645366151381	0.658621889769123	0.584727634402123	0.2542490700609	0.606073395503762	0.322831284261821	0.464057271170909
"SRR11856055"	0.0529635981229512	0.00235374936612142	0.00759556263867075	0.0121933721080129	0.00220778177538978	0.0385873996302628	0.0107603656225969	0.0128069396666664	0.00859145273155883	0.0295644751409433	0.00106981416162323	0.0260828803691069	0.0325761384452911	0.0466431256685203	0.0810073429188511	0.0191149557753862	0.0197516865143859	0.013537447737637	0.0387762988406926	0.000462068951954486	0.00711694322486043	0.0226609052965116	0.00155010748081034	0.0042618620662512	0.00317970497307673	0.00268191977085601	0.0485739966838612	0.0333756955387281	0.0207995367360444	0.00997546736090419	0.0039468641503219	0.00175924897504047	0.0266545430187211	0.0547779909961499	0.0115583263209185	0.0223301963159464	0.000717093431622564	0.0023538479601813	0.00416699776361439	0.0149366447602479	0.185993979441723	0.0762523331402331	0.00329961987684206	0.0204000827221793	0.0211913351763658	0.00178167113489876	0.00257599255334635	0.00409926759233629	0.00458720635233146	0.0703659024877152	0.0479461516382448	0.0204640373653647	0.00651447908181065	0.000338878231554129	0.00106700010735479	0.00822122983789627	0.0160784205785803	0.0065520393434773	0.00446847048278931	0.025094142174612	0.006153002236004	0.0182568656496453	0.024065524595993	0.0225118443100935	0.00112563252047735	0.0635965699086418	0.0143890234907767	0.00375798320010648	0.00818699227534805	0.00603468473420892	0.00516520154515395	0.00117331499724017	0.00354847000256627	0.00282718204262716	0.0284168973371419	0.0230921356873734	0.00360480993594127	0.0117927829379267	0.000231984955541185	0.00530372490305489
"SRR11856037"	0.962020312156127	0.807377157540881	0.993084569159966	0.968691854315253	0.963720371073851	0.985171711266268	0.918976313689878	0.999634923933796	0.986143209895964	0.88775920055997	0.947447286186404	0.947909267780035	0.938151811846739	0.949060408190713	0.883954878067582	0.97758293189432	0.942083315119598	0.956111823814914	0.933864426799	0.909464475710615	0.917671639680285	0.793650020172968	0.94347842082551	0.918496328735976	0.873099356932614	0.937279367014443	0.975540896859344	0.955073134463656	0.916421758686029	0.982826338075397	0.816348742305341	0.956336062111261	0.939420709339348	0.941259770759239	0.720019897018047	0.964498571733765	0.80447295966421	0.932621794275687	0.921890990551853	0.843686030081043	0.976220822764582	0.944345321320399	0.953590005881549	0.999511334387247	0.993770103908668	0.981476002647237	0.869791050817984	0.829577104487123	0.915392289501694	0.998295378103221	0.904038083940349	0.969860262837193	0.886163911560839	0.958828514386002	0.990221478074798	0.906886421609279	0.805670791596276	0.874308911589912	0.981773767874072	0.91248442687431	0.974086316604956	0.977574546634491	0.932819130721202	0.987233967449183	0.995057386934902	0.952801522051122	0.990557648844414	0.979096415615827	0.987479031989618	0.861685501456975	0.955113174340359	0.780661216498177	0.981216417069091	0.384138014616307	0.952736945785448	0.907697646323589	0.988806265253396	0.974463896328931	0.342996358660731	0.921144541767079
"SRR11856054"	0.286303046594556	0.0461717960712632	0.202814832988289	0.0824975381331809	0.16873714110448	0.577778812285922	0.524201052295096	0.560173788761106	0.260430418498131	0.160810341693135	0.466704000792601	0.340947707914736	0.142880737689775	0.235849004592442	0.271827350212716	0.131214426432731	0.286422085407501	0.419740475827851	0.287251684837106	0.079871419088522	0.468379829723797	0.313273138294231	0.0968766102741191	0.159051769096927	0.19147501319715	0.521808547432261	0.284861736584099	0.259811552338118	0.205982994078386	0.133861427330171	0.071828739406986	0.09168866166389	0.400904231308697	0.229012170895509	0.111173425548762	0.0661046577856969	0.45201514618271	0.0728138546068797	0.0640692574953147	0.528661131030039	0.924113061203508	0.321612381771416	0.39716658145465	0.559093670413441	0.466505461937179	0.2102591108339	0.244824469876885	0.297078388789218	0.187052362707654	0.630365006718138	0.353557215466325	0.67209761260594	0.493617298884926	0.113888478510473	0.117125633598012	0.278673893207518	0.101798904459772	0.122555680722827	0.416530392825863	0.200244555605136	0.328712534221544	0.288617717594158	0.155852670023318	0.463150878611085	0.118450935902404	0.660512760018376	0.439866534499724	0.441503023291943	0.274387484021162	0.111081611067432	0.0743861354907422	0.360333647539356	0.13978876316363	0.258487195325202	0.472007237475335	0.10092787346108	0.233551799080422	0.304107457646071	0.128008372734444	0.127527869945509
"SRR11856036"	0.399219253923689	0.308740643232014	0.38248558508638	0.187745863226714	0.827252165153268	0.360320110842455	0.697354225192941	0.733506754971463	0.184669016289113	0.207403200931199	0.477189038189234	0.166864268580028	0.163944729915728	0.223042592284878	0.330672745275065	0.423918154811411	0.160664241041479	0.411201495883885	0.236466153620231	0.435081455003386	0.480200183560465	0.342312741350194	0.414333988020395	0.134433945466375	0.260878877029405	0.452263106384051	0.241933613489615	0.319719095053036	0.320985184765693	0.127069047536513	0.337773661059845	0.190420978231439	0.202113288636295	0.100808163087582	0.0890879687249828	0.16894688062503	0.754435331665288	0.197852488252745	0.055983850332431	0.273281657687248	0.776042826202811	0.291280740011957	0.438017204507742	0.697073013648401	0.642499782188685	0.253239691460505	0.435149251422713	0.234995848101959	0.191028024366606	0.59926263238143	0.395736940893268	0.423612184047747	0.660370922256576	0.144041193267597	0.0822049578372696	0.550680698505679	0.253926792428374	0.161060201189502	0.443051548276162	0.191251197901303	0.154901029933312	0.287641669354175	0.486812617452321	0.259230481189044	0.240516838611575	0.346181699090275	0.0800157315243268	0.439803582561439	0.100956308059396	0.603335730355158	0.323657110815103	0.539856804284585	0.151798015057382	0.59867545952531	0.293278885922055	0.167730293134615	0.227987126657337	0.18484596257599	0.189658167088346	0.149321717462887
"SRR11856053"	0.963367993726407	0.989518622959871	0.95639023891463	0.988984228865997	0.993620955756886	0.983345583190631	0.972475950134371	0.947942447507793	0.991320984975248	0.942463551495633	0.974184821614638	0.986884173952565	0.811051861409571	0.916411393233001	0.94986492184985	0.992455224452476	0.995894235531095	0.960312320876567	0.77630134791019	0.998378811960017	0.944948727556748	0.957268775713545	0.990857824058663	0.967574486633416	0.992643167978405	0.987755282692328	0.907415755286723	0.926897997509039	0.944085611492336	0.989879336069636	0.993632552224397	0.97743128724623	0.939407914780117	0.938690817008407	0.911708774658911	0.977128382086332	0.990369040168788	0.986876783976283	0.99430913784962	0.979273359394253	0.991375079046901	0.784668796310743	0.992372553118479	0.917987680574747	0.907154772183764	0.985994584589411	0.811668484222823	0.79409406074211	0.986962863975985	0.866630575652358	0.906156918259843	0.991128716995546	0.956589335363009	0.994193763787164	0.991820682880892	0.961608064868849	0.987256314469482	0.995369425998839	0.979817048332317	0.937960836972975	0.994599629421028	0.99449229939703	0.942960939225113	0.993417476808	0.975586405305059	0.904491486338824	0.992270719875996	0.966958346591536	0.976962340558229	0.993028432663064	0.872347690330766	0.993886701290082	0.995682004923815	0.998136087464783	0.983475266777431	0.935069438341	0.953766738384157	0.971689196788387	0.995876683123579	0.970719346799578
"SRR11856035"	0.718826665700661	0.692960345655629	0.837750351769842	0.789024937117251	0.968278584894711	0.659807111405317	0.824329665600673	0.866747746828775	0.143825256634784	0.656344902816181	0.461267369446785	0.498196448786362	0.401040053843354	0.816592795508607	0.750331363658363	0.957279753858786	0.412085170882522	0.74085162375357	0.541718757463606	0.895441412882251	0.717141305330949	0.81667275518272	0.459750802211336	0.5309278632763	0.704101071972296	0.788637933724679	0.635567253575493	0.893063394523449	0.594790818689476	0.767037924510147	0.744016225212036	0.534987795007502	0.511348424684657	0.406261631045625	0.380150655215519	0.350845893412346	0.942204900528153	0.661161172974961	0.328935445813191	0.915665599312976	0.872270898374068	0.438922469517003	0.880274750728182	0.877369092344813	0.408245396636319	0.330975334985994	0.661127193927204	0.313135636557889	0.799555973723699	0.739811618655467	0.869127506026654	0.741637382371955	0.682726084434858	0.180634850856725	0.33556067420868	0.719337510789231	0.618127080522197	0.797608687481156	0.787523186396161	0.728166818766796	0.679347743497423	0.988044165328287	0.643962776279997	0.824891876661331	0.866551479506808	0.745369307705121	0.692407357041716	0.704756556047284	0.925663857374547	0.856317286744181	0.311431903353648	0.926073415712392	0.666099394389892	0.942666820085394	0.767686570591402	0.812987794015382	0.395152921406945	0.275171506694583	0.765780314293347	0.0787208029502291
"SRR11856052"	0.270228361806863	0.0627844483189479	0.0690327421817537	0.219279804819878	0.202236628230183	0.451309179423387	0.139069901029577	0.140426401629325	0.731350700263092	0.170436452425461	0.122943617087154	0.275078274654926	0.0690402459808695	0.156957263850452	0.197098158918494	0.290656683535076	0.267294306088173	0.15533659952592	0.152661451760165	0.175392540994756	0.116043631903574	0.374171992235723	0.253485070456351	0.0679214309708383	0.115570906303756	0.388213010864422	0.139181049146263	0.150771489991932	0.0639171620230969	0.259494039248393	0.273783262560741	0.0667385078497959	0.339968726035297	0.184792408006077	0.102085320334203	0.354233937478206	0.439712498052019	0.239033917584435	0.182838207761748	0.0776358929826546	0.892469528854783	0.30918183959119	0.0473456201006651	0.21207928090188	0.319878134823199	0.192849132575663	0.0566109645233412	0.0676539068921325	0.135356318713329	0.321911224106402	0.141024534399881	0.544807146225965	0.744419574767473	0.631709128173902	0.271474797705605	0.0681601576743833	0.220043636977967	0.0906762773399431	0.187756309054471	0.263017178615735	0.11837278047101	0.218938842021841	0.375672533809744	0.414503627695527	0.0222542540437889	0.257508738422306	0.551100213943309	0.202629472907369	0.280912062241441	0.138365625128119	0.0922727150280277	0.224500340719509	0.212131702367045	0.188428300669979	0.388844667378968	0.14160310814122	0.053023497628035	0.420579609220693	0.0722475071974122	0.340390267201855
"SRR11856033"	0.306400391516657	0.556864266565241	0.286013765489619	0.46891515076856	0.747638043459812	0.821755282924622	0.843841492179283	0.660609664336339	0.855182296015617	0.286919854417852	0.829172557200946	0.876118077483472	0.364828840940617	0.495940425966163	0.415440631401759	0.741630753548533	0.940786063799227	0.843026352802024	0.632342859163631	0.596973229270665	0.452167927167227	0.770220546052676	0.41859486653391	0.442209458754028	0.572659824734652	0.843288659960134	0.36308688405098	0.559008582484192	0.241535961295245	0.442045782652515	0.337459327499055	0.391758413939001	0.791176355872436	0.242222175357946	0.198681478635335	0.200548601596581	0.517144913395925	0.642361820016434	0.757380801852286	0.654838323704238	0.989957859373561	0.456485662086413	0.382774183643986	0.659109022712846	0.794105475914223	0.414506673719537	0.612689498624556	0.543170693246311	0.515909292359265	0.732208968933369	0.671809672627813	0.474639716659491	0.931525519277728	0.581078015609534	0.648787844111485	0.417238333429149	0.311457821679962	0.278584889352758	0.593743585294425	0.466904783200833	0.83303267674615	0.597469687809415	0.647612347962801	0.722604747184904	0.469147329315379	0.443454669300165	0.678580088051876	0.645539459806348	0.397619182903782	0.624932286806706	0.736799826540476	0.668460594469209	0.675939585644767	0.739490856509271	0.670895163533565	0.631385053369344	0.141714396774424	0.787845399742083	0.44273780700424	0.770360285710237
"SRR11856051"	0.0606871765674146	0.0158651255842508	0.0243038211019672	0.019960010402568	0.0206951825271479	0.0540901037695532	0.123245503760357	0.0304917164218247	0.0233977385344998	0.0395958967449494	0.0030941280016843	0.0207513995672137	0.0900133656055323	0.0519308855856158	0.0819318357710564	0.0493401388410694	0.0195045556739278	0.0144577490846237	0.148897360388788	0.0261672911728775	0.00955103009149756	0.100371458286811	0.00546510724784071	0.00835516714127416	0.0157896350126499	0.015506654645908	0.076092309951523	0.0540861152790301	0.0751177700768878	0.00997676029200364	0.0030647007579936	0.00611270757308965	0.0476441907997152	0.0801276714386666	0.0157208468617199	0.0471413841706991	0.0018700755838012	0.00797479339703011	0.00306849587761855	0.027871580754398	0.547240696928521	0.110312574072542	0.00927205131255395	0.0784064196776331	0.0217998084120567	0.00568999479337951	0.00712697873084975	0.0119058110369053	0.0105624696326887	0.0502611943151042	0.236230686030591	0.0346638524556437	0.00834946602652114	0.000466842427052626	0.00337901270500872	0.0300862002376453	0.0545303612912992	0.0354178080152714	0.0301594158874121	0.0665684672316583	0.0185226034437203	0.0219873102990324	0.0285601936746975	0.0232299303452809	0.00299020647019071	0.0742920874177633	0.0121815184208662	0.00801058361495593	0.0202917752427107	0.0561489205202119	0.013018349365623	0.00146481213831011	0.0187420486875259	0.009999157061115	0.0248388016804622	0.0700339937721914	0.010600003593827	0.0178557447846825	0.000699622172193464	0.00616019704766241
"SRR11856032"	0.706883586322325	0.609894045155047	0.893407472700936	0.858835580571647	0.775372351851355	0.803600031623272	0.816047903463024	0.990911993237786	0.928008831951803	0.626457746565736	0.97413743312124	0.741573484071601	0.780334111880471	0.833592813195868	0.777468535754915	0.809319023399319	0.706675758014972	0.765933853115442	0.835384695587575	0.927008063652197	0.850591872605361	0.842531780742922	0.852457334835026	0.61376845858634	0.661047393029311	0.895106350659939	0.913222165428514	0.83158331803564	0.884105937065659	0.896096447617416	0.602661354699902	0.796459346921682	0.833951707883633	0.730072514098037	0.410738956426656	0.645795739752876	0.909340984379171	0.595179375260847	0.52462318644417	0.889332633352763	0.849698884156542	0.813282477606881	0.970469288229718	0.979876429406219	0.88125523333475	0.930677591582724	0.621837971916603	0.486016176998479	0.804082050739712	0.9022169079386	0.852254848351675	0.725127582491253	0.737262156352846	0.918932116932503	0.970969146547717	0.897023276149979	0.707673801984234	0.839909620606604	0.919824143817345	0.85972902550704	0.850697239208586	0.939815306082708	0.602021727673859	0.952196144948345	0.906600093025584	0.724214976853405	0.893966584052648	0.968343509470877	0.939042610627504	0.925068085394742	0.812438933419683	0.784626728208111	0.954274405469732	0.619372971295863	0.897058375783994	0.858176363537792	0.961707422442354	0.827096644209129	0.274733501069002	0.549320018166499
"SRR11856050"	0.903272002537564	0.767352135900078	0.97848151162337	0.906612671390645	0.991995311043202	0.888849273899498	0.986640492115088	0.991593398538564	0.843586959783622	0.708118554062631	0.902383819277842	0.886725656776001	0.835953983161656	0.928969697376958	0.734046467287214	0.986807245312471	0.739068400519749	0.904834101979591	0.884368964630273	0.844453452852195	0.878722458006345	0.835079858084571	0.844196634682555	0.735394603288986	0.817175758644155	0.308061869166461	0.902720087988135	0.903366589262731	0.865839337909623	0.855130017144568	0.860012731518427	0.405282911371305	0.658235531982737	0.325473185710337	0.743450382018459	0.683009442290173	0.994914351839115	0.914975318855341	0.530855627665571	0.940285537939591	0.618976750064416	0.84687942073004	0.974020223363188	0.993656464609354	0.920008064838267	0.771260403482104	0.824581442361871	0.642107504982842	0.858599701612117	0.971035390929176	0.973316812331375	0.615629401216877	0.87107985205672	0.63677930616144	0.829480569286053	0.953467472724984	0.58804986965751	0.695893122234309	0.944296317356894	0.827745962875048	0.687050348626535	0.93008445730343	0.894833393723399	0.905515968879405	0.873803126188467	0.956880278227187	0.538100720083297	0.978166313613583	0.847950589544374	0.751934145384588	0.970560768863153	0.98737777998233	0.846669578762719	0.911431386741995	0.940192827251903	0.878677084302791	0.960559658806934	0.587740262492629	0.783958444056487	0.659851816560826
"SRR11856031"	0.557286278636545	0.61971415211998	0.60892110555491	0.968733188551517	0.885067651223415	0.926794069916588	0.783037794726145	0.999899056229842	0.992871812137785	0.60252337065242	0.919258723134823	0.890610376768786	0.615157464045395	0.822842181076431	0.462966537336281	0.978036312784025	0.653006906119147	0.635041244480815	0.723524232353913	0.708624846513265	0.430362338380748	0.532203713793013	0.992281128190174	0.633528370142267	0.90245478762571	0.639377671046337	0.651102116854085	0.946302613345041	0.112096284719416	0.565280660297752	0.941380313920204	0.521947093944497	0.476611086073069	0.398323346607551	0.927192974488601	0.444243385706387	0.962348919210693	0.690874889574707	0.804721990129133	0.598163191811858	0.68908610446179	0.684669677818804	0.977211027854028	0.698029358021984	0.597951661460043	0.730188685352299	0.915453718453974	0.692217019103468	0.750567301012246	0.966026436052285	0.807685708544532	0.358349674487723	0.691488378511851	0.946046852580005	0.956040141723721	0.525364014247306	0.394089140996558	0.360442253498236	0.905453654727427	0.830534147304307	0.944423806763218	0.987004269981331	0.71985224432739	0.950076057849323	0.408574594608602	0.904701037203777	0.639143999352556	0.896483778361047	0.80288101730556	0.176961883516144	0.884838346156671	0.984540341597671	0.83358342527478	0.741549956893401	0.764231653391592	0.821543158379037	0.894899058520485	0.825590690779029	0.99151313129986	0.766893385564871
"SRR11856049"	0.0116169757058586	0.000494637730137975	0.00304513296006549	0.00187454075584746	0.00153093907894263	0.00661692418932395	0.00997788893036893	0.0403470617584211	0.000818543216190387	0.00882045542044217	0.0107191281543966	0.0203185778848608	0.00570381663837406	0.0160674549731758	0.0139665164615381	0.00496849463363386	0.00762565275410095	0.00688958572819114	0.017125988662195	0.0029313232077002	0.00124079933946052	0.0182579873701328	0.00149931098791827	0.011900936781612	0.00408830926315885	0.00457717657980265	0.0186292814816943	0.0254023509789501	0.00425288187282892	0.0013450845593118	0.0071853018648246	0.00138746046730692	0.0217002649862211	0.00757123078129838	0.00222157458859926	0.00388550718067828	0.00679566699415809	0.0107719390724632	0.0245223681582034	0.00616526082514879	0.0228777745518713	0.017641080397796	0.00151941752963616	0.0338049737953592	0.0268728245104392	0.00301010551179739	0.00336170932112486	0.00265594088043212	0.00594349569192473	0.0291281443554258	0.0124911091332872	0.00209432894494449	0.0280553005756027	0.000187499963610774	0.000871083033306014	0.0129328427388285	0.00611070247615681	0.0002602269833923	0.00329012749783516	0.00756870949772859	0.0172900987948656	0.0690875483848137	0.027131991242154	0.00308978580459511	0.0192497391566562	0.014397645809733	0.00447726085475105	0.00775478750580821	0.0439183563126429	0.0026784995518201	0.0134305754634803	0.00940773704186892	0.00545988587373322	0.00170542655511173	0.00548623978968191	0.0159393374363349	0.000357474474592289	0.00905015370200441	0.000755807287272652	0.0169134108325351
"SRR11856030"	0.00956876423334586	0.000369847900297425	0.00256215005904698	0.00208809803118112	0.000117357480790458	0.00138491228456203	0.00205051111296285	0.00548085139817601	0.00836409614027043	0.0107329391522298	0.00453808130745096	0.0125956528040345	0.00104091227504893	0.00341281765683716	0.0122481171648522	0.000503689731810798	0.000995641881935043	0.0102128393732075	0.000793503542989862	0.0100590275044008	0.00881029392677433	0.00767650560138124	0.0115115853466494	0.00496429626546571	0.00936628372666643	0.0569807701680966	0.00283670476355278	0.0109221862613731	0.00281335116403203	0.00128409017889341	0.00281512009289398	0.0325487095761865	0.00590244381193223	0.00394093192022981	0.00716185678817542	0.0163674664997228	0.00417577340892361	0.000577690810655594	0.00155595887321016	0.00411063252292574	0.0562274364415643	0.019716995536387	0.00188739418067069	0.001599606715351	0.00946805804843169	0.00579355512372882	0.0031294028567661	0.00137839356650105	0.00424466241547502	0.00541481238419805	0.000599399793274174	0.00121566124775038	0.00669054202393921	0.0234245281604115	0.000533910875296762	0.00390324335391099	0.0186760505341495	0.00984460517713375	0.000467808619254178	0.0132737095292202	0.00689779189733001	0.0319256553326173	0.00432686872475497	0.00681804037635474	0.0033883579250769	0.00452252695422788	0.00474999532006254	0.00123442859563534	0.00139636452087881	0.0444396612961397	0.00689691770390209	0.000697284203713926	0.0014441373096781	0.0349872731417169	0.00922439987406321	0.00186596608585284	0.00574273619769902	0.00707407041410405	0.00482337675022116	0.000754722359119291
"SRR11856048"	0.147642156343357	0.022121833429688	0.219556048872501	0.0758466098139164	0.0997168873002388	0.164834308647784	0.709235815252711	0.24315104396346	0.0389400946298335	0.0815334688926429	0.537919878193493	0.195022087959739	0.0905447434803832	0.0998739008969042	0.103574059140112	0.0928821935884861	0.0227852552940244	0.49758260508034	0.149167365634295	0.0212049187151393	0.0265498568400015	0.120809740329508	0.152520993010003	0.151569283273993	0.102530740159322	0.104840317363162	0.137996057228084	0.258630874498294	0.274580280597947	0.0980185033856532	0.0286608769365154	0.099030733708956	0.398717871664269	0.0497053324980759	0.148229139025608	0.0961513195057147	0.0224171214720889	0.0681467515992676	0.0343160967236868	0.1755625075285	0.276987516881737	0.179387776149833	0.132617424513013	0.382658396061069	0.229740092935302	0.0375961724014866	0.0874779324996689	0.0669081836760948	0.0427880097834532	0.587340310595211	0.155665692413815	0.0540756481164152	0.13354109947184	0.079349946147678	0.0085011461478032	0.0828930242282905	0.118068923998467	0.193628298304555	0.0251856989514188	0.154168491419023	0.0896939972822344	0.110853801629458	0.140842699483894	0.0702937102323426	0.0832908095494757	0.257238042076768	0.0624477583497869	0.47873047138941	0.106830383863583	0.400123165843923	0.0531335351652835	0.0106424820046823	0.0138939358362439	0.0832662191919678	0.219153130744414	0.0336377691905048	0.215239243131781	0.0382108776864666	0.0223591850493027	0.0175038566229982
"SRR11856029"	0.8893046328604	0.733280740474491	0.971497613588049	0.608168952978451	0.969321899189014	0.919156944711155	0.949556806360375	0.98523497819968	0.884113696929365	0.70028298930817	0.910950674219691	0.855909490444746	0.867119701886036	0.876979084649374	0.841967631280691	0.893799831971998	0.591273389023054	0.929065611380122	0.912203686286491	0.722953504585697	0.691758760544707	0.777739621274686	0.93130264362364	0.801592113431943	0.76097020839513	0.959419538879941	0.873253184279984	0.927837433404995	0.926167242286847	0.758383547135214	0.704615936077879	0.824615996930401	0.910253871972041	0.792079227557775	0.841514957793954	0.793995513854644	0.982714572235906	0.75731893579695	0.52891304095088	0.907003871156004	0.959010711346448	0.888756515517318	0.879751275702186	0.980352357882684	0.952516310682401	0.449111731849759	0.890755319203103	0.785710395187851	0.788467077164263	0.980757070328943	0.938522200899321	0.90749922999324	0.933191003991972	0.962987125305756	0.842258133706084	0.705800901704344	0.744587450588264	0.949232467338259	0.885379016997505	0.81415249047241	0.946144630764878	0.935501980122245	0.885331899779757	0.857575743672291	0.813974997497431	0.961648823923324	0.850112585235823	0.964247406598593	0.942863006376501	0.960499086127304	0.929122594244295	0.984315947238126	0.800178936002352	0.848079262972449	0.881371059156703	0.850754814573962	0.96213529408778	0.819181170466152	0.845192634935968	0.895439797115818
"SRR11856047"	0.0283006170104612	0.0020628962079463	0.0104402270604067	0.00250573463338343	0.00345015183214805	0.00473029373689921	0.0144166976812704	0.00587526496836232	0.000329120925940501	0.0284538320892033	0.00249338421162356	0.00522286190494001	0.0151715404298248	0.0271563797750385	0.0126944619407714	0.00508819830150679	0.0019809583867431	0.00575281992348812	0.00983812804309545	0.0209508807078443	0.00695856515685167	0.00919006555166041	0.00314990060678354	0.00459360451379508	0.0102768725529402	0.00101089775548347	0.0438062247671261	0.0331500994140936	0.00478940302018275	0.00273462582047025	0.00287867337350187	0.0242192096494923	0.00376545784433747	0.0299678187880094	0.037749667367903	0.0154016001842321	0.00231109547963522	0.03465705959092	0.000192832658821593	0.0021135845483313	0.00188321130461322	0.0380512959828142	0.00236566899564385	0.00809361486589541	0.0361878950875146	0.0157733487806748	0.0184304573161612	0.00174233945331795	0.00597569801172403	0.0124663646846523	0.03633345067348	0.000688036085420316	0.00152882763404545	0.000309905341730973	0.00522487209400345	0.0196410377693095	0.0118589078081329	0.00421017491239309	0.0116910279055215	0.0369604816217693	0.00580469530212678	0.0150638561672846	0.0272502786074359	0.00481749919716592	0.00335327254863719	0.00734316302208348	0.00138707334784937	0.0029572417956814	0.00246314867386808	0.0142276563936158	0.00271852249481205	0.00099758069524215	0.00863101595540521	0.0123580205742629	0.00369238587318401	0.0408167050712106	0.0017487234419839	0.0136172977720761	0.0044069443829197	0.0031176931820633
"SRR11856028"	0.889985922828339	0.558956348012344	0.911887950637749	0.786088263939698	0.758133386656879	0.761532107966073	0.732805318968859	0.855398890896254	0.796609622776068	0.668613877184307	0.627159541343092	0.88443347154507	0.476181229451202	0.744270483014115	0.913979421637643	0.472534592662898	0.785289777818442	0.850210292905495	0.658089174283418	0.317953148609911	0.389489613088747	0.765596099704176	0.844800292748585	0.863550079693936	0.568705164529052	0.704116731694778	0.739101672708748	0.862039679226138	0.875387055451885	0.676475262761865	0.508538974976729	0.575869044570396	0.820625944879207	0.810160770668023	0.847963817400724	0.844407726362125	0.713204612054972	0.734503457347617	0.757661629454602	0.84733486041886	0.942158972057627	0.843431561180057	0.672690659664374	0.84629677868297	0.897285946932742	0.794465168926246	0.504584301855173	0.426346176123966	0.7320432734246	0.885276282225574	0.697750563248144	0.771630896386162	0.747752601330926	0.690591572902933	0.721918682733967	0.338174088077945	0.845884707195239	0.679758670617494	0.746273003897426	0.698037740387738	0.9093383712581	0.634584503367072	0.740337291574216	0.728316839064931	0.301988811337592	0.911669966863097	0.634495778257726	0.676923825538618	0.327032188204961	0.848069777536	0.772227017635489	0.761190128040343	0.718900301629446	0.411380411412895	0.75156837209361	0.746965684006161	0.911125628168592	0.640226608661101	0.48469335058661	0.854851531039072
