"Model_1"	"Model_2"	"Model_3"	"Model_4"	"Model_5"	"Model_6"	"Model_7"	"Model_8"	"Model_9"	"Model_10"	"Model_11"	"Model_12"	"Model_13"	"Model_14"	"Model_15"	"Model_16"	"Model_17"	"Model_18"	"Model_19"	"Model_20"	"Model_21"	"Model_22"	"Model_23"	"Model_24"	"Model_25"	"Model_26"	"Model_27"	"Model_28"	"Model_29"	"Model_30"	"Model_31"	"Model_32"	"Model_33"	"Model_34"	"Model_35"	"Model_36"	"Model_37"	"Model_38"	"Model_39"	"Model_40"	"Model_41"	"Model_42"	"Model_43"	"Model_44"	"Model_45"	"Model_46"	"Model_47"	"Model_48"	"Model_49"	"Model_50"	"Model_51"	"Model_52"	"Model_53"	"Model_54"	"Model_55"	"Model_56"	"Model_57"	"Model_58"	"Model_59"	"Model_60"	"Model_61"	"Model_62"	"Model_63"	"Model_64"	"Model_65"	"Model_66"	"Model_67"	"Model_68"	"Model_69"	"Model_70"	"Model_71"	"Model_72"	"Model_73"	"Model_74"	"Model_75"	"Model_76"	"Model_77"	"Model_78"	"Model_79"	"Model_80"
"SRR20283928"	0.34556069915529	0.442630673185374	0.224282662320319	0.485200290088058	0.130233443836601	0.126245972634247	0.158926525564326	0.0879377457364391	0.0792058282257048	0.128432646925944	0.024564663175682	0.0972029171813886	0.0547799141650641	0.0527565174410352	0.175120120840929	0.155714409768217	0.0561388458445516	0.0511964107354724	0.0300030359876378	0.120327931761297	0.528245427628172	0.277167186679002	0.0515869348454706	0.182807087516695	0.0981941663659759	0.0801939969361382	0.264768150861325	0.170411828897374	0.111109552260404	0.244613169802966	0.134169899402124	0.21728632051378	0.138823951462184	0.047582633274262	0.0946695616543952	0.171745778240809	0.172292261923827	0.316813857625363	0.300425541748969	0.289286179959749	0.0400271067005741	0.0507499514780497	0.24528334875225	0.198113370994704	0.285065237601611	0.0690781670935147	0.0522830057726787	0.143951616882149	0.180884280276	0.46817925833668	0.103387063987252	0.146634849511189	0.206365501016902	0.107220498163882	0.158130004865365	0.391270313113554	0.197196092788775	0.0482691897506032	0.228171252172918	0.179652364136239	0.094398737085628	0.0408061803140351	0.104025714892584	0.0645389184625118	0.163252936897807	0.0700744627241021	0.0142364590812059	0.282043125786321	0.322802497479355	0.0384012783469266	0.153237234649215	0.442501514749379	0.135727993949268	0.217572105159182	0.16480193403667	0.344951346255355	0.22447468321554	0.0924242772202751	0.0690843779013108	0.162070662305099
"SRR20283917"	0.134161966783587	0.462923361040323	0.0934613910940615	0.718445998667891	0.0324887279717201	0.242132906522354	0.3354613226597	0.047270351644302	0.0745360954953816	0.10588122716837	0.0121259541182211	0.039921524771742	0.025083849627524	0.0542705021865484	0.0298525611610994	0.147207650107619	0.0198246121574531	0.0773747486161585	0.0284209654735735	0.0122198737620387	0.803693009155263	0.279460034856744	0.0680220043468669	0.053947899523031	0.133130997662649	0.0890738134530151	0.127542527018235	0.142051988510133	0.12924990494497	0.218595034928077	0.216603072023339	0.0866269487995017	0.0342847460095856	0.0151290681200395	0.0803227664103259	0.162426815595514	0.162749855938205	0.0344321104572703	0.075183687863944	0.0898041225664364	0.0552305913025744	0.0577126912358491	0.535722512238124	0.20668189893331	0.587165055504499	0.0426972429678416	0.0752878626048294	0.279715357496955	0.363032248307817	0.305521196188041	0.0382409950845849	0.0745429280911784	0.0847183748253617	0.169769371146678	0.0442608714352067	0.150963156244697	0.0235909468386121	0.285965861239534	0.171981689236775	0.117875329374362	0.030937682465664	0.136069199968602	0.0838252529392898	0.0176494508827221	0.0455671799775203	0.0694063146919815	0.0608852733116852	0.241787760876634	0.111649450602404	0.057167740886035	0.16704706046491	0.0579336985446822	0.171905753862638	0.164033145204666	0.122981510858153	0.116406794153334	0.275850161158261	0.0609938535992553	0.056370121261568	0.0747690900580154
"SRR20283896"	0.273657316933234	0.0843862597754797	0.406723788300158	0.175244051452091	0.0942781966870025	0.364210093474132	0.436704615101895	0.0264115590106046	0.202566257586374	0.146182417297275	0.0504517579203017	0.101926165668126	0.135537262395947	0.181523733835924	0.537663355932018	0.158901933342969	0.0862844418376031	0.335223391629945	0.532711131185447	0.219473212757208	0.138946356480752	0.126595069579016	0.174068921992525	0.433151990910137	0.12423777410542	0.18664631633846	0.100790790407654	0.280773354795898	0.305308439226207	0.195371430449157	0.421487033915833	0.111931881896354	0.103600023187674	0.118957167312902	0.346823926546021	0.20668401438948	0.715752486287464	0.0871366203235451	0.224066384794589	0.36679747139065	0.123793038253004	0.519104304255476	0.136498901411234	0.108177035683846	0.394133221437424	0.13209117622857	0.074850171259532	0.143265342225048	0.0549046636248374	0.0888063243233843	0.271292170061333	0.191112835079933	0.0154601387241193	0.100380737792669	0.218227532972228	0.431256352607368	0.137393464613252	0.445223370185692	0.218317061189532	0.366552829609879	0.102406121443252	0.207531236893803	0.128062143904735	0.184218931999162	0.197965513513266	0.0574138041071729	0.266569857763431	0.466458281014691	0.0272198980163155	0.404560454611772	0.574261729167969	0.526575506980593	0.387132780883294	0.286164138103772	0.116854553513535	0.244133280523672	0.131289236874341	0.407429603966626	0.214893921860545	0.103060795977702
"SRR20283895"	0.983519641425009	0.968322124479757	0.99132244041607	0.988458517263456	0.968472901712109	0.994524695702212	0.985597474745088	0.921467795071766	0.889575569191952	0.981045722841778	0.926561182009578	0.951363417981994	0.976993958345054	0.953349166874532	0.99223775789561	0.979218345427306	0.947459023640961	0.992996813577206	0.984540936217564	0.961061047470681	0.9905866727848	0.980043231777927	0.975277544140566	0.993084437903863	0.977649985221334	0.96740376110264	0.973518727803151	0.992407946241665	0.968244821561205	0.971798993228825	0.99703503128202	0.990909206028585	0.956294131124334	0.914509532433201	0.991570242067668	0.988966636753057	0.995583817055764	0.988082474791592	0.929108323019966	0.965024309380462	0.988733426775989	0.986200075568792	0.979481079462859	0.976695505160577	0.989275923608355	0.965318785076062	0.98244472792935	0.970141717343361	0.986952922938933	0.957889246425497	0.97498429479431	0.992978802844489	0.987461605033555	0.941405012685207	0.987724946381545	0.997841347061992	0.949423906839143	0.99875797305188	0.997361375003292	0.980055730005733	0.953179296718098	0.965399903515896	0.991479714502937	0.876901989164055	0.992217055177158	0.949208611485822	0.980827432446757	0.996590186140604	0.994249121173452	0.996928698826181	0.994308216962481	0.99011799429708	0.953792134851707	0.993235794474558	0.938422129332973	0.986925825266364	0.982899906124929	0.94254654246228	0.969308838822749	0.988177802255395
"SRR20283894"	0.759845688624838	0.576503801976635	0.865571915123625	0.970973059311486	0.720335282050791	0.924271445163084	0.937149780651221	0.897192177664994	0.99652362482404	0.712826117023501	0.164922024137439	0.975359144827309	0.00295766223903786	0.843403470449074	0.602772027893212	0.0166275869429622	0.940820004602221	0.988012741200299	0.633433066993879	0.995188427473675	0.731156588726223	0.685163703024396	0.959021644922448	0.761077086311589	0.975060461508111	0.633978068210671	0.998280592174708	0.993253615841112	0.796420531354212	0.989602014983683	0.967199501558534	0.595222816093593	0.964530138670698	0.620051706891087	0.947850750536194	0.144005635927922	0.858628366125458	0.639692965010498	0.946795291901919	0.500470244839076	0.731188325489467	0.371761184749422	0.855136032828586	0.987681560106299	0.895179520374331	0.854736695069089	0.188366163647203	0.121776245523898	0.913489903614573	0.70477142900402	0.954246677905567	0.96879627316466	0.778354727708495	0.153775326155691	0.0934882221156498	0.966591326162309	0.655071644782498	0.910211019728811	0.0628771950680864	0.950477545826383	0.277578069390799	0.936982635858342	0.948686053007969	0.989777352182354	0.539781884335	0.989621544744903	0.680259076550382	0.303660287481436	0.789995937817245	0.923342834844339	0.470373283622908	0.903128903062881	0.893516715356893	0.646474916080418	0.951860829124481	0.177554167989976	0.724559723872813	0.424865211459727	0.705177820016751	0.700177075487742
"SRR20283893"	0.818704742763564	0.864914651908494	0.789701599401983	0.969475939173298	0.103182222207537	0.323415087812475	0.862141497105841	0.388853240451633	0.789532054186684	0.821174868598019	0.171089399697764	0.828706352760578	0.146224312068928	0.440177491813032	0.757276807296442	0.447888117776537	0.452749824074052	0.57727088612297	0.476748731373073	0.32879382091104	0.856445409810177	0.743874883054558	0.450711808688754	0.618567150502948	0.941812575327043	0.584226770596923	0.480864245169331	0.778607850504025	0.36926334535497	0.657847339839152	0.788109067397878	0.592380466414021	0.45621814302949	0.289672658028146	0.602899707022322	0.54269043382171	0.87608885232038	0.110205618488742	0.6133656697337	0.741374720044371	0.325980662036201	0.351223602498187	0.912374003834487	0.745363607652791	0.929644165521982	0.337454407427269	0.553578032066198	0.802050740524882	0.85995364043974	0.742558969606486	0.719722802825597	0.479772114356601	0.0932687297833652	0.280718305371995	0.182682918678699	0.879667911043468	0.283876789695493	0.193548620423185	0.28204795380841	0.785367016140462	0.309694210790019	0.426204746853965	0.633635770491921	0.32337788277743	0.341250091443838	0.939230003436911	0.332771642976529	0.508588545713655	0.149147822043546	0.71586691351426	0.63488809866992	0.640619085655925	0.399006973432315	0.425150025664761	0.778273500558398	0.609578220774048	0.724998897422873	0.430088172219143	0.190289363744462	0.450634113565078
"SRR20283936"	0.798239069411136	0.950111010106818	0.968835865965273	0.904305134843628	0.894999106460879	0.999160288119216	0.998324992295758	0.98922199700948	0.379539576571235	0.572137088424493	0.997198378321854	0.849353513900446	0.998105434977128	0.998091927067328	0.956900689078714	0.956249032082091	0.965269705460057	0.998702257097422	0.999866858708434	0.947393457872194	0.986759202810442	0.991905734679097	0.440250224076791	0.952266070524654	0.987006023067288	0.97511525587559	0.898810765848055	0.9511972489444	0.905766232344117	0.584193709429139	0.993766395554157	0.999905203999384	0.938439336313225	0.994474669714741	0.987419944729813	0.899540456505545	0.999999343903619	0.973894704492171	0.9624114189619	0.989437720401591	0.931807357585947	0.972721630010555	0.923318556282402	0.992230764494143	0.999855860497047	0.988237196714564	0.974733726566849	0.886951054032053	0.915495156306932	0.913393053952001	0.98418189402121	0.980349553949404	0.995872786200552	0.983059982808216	0.997912176596281	0.917097044973783	0.992166149123579	0.945051389907122	0.994506591599957	0.999961784082384	0.868897748678477	0.782539194969107	0.99773868027118	0.965201547930406	0.974858093646816	0.952578055280747	0.981984125713425	0.988459709996463	0.981387558231853	0.998887881722261	0.962052978684495	0.999983361013065	0.932629339470248	0.972655264160354	0.8141299975646	0.968432097115696	0.67381461134814	0.99999898102704	0.975959587500847	0.99846610731617
"SRR20283935"	0.00197584989540672	0.00138775696753329	0.00827217875980751	0.0147590117048583	0.00486919874264113	0.00170674530298452	0.00971605163399475	0.00360787304880181	0.00048597606475808	0.001275087953513	0.00912334525976468	0.00568761701722345	0.0078742151020878	0.00388396591612138	0.00028620589668963	0.00436770856824692	0.00980097056204502	0.000594352366298427	0.00153351602820239	0.00700919164942057	0.00298897544639935	0.0796493540403332	0.0045238770418585	0.000417470931905496	0.0133527239278818	0.00214456108112435	0.00243858043608876	0.00655464931580795	0.000329676848918006	0.00225763502845758	0.00099359195381793	0.00553892144268993	0.000756246511597635	0.0191548509496183	0.00364170911053408	0.00422689713299184	0.00161145972248309	0.0100473113039247	0.0311202587682648	0.00463555204882788	0.00168884977485304	0.00522425513657254	0.0178944103497889	0.00741579977320811	0.00632085878733575	0.0126614297805841	0.00579431475428912	0.00628501478278278	0.0273625108394937	0.00102923847868894	0.00306995264863251	0.00203680582354423	0.000975562003108487	0.00162541732756028	0.000902167929512733	0.0273813624288009	0.00150456104671238	0.00100156753300895	0.124282803600487	0.00478729207376624	0.00813791006545617	0.000728305324769407	0.0195761413038754	0.00111146520777133	0.00551224883448945	0.00610886512753224	0.00104596611952493	0.00380536661138971	0.00224574788740328	0.00360303372567674	0.0202516588215115	0.151033120654631	0.00108682126437728	0.00513772921772177	0.00933748747404887	0.000717012186747806	0.00446020843480181	0.00118078178897394	0.000405257486819146	0.00430466279005011
"SRR20283934"	0.123389338627872	0.0758070868373139	0.741710795550322	0.752329659557875	0.201142975752912	0.563861980786351	0.369079894622123	0.12355679818304	0.759668170493422	0.117639877018056	0.0559411519660734	0.223923186447768	0.062224935096912	0.541271800612207	0.56580085282385	0.0869167562658695	0.586062637187694	0.630474129344621	0.347845842700469	0.500511834705915	0.291481986763672	0.165934294817088	0.480111103911774	0.116418679506029	0.179115821882681	0.266247924042222	0.44673193009196	0.184972012999561	0.313952790021903	0.395482239961	0.893774357254014	0.445972317354635	0.458304847237849	0.385802673589524	0.507591906376476	0.0729380615334848	0.738713817610382	0.148580100724918	0.818943588584947	0.658972884650178	0.353560810133385	0.696082802649973	0.307237700288796	0.335075023932353	0.616798396079042	0.588621397837394	0.0392787317850762	0.148124691906117	0.0476155603781813	0.174062574272839	0.627409663879621	0.585952510084302	0.178333403235068	0.0878758621660944	0.174163383446812	0.490572560205323	0.387794963432293	0.456792471104827	0.239326502487478	0.42512160335116	0.348616566646199	0.759728644777833	0.601927247672881	0.131435503112823	0.594862235192629	0.3031837555095	0.566371300872469	0.455681922203473	0.126646204423279	0.625391263742368	0.704390475034987	0.956356995014158	0.300227589667276	0.633257846426218	0.346000683135747	0.44344105125079	0.212301989824764	0.300870882969734	0.415831543439388	0.215378817397141
"SRR20283933"	0.00996817124970079	0.0312138875080366	0.00576051887616551	0.0327886592518722	0.0135729820303652	0.0171155205330096	0.105188142061737	0.00799545993144838	0.00399666835455364	0.00993784138924309	0.0098009851116445	0.00544678676424314	0.00741221141698148	0.00460841649813241	0.00482911755124108	0.0187159083923782	0.013548144874191	0.0245083032840146	0.0120708510848419	0.0195303749847006	0.0729801640221052	0.0201257841222204	0.0324278891349448	0.00181177089147473	0.0632784465665257	0.0229080696610648	0.0198468973025246	0.0161257161936984	0.021964901935436	0.0175248880958467	0.0215204267117081	0.0707314874633656	0.00557853129005911	0.0598083102660601	0.00875673134111599	0.0106129405947775	0.00655752329100565	0.0206223732175524	0.151981588217348	0.0708195015713235	0.00501943010536363	0.0536568215999185	0.0551597627186879	0.0459401777885358	0.0513171467672181	0.0268733321775726	0.0183956676147708	0.0110331744525066	0.0710966019369945	0.00362428772863907	0.0701366035259696	0.00139149202986857	0.0413460702877149	0.0174810875280535	0.0238214738200455	0.00293652623789094	0.016531881157624	0.00246106144771748	0.00582551552792682	0.0126160485874569	0.0361477919696496	0.0161359611814794	0.20188582541168	0.0093670053003383	0.0382060040903353	0.0388850383849087	0.00818536926664388	0.042939954983809	0.0883699808536488	0.0528603302175067	0.0590740625970826	0.178526310126299	0.00874395247144363	0.0148121133606481	0.00788365841000486	0.0317865985526594	0.0367957655782566	0.0144108446146109	0.00879500848703789	0.0535004620597523
"SRR20283932"	0.629177516358561	0.970102257405029	0.787212148679287	0.911692542644902	0.593846335234814	0.669074371146842	0.70704733732061	0.415385769176017	0.351082151994367	0.760751208067786	0.672177306786992	0.650973629550363	0.45809972115297	0.764999168012018	0.903589686276017	0.895868328752518	0.550316883339849	0.684150578438653	0.884819090511959	0.302223894457618	0.902970397705843	0.778111414831038	0.644757696059928	0.789416563337575	0.634929677093622	0.550224361142926	0.171590248880008	0.615461337174194	0.491194239111747	0.578178032248705	0.586942842035558	0.760986648786199	0.681435210031681	0.64602042627885	0.800322507142573	0.973289659926653	0.580519015142109	0.410185192592879	0.557309732065708	0.858463469782237	0.59908210701503	0.76736168009946	0.615734437898368	0.672426419941431	0.864873706544278	0.632936612080881	0.882558816914148	0.869904857699541	0.700720420376817	0.973284966323491	0.854769880793011	0.868979842886497	0.0422549193390781	0.642872295006755	0.862649089276073	0.572259366535925	0.481877653881227	0.271411045721612	0.772288495260185	0.687031919734653	0.753837258206676	0.446368766443108	0.792264811881867	0.438842893179288	0.762206923891848	0.510432755620364	0.427057257468993	0.95537025569099	0.14450909917845	0.416965695416448	0.462953566704997	0.8682098383911	0.494362503953446	0.77878364605559	0.379865645501378	0.751441475159461	0.935648392260666	0.711522884794275	0.668809389486419	0.959422099289112
"SRR20283931"	0.280911167641374	0.776507418447644	0.595917767497199	0.913855644109257	0.610626661864312	0.607558529412019	0.943092641080391	0.324024270861139	0.0824187219953228	0.454405480238906	0.53886096545211	0.258904690726918	0.837603226288434	0.233527318447859	0.300232591314613	0.580661943524977	0.608804656202034	0.420115375117354	0.56987006502805	0.338311190722908	0.815401634847164	0.852669488440318	0.0825657369090015	0.126837962245251	0.303092336815849	0.342445124657867	0.119549104419131	0.235749729575686	0.381256107508986	0.482608111652738	0.144038114913268	0.0711745807587356	0.333639065300803	0.346841706124506	0.641839301357987	0.764213423153577	0.258254423097542	0.394738934882811	0.630223534553915	0.462820822318	0.877963191375525	0.827742309223318	0.757627045354257	0.76085249462315	0.940578474925863	0.546621288853457	0.657566083403961	0.824423368182043	0.513768092067516	0.890124846575521	0.96361675450194	0.812790985223014	0.192405296081505	0.664937345398771	0.834091222888043	0.86654621785339	0.196761352875277	0.97342139344264	0.991484472122224	0.555666958734392	0.66118868444012	0.437711881749083	0.807279154277578	0.750736073303521	0.49788549880997	0.634326949169307	0.373174006564173	0.900756781421133	0.503701755446772	0.120117638800224	0.675214409996736	0.247469215510891	0.232138056896408	0.784116722422018	0.342991897602022	0.547788213956518	0.614938567820578	0.37910094583266	0.407934788063884	0.806246176769291
"SRR20283930"	0.671622982044287	0.0537042662864393	0.420752099774403	0.154306604231501	0.488331871505825	0.325565255113122	0.920943051773866	0.169932245179902	0.120397483348613	0.507545898764063	0.101710392932367	0.350404726314504	0.421317119028757	0.123748034843176	0.38300387642133	0.582888863064211	0.54855911376033	0.443887037138165	0.769880904525709	0.433147108986349	0.549106863762125	0.581146628103254	0.225316867651377	0.717927133744089	0.266277558519141	0.604240001385656	0.207998484141033	0.358388513610448	0.795668868258817	0.499493127034757	0.855824978472555	0.614970779837877	0.266124449488392	0.682279767778156	0.711408692516861	0.242884129867885	0.59697367959271	0.834999623508049	0.397150425591686	0.564063971051865	0.625391055699948	0.534089835562095	0.583847323175596	0.325633678745438	0.144057512769097	0.486494873757092	0.319152256751381	0.0335820016330873	0.334069752402854	0.0148936289315481	0.858377142459749	0.188784578716508	0.85537049746166	0.323218575527957	0.842479496684206	0.972451569842554	0.498139670963575	0.8208775829872	0.794499741444912	0.971059449998039	0.253468073632942	0.326069723552957	0.975286959210869	0.884889234245116	0.534840031746492	0.362090439347865	0.220112249179	0.751434813101347	0.60828010333744	0.226461028896195	0.69706340820191	0.926774381249304	0.718934506492555	0.273012300259286	0.337449154566711	0.493744257764326	0.176267739774052	0.356914461089257	0.26631445187532	0.51223044840325
"SRR20283929"	0.813532422559856	0.57099444687373	0.412270052363365	0.550303838436226	0.898866187006404	0.773125223799456	0.653742119554129	0.666342226077145	0.528277651700885	0.879253855614732	0.843920943097367	0.408954263000007	0.557516391334619	0.612333636909748	0.710606060026688	0.494088219010445	0.416206091228141	0.841123405062405	0.660235890130747	0.478644972662875	0.34315555054319	0.68245530785708	0.528327987203349	0.698289220615878	0.254866844908266	0.603182116145579	0.567693824394297	0.418584855242741	0.90098066161336	0.80253725044527	0.897600434186333	0.696969350652559	0.726670883944254	0.459839615939196	0.439909457980944	0.8895782202979	0.471594055385758	0.398077517950028	0.568194960581566	0.534089666250997	0.787610637497223	0.660387442075082	0.319941692441618	0.496851380924914	0.568811777098219	0.712556753281221	0.488075022160951	0.297661733521309	0.35561757725478	0.476653605770152	0.8237205295873	0.336625660707933	0.841853037711059	0.679556584135466	0.762352059961392	0.665641277248747	0.690361179137894	0.703276410782141	0.397611688194905	0.556177860283343	0.815724825305469	0.708606012104611	0.722097645204471	0.63726675063638	0.788011889584541	0.459034455220026	0.513359465531542	0.811805278485309	0.840127374043632	0.418763900111333	0.546211129204134	0.877636403461037	0.834603511478902	0.782624966385502	0.655399055200386	0.850770176594609	0.872169382183201	0.621597845510697	0.304539648022985	0.448047080768846
"SRR20283923"	0.511547497037514	0.0222780029350319	0.391077832055129	0.0898806412536382	0.262225349421028	0.127092922714229	0.178296529969188	0.111527164039189	0.146336806274559	0.26766494321599	0.0084008274079973	0.294603168915298	0.00914543531812253	0.0489351048693035	0.0633859255779408	0.0687464341085425	0.0532577642738844	0.157850863876326	0.264108201192165	0.109999593858706	0.0541323359084654	0.249941071992909	0.327695572072478	0.167076215715989	0.0552963385139337	0.163656052943608	0.230718552252841	0.0561398201211892	0.221320214814294	0.0987453018118937	0.483252764986362	0.293708197432436	0.04599492444916	0.0826864452707859	0.0991433568654683	0.12466990390446	0.414668685741862	0.46637931924898	0.214692301975162	0.276885949649742	0.166347848747106	0.0903932331402581	0.145150471400212	0.0759965845835291	0.0635904359915235	0.0594671457156402	0.166229096788066	0.00888151373550438	0.019309778502085	0.0044395563616018	0.121174938977748	0.0370470766351133	0.270428883625866	0.0996546459757145	0.0472373172813069	0.734142042604827	0.0655710374552788	0.229217944174369	0.11634118122588	0.732585294209846	0.12732192872644	0.151449306362511	0.384101019007347	0.1022696164441	0.0728338884856543	0.0458824957457704	0.0633109651108404	0.0586774815957004	0.254463361648817	0.146907233871289	0.233879895570995	0.842669367582182	0.351944733502574	0.244066438283235	0.209226740071686	0.105314971886107	0.150238206294465	0.112195668709784	0.143455474177428	0.0319331934047346
"SRR20283922"	0.775320069932703	0.0101860476994105	0.888956863520133	0.240814402475442	0.208537785320029	0.252202817844404	0.214127069090514	0.959507131336116	0.869053127006821	0.534718388179769	0.150842509662707	0.907316671576883	0.801930304430065	0.234138905944895	0.623029989224644	0.230757907966163	0.315763322598695	0.19920769580891	0.203533237180606	0.175762995625889	0.846467889684901	0.451629740665083	0.613225578534981	0.746066745017685	0.0372908584351916	0.202024952195528	0.867305545516077	0.471318955474056	0.680155272597748	0.277854809980691	0.851472919131139	0.911595618818806	0.00601305714705968	0.556835971461993	0.0708767097255409	0.163305770231894	0.536800558920366	0.64554695592835	0.876178978055634	0.103014096012719	0.882521325769371	0.100110477414837	0.152648780412425	0.25509971601235	0.617635268994549	0.216671115425476	0.0757490130969993	0.15103326911374	0.146002919166795	0.0251767313918524	0.0489065196208877	0.124586292734432	0.263212521555405	0.397721174799903	0.171922270724874	0.843972732270423	0.267369574475235	0.413945467028131	0.906250955717133	0.191449581997956	0.0512186477052865	0.456034722273184	0.339068204791923	0.0647192040739841	0.233987714557323	0.758985944358131	0.040369735326899	0.836719400903191	0.0908924401055069	0.501926514519453	0.469878982820445	0.798589869323456	0.257461108975172	0.120431522460099	0.225456646752083	0.0666678665023828	0.39952496419035	0.372089169759444	0.264637882011382	0.14282257886506
"SRR20283921"	0.0230342686213538	0.0322263241665028	0.13009750526499	0.163542333160594	0.100387646787686	0.0364794882845196	0.457623145454287	0.247363243080429	0.0205731114172942	0.100338776366212	0.451666239189843	0.31829381666913	0.252461761681236	0.0270022243168113	0.148006687568937	0.412528843895789	0.1990028191895	0.0166166132131863	0.104338180662711	0.0915693046097674	0.585389344973499	0.30566370922129	0.0831518163091432	0.290569093692723	0.0297961035886178	0.017147144451419	0.0292578111055465	0.503573342275749	0.0224384781610262	0.0384886382378416	0.0463229620416053	0.171516815629205	0.0788128543630327	0.391668009137391	0.0363763510722896	0.165782952516994	0.0396758540798891	0.172844449913346	0.557391037009408	0.0168025206371829	0.2422141789697	0.012499572944681	0.556920384856701	0.216205996589014	0.0245545191712313	0.0647806386311692	0.00830867625176629	0.535917378808689	0.87065137958977	0.0561555564983004	0.00706288700746189	0.516542013618828	0.0168558931424807	0.0937869766634854	0.238586689788342	0.408960303837925	0.296394222322302	0.0548737431732853	0.686424450579214	0.0822321342243384	0.125948746600728	0.0504039832379708	0.23287300144229	0.0618984624485284	0.602026412344313	0.225126720946202	0.0237837636655077	0.348923298837486	0.145107052517199	0.197097309616605	0.573014996848697	0.533075312777268	0.0264180355778052	0.170822731283121	0.046034194077067	0.356761663567437	0.367352141611622	0.0656439536068455	0.0145496448745426	0.462866523986678
"SRR20283920"	0.884519944619679	0.604970599090894	0.852554114735816	0.485882502498763	0.939562487982494	0.880799114583973	0.892249665598794	0.920592065969787	0.75816416908383	0.955898716275753	0.696634997085955	0.894329087388512	0.944852096787032	0.801474127871475	0.847834459944569	0.867251844331796	0.903752259608171	0.723688104871127	0.728276196647706	0.922137918989201	0.838010032500603	0.915214383249702	0.929790720406464	0.958858332356322	0.719946714280661	0.589820427453364	0.871585787187132	0.981338697080105	0.911558895039993	0.796882810227109	0.903638665388089	0.937727101706064	0.743788916841985	0.961256823929463	0.699122094514505	0.872214899582475	0.930016046232853	0.960183643818292	0.895646608493022	0.625753087918819	0.943407579008952	0.575391156846264	0.894603180613257	0.937149504533841	0.458249811608416	0.804203349451619	0.394359075516812	0.66226801908927	0.934968723723171	0.589440843788851	0.874001893467727	0.941763281875651	0.725099979032948	0.684643820400682	0.943226237515139	0.884369846430061	0.929713309955304	0.907144659115729	0.906583880821717	0.804162932467086	0.907875017298462	0.948009685562862	0.855532330274913	0.745226558367279	0.863772614524745	0.860121481270652	0.549176427179315	0.962355674348534	0.947589188164675	0.950419766986322	0.9387588514771	0.954031591012875	0.504290967243102	0.961411068418603	0.872834926520873	0.9246303357417	0.831957760728293	0.685284282744849	0.753527569686193	0.882173125683045
"SRR20283916"	0.0635782775094389	0.0551563363672707	0.146969769472391	0.0979005154187958	0.158577814682797	0.321776595472861	0.167999160859075	0.0139340105085451	0.0411418979440361	0.0500251651678994	0.0348281936842571	0.230341336583855	0.0272173205003252	0.143250410904721	0.100034842290011	0.101012913561064	0.0214439112997684	0.294456636934943	0.415339056774716	0.0738679595931768	0.128523930074436	0.228823728776268	0.0522536853182351	0.259498560114702	0.0863038017259138	0.0446746025394171	0.226251690203923	0.100349392143383	0.486782725081687	0.191074648782867	0.251797175147239	0.419264253612192	0.107489067760642	0.0226892948593138	0.296404462468918	0.450690098586258	0.700483909047622	0.227403252937192	0.110275435170056	0.27479832100267	0.143608752205814	0.0327389907127897	0.123166316573246	0.0284436961034745	0.211280226148017	0.0284012059915053	0.0701194339483464	0.0550754666219863	0.0308823658175943	0.024442500507091	0.13248239223234	0.214034774129087	0.0477610180136711	0.130754184718071	0.202593165901042	0.336546085377646	0.0403066314400046	0.5210480334231	0.200366147598442	0.199042387996351	0.101592010274921	0.168322727515308	0.178386738492917	0.0456862666161515	0.171089168753968	0.0380497818059893	0.0814648581693379	0.148512021955499	0.173962489268787	0.106638650119616	0.185166526673876	0.139526959379974	0.126056636537336	0.332147625791767	0.00993846278038139	0.19656548012397	0.344041949144512	0.114576172741768	0.0671806123341077	0.292185872122371
"SRR20283915"	0.0800884115896483	0.194545942431037	0.141657743975522	0.382967243038681	0.0918479118000398	0.0246806321048265	0.399901557395099	0.147446608633835	0.0243404407825142	0.0301851692315392	0.0648349662284347	0.0632240040916644	0.149986094328801	0.117138684149961	0.0310981157094365	0.0491801155980994	0.170354403272973	0.21350117207143	0.0554722480815914	0.163517963401719	0.320996496533477	0.284194978143019	0.0546950225104903	0.043787234482976	0.254176805897196	0.0286363930105078	0.0304466949263624	0.567733382581488	0.0163176601368641	0.0988946868782757	0.0839854808655496	0.00195719336382473	0.0486013858589427	0.0507619220679705	0.242913246859659	0.220110460534321	0.0648935926240412	0.0744943371265102	0.288080276288602	0.0308934596874799	0.0946388457042841	0.111837303389061	0.650962473962425	0.417103501508248	0.114608137854472	0.0760696117589197	0.0727017856681773	0.132412145581774	0.533202833508623	0.186335638493431	0.169856350280695	0.662725563504587	0.036115331142979	0.123053055362137	0.0717846705326137	0.65786961684892	0.119737241171153	0.317654555014279	0.916505826435105	0.091818912472797	0.259964264299205	0.0606933073205381	0.170054209239587	0.0646431838449328	0.0811393146505193	0.314758824062399	0.182384058221929	0.0821320100783018	0.103553996234043	0.188981334971934	0.232646372706568	0.1428145280137	0.103773136644107	0.348802550994026	0.101903568769969	0.278426502255179	0.141650249657279	0.0525378480942079	0.0115729219229542	0.157062457778111
"SRR20283912"	0.0110615005603104	0.0216911396342108	0.00907754104546251	0.0401207193967297	0.00528846307588028	0.00124261603651362	0.00691664799598289	0.00595941910199429	0.00485972909687448	0.0354089654523947	0.00140240370066317	0.00391235562089609	0.019145218607048	0.0111469201497698	0.000921089506542417	0.00864240068201536	0.00269244512575108	0.00302414217591806	0.00261891567982526	0.00334185634838816	0.0270198800008383	0.0267355785950191	0.00350777431344691	0.000890119737152183	0.00255799167182369	0.00344375173645758	0.0031503283620204	0.00708977030005189	0.0013552425805928	0.00380516815957985	0.0201602394326765	0.00020407080423996	0.00347891149323647	0.00131268431453107	0.00305680417557758	0.0104272564623705	0.00309786536142096	0.00226222367690646	0.0219511309554209	0.00296418863940522	0.00618261069538281	0.00248386965118571	0.0177296201264629	0.0186357668868287	0.0132651837432595	0.00574270544565528	0.0024979866370754	0.0155448985749755	0.0248358504358159	0.01623270036517	0.000556915853340486	0.0255137514529177	0.00323748490487329	0.0107233230684882	0.00279485148870292	0.051003657329397	0.0146293431093523	0.00188651902221711	0.0796463601348965	0.00660439685378792	0.0114275807646878	0.00272344383553156	0.00866201080917317	0.00071481640035625	0.0114049433521989	0.00913933175653955	0.00955482608523072	0.0240117392520298	0.00357672287979146	0.000464087750331363	0.00513547637134547	0.10993428796348	0.0100323092357182	0.0184902931802579	0.00870485334951221	0.0263104362506844	0.013667514709842	0.00932368610904471	0.00319426705067776	0.00430865842966751
"SRR20283911"	0.958028080817664	0.887707001789834	0.846560305351753	0.973120288899508	0.942238845615632	0.765927416977876	0.606360593415045	0.830858160791686	0.852873282665776	0.945478853293715	0.937618089017701	0.720178071073713	0.703972574842171	0.905743124837313	0.878265946219968	0.589344276355088	0.864358259627686	0.975161130721898	0.895197645806004	0.84304648166477	0.54913443784936	0.471357385479433	0.933440174005587	0.734118174094291	0.453338911515126	0.952001594837539	0.836284555686686	0.402114591628798	0.957635315713948	0.949679567461513	0.970676141724746	0.916930891256232	0.815864664847749	0.879542766684303	0.87801642762396	0.974202982783415	0.949648454197149	0.852978802412135	0.880606178661829	0.952048822032985	0.933827585425281	0.933239621280675	0.451094696028634	0.611382132422748	0.95186111578757	0.94051421363836	0.764748411363465	0.876631711058654	0.521024055994438	0.898728561926271	0.877013406375895	0.76935615181948	0.939889156757454	0.803101318578482	0.840054522511927	0.914956232571946	0.929463186013088	0.891963069042531	0.584026401500984	0.879190147977814	0.885212470416569	0.941716510718365	0.857674146844125	0.871530569089209	0.946436086084103	0.616954414920142	0.891445707844748	0.937194738999549	0.93896908748628	0.912480835971768	0.841206605479279	0.991654493201057	0.993382870050943	0.954377730014502	0.884157738887209	0.885688570138129	0.938258939594607	0.92784857376681	0.931428865398807	0.190160848513042
"SRR20283905"	0.00107574491291313	0.000833137699557926	0.0037201209688109	0.00809701998449998	0.000205249822910567	0.0002634945724468	0.00889375286923054	0.000286167848640409	0.000872761513795038	0.00042837086185226	0.000817977866862891	0.00179459953437316	0.00180012253108525	0.000877765494584499	0.000245770705746307	0.00224044927844069	0.00147397435055345	0.0011537313301067	0.000336951465888872	0.00258460151396542	0.00442656884174101	0.00238025730833521	0.000604803514006332	0.000885934584971068	0.000256794610015616	0.000264636302557783	0.000673990141205635	0.00681968905182104	0.000949614935953481	0.00146781805030793	0.00826606078728567	8.90898812800051e-05	0.000363988408671523	0.000378967849187131	0.00223223931979782	0.000362992976601067	0.00200738978407715	0.000815314004464462	0.0541679736253983	0.000412786094070257	0.000317546176107184	0.000133782595456253	0.00886363535577415	0.00114286833944448	0.00101953909822589	0.00158373067624371	6.34174027795318e-05	0.00377922835009905	0.00394450982393988	0.000911936901803575	0.000145819106896911	0.00280948191239561	0.000185203363730449	0.000848677347869951	0.00080033764028313	0.0226710387168773	0.00184889008238834	0.00654100540429927	0.0289630353582468	0.000562498834041957	0.000547883780956573	0.000831354203000359	0.00376194172237688	0.00015504422901269	0.00891605231519866	0.000808994006977491	0.000513530304980722	0.00531965741942739	0.000849625309401012	0.000392359215717997	0.0105674439336483	0.0721937990613909	0.000812490742873077	0.0037740051518301	0.000566116604214445	0.00362105931102384	0.00178984102738779	0.0010854940492452	0.000264509293591318	0.00247302817687277
"SRR20283904"	0.937436584436983	0.681924186375597	0.925838183190296	0.66943253709657	0.646040988374898	0.913113011385363	0.945960311754784	0.601850871484286	0.895907005605272	0.806928276459964	0.742140204863155	0.86393140315599	0.823087417944287	0.708554239595421	0.92294022351792	0.880464352337342	0.733760458216346	0.872774359716677	0.885781397159493	0.875931721263599	0.759056812851067	0.837662226397193	0.868150961686914	0.959313315235335	0.332923117472084	0.894292631046866	0.938449219784266	0.895431035151478	0.956355667833837	0.842540243885607	0.991057476059716	0.928914338968209	0.753479223806072	0.872400902313257	0.881288574683131	0.770494502162134	0.885215976514931	0.954250704784335	0.972911814642755	0.740984670986342	0.80309730168354	0.742503122688494	0.742836377332685	0.847973077381286	0.674822118310458	0.967697860156843	0.533123869986029	0.882981087712945	0.540758639227145	0.813417710333764	0.588807296397774	0.873275252253564	0.844479957538389	0.849791210841988	0.961527450786752	0.965949245118155	0.861907821270433	0.99341104032332	0.799974459826192	0.827488603740986	0.73468711074252	0.862830019708322	0.996664793460109	0.789844434330246	0.995505178441159	0.56618526415904	0.575414580162369	0.942859872367097	0.849512827685025	0.897230457090755	0.988573097942703	0.991411953686071	0.709967842816764	0.754503410540132	0.823479528389148	0.936015457957607	0.853978396386128	0.858707301036878	0.975838170042839	0.851849327614243
"SRR20283903"	0.905746402872185	0.754733806230826	0.901345940901964	0.721176071140323	0.841564755965629	0.84979328971559	0.810128633204546	0.863101500605148	0.472552775258351	0.688667626738432	0.299431923064003	0.788327129485964	0.861809463254312	0.646919831175485	0.794954718796557	0.662653301662911	0.67150961955157	0.831903277709025	0.904755953805684	0.886215630883344	0.84109944840786	0.775308970425249	0.677978079085798	0.854706440020958	0.600199389465444	0.871303757858071	0.784100626745509	0.867667201295714	0.84022698156437	0.379749364221696	0.940183640616935	0.619516818869814	0.873450670755759	0.648906562942225	0.862329694999616	0.868161599105089	0.964742796447022	0.943629721834654	0.821118582759119	0.886707773854179	0.937998157088972	0.530428484919329	0.825262639801687	0.788259344846236	0.833903600559936	0.801160707528973	0.692611163795756	0.78358740111229	0.774519311884072	0.789123109124828	0.79939262437535	0.881709051611786	0.933321030364211	0.81427564772205	0.95680321597655	0.912518910958677	0.871239807249745	0.969892185731461	0.90286698529469	0.762982393494522	0.569851080919377	0.712001514526123	0.474698223002676	0.811072716233616	0.909403404141188	0.548166973478287	0.686882896084835	0.50829871668093	0.940516250743065	0.747185153295649	0.889916981953531	0.972637658238837	0.671665933418567	0.772484260357199	0.799700566188561	0.86650402275198	0.8765214249065	0.798780024626482	0.677306480720729	0.864819146366955
"SRR20283902"	0.0664843567777763	0.202934516112502	0.0208538107808025	0.124764093201738	0.0439459813307454	0.167291340499871	0.0994932496579802	0.0488805568993983	0.0276351932792037	0.0137300771368427	0.0183992047416093	0.0498063607023062	0.0808101596998011	0.28666851271419	0.102116598644695	0.176913794059553	0.0421692196267019	0.0195868618672389	0.274262600999671	0.104477818971073	0.119404549073867	0.0759439488988094	0.194884955707288	0.255992064181487	0.0512623326001081	0.0773606570645954	0.116462853641368	0.0445119966570332	0.0103104573979137	0.00877434109987863	0.117747146485167	0.0931651616983436	0.0170120623923235	0.0427321640225085	0.0977627456960906	0.122357958010713	0.0751644164942222	0.340750831875378	0.139817340050137	0.0844087355859712	0.156332081081979	0.145329098428548	0.0907794571602095	0.0479044798797708	0.235117438470663	0.0988108975302865	0.0609528019352426	0.108059995836421	0.0741892199135732	0.269669544329489	0.251840888313793	0.0747135597526798	0.0292080112958881	0.0455251515404245	0.180550661058292	0.0832008680882454	0.156126257257244	0.239825072272153	0.43085197755353	0.0903019028789062	0.050463177825972	0.0242114373437689	0.0667558405662712	0.131832977840315	0.0590561987954173	0.0273152195517891	0.0497350383342921	0.066038806083239	0.050360968228946	0.0648686663886665	0.0846501474076964	0.22432611272264	0.0202730766248231	0.0732061660812092	0.0224568310084623	0.125505906380648	0.163422438369122	0.120006676896711	0.0408903075901853	0.0944758572784459
"SRR20283901"	0.149574846669595	0.240704796203761	0.536707797480633	0.281130460609298	0.100259809155264	0.15208421160613	0.0600626517527593	0.046456892142472	0.0289375492626321	0.0773163085529686	0.0217413035965274	0.0928144328665249	0.0172543920517782	0.0901439042559243	0.261229655037711	0.0339427414571786	0.0646685703677238	0.15258334450957	0.324150611044084	0.0298871757188297	0.382792398333269	0.0669237028892636	0.0225855533346423	0.230351615819935	0.0359359971031751	0.0458296974419894	0.134214084070252	0.061140349382724	0.0179285016418815	0.0619906862639091	0.0443318318074415	0.302571796929589	0.0549192355606057	0.0198797332207797	0.0392039782425282	0.211325529466808	0.0699479506201496	0.166480035177623	0.0778122247601699	0.232828932774283	0.217142810262626	0.0954660834573928	0.219361256196002	0.034108967935824	0.248355335655647	0.0249447988021576	0.218895509758351	0.235469464471351	0.0935535775731814	0.180179256419602	0.0465053747707231	0.171210594755936	0.043214573365226	0.0367476226807857	0.0324540389699274	0.14869020809074	0.0241246310382148	0.160359860701192	0.221216692348916	0.121296892745816	0.0365897723825496	0.0203680537782668	0.0465841442212278	0.081178247048543	0.0620583573987575	0.0283277933370384	0.0679750927162434	0.0465394325032318	0.0738614536741424	0.0461051755918017	0.0390713600396779	0.0972527417455326	0.167914583257496	0.0448389336658182	0.049122145174044	0.158176240315353	0.275986113026359	0.0828992924843381	0.0517909048331236	0.0882710163215936
"SRR20283900"	0.030006111145629	0.0262940427135154	0.035129583693342	0.0861330554742055	0.0439351898484764	0.00967208385059252	0.0311443241671436	0.0351325749248449	0.0114363426065617	0.107666743810435	0.00791566161791744	0.0165487301366239	0.11020492441427	0.0400971024655838	0.00556738026340835	0.0126275137860504	0.0214339024997545	0.00736758564067896	0.00990367110085259	0.0197900181423234	0.0295106722737562	0.132555778954896	0.0103835991442723	0.00650056642373557	0.0111726396188207	0.0259126799186339	0.00726723431266712	0.0638787138173424	0.0097855322317788	0.0671906587596232	0.0116449704030504	0.00145797030880908	0.0182086971260724	0.00933234488643355	0.0119203474468893	0.0452982933746214	0.0119346940184586	0.0222375846988421	0.0265451369077982	0.00665740263174016	0.0836666987329241	0.00862968775317995	0.094499255279216	0.0751414530567054	0.0327703217660901	0.0345170314963596	0.0221468609214945	0.0221732022770924	0.0511836885660317	0.0255276551860574	0.00920541038738972	0.109802678575555	0.0116313593799519	0.0209666059773305	0.00706392152446722	0.0530798657302047	0.0219819066732662	0.00769607901341612	0.345362441451324	0.0186890338372953	0.0245313511525695	0.0125218133512844	0.0354043658836095	0.0103925028207532	0.0185961175570138	0.0175877291924928	0.0066670078352475	0.0215887616106991	0.0108743318686829	0.00580779327137333	0.0281057447635899	0.0799919052444876	0.0195900662446753	0.0362730240823548	0.116684600334992	0.0335387261743815	0.0458026830838628	0.0287185602805518	0.00842432336076366	0.0174739304683466
