"Model_1"	"Model_2"	"Model_3"	"Model_4"	"Model_5"	"Model_6"	"Model_7"	"Model_8"	"Model_9"	"Model_10"	"Model_11"	"Model_12"	"Model_13"	"Model_14"	"Model_15"	"Model_16"	"Model_17"	"Model_18"	"Model_19"	"Model_20"	"Model_21"	"Model_22"	"Model_23"	"Model_24"	"Model_25"	"Model_26"	"Model_27"	"Model_28"	"Model_29"	"Model_30"	"Model_31"	"Model_32"	"Model_33"	"Model_34"	"Model_35"	"Model_36"	"Model_37"	"Model_38"	"Model_39"	"Model_40"	"Model_41"	"Model_42"	"Model_43"	"Model_44"	"Model_45"	"Model_46"	"Model_47"	"Model_48"	"Model_49"	"Model_50"	"Model_51"	"Model_52"	"Model_53"	"Model_54"	"Model_55"	"Model_56"	"Model_57"	"Model_58"	"Model_59"	"Model_60"	"Model_61"	"Model_62"	"Model_63"	"Model_64"	"Model_65"	"Model_66"	"Model_67"	"Model_68"	"Model_69"	"Model_70"	"Model_71"	"Model_72"	"Model_73"	"Model_74"	"Model_75"	"Model_76"	"Model_77"	"Model_78"	"Model_79"	"Model_80"
"SAMPLE-1"	0.651775206623611	0.540441404679428	0.321744720041839	0.24828481016969	0.622430251374618	0.777203328008743	0.469870191413478	0.429102601073076	0.355686020814606	0.448737428763618	0.499705795370085	0.288738196994809	0.298097157468643	0.60328328310726	0.735342129855958	0.438221549970083	0.228091512381903	0.330875346096945	0.75725841235539	0.351347129656432	0.4033771493896	0.265204858711625	0.401420900495665	0.406219533472382	0.252624551505399	0.376550198499454	0.43898849525884	0.262845369312682	0.523595728440669	0.601124892709497	0.119729537217997	0.508194784728813	0.41791944728662	0.555406258173778	0.625838890610659	0.44026709755218	0.78683250106558	0.594738971577593	0.60328328310726	0.482437005647002	0.622465773372196	0.587083358405503	0.397008336032808	0.214027517927823	0.386776096054411	0.449149530694377	0.547336331243887	0.290571695026333	0.167431954614348	0.595860476588345	0.649787965448944	0.310134730502945	0.58848048833652	0.444589216799331	0.637074772298272	0.583648538855543	0.154675809482834	0.513968788835144	0.310134730502945	0.424501100235103	0.0772981170768525	0.530905635373719	0.471230958657271	0.602103402625417	0.272301358807954	0.471230958657271	0.461051317301914	0.358261712038541	0.61875619067287	0.396147160651028	0.341157127169977	0.519159180096174	0.368784775668053	0.767186748583703	0.54775525698768	0.283100472443226	0.353279225111068	0.424501100235102	0.449614394159923	0.448273775743596
"SAMPLE-2"	0.361734065811168	0.36002642768583	0.225112011130276	0.194068420990263	0.406508336569228	0.296604766795045	0.18506931918602	0.237856645338153	0.320492081870751	0.241316558059852	0.261292373838651	0.226384639328995	0.213936413529231	0.176713483640384	0.296986325487561	0.214519539774597	0.18883194693734	0.268551125684405	0.395286062836051	0.227922257924034	0.27813782649374	0.173823002111765	0.269982216932721	0.283577827480409	0.219002544038844	0.201216639345181	0.243697908070329	0.227554123951413	0.325130224701215	0.356966866822673	0.151969969224123	0.273243872402321	0.227113314112098	0.39788437649646	0.303689390830323	0.238275333261344	0.320997038638689	0.440747133875344	0.176713483640384	0.234666397295459	0.31209176722776	0.341560562639125	0.149210177935483	0.257386057414493	0.196506984512762	0.315473616446902	0.547336331243887	0.148728560993051	0.129864266781509	0.365657783877312	0.382567553507782	0.224799529695197	0.255840248576651	0.229363432982643	0.309234031732814	0.332337753031273	0.121288410513085	0.214992656426371	0.224799529695197	0.323442922954933	0.0930417140554618	0.282914071791852	0.240238497179723	0.324356953711383	0.302712762739652	0.240238497179723	0.31712469426486	0.237860503365951	0.327441366886533	0.192964726265687	0.211048675091603	0.225276250779083	0.291559543756212	0.431955553499157	0.349253389459236	0.242618231326099	0.241202446447354	0.323442922954933	0.290057933490255	0.242502696702844
"SAMPLE-3"	0.580167317567902	0.442506582870043	0.264272004097398	0.205421597061868	0.445878245868637	0.666020149713489	0.4501104622319	0.280354004528633	0.294562084598963	0.398358390661817	0.286233989213767	0.231715535789217	0.411947375734579	0.566017892914746	0.580028448917159	0.276075866737518	0.42518009145379	0.195917622112658	0.498242139129379	0.275286924557862	0.338206609785802	0.38033536545675	0.331926924899211	0.244672684957589	0.23387119290077	0.311796569633822	0.460589923303297	0.381936941577605	0.48120466756522	0.439322521430389	0.339998071103291	0.37193047982025	0.25543925704613	0.504221467755311	0.489044249884088	0.390049985749458	0.493736033210695	0.537358855161634	0.566017892914746	0.494342900039097	0.395036646296374	0.39585106991825	0.364382621552867	0.318529729897911	0.309785676299374	0.339452693578488	0.547336331243887	0.293159817212309	0.109746006292692	0.450819138589261	0.546714352495016	0.268160669867615	0.378625181115345	0.404999534893154	0.402099887441401	0.457828951888571	0.102476166704196	0.412521798884101	0.268160669867615	0.286011100061873	0.065160910786511	0.362855986241809	0.33394686580497	0.458646321635493	0.3366192127673	0.33394686580497	0.356959330387576	0.277614410085712	0.449737675691935	0.318719902651927	0.216007682361659	0.494200196964592	0.221781087912346	0.519158630863074	0.484704624156377	0.251357532072275	0.267982189552297	0.286011100061872	0.346118330331027	0.286771112559916
"SAMPLE-4"	0.234341510446538	0.299851898508756	0.155097958813087	0.137716890698289	0.144038033696585	0.30806793116385	0.360144324147931	0.0753124062688129	0.18808721018297	0.300845459725371	0.253978689124635	0.138493693244286	0.191261196143099	0.257677776857173	0.229516112115816	0.0684669738438307	0.221441078202164	0.0735819431503856	0.0833111907496041	0.160064808458956	0.228172222319833	0.218291780749028	0.216796027743833	0.220418463332511	0.20021156341649	0.227278461461843	0.233738099988723	0.162271485394457	0.355640790537479	0.134085612580763	0.13614740293355	0.221148474919944	0.207864440305897	0.402073557481043	0.250794418895403	0.287977509201229	0.168570344748978	0.42177250004282	0.257677776857173	0.224435812808408	0.12711359043363	0.186745287888013	0.161422462597593	0.0932546466980636	0.157236259748183	0.242986870474122	0.547336331243887	0.158224893348995	0.0688285905925449	0.20607698304572	0.339203406535825	0.15688661007924	0.0969668004775165	0.225674729876156	0.225590708464859	0.152525512172675	0.0686417009362826	0.175060461399527	0.15688661007924	0.258118935003345	0.0812820260717181	0.122739753743336	0.117667779472166	0.214289170948617	0.162718954281033	0.117667779472165	0.257944716995246	0.152716266337019	0.199446187974619	0.15832411921097	0.0583152691337276	0.189755780632002	0.0822653498857772	0.0699442191989017	0.360918202883838	0.197390814126275	0.145036845614663	0.258118935003345	0.175759131461569	0.0712603588794289
"SAMPLE-5"	0.248954623816476	0.326094133610371	0.218830456166281	0.132801167820779	0.140382911861701	0.153276112393091	0.261291327554091	0.07476964932924	0.21311186527825	0.270452300419486	0.37155808546539	0.205289625828654	0.178614659374183	0.106914169798528	0.149439187068411	0.0615138537682164	0.226269096627932	0.165111719728646	0.0821661155616408	0.168805997105693	0.445543704783652	0.15871827011358	0.411341139893499	0.449197854842072	0.196624815741244	0.338189385412678	0.354165759783131	0.162806357795988	0.327949496567351	0.168995302544167	0.090424660912252	0.30576016600635	0.18797687301329	0.379846257158124	0.23666817580719	0.278341883207357	0.156787872523259	0.400639211574998	0.106914169798528	0.134358074998403	0.098809465669716	0.309694249690927	0.0999701303127604	0.0972699402496477	0.136118850638733	0.315083513957264	0.547336331243887	0.131906223104477	0.152369947308339	0.307273738466384	0.306030397510069	0.171374072494494	0.0863694732205709	0.203247808447443	0.22681580877922	0.195712387912609	0.152613078977152	0.125197585666278	0.171374072494494	0.374347730085722	0.137328379664185	0.162444222956147	0.115205393714307	0.2317275048984	0.25902166990484	0.115205393714306	0.318023514502611	0.144956179325129	0.199338355130043	0.133217219737156	0.0836500841560419	0.119851950224843	0.179608941433158	0.0691609105824738	0.333614299619046	0.194294695076681	0.138569212891324	0.374347730085722	0.297157698588464	0.0675058940157866
"SAMPLE-6"	0.449632473168376	0.449079434821199	0.33496930022303	0.161646583770871	0.274589604706757	0.511812944434949	0.449023504949098	0.147884018501552	0.293294158390523	0.360571150311073	0.551566591943834	0.298844124716309	0.309188348409945	0.315520675106987	0.455594894970896	0.109508387799561	0.364456656343364	0.577450401235947	0.277497037486591	0.23567471638238	0.612792186528866	0.223382449615197	0.573605130003698	0.625527339661106	0.214794552964353	0.524431232574522	0.571047279028295	0.292719151454833	0.423210333952092	0.366424706422786	0.142356744842641	0.51605832723201	0.268912567559242	0.456146492441493	0.397721903774785	0.37877665346556	0.340942233250923	0.479820153864641	0.315520675106987	0.311938312840221	0.212753146020869	0.603097452486971	0.144112004352702	0.216748420091441	0.191623890703637	0.416164917801676	0.547336331243887	0.184769036197466	0.442577321457414	0.541627331886236	0.439710330345636	0.24680991273738	0.206514521579073	0.309286964059822	0.387541366631592	0.403909527741119	0.469361838111084	0.334226064771724	0.24680991273738	0.471203017524011	0.362352423181717	0.330708019713438	0.230997225633397	0.388191391888512	0.438537087335353	0.230997225633397	0.418262062587921	0.200823748969907	0.342851286871911	0.18988880497958	0.205410819863215	0.316708776966841	0.589116887519894	0.26456929103472	0.426846384362849	0.218283322563366	0.188964604547478	0.471203017524011	0.482326926232841	0.141477272843773
"SAMPLE-7"	0.44080338571884	0.358621798557144	0.123069394418129	0.139284087012606	0.328513906879829	0.680829009801453	0.4036145432626	0.200726730436962	0.256368109308147	0.317800587824744	0.371324754288445	0.110291359512282	0.329203507762256	0.533143981916487	0.523203314420424	0.19838124025338	0.318639062598782	0.397914637793165	0.304298218834807	0.227637702195148	0.289042308331163	0.276718847081794	0.280224364662972	0.297034583150762	0.0653824240555468	0.32281731938673	0.391906866563613	0.275001297500604	0.401330307968903	0.310405338170473	0.228577929434767	0.386889452405383	0.265257064550068	0.442974988206704	0.409962630136006	0.31018469549616	0.382090916143822	0.476436929577582	0.533143981916486	0.429228238284577	0.285497988295083	0.395057880370942	0.251521073387831	0.218792706450316	0.232615627953701	0.276579221394375	0.547336331243887	0.193723431518165	0.249774858439167	0.378698994095429	0.438998667587028	0.211369383138159	0.241571177865116	0.25113503526961	0.361913582001947	0.325761779859318	0.258564728576069	0.402452646172726	0.211369383138159	0.264754005038553	0.271177247188497	0.257400413559112	0.231751544769281	0.346642959500499	0.265543237233852	0.231751544769281	0.292149526929817	0.221484130292242	0.328555027976649	0.236245097174114	0.150588752008012	0.43817151603325	0.413040224109022	0.297971885653169	0.40747531983956	0.0697368091802985	0.210765104577056	0.264754005038553	0.274393314390663	0.197684595393432
"SAMPLE-8"	0.640162898997278	0.465349967513925	0.317620340686705	0.248432633320653	0.617726228635635	0.785067802613047	0.341371843220865	0.390457732572657	0.354129693556091	0.322632246958712	0.501165013455218	0.288562039775093	0.484561215554316	0.533760816672699	0.733618747670758	0.407204465344024	0.396971744774056	0.762987893723076	0.694424930640782	0.324840760014166	0.365475276045897	0.249788368411392	0.366419938091311	0.393992990855857	0.244391941802999	0.407182815011008	0.587019670443292	0.426176904282276	0.438117260960391	0.57934464484288	0.201785782054476	0.587374058474988	0.33254404039115	0.481699979932387	0.578421210636026	0.322147296913438	0.623314400390893	0.532158680978349	0.533760816672699	0.533744021026628	0.6012503874141	0.688844286171902	0.205873396040334	0.430268272901767	0.288342595027589	0.414095861342406	0.547336331243887	0.232509034508272	0.513326523503306	0.637971263711679	0.546678324690026	0.297795327058059	0.506606509108281	0.394236728522524	0.511500923560081	0.570740825115455	0.50937732357452	0.520574512542083	0.297795327058059	0.400405291318644	0.449656657596693	0.480511950658838	0.409971493651154	0.523942842826258	0.403221199792766	0.409971493651154	0.415805634316753	0.342517444190921	0.543366454080019	0.286830230833335	0.338589572975062	0.603700941905028	0.771580206531192	0.736360846129947	0.450976874763422	0.283100472443226	0.348693097072365	0.400405291318644	0.40864735814408	0.415822520003726
"SAMPLE-9"	0.430590270214382	0.373904338754309	0.225261427457981	0.179639399031962	0.35318485478264	0.645135825652777	0.412023527812216	0.192685750353716	0.304656832911017	0.312754963188311	0.355802018495877	0.211543826111157	0.307926854409112	0.42892940389615	0.532610262946784	0.169165730672344	0.302067685761708	0.267509979881693	0.357982662481483	0.221922522682555	0.283603134239741	0.207081352529828	0.276794527386388	0.288738151316004	0.218711072731168	0.298065261760716	0.353365368558778	0.284749572470226	0.392542803344192	0.347273725532377	0.153172669641725	0.354960975998502	0.258766401669137	0.437763082957963	0.432695540255442	0.304958069782323	0.322423346758858	0.470622718214239	0.42892940389615	0.396115112083396	0.259094622812563	0.324361624815369	0.154057504948741	0.27028320352293	0.179934035373097	0.279571091591554	0.547336331243887	0.157767946189832	0.139674323256636	0.350632667256185	0.42853405368813	0.215079913781009	0.252247408858197	0.29602587672599	0.319809477217613	0.348823265721977	0.135098358523774	0.383953404242107	0.21507991378101	0.271369505760623	0.107912560364209	0.270038024799722	0.253406453374822	0.334284460305909	0.302791706064672	0.253406453374822	0.293601397171051	0.222840541089165	0.318568846977292	0.179376271060413	0.194370517917331	0.413240226712414	0.286989044957346	0.377974188241901	0.401160788937391	0.231843501399105	0.218113557849507	0.271369505760622	0.28967663851938	0.196817737911617
"SAMPLE-10"	0.39640998379126	0.433152082283831	0.0814799321625854	0.187127503841073	0.558644751141112	0.502235532007037	0.0924836564045551	0.345336915300987	0.393657959387609	0.156018722779935	0.437089704531551	0.153097175332509	0.390503427161555	0.271149874976615	0.517952094088188	0.34080237590418	0.214038419224226	0.759149537933297	0.47531013433355	0.280149941868554	0.302650950925711	0.142643188398039	0.288007234111198	0.343374545353998	0.061173976053452	0.247060592629761	0.544932309502629	0.315677930913669	0.271063907657081	0.482242814207476	0.175682442714949	0.494057868617784	0.207186791099834	0.355358306596287	0.510833560117393	0.159908033158107	0.412140000029652	0.420400696035249	0.271149874976615	0.292955942240036	0.579091222140211	0.746546160348943	0.161395608961235	0.363149660459078	0.305043267878808	0.564442966133031	0.547336331243887	0.18755529238945	0.490788972423479	0.591065660755498	0.360401070541995	0.172032583536172	0.363876111954907	0.180342869738578	0.387105033309514	0.438687734589604	0.492129056870386	0.157162627988628	0.172032583536172	0.648118449394428	0.453145032504521	0.393094561093721	0.292623539813834	0.385459469671029	0.344194149609332	0.292623539813834	0.520106297351738	0.290495036227391	0.48039157567481	0.291221179528201	0.233451238573439	0.344533939847895	0.767268121109813	0.535231834429386	0.292656318663065	0.078304303872107	0.321369047357874	0.648118449394428	0.339602056607147	0.352088204808825
"SAMPLE-11"	0.641614949183288	0.611665538028192	0.142916350676593	0.179427688133397	0.598702882489241	0.636169200492897	0.357791960326835	0.36984623259725	0.393657959387609	0.417723801174636	0.647917887109072	0.170571069149595	0.499509503233613	0.401301974204372	0.662133372229111	0.371668885440864	0.460932010639837	0.822681542034014	0.678605881791888	0.358905113200108	0.516999377658261	0.343044147852927	0.503939784506838	0.540484622052957	0.0547436592257654	0.521496996603476	0.713665888174019	0.502011094686462	0.511937167575038	0.628770008080146	0.284283371081333	0.687265950143355	0.397124017231462	0.538127675297015	0.693691005203473	0.425097276546291	0.67871096696201	0.580182894484171	0.401301974204372	0.468133223127304	0.594513529882573	0.843459016829287	0.281245646080932	0.461144074047922	0.384343304536555	0.631650330400692	0.547336331243887	0.27838490882356	0.655015900772975	0.742693025140263	0.626335958228646	0.26421246442488	0.569445471494313	0.370811048014505	0.643121376958939	0.627539353807076	0.664118255034551	0.349439320204313	0.26421246442488	0.679027843976212	0.528628080876764	0.565919067179823	0.467059456765654	0.611293944675831	0.497391778923016	0.467059456765654	0.616558116248021	0.335997174139453	0.663455374919512	0.384201000655934	0.329516585954399	0.478269243934579	0.829513631103753	0.707485749318351	0.524992137041464	0.0631576630498043	0.32967336073796	0.679027843976212	0.524436189625305	0.385471815370285
"SAMPLE-12"	0.220040379247814	0.233156328194953	0.133269817183322	0.1837063247254	0.287042107205183	0.548419259698279	0.131242905070683	0.184867818245447	0.257603380076635	0.12929968258924	0.225199044468088	0.197055569859329	0.216721167794033	0.305628637158004	0.373250293457425	0.172488327826567	0.13368931674437	0.397968562121589	0.1474316750169	0.186902828014078	0.224901728506913	0.104380991826585	0.208491200388391	0.245178884578432	0.204909909153404	0.157608801867762	0.23381189219959	0.14915847349358	0.214406984909504	0.22712902499994	0.103712332833839	0.235130624349934	0.142565960493226	0.297732460273559	0.221104274964209	0.129649288516751	0.15946029117433	0.346384839155775	0.305628637158004	0.242329507890947	0.264400388007046	0.32015381073263	0.108022976687674	0.160236663488677	0.15711514135851	0.231030368282092	0.547336331243887	0.129729311005757	0.211739845175327	0.325720443555512	0.238893438697395	0.12650070465635	0.137813861925201	0.148063807040471	0.189579927590411	0.210397401903982	0.205520541194099	0.153186677495518	0.12650070465635	0.24084842835269	0.258988462937241	0.186131279952951	0.140007438495487	0.213593500397165	0.21223278624667	0.140007438495486	0.22764365839067	0.194003017753865	0.206551474500759	0.150738356365506	0.109011465833425	0.271503275797973	0.412051579254922	0.1593133037857	0.231361148536539	0.235068418003411	0.218373026163421	0.24084842835269	0.210814759029317	0.170882561871978
"SAMPLE-13"	0.527612489821184	0.46774802875088	0.0952907948414991	0.197314292479394	0.558644751141112	0.897262954059852	0.327496247427705	0.393397247746434	0.369878110649823	0.267544145148747	0.212199409258736	0.173216027652733	0.484236707780945	0.76861124312279	0.814497498453436	0.407595282421051	0.330975288005753	0.761915759164091	0.532206105490124	0.311419585310654	0.347272883448446	0.296123846151209	0.33269471259163	0.234318865763177	0.0843741822191357	0.222688720809187	0.496362957602905	0.392816617846808	0.386674289504583	0.532652348015052	0.350715275462188	0.364728923667928	0.193374587023199	0.44529161337439	0.439922842392945	0.268840082537669	0.548396255463314	0.500658469445503	0.768611243122789	0.5087518355907	0.59911320909895	0.734167620879905	0.34876557258186	0.409620351619044	0.380600603367474	0.480435281439625	0.547336331243887	0.276040971760371	0.511753718168492	0.665658876145492	0.49347076335509	0.172032583536172	0.465647159522561	0.286134738724744	0.39164160374642	0.506687388687846	0.510362462052243	0.337102338241806	0.172032583536172	0.452855523466414	0.452880605543163	0.455637231702003	0.374635525954004	0.484545291372615	0.386298536388402	0.374635525954004	0.465951834420582	0.308540061461679	0.534229718808948	0.380746299889801	0.235596461130789	0.593248095008534	0.770376652285817	0.569342455248938	0.403947463394898	0.10222412732431	0.330639695820711	0.452855523466414	0.38878307970103	0.388942232324473
"SAMPLE-14"	0.382028079016911	0.318428965303061	0.257029706380732	0.248623611094776	0.537969014058328	0.706113029265771	0.125394671592635	0.345435382264854	0.272709226572923	0.156018722779935	0.131646174746947	0.258143222354187	0.405228849262917	0.473219181043506	0.602826451090451	0.414920785652721	0.227761533031645	0.476724112952278	0.455339564333922	0.280582641850394	0.302650950925711	0.179031749684548	0.298183459893177	0.146625886078261	0.23030208265224	0.117124541890967	0.382325537972268	0.260657116509789	0.274853767724209	0.414617927763109	0.197771461666411	0.208126955061476	0.0955708770297363	0.355358306596287	0.376658384951431	0.159908033158107	0.481597005097169	0.420400696035249	0.473219181043507	0.40174131885568	0.600145261055932	0.573742915287358	0.220423609285452	0.249333706248078	0.303680413086547	0.36765554278674	0.547336331243887	0.256700060797694	0.257876629441571	0.519237983825845	0.360401070541995	0.247533565611482	0.317709344333019	0.238804250076768	0.20749677366792	0.403267330758791	0.249364759588726	0.345493007773745	0.247533565611482	0.301515457737223	0.251209614330038	0.348103894063399	0.241304982685023	0.385459469671029	0.272986000074665	0.241304982685023	0.350889776161729	0.311376126085027	0.412290442145078	0.297466057090171	0.201824446905426	0.495371306446815	0.506195297371404	0.489255898993605	0.292656318663065	0.283100472443226	0.340662404547005	0.301515457737223	0.301718252363789	0.354709665685089
"SAMPLE-15"	0.428588545005506	0.404769826454712	0.30656655481526	0.200264964792533	0.407821237236949	0.57697417589508	0.350649743029846	0.254718204435495	0.27002140155919	0.341814813545691	0.506117139091614	0.266483307262772	0.262458931161408	0.318206178369105	0.484775519943489	0.242643666099493	0.260727152696556	0.585575377865964	0.414411812290134	0.272171056516235	0.454726033544004	0.235535234922552	0.43302669502383	0.459256179819343	0.228584276932577	0.334785661223204	0.333524322331079	0.258010814294697	0.4145459408637	0.399602835889549	0.14686853089884	0.382030415075418	0.298132446630924	0.468116653965245	0.519783960031511	0.347513793841819	0.438315272442273	0.504660346818336	0.318206178369105	0.318427793526392	0.377327923604696	0.558491733259677	0.163185337413781	0.228450803592374	0.217089450547725	0.33669394569783	0.547336331243887	0.200164583116907	0.415742671189513	0.553862078568363	0.490427514330174	0.276178175155001	0.312799648605761	0.304669087239551	0.426080802807061	0.402999049741781	0.418464737848203	0.355132958723057	0.276178175155001	0.327695561515092	0.379624673087765	0.364538581847582	0.273901374787188	0.443127130433499	0.363734905042587	0.273901374787188	0.348294526911618	0.26378329519747	0.407817617396737	0.216871991948398	0.208187325577346	0.326594245888138	0.600821231542438	0.428240585571945	0.438053696461141	0.247864752470533	0.25747832604887	0.327695561515092	0.400695309199387	0.25364681039078
"SAMPLE-16"	0.198101989413705	0.226488523238508	0.166790149515247	0.136252562344415	0.293301818447662	0.672657185244977	0.159646155146514	0.159701924865454	0.294036943456335	0.120685527164122	0.309172540077277	0.156347862678044	0.15962024643398	0.581207357357058	0.391730923732706	0.123563855962515	0.103141577148249	0.460722829734404	0.22373041731381	0.168467906043675	0.28829954749761	0.166636125181498	0.271170757320716	0.305781912019881	0.0873417120694897	0.144979978388415	0.168640290658073	0.123363420331806	0.192014000409384	0.244730355452248	0.299111465900968	0.178916568018665	0.123812791577462	0.27836782564095	0.322211875006636	0.124781035361988	0.150427798879369	0.32128504988724	0.581207357357057	0.221162549582878	0.210634769290302	0.297208205027414	0.286932536461437	0.163489105176555	0.214831837938169	0.212288156927156	0.547336331243887	0.232476917333313	0.228712548418734	0.241094630251658	0.202739803633226	0.214563467788598	0.10726648305844	0.0990044645264708	0.198218070719612	0.223267794728382	0.226666521799739	0.357420167600224	0.214563467788598	0.23101773547391	0.247057461253669	0.181627175006438	0.128431630487579	0.183144286207903	0.267503219657819	0.128431630487579	0.209480383683636	0.17302154214258	0.16001648143297	0.212962422724038	0.189554408990352	0.273062785954403	0.469493689959277	0.249793543464317	0.211636906817722	0.0984509013854416	0.175097377347021	0.23101773547391	0.253067294266873	0.157797361069961
"SAMPLE-17"	0.166608579632112	0.253426098775933	0.102920861746026	0.127649979071513	0.350206361679683	0.339191213875836	0.0873351500417689	0.223874799469596	0.314351890583334	0.127637230172353	0.270691882552257	0.10399913330706	0.168390482428554	0.238639009742388	0.232105887219206	0.198491621254416	0.110744254893027	0.46345290761574	0.157983087982782	0.0818176437693669	0.152701288206891	0.150996923410393	0.141478748611464	0.228795349933749	0.0182969414425289	0.12232714223051	0.122913539676045	0.149572725789458	0.206217516451939	0.155055631288473	0.241384050346792	0.183376132816693	0.138859462205504	0.294024117418503	0.204688055547034	0.127785347751703	0.18418610047729	0.341583473746215	0.23863900974239	0.101038108665969	0.198565145299343	0.334465265571255	0.0867918434554067	0.194956490658034	0.0973530716051278	0.23386160567653	0.547336331243887	0.0662786537505104	0.23474239696758	0.266739258384243	0.231755359922967	0.079440359017703	0.0744572228637543	0.0661381841707794	0.213773892711153	0.136134455765423	0.2263219566273	0.143876341395422	0.0794403590177091	0.308179197254704	0.233804019710205	0.104395304382553	0.0805242395281203	0.144045859699496	0.243191852437816	0.0805242395281295	0.233109263613682	0.0742397260475483	0.149834146743259	0.0927298812038455	0.188751920523414	0.12002952290516	0.473114363253892	0.15003976396703	0.227547923537564	0.019999340972073	0.0690306510703331	0.308179197254704	0.132493593648455	0.219488897158705
"SAMPLE-18"	0.463290926039251	0.352933137123691	0.27995099222682	0.249038974698369	0.584233571075052	0.652490208291461	0.122599160493656	0.407407735885148	0.358007363040888	0.156018722779935	0.161328418458381	0.286893438388525	0.428648089904181	0.508526475531583	0.598100856214447	0.425927893450565	0.258121727184447	0.448007678995733	0.547085989399158	0.280437400939454	0.302650950925711	0.195924356691838	0.29442504127766	0.171529050468468	0.23030208265224	0.145418887084428	0.446682659718425	0.318434513525618	0.277282996733401	0.50165482141523	0.289711334046046	0.266513408859375	0.108377167740537	0.355358306596287	0.427762498417406	0.159908033158107	0.45203361551199	0.420400696035249	0.508526475531583	0.424199890607379	0.58976646798672	0.53489170339875	0.283444297013166	0.371080012678403	0.329217800212038	0.387343893071741	0.547336331243887	0.299642525679175	0.191542667963986	0.488091256804991	0.360401070541995	0.219944163378199	0.363876111954907	0.248605133147722	0.240304094393862	0.471641910958863	0.173421147454844	0.374952636940556	0.219944163378199	0.33700692261459	0.127897477636982	0.393094561093721	0.296448818443791	0.385459469671029	0.344194149609332	0.296448818443791	0.366859378552272	0.307138166065827	0.418980813147152	0.323818347355377	0.314709528984249	0.515653436370184	0.480085509297076	0.607831615861826	0.292656318663065	0.283100472443226	0.340662404547005	0.33700692261459	0.339602056607147	0.412122517971121
"SAMPLE-19"	0.453448829026833	0.360383771404527	0.160281319631133	0.196467386548622	0.604678080066753	0.868636621340361	0.180733323192777	0.418890911960536	0.361380243308322	0.156018722779935	0.221159697989477	0.173916723649378	0.458823210304082	0.783627552787412	0.773813987351951	0.439787141202578	0.251618204862089	0.444703289383219	0.609626468099666	0.280670822263344	0.302650950925711	0.235376331903394	0.297321967458922	0.20879523805493	0.076835933687885	0.171460126320332	0.469089284893395	0.31680812362293	0.276408407729645	0.509460595310682	0.388153964015681	0.320280441694231	0.128993547572266	0.355358306596287	0.451179467496395	0.159908033158107	0.508825369965991	0.420400696035249	0.783627552787412	0.490184063681749	0.616785122827925	0.565639779118799	0.380827833076421	0.369606768133412	0.379386715142527	0.403039846636401	0.547336331243887	0.351408797665243	0.191682560567645	0.472170316920278	0.360401070541995	0.265373222450104	0.363876111954907	0.200611287952212	0.297193617596852	0.480755603888339	0.173850043180229	0.525901440800692	0.265373222450104	0.376089968539343	0.126782735860649	0.393094561093721	0.295912373931982	0.385459469671029	0.344194149609332	0.295912373931982	0.380976065465136	0.306748212493493	0.424817547658249	0.376661218039574	0.309223011690349	0.628328275047084	0.476955630394607	0.66357696075393	0.292656318663065	0.098067518730147	0.32442852234491	0.376089968539343	0.339602056607147	0.431230672798198
"SAMPLE-20"	0.414039786862317	0.352199596727208	0.220983218245767	0.248269552947011	0.558644751141112	0.865980063283425	0.17424315986499	0.393397247746434	0.357674326239257	0.156018722779935	0.160396588847404	0.283984694226139	0.398940456852784	0.71081480869346	0.75516459832458	0.43911715381182	0.209745650951948	0.618849424923711	0.486688895154084	0.280149941868554	0.302650950925711	0.193522610134431	0.298839559689248	0.151267192352239	0.23030208265224	0.106406866536261	0.333534648927508	0.28459388270079	0.27041646212256	0.481366799644385	0.283751587108718	0.191541927129127	0.0996539006312587	0.355358306596287	0.521669855830604	0.159908033158107	0.45810848694196	0.420400696035249	0.71081480869346	0.440494240768291	0.589324022973979	0.603783578264889	0.277607177520053	0.353212606083418	0.325897686960153	0.384810404616731	0.547336331243887	0.266974682420184	0.311065291057651	0.558856180606632	0.360401070541995	0.172032583536172	0.363876111954907	0.229637820895514	0.223126237577667	0.436751011578704	0.295629349348746	0.391544643780797	0.172032583536172	0.327094303948041	0.2555635824733	0.393094561093721	0.292223847579923	0.385459469671029	0.344194149609332	0.292223847579923	0.365474234111688	0.298842248561054	0.418404390129068	0.320354059443604	0.275194299574197	0.559514243821429	0.638927397963334	0.535231834429386	0.292656318663065	0.283100472443226	0.340662404547005	0.327094303948041	0.339602056607147	0.388942232324473
"SAMPLE-21"	0.26359521095692	0.304114636057795	0.188456122612615	0.141119445279785	0.150895907355845	0.468143052921672	0.481771363376156	0.0966248914694166	0.184859556295183	0.366154958158239	0.380273837806903	0.214969851365036	0.167089638167947	0.272933754396925	0.300967445723678	0.0893263294079326	0.24042181186507	0.286209547846235	0.0955207483240983	0.196184000083725	0.504554848041869	0.212550781260859	0.473867909465349	0.493157101065292	0.206058124767104	0.356836213111234	0.235003500241984	0.160401039020218	0.402138223735582	0.195491228435278	0.0956489272465643	0.268335172512026	0.247944163064122	0.444862507864798	0.26031669484747	0.374294849314739	0.241861139348191	0.460958874086111	0.272933754396925	0.21992162537741	0.116368511828844	0.298289956315994	0.117316961284437	0.101721938294489	0.127855313502665	0.195844321457768	0.547336331243887	0.174790972487427	0.246984213674289	0.454788646019742	0.402993944684652	0.157371473661609	0.126124843011909	0.250698543158713	0.283896631636349	0.221782427940102	0.250352717795007	0.170540777781349	0.157371473661609	0.181199484435281	0.250488103861013	0.208476687886054	0.148873387152128	0.309000504896131	0.294217295055085	0.148873387152127	0.221065292396986	0.160681744314252	0.217456554838438	0.129252939398632	0.0767563306651083	0.191311530680966	0.301766404584722	0.0750916835535697	0.414953605175358	0.201015096339144	0.153417049575595	0.181199484435281	0.34799214553777	0.0830749877355932
"SAMPLE-22"	0.421260419176197	0.407561303843542	0.213626921287824	0.190552373911909	0.389940557964198	0.685119854648189	0.393291874123979	0.266911521914586	0.316098837798668	0.33480080304972	0.61009320397199	0.335300685001784	0.254944011341644	0.48472388945348	0.535151512195547	0.250330314799269	0.2761242822764	0.747111996645453	0.393129599308053	0.276581245980083	0.617878859791142	0.279240914201462	0.590811877108488	0.628381407333128	0.225308970404817	0.423066329624642	0.378437548562344	0.268321203275183	0.40468204628908	0.468435620962631	0.249951532532482	0.426988436890319	0.28603968889985	0.459496897402611	0.574911101029227	0.354728953924733	0.394907612246339	0.494509205512264	0.48472388945348	0.266305510299766	0.351287893010528	0.602363894373821	0.253844310330423	0.27999350380045	0.244495186326613	0.315301036639013	0.547336331243887	0.286899856886131	0.540633703977962	0.689069137267576	0.471622521867012	0.224322490728386	0.311371358687727	0.292756514467161	0.458003710773001	0.464555110950029	0.542592161204931	0.1945759914618	0.224322490728386	0.306554713750878	0.430970368242849	0.432656101135811	0.297956566922759	0.45737616794791	0.499089283182295	0.297956566922759	0.328864334988498	0.242455508862563	0.377202134129043	0.247435172042667	0.214649735968272	0.288199138294836	0.754410438415617	0.410133411760938	0.427682313189926	0.242177954976039	0.243302599582608	0.306554713750878	0.532808481843749	0.248771620947473
"SAMPLE-23"	0.17670432473046	0.215463944709945	0.11931183151023	0.163912947173528	0.245985271539116	0.456429656837835	0.133390074893918	0.14244175963393	0.288074576768031	0.1206607893396	0.138849290846517	0.189100696855585	0.147349373500036	0.300583934947437	0.297657639415452	0.108668188270634	0.0973207395705866	0.377147992671057	0.143284874620241	0.159728840523579	0.200592073221272	0.0929696064280352	0.184098850953655	0.210463256771902	0.196273945378714	0.111691482369672	0.132945262440082	0.120628708101102	0.191963605830026	0.203319284595471	0.10827459100386	0.146843304028813	0.123760585251008	0.278311687638078	0.139905125288329	0.119990784910302	0.164524115294177	0.321212205704669	0.300583934947436	0.183984776192716	0.18171541460667	0.228827350116942	0.102309519655594	0.162471436861034	0.129482907713058	0.190328316752313	0.547336331243887	0.112928790400267	0.179055881141979	0.246270530376316	0.202639145787916	0.112795116258354	0.107149563566531	0.117517492946152	0.145694233793757	0.176357905269227	0.169269433461547	0.133507768157652	0.112795116258354	0.199129809992599	0.208035707302982	0.156007335174725	0.126016434900938	0.167229980132169	0.219276616521116	0.126016434900938	0.190505999122976	0.163779345893201	0.153684057522182	0.123985677404678	0.118264648742565	0.198102432026999	0.385907353016076	0.144004006747508	0.211580412301951	0.219189870976676	0.182871468365637	0.199129809992599	0.196292497880573	0.132614630491671
"SAMPLE-24"	0.505591454628895	0.406220128018276	0.279352063816426	0.188575390841643	0.39279809245642	0.61999276018857	0.431326902896841	0.230004875986036	0.307545243340061	0.365573110945682	0.43416350196309	0.271710697944813	0.344171320020302	0.376061632229058	0.508142212016658	0.202558856300126	0.388542016058853	0.623053242387987	0.425988964628564	0.258565651163145	0.45332512793638	0.242233027786306	0.436411733300537	0.467267799312301	0.225445054738852	0.450582148604294	0.486052883770691	0.335920276810082	0.443450552129628	0.440061438000215	0.166256930721738	0.486579109458548	0.300201875381306	0.47530205070105	0.397494242563638	0.369742025674353	0.375319278763606	0.506454178252744	0.376061632229058	0.432090134689895	0.300260605716766	0.491705116653892	0.170551707027304	0.307405699230741	0.194960018724904	0.289363110596245	0.547336331243887	0.199051769216995	0.403477189519792	0.54732750224901	0.49072132628682	0.250440902617818	0.312190039879261	0.352650785436833	0.404256008059758	0.456390830238992	0.410319913028928	0.358774421080006	0.250440902617818	0.269194732420889	0.345657306075988	0.366940043152968	0.304531361758124	0.42507233545017	0.407939128387115	0.304531361758124	0.30815230328079	0.243658827190563	0.370300976298988	0.196100056679558	0.240176368411615	0.424756802638378	0.632804194312917	0.453489780133011	0.448718246001397	0.23856744348487	0.235518979838003	0.269194732420889	0.418354495998272	0.230271479716615
"SAMPLE-25"	0.531180815121536	0.494557050870733	0.140997644171194	0.185530507076749	0.606218654223619	0.585740569364166	0.303802108615537	0.394018100494188	0.353355719973032	0.375617722569995	0.506396065265021	0.187351241083947	0.359425083192946	0.327634602579992	0.571357218740064	0.353441319784953	0.34301940359612	0.779464670627231	0.676922611296648	0.352379139860592	0.523662202538821	0.283214073382166	0.49835339115	0.540842933183811	0.0633207423923334	0.420962930246854	0.479090095381353	0.387640727420673	0.466720786756544	0.613710429086833	0.21124883596605	0.540786981124526	0.368769301692708	0.513906052123928	0.512064276266879	0.385861123183287	0.624839303640828	0.559669963627102	0.327634602579992	0.387540802967334	0.598054513594692	0.716226537895701	0.218149420683565	0.412816675901499	0.295359450505082	0.421921331207116	0.547336331243887	0.25725541908591	0.546823244815861	0.770510820611052	0.592662892883487	0.284581685365907	0.542586941278198	0.316863117764602	0.575984949580582	0.595818678263653	0.542346066128312	0.291676068439573	0.284581685365907	0.400787043946045	0.416819447740902	0.557024553804045	0.437705548830286	0.59055973469028	0.49650840678278	0.437705548830286	0.42897735919403	0.335103390544907	0.574139883562834	0.295914592301779	0.316648578100022	0.393610102151405	0.790733437198804	0.718436059904893	0.493119295089157	0.0740294505280983	0.330349061734337	0.400787043946045	0.524237976540737	0.407196811527183
"SAMPLE-26"	0.320958151971542	0.350078844908839	0.125832945973845	0.137615308487871	0.39979675396212	0.752723753012825	0.285960197013968	0.244173997236909	0.321683445720261	0.221634379941167	0.512076578675439	0.149401326099263	0.275593804439888	0.554697666218692	0.579799261578571	0.194834719287539	0.220722486469315	0.669514838779684	0.392276349783229	0.239695010716128	0.455954143352102	0.20021304462591	0.426131217125707	0.479862492112282	0.0482818210687595	0.313686434329285	0.372670355023883	0.234578077781787	0.311057450231125	0.404903307327683	0.219940858121007	0.379875877096727	0.212829826075884	0.382481859156338	0.5077611190243	0.232517639306713	0.351515762185337	0.426497594745809	0.554697666218692	0.352610606633321	0.353275714859867	0.541472093023424	0.215364345164319	0.258321254555486	0.230659071209153	0.317781136377575	0.547336331243887	0.228049361567835	0.428052040966272	0.554391459994582	0.359349126388075	0.241660208746701	0.238268739241736	0.170200017993373	0.346912827198674	0.394004418953348	0.425676774283135	0.377150976607755	0.241660208746701	0.333625105089048	0.37194144982968	0.335801087782056	0.235437055746481	0.347344159545067	0.39512666626372	0.235437055746481	0.317100755661249	0.224991538449431	0.313094302201642	0.228538095247527	0.235701708047228	0.400296843172741	0.6780613337668	0.416316627742934	0.330342547727556	0.0543907898286662	0.22047295593312	0.333625105089048	0.405432766518062	0.239833622456106
"SAMPLE-27"	0.373250993524547	0.343986740729066	0.261083234725323	0.247682152822815	0.613280245796857	0.761147304008494	0.130801174600161	0.423809410260535	0.35393299975278	0.156018722779935	0.295729339206242	0.286009071539849	0.323247268223759	0.603518555759127	0.622860427591094	0.393658856191943	0.173976776557826	0.759149537933297	0.653478945639579	0.280770277030912	0.302650950925711	0.218328964635651	0.288007234111198	0.336374696499748	0.23030208265224	0.205165891822698	0.351463890873492	0.254981477076884	0.264636414323286	0.497325571331174	0.343090694571626	0.381038186487896	0.207186791099834	0.355358306596287	0.308023603918328	0.159908033158107	0.612455059884426	0.420400696035249	0.603518555759126	0.321865693361964	0.605945845336927	0.6262125514134	0.3385788418856	0.337476535188855	0.349692620685321	0.366646449126156	0.547336331243887	0.316901199580111	0.452187712295632	0.587989994289058	0.360401070541995	0.286448326274587	0.363876111954907	0.214258337739353	0.406435142330782	0.4501279785562	0.444831105823883	0.365529571021542	0.286448326274587	0.376103435771446	0.434875411627193	0.393094561093721	0.288642942404306	0.385459469671029	0.344194149609332	0.288642942404306	0.350031778384174	0.316896155940351	0.41192807465808	0.346529633945892	0.302397339448119	0.429725289367909	0.767268121109813	0.68610054317808	0.292656318663065	0.283100472443226	0.340662404547005	0.376103435771446	0.339602056607147	0.439435312699155
"SAMPLE-28"	0.249688612348711	0.289313999754934	0.215730569670546	0.141674838142791	0.158610703798248	0.300822681146868	0.27854710032351	0.0817315049384805	0.201868450230355	0.25569998443043	0.38033547047749	0.205682859730005	0.187478723519207	0.25298407685141	0.209386619881796	0.067412534776771	0.218733304938624	0.266427694619694	0.0911146703674873	0.176196153500877	0.423850960438029	0.217179622625493	0.389052192128557	0.430856621109937	0.199311888246989	0.320857197570509	0.318527522512495	0.156827910307949	0.32001653044192	0.178086872644781	0.172629774337784	0.295149066965583	0.188221726712311	0.37585481503147	0.263807781026849	0.262702461541056	0.170270261305933	0.400845825371121	0.25298407685141	0.186631407068056	0.123284112789688	0.315105948972923	0.197036607030529	0.100239837774128	0.177974945488406	0.252200240492394	0.547336331243887	0.174041736301435	0.220479319227434	0.349053549823123	0.308385319268151	0.170537821539366	0.0962728716266152	0.202854805419877	0.254709189231781	0.20214951694144	0.224321526296893	0.162518855927243	0.170537821539366	0.274981412483991	0.238810966634295	0.170838940326742	0.120333667071745	0.240942040865313	0.251798386815652	0.120333667071745	0.261359800630617	0.155275909186369	0.194937925672383	0.178872045006129	0.0858516909309097	0.171274359267368	0.280822434228062	0.0785408339331458	0.32764137738059	0.201322722490379	0.151492774495092	0.274981412483991	0.289900509859281	0.0751658203388932
"SAMPLE-29"	0.22898024446802	0.29868624175156	0.258606446970544	0.159491487036171	0.24189653792432	0.402176743485197	0.281346562367777	0.12882485010923	0.237799811257438	0.251875766669425	0.385512933871739	0.221653812124202	0.165429687641269	0.296053505294892	0.29817569607431	0.10867010230153	0.170596462133096	0.377861240529681	0.199249103374972	0.196119783266	0.385903689230598	0.19034406427893	0.36499904307664	0.385788888134211	0.206555944805098	0.237143299139079	0.205187939844244	0.15658565854251	0.316072627650171	0.238797953110392	0.147682052246924	0.232277185228937	0.202910548397622	0.385045312034216	0.366542251467698	0.256400161095751	0.297018373181233	0.416458843466303	0.296053505294892	0.201071563022716	0.175804135660105	0.339190590261178	0.160867220603967	0.138211031959891	0.168545157429378	0.239682235659059	0.547336331243887	0.157193605528382	0.257979618121801	0.41291939734677	0.336449302535027	0.208542263441124	0.142942824018697	0.19721556881169	0.267495678697054	0.242446638967682	0.256873058534958	0.266069541440128	0.208542263441124	0.243576822195512	0.263150102847587	0.214653839166434	0.157329082961116	0.274630429615957	0.282133551653855	0.157329082961115	0.251146059245275	0.185023247040986	0.228438577784753	0.16797017763374	0.139575814307286	0.203723475320388	0.391993952147511	0.180247115813983	0.336911822205866	0.215970409174205	0.181081051960395	0.243576822195512	0.303455605746779	0.124474057658993
"SAMPLE-30"	0.289157949017983	0.276924694730407	0.194834194323739	0.197739201353355	0.373526299057329	0.700054244982677	0.158640237367954	0.211813103485221	0.320873093709966	0.13544713150276	0.274889843939973	0.230005118897328	0.270851736624978	0.460406713317187	0.538762454725025	0.179848687906289	0.157263196114854	0.557757079454353	0.254176495314724	0.207254309885777	0.242520239598341	0.112799567988744	0.226323102666172	0.267791714449444	0.210918797340768	0.179127643499405	0.294137495072279	0.195524221766042	0.227830633972036	0.316211319401402	0.132293495761771	0.289125462316348	0.156617701646682	0.31132278939677	0.310834134637894	0.136562428498122	0.227450909353101	0.363951349671165	0.460406713317187	0.299407183876847	0.311948421722804	0.416892499213844	0.125781011151636	0.243334197416417	0.182163962286521	0.278689490579589	0.547336331243887	0.142284594095916	0.286523835744543	0.386659017159869	0.265860197768069	0.136575869839335	0.193779952171769	0.16787446352265	0.226911033333894	0.284228963885666	0.277046726284858	0.306592585208537	0.136575869839335	0.296356910533805	0.299446413095712	0.244062420542565	0.188832206421678	0.249961710302722	0.270555942527562	0.188832206421678	0.269892757815985	0.216778645613037	0.254932767338726	0.174750707774851	0.198694404733717	0.382905448352551	0.567745312594272	0.283560168132893	0.245477337439582	0.246268965737367	0.245105933391175	0.296356910533805	0.253795587696458	0.207653574082978
"SAMPLE-31"	0.156537470097043	0.25452975942464	0.159176673160508	0.144054559511905	0.18569455238056	0.561418243406595	0.167210484536527	0.108285002598181	0.307985657035076	0.112555111392635	0.163640360386057	0.17190784517251	0.119250634719821	0.362814240891683	0.380543469852969	0.0876680357784708	0.0591428352336971	0.153073422452829	0.0875815130713423	0.135932175840173	0.1783881704762	0.0587259046609934	0.16918256257421	0.183641377119845	0.187947814188901	0.0944750969305093	0.14129410614477	0.0789014676776215	0.175521768138448	0.15468148452659	0.0499800883642396	0.129329001527516	0.107186402479788	0.259759927752427	0.190090452537871	0.110271764510179	0.0825579855638191	0.297129309800077	0.362814240891682	0.139138384527551	0.121463553052416	0.22668772609829	0.0902812962566255	0.0842793974018658	0.132067147078464	0.298484174682682	0.547336331243887	0.0981130185955507	0.0805383871985629	0.163121523287676	0.170769104429413	0.100449410156593	0.0736011900073351	0.0992624348369647	0.123703528523684	0.13442255605784	0.0736834239781912	0.24921808309059	0.100449410156594	0.383823965293754	0.0763093642537194	0.117178662726117	0.0988629419710447	0.129407875959331	0.140332774135967	0.0988629419710446	0.280126683571451	0.137556037642443	0.144769533230345	0.124160255886878	0.123024851346707	0.192914874075932	0.164145468150961	0.0919146326033151	0.193135464223934	0.20415474354978	0.152129960847748	0.383823965293754	0.167105509414966	0.0980465317697615
"SAMPLE-32"	0.408340876819745	0.476135779405844	0.270110667307206	0.175818101978149	0.289080082180832	0.511351607834676	0.381763473154494	0.177187465005893	0.335786008491765	0.35161698357514	0.463043400415837	0.267361581366446	0.237782484567141	0.362929715064677	0.435798434306651	0.161277176378335	0.252810885416969	0.584095454808726	0.224073844357788	0.239318381689695	0.465426393459587	0.278502463040648	0.446320753503211	0.461541255615554	0.219655116438696	0.327200157317038	0.349763884473756	0.270056599061011	0.408232793123416	0.358200196261463	0.248178092609054	0.357529313956536	0.278200708814967	0.459316131362352	0.492189917257664	0.357492228802243	0.258285354535863	0.487871568276958	0.362929715064677	0.272062103610671	0.235653944982137	0.592710633890755	0.240620110568249	0.253541691072892	0.2552057472662	0.448970884707721	0.547336331243887	0.241637804265135	0.424163153542919	0.556823797883592	0.456451276598177	0.132311381785702	0.259807199992903	0.281598215273502	0.419289939929833	0.348185215317375	0.428290649330698	0.277327027030095	0.132311381785702	0.506986409246512	0.338120527700215	0.332480932420283	0.262763549570604	0.387132236789099	0.40155413392935	0.262763549570604	0.447083770855664	0.205630772616374	0.386283813050822	0.255755123217318	0.219709862260492	0.25357023889537	0.593754908443677	0.231258285386606	0.42937418948709	0.228826821749206	0.212274660979278	0.506986409246511	0.411749879496743	0.161486014797388
"SAMPLE-33"	0.305534131587894	0.322092579457736	0.207607527143938	0.160589549915008	0.465818594531419	0.556011498353551	0.114291774208979	0.290024180713922	0.342960812171672	0.143045561490786	0.285628805907716	0.249963663660875	0.253955616962035	0.316440217975179	0.458799169095128	0.27003475729827	0.143436363957551	0.641769557245406	0.391154468994531	0.219219009977835	0.26457141854829	0.123532158288537	0.248805218216922	0.289137293736688	0.218201889481021	0.16804111513327	0.285529700596468	0.207948350721126	0.237898908117032	0.377854862921303	0.146600040939939	0.296977962530579	0.174697166828259	0.327849684295968	0.32724384748625	0.145149543787321	0.327536084103677	0.385234222322911	0.316440217975178	0.266681242030898	0.411362160110057	0.525418698043734	0.138558483038011	0.270475439326063	0.218768237189379	0.356105370200945	0.547336331243887	0.17654259130196	0.35501700673232	0.463793304878691	0.300205935447155	0.186700568184948	0.250981436060662	0.175824732259456	0.27929631768272	0.333862814229654	0.347858334739249	0.238842671761361	0.186700568184948	0.390564555193136	0.352989060153953	0.296556171039233	0.221607126540433	0.298072380278909	0.297594223534459	0.221607126540433	0.337561697533455	0.20989574065179	0.325685064671096	0.209688322322393	0.227936030540862	0.312699185839295	0.651424564807385	0.436118914639291	0.26293381827415	0.259993007419429	0.203735957092853	0.390564555193136	0.284946153986112	0.290817537851546
"SAMPLE-34"	0.238142234942829	0.240142138427687	0.210685440634411	0.198628582876259	0.36015877653605	0.503845668349717	0.121752853554348	0.216233780584792	0.235273510778514	0.135502111172307	0.27627907259826	0.205961345373789	0.249408977453199	0.295489771688389	0.392549111881653	0.243012014366717	0.149763518566998	0.411852012364399	0.247480645732676	0.207871335128513	0.242678806412439	0.112875944412439	0.236872752988849	0.268334529540374	0.210972054276196	0.181170707847261	0.284177152188179	0.16075087800127	0.22827023739628	0.25662083044548	0.100079970957573	0.285018738993114	0.156745762131453	0.311443456143955	0.25402609702261	0.136624398187055	0.267290282248333	0.364107083232691	0.295489771688389	0.271562697071504	0.369815925852817	0.377553539483502	0.112035222471517	0.153784398466543	0.175836436399208	0.249781064683071	0.547336331243887	0.161630206585836	0.23404741914467	0.386647775792151	0.266105055865286	0.217324165172544	0.16266382368906	0.166406428416338	0.223303491987006	0.249358771754723	0.23055152748331	0.258221792109159	0.217324165172544	0.255112590172141	0.296913174190363	0.209051001206369	0.149079445608238	0.250298189001349	0.207287327097436	0.149079445608237	0.245225374632497	0.229522654311744	0.245624605412345	0.169142359177946	0.131787733887514	0.321759766195285	0.429677301113173	0.261565792727727	0.245603652753742	0.246368752338341	0.245349849898026	0.255112590172141	0.221059365810319	0.215347288139746
"SAMPLE-35"	0.317491474159408	0.356293079812573	0.0862321177197061	0.137308314657873	0.428354319363002	0.559681564803882	0.22096286000557	0.255851968218044	0.321934004123614	0.235371542433717	0.0775101881641738	0.102856062082167	0.237133494881073	0.43393708674308	0.427485856409077	0.242046408474224	0.190448549409664	0.567564466700548	0.414694108390822	0.2350678184095	0.282921739877831	0.270882036387293	0.276355936572736	0.133199860487832	0.0399571563965358	0.0944168857011739	0.178488573555584	0.231945515367609	0.322779721524026	0.373944593270207	0.346395054807301	0.115129501472724	0.118886522043035	0.396927219501852	0.249897902154238	0.233169741326537	0.329116621698177	0.44204616266145	0.43393708674308	0.282517133747656	0.362067224564179	0.452825392777614	0.345842866501729	0.267439377030098	0.291241722055335	0.310580658335842	0.547336331243887	0.283487309385194	0.327667957710224	0.447780119997852	0.385954571169606	0.226399826436174	0.271430578931716	0.168857268197372	0.21546054925639	0.346853472752888	0.31969141387547	0.281192750754003	0.226399826436174	0.254254617482088	0.311873899791968	0.297543721481837	0.248849205657902	0.335581853169244	0.309317696860057	0.248849205657902	0.312966023246291	0.237231053543071	0.336933301016044	0.293958575930872	0.20611541515357	0.297446843067065	0.578080702725814	0.4574882693135	0.34746242572975	0.0453552594718205	0.232060873657817	0.254254617482088	0.297807739600423	0.260876330537612
"SAMPLE-36"	0.284999470524498	0.337234950613251	0.222936505022927	0.176143734908988	0.268886885457156	0.375110556905873	0.30521154460921	0.137573194553261	0.207085143492351	0.309415248564679	0.101703394071151	0.177495188045284	0.198271756985043	0.217669110730718	0.320516510747228	0.143504289038848	0.195161852287682	0.27227088737645	0.198182703523207	0.21527988494111	0.277605945366958	0.20285384357248	0.269084131680175	0.121934164557081	0.216831282407245	0.0986523146273559	0.144873176913163	0.181269813473316	0.373795410733868	0.222949853995245	0.106778265592892	0.0945405930345325	0.133237084695109	0.433060972007983	0.303016126222	0.301251233397359	0.285210919708666	0.464898828497104	0.217669110730718	0.258483412139869	0.24632047700231	0.36168908802747	0.129764859250195	0.129199050157678	0.176386034301772	0.284608360076923	0.547336331243887	0.164926208808704	0.212269916953079	0.376969347050244	0.41805635434491	0.213496507081848	0.18984412967248	0.249742410066115	0.173572600026963	0.231026501173524	0.213041577773559	0.257258282890346	0.213496507081848	0.226259623778146	0.253055332378645	0.209998712447769	0.176135921597021	0.320679878069519	0.210327999610498	0.176135921597021	0.297526052749659	0.215967156945409	0.308243014982291	0.175555521468497	0.101798078254256	0.233036461903173	0.289316833801287	0.19097822914551	0.395615286416863	0.22854163556911	0.210427348515024	0.226259623778146	0.236154971519639	0.138990139844252
"SAMPLE-37"	0.17777996548361	0.291691172142722	0.123734492090167	0.170301356428104	0.254128748781001	0.433109753830132	0.119135891707363	0.145762285073662	0.305366828731737	0.123431521546904	0.173879611879459	0.189400819680714	0.144140168775485	0.253410111765172	0.332045948294622	0.119544399731424	0.070186777269055	0.369927733472422	0.133381286912497	0.168250618747994	0.20832369687281	0.0669019999709545	0.191828643093041	0.219878324673927	0.199069309341905	0.118383388429922	0.20342588799038	0.0966701591633273	0.197614992061241	0.203006992257904	0.0508399843378214	0.188105005204221	0.129667578413015	0.284580779854514	0.174567071423523	0.12222498720044	0.142213072158069	0.329344637731725	0.253410111765171	0.180989089126669	0.19423567891516	0.390940985129789	0.102912816207507	0.0945533837605804	0.169561023972265	0.366936223833034	0.547336331243887	0.118206466219479	0.210600848548828	0.273351325460537	0.214031689090167	0.117131170147595	0.114243953250423	0.123570767592604	0.176255646857037	0.179239330299363	0.207476142009793	0.122695412496227	0.117131170147595	0.45700026011267	0.237245920941052	0.162608903492488	0.126600714937087	0.18144837476599	0.150843781925121	0.126600714937087	0.340848465691584	0.173229916724035	0.213328348456557	0.159999531497294	0.109625631857921	0.190827848618837	0.381037601029037	0.140631501847892	0.217914113444724	0.224299574883033	0.193969873179848	0.45700026011267	0.19802706951346	0.13648717645164
"SAMPLE-38"	0.124708600156607	0.253316698079175	0.0322923450910316	0.0925620208447114	0.183643440858452	0.205391575010202	0.0924836564045551	0.101362436006748	0.307346366990969	0.112256342408579	0.129926081622644	0.0636068645384054	0.0593251725673125	0.132758619254152	0.153951608465407	0.0717881086365944	0.026347073350516	0.278088984473364	0.0838834688937597	0.135088776373828	0.177582742763112	0.0258574894219109	0.161262900267757	0.182675322050699	0.0262245522682165	0.0938587118304701	0.139773792144679	0.0340480953316403	0.174918729993164	0.15303392291998	0.00863810812047551	0.127899087912881	0.106596177865519	0.259070242184601	0.134204769000927	0.108298091812071	0.0727700928312851	0.296233908881017	0.132758619254152	0.10214298033233	0.119459964799614	0.247895459713495	0.0898498570690505	0.0260552064646004	0.131104917625938	0.29663385700214	0.547336331243887	0.0975851068273024	0.150880540844197	0.180986295178376	0.169639149098686	0.100004313336043	0.0725384679085471	0.0656974806294965	0.122418327702877	0.133007197199765	0.145536513735772	0.0717845552388278	0.100004313336043	0.381788046029832	0.174350118428483	0.115881593193305	0.0979406230823917	0.128124053211128	0.0636083019374121	0.0979406230823916	0.278487830874407	0.13008847025984	0.143106763195659	0.12324338234377	0.0879142907946268	0.0991433760506953	0.285166279097608	0.0903140959153904	0.192458530746708	0.0284659962586778	0.135959970311568	0.381788046029832	0.166066864339267	0.0928378213130187
"SAMPLE-39"	0.378298310266976	0.324515320084224	0.103721547279564	0.0873486645601633	0.551538894027168	0.895095091749799	0.181119226007329	0.337061628411683	0.280341812691967	0.156018722779935	0.495833254822122	0.111536947319984	0.313158376604609	0.79121648078553	0.768364593556969	0.34867621958896	0.1213970763188	0.747225961354606	0.495903030208007	0.268842106258636	0.450643320844138	0.108552149146949	0.422398527877578	0.511260115586444	0.0217324494692603	0.371663972386865	0.60478321885083	0.125632599470879	0.276458983187533	0.4721464063765	0.0636553014604827	0.574734200493797	0.207186791099834	0.355358306596287	0.378353918196755	0.165428982644914	0.519229304562137	0.420400696035249	0.79121648078553	0.484302063430882	0.629286737416223	0.710203307093861	0.353523712236933	0.0849577829594641	0.371681664512307	0.377017764913749	0.547336331243887	0.321526436062877	0.504870499338328	0.63711265926604	0.360401070541995	0.284686537097689	0.32120605391178	0.15860891283192	0.446492059859014	0.470747123997753	0.510288959141428	0.536336238301475	0.284686537097689	0.390651375849529	0.505074392248445	0.40847189670362	0.25133390740262	0.420429613250675	0.174495323567072	0.251333907402619	0.358849371384811	0.221731156510173	0.415637568600985	0.369590783163446	0.242011779580532	0.627948374075819	0.760416158496305	0.527070624741794	0.292656318663065	0.0279150574708959	0.180647961222325	0.390651375849529	0.40351781086318	0.347680688360187
"SAMPLE-40"	0.553301927920729	0.44083436569663	0.129791143144834	0.187237049421757	0.592978540935861	0.685317900312801	0.238485818405599	0.375607984851881	0.355618407706178	0.27803218731984	0.400336208474112	0.155261871246002	0.421607491066306	0.402464237218979	0.624236605665198	0.387282018412071	0.32754640891409	0.76212960901217	0.619360936547508	0.314339256481437	0.350865601867491	0.221742849993633	0.344548575005288	0.37943200789195	0.0638705527172826	0.345926258239125	0.519950693993091	0.379341287049373	0.394551629475193	0.549226793597187	0.19366903339249	0.530742193921797	0.301196496434426	0.452510520344585	0.444941765698392	0.279005842355276	0.565278005996857	0.50694216094943	0.402464237218979	0.439082856352291	0.584737952751392	0.672617944110491	0.1951511839325	0.406003706826026	0.283015082407033	0.410934151707729	0.547336331243887	0.20122540606395	0.501093904555203	0.637103206614285	0.504097219772352	0.238577389543054	0.473787554688762	0.277105587263989	0.477538274875153	0.526721183098532	0.496706230800104	0.36325687799026	0.238577389543054	0.405469813657897	0.447049804012925	0.460578978916366	0.380298555796297	0.492394127016139	0.389649344596163	0.380298555796297	0.407316301058666	0.319505848750187	0.516455431490945	0.279593785243858	0.295079755443832	0.489554587060167	0.770616771687163	0.665872192742904	0.413205103592416	0.0772660031249874	0.32723053097985	0.405469813657897	0.392713239951431	0.391861480784466
"SAMPLE-41"	0.475253299133514	0.401082188004472	0.293508044623876	0.248821636287622	0.532009536443827	0.444476855121694	0.185852161822574	0.329721158376061	0.247706735108079	0.277270049733087	0.392024903918935	0.250254546572057	0.422574756760155	0.248145158347656	0.488082584482836	0.386653513588437	0.3303027541484	0.275285139920702	0.492051174390373	0.314389641933542	0.350606828432843	0.221262522547575	0.343388326434366	0.382402624261667	0.241120495388179	0.36870168797484	0.561918070244556	0.328231379699953	0.397225250182474	0.43910292036556	0.139334204759124	0.558595451224171	0.300651482228954	0.451991004901161	0.340932684120903	0.2782674330146	0.569147942607928	0.506490611317137	0.248145158347656	0.401671794030768	0.593018976623744	0.557841711878691	0.169472661149448	0.252017800038066	0.282657163101623	0.409814974665931	0.547336331243887	0.240075560650446	0.169370305163111	0.567925262674259	0.503333521957536	0.282758112728709	0.404574219828615	0.348636447955757	0.47676752228757	0.451453542269137	0.159717496922377	0.313678573568445	0.282758112728709	0.404093837130889	0.131206610633695	0.396184516793343	0.298606571690465	0.491829872199614	0.288198930563112	0.298606571690465	0.406245247861635	0.334837625643194	0.515595180401181	0.279225724525701	0.189657058722433	0.429972407750961	0.31137222505578	0.513959322082373	0.412537637507555	0.283100472443226	0.346849630673777	0.404093837130888	0.337764142801859	0.3440425677017
"SAMPLE-42"	0.212772093095295	0.250600917444539	0.139166576434233	0.19211811931915	0.320191838130127	0.564697547793163	0.132095586129031	0.207209370637565	0.270016136393254	0.132862617709709	0.259199481537612	0.207210482832789	0.20275454810425	0.351446117021523	0.414814366136667	0.21633955373958	0.117264195549759	0.308512742662531	0.183577418014762	0.198602639714993	0.235085201852379	0.109230764735387	0.221919749090435	0.252695949468699	0.208405723588189	0.140980591652986	0.200400741992015	0.147183410739418	0.216938685197054	0.249525032795863	0.110701893827014	0.217809273720118	0.150644936089637	0.30563277910235	0.288867405364988	0.133652126686452	0.212684884098159	0.356602769901529	0.351446117021523	0.233451190701233	0.295386199825842	0.325983963245205	0.11420902296485	0.17024092198284	0.171006937318691	0.256402019627081	0.547336331243887	0.136947324140746	0.152924648431701	0.336007316683804	0.25441996075648	0.13230860951356	0.160140234223771	0.146778637032875	0.210563291761389	0.22327091965713	0.143339069925958	0.164066281426927	0.13230860951356	0.269872362693516	0.158211527992018	0.208823731777937	0.153569257838065	0.234360896255407	0.226952330863982	0.153569257838065	0.250241620367459	0.207084506294713	0.233388418910614	0.16407876511016	0.121710338198543	0.266271722599508	0.329051608473992	0.194162126175904	0.2395403985923	0.241570364368391	0.233732973401327	0.269872362693516	0.225950318730926	0.193651466694295
"SAMPLE-43"	0.480926952916924	0.350516386772302	0.179248203845722	0.248455228315827	0.620357863119396	0.495065128519147	0.0924836564045551	0.397350477454951	0.356909447719456	0.156018722779935	0.44106612481201	0.281585341707158	0.401484782289135	0.305222382930805	0.45770752728263	0.400793495462658	0.255694329786415	0.759149537933297	0.648514833344282	0.280852733977651	0.302650950925711	0.176624569632286	0.296752843482949	0.349761683185614	0.23030208265224	0.288353646177312	0.545182998733704	0.315914945849366	0.276958076273239	0.517181327466279	0.24301055341482	0.514507097444298	0.207186791099834	0.355358306596287	0.483384756653053	0.159908033158107	0.518993494112843	0.420400696035249	0.305222382930805	0.344082900484288	0.609880009087762	0.622583339886256	0.237209360251014	0.369975383086517	0.304296801020426	0.381724384833061	0.547336331243887	0.256917585021023	0.455126335447206	0.541998400798013	0.360401070541995	0.304656464252309	0.363876111954907	0.247691188514153	0.384081623161007	0.491551783071395	0.448425124700386	0.157162627988628	0.304656464252309	0.39635440280909	0.436267433686928	0.393094561093721	0.296249579166562	0.385459469671029	0.344194149609332	0.296249579166562	0.362299289861355	0.319337757070175	0.417080476457454	0.297567224792436	0.244857226461093	0.388898745615186	0.767268121109813	0.704134054983132	0.292656318663065	0.283100472443226	0.340662404547005	0.39635440280909	0.339602056607147	0.422552206336525
"SAMPLE-44"	0.226216888764265	0.268209524991312	0.0580018977156318	0.0798508931095113	0.376863255913398	0.769605749075246	0.169055922117873	0.249748693508175	0.316461665440424	0.133928925469259	0.213737673378337	0.110124004299366	0.223228896958726	0.60361523681454	0.554318774996053	0.214502164486059	0.123598881702604	0.539904490562477	0.296585659506172	0.181024209283939	0.238148119375491	0.151841091372425	0.22188671441411	0.256470365160975	0.0480423963130202	0.143704568569829	0.207767217785378	0.16680980816751	0.219130084344533	0.303769619828473	0.226544504024231	0.225442636036636	0.153097894890406	0.30798451898973	0.232111261148873	0.134852177532438	0.306287183732992	0.359641174506616	0.60361523681454	0.220488021080539	0.372444743859232	0.395289853454676	0.218315009391141	0.222753804036803	0.224583451973356	0.264260519164062	0.547336331243887	0.187611856479221	0.273495799929031	0.371369600177763	0.25912290535708	0.160999981311704	0.183338631986431	0.112065162144726	0.242082105170478	0.266441269964436	0.263680408290223	0.221826374779501	0.160999981311704	0.278894169199232	0.289050832007051	0.234093055442432	0.179213618106867	0.240745160866354	0.265196565436386	0.179213618106867	0.257215776325517	0.149703485176318	0.241761788925589	0.219897506206617	0.151467858802695	0.309683959958124	0.549886176313731	0.309584748002546	0.241989568124674	0.0570580856295916	0.124406243932379	0.278894169199232	0.247681849689662	0.239480765676574
"SAMPLE-45"	0.189027877569124	0.17737773505632	0.172549146020703	0.139211920374959	0.191292587698975	0.495602046011123	0.145466019237995	0.125093402492838	0.265445306917328	0.109901995094668	0.124919032798087	0.166227006745134	0.175198269025829	0.370292907301318	0.234199836357794	0.0899932284089465	0.134214030074296	0.252382296865825	0.115611426317108	0.128772271083708	0.171271002631624	0.116865060590808	0.158629852568965	0.185904143818845	0.185171696671701	0.144869013666613	0.19807509971003	0.123306396186984	0.181263862362537	0.159404882774863	0.183975043728538	0.172515959736123	0.101997839644662	0.253621174199331	0.102235923310405	0.108063976565285	0.101879270550804	0.289160324373984	0.370292907301318	0.186961565821734	0.108672437912576	0.137721513714364	0.174926506517546	0.140346022117662	0.135986452701304	0.1425087663934	0.547336331243887	0.135561915520777	0.119263020092907	0.141679831553696	0.16085334238446	0.145181154656259	0.0645689764344665	0.115198403032094	0.116347020128766	0.154441551430175	0.110833676899981	0.235990789483005	0.145181154656259	0.148860762884197	0.151870315146229	0.1059927189062	0.0946626418473508	0.118285057680878	0.183722908616964	0.0946626418473507	0.146313408305623	0.136330137653945	0.100326167637786	0.13326167282367	0.123544671636993	0.229616819762749	0.258920295264751	0.117879413580742	0.187132823279795	0.199206942192285	0.142663998158752	0.148860762884197	0.157980390618261	0.114067172393288
"SAMPLE-46"	0.258872259300277	0.308034291931165	0.0868577153603912	0.117842697361864	0.367157761166082	0.627177623377616	0.138595646209574	0.247285851570618	0.33578363223171	0.134745646257633	0.224131675904908	0.152732363445544	0.254787726681651	0.376554331132319	0.48983085556329	0.230620610609889	0.14264627311356	0.54954511796387	0.264018872110673	0.191874030757263	0.240498521833395	0.111826750541773	0.227944576076129	0.262871622065012	0.0940735044702075	0.164019819235355	0.29133589739029	0.193290838719259	0.224108254742381	0.307798624778291	0.134625413048419	0.277842043009415	0.154987422220695	0.309781827891295	0.234819719957572	0.135771974046231	0.289449172066104	0.361962173282628	0.376554331132318	0.208047310076751	0.327646918416584	0.469086274272027	0.124625042811725	0.237670127862185	0.195384712657378	0.349937841903531	0.547336331243887	0.140827663628336	0.29486783393452	0.380940593019472	0.26274137103197	0.135413220398373	0.188912738987568	0.136122636536869	0.231963643455387	0.273075817551742	0.28818358794897	0.178979601601085	0.135413220398374	0.401863788346809	0.301649216907407	0.239432454941048	0.184512745099459	0.245685085485384	0.268077540102722	0.184512745099459	0.329985728353537	0.172997162219721	0.273051423636709	0.186250871983988	0.158044199031088	0.280862963596803	0.559533623680052	0.275754703078297	0.243865740150553	0.111610073186267	0.166675241179199	0.401863788346809	0.250965650383043	0.232710044659714
"SAMPLE-47"	0.464809229425257	0.343320446671024	0.210088586290196	0.202481441064301	0.60546438082573	0.762168355218293	0.140140014482713	0.42585374436097	0.353628422311861	0.156018722779935	0.447465613256063	0.222345108986992	0.422063121571373	0.527119198824146	0.655006643383053	0.4307641703637	0.259992678015819	0.819857593512845	0.602852823726925	0.293813509745081	0.420156550391885	0.173124764238899	0.40341384378236	0.477950512259572	0.088455245902037	0.348186364831536	0.575446490680871	0.307421096190152	0.275781211454972	0.545352225580739	0.23374149892211	0.552581712978025	0.207186791099834	0.355358306596287	0.387928333368566	0.166392513131972	0.471708747513845	0.420400696035249	0.527119198824146	0.43265366604181	0.578302986349683	0.679604917662216	0.229022267499868	0.366143051499602	0.29574247779506	0.365179763019578	0.547336331243887	0.241003735765486	0.536177631166149	0.660124687032401	0.360401070541995	0.280964999536352	0.363876111954907	0.204178489269441	0.402361934601008	0.522332348804449	0.532675247269735	0.447391218335997	0.280964999536352	0.37404981784192	0.490357666815254	0.440415382433235	0.3002190555677	0.413540218500792	0.41000782996484	0.3002190555677	0.348784662327087	0.307872415587942	0.411400805143247	0.289151458256029	0.348436630357688	0.547487151230583	0.8261097867494	0.665661564882384	0.292656318663065	0.112628720265913	0.326354731274101	0.37404981784192	0.421874613392463	0.431976497850762
"SAMPLE-48"	0.310460962762112	0.316631641822734	0.134157236001443	0.198710847220963	0.509814238896582	0.853404260459764	0.161130035664904	0.292808767177522	0.256082001330094	0.156018722779935	0.342234392723176	0.152730282578943	0.342040935675997	0.708256224829821	0.72122804650184	0.331964094833649	0.161766484478286	0.608810445112957	0.387541056056352	0.280437608683294	0.302650950925711	0.218679504643923	0.288007234111198	0.336374696499748	0.0812249115741935	0.205198576940082	0.356959224597617	0.20970162758874	0.264636414323286	0.37450405808865	0.268210725342164	0.38270820688231	0.207186791099834	0.355358306596287	0.32387441852489	0.159908033158107	0.458244303262862	0.420400696035249	0.708256224829821	0.384656355957646	0.581294914160705	0.644344230650033	0.305006494406919	0.205618677348141	0.353420840931395	0.378199548848062	0.547336331243887	0.27783865262243	0.383043588100298	0.588178867758376	0.360401070541995	0.219982008088622	0.306665141400548	0.172095975665149	0.408419882405794	0.350879551830486	0.386041640795166	0.402061285787967	0.219982008088622	0.392311651604325	0.435991576105052	0.33723230146775	0.223631404597977	0.385459469671029	0.256689450546137	0.223631404597976	0.359854048920823	0.300350439589656	0.416058243572965	0.349997375989307	0.167075676268845	0.500673241130245	0.628572895312275	0.413238699497734	0.292656318663065	0.103577989529586	0.325184735268803	0.392311651604325	0.29262957029808	0.304273403836562
"SAMPLE-49"	0.177816875454015	0.226875880294545	0.0880581557265702	0.132301109181146	0.29092682890335	0.618066736098109	0.161534529603352	0.189511669991216	0.294428790645926	0.123202114827406	0.229030179265364	0.117385254653393	0.16808995456809	0.401185752099155	0.416139562359837	0.160856377845893	0.102107905685634	0.40847351874182	0.194175084231394	0.167768617676627	0.207681063139351	0.0962744238520298	0.195042566929264	0.219094472277383	0.0683897782435481	0.11751622673089	0.146882595225648	0.12921584289104	0.197146561141759	0.228989145066727	0.11239732396107	0.160989265168701	0.129173959342897	0.284063151916589	0.281813521499839	0.122824879856376	0.146906124683013	0.328673351108933	0.401185752099155	0.200478518164037	0.200238076501757	0.265879970459274	0.106206202219151	0.173430569083465	0.138359133792011	0.207348691573742	0.547336331243887	0.130600367767043	0.188992755535759	0.248972402414987	0.21307953303657	0.15853917287049	0.119642833213766	0.0988867415958335	0.158504791390653	0.201469390306095	0.186288116815503	0.25438382774039	0.15853917287049	0.217985024392892	0.222994308769659	0.169613220294822	0.135375601373187	0.180247059217583	0.227920643764283	0.135375601373187	0.205316290097028	0.174371400949386	0.169721974076964	0.132483795892738	0.144109170823864	0.258801098673587	0.417623942330367	0.216776344415898	0.217389265142254	0.0779114861562228	0.182423312692669	0.217985024392892	0.205816753544181	0.178652849374524
"SAMPLE-50"	0.367172678930138	0.323711841775944	0.124367659991667	0.143033814817447	0.356581442770881	0.566356515198752	0.261191102654323	0.202812569779291	0.303806966109123	0.234534505174115	0.196602301279381	0.128992480365353	0.231312775979287	0.408720053736778	0.407402515621676	0.166480119340254	0.191138474091315	0.46930505535372	0.342073534896591	0.208009203080569	0.260835824272537	0.171067586333175	0.248894855069262	0.229689271025974	0.0772651789534379	0.203539273452484	0.281141736370062	0.192431184816359	0.322051462631125	0.322950311913594	0.145256135716147	0.253669591516055	0.182885975666662	0.38528464189513	0.260153825081554	0.229553042952336	0.290282332663496	0.424667120970584	0.408720053736778	0.313387354302126	0.261588228810228	0.352611312987426	0.221011029654578	0.18589021423312	0.209052504046766	0.258730091043247	0.547336331243887	0.194936997729758	0.262741656185241	0.391969454023157	0.35392435203664	0.218156628053174	0.210621598599652	0.193785815498385	0.255975118115517	0.314759119623124	0.25372845107176	0.307944967379804	0.218156628053175	0.244247894805519	0.259143398640348	0.243225202260718	0.215734197327456	0.285587590165745	0.23358613912974	0.215734197327456	0.266342194081153	0.21108155048005	0.272331967971711	0.208930293362139	0.185594030244042	0.33118225000173	0.479610122241832	0.365721141440607	0.334987850834165	0.0846716290010554	0.205417967803108	0.244247894805519	0.265857727962986	0.205516141004424
"SAMPLE-51"	0.354401746691052	0.272462708126096	0.266788258372967	0.145780698160818	0.440648094594092	0.816581295766257	0.171373907392588	0.287574055211114	0.318829382335834	0.13764426630555	0.251903544509081	0.238901632431107	0.243915425167848	0.722239687298895	0.5898325475754	0.27807635924957	0.122007429851698	0.583028503450223	0.388841014891005	0.200530795085556	0.248869189600394	0.152162098919224	0.242351645702208	0.277474673808771	0.21304061863751	0.195883170331664	0.320699084470511	0.145711033569892	0.234056183747006	0.354178309420712	0.201400934238877	0.315718553960041	0.161767300719781	0.316132720603797	0.252935000683128	0.138055337250756	0.288411531562481	0.370155442994528	0.722239687298894	0.336889617205522	0.384869146135974	0.421464343784593	0.370624946106319	0.159956984342934	0.295667652978656	0.263262736279203	0.547336331243887	0.296967803460887	0.290466885006328	0.35586879400537	0.275690566746073	0.223190587091119	0.209492526299972	0.178211665375496	0.291557891318559	0.327768891868396	0.287970877145455	0.463636724430801	0.223190587091119	0.269789043008462	0.311079407887616	0.258816614053582	0.199796440438958	0.263549857240709	0.201428960693905	0.199796440438958	0.257290608057469	0.194188931203256	0.262238122944077	0.295379449174296	0.247659366488181	0.454838071900712	0.592980384191959	0.436408259034588	0.250525548365944	0.250251277245113	0.179216203480264	0.269789043008462	0.262713284183897	0.287513629384247
"SAMPLE-52"	0.575190763900296	0.450574323908345	0.248618606324021	0.249175810577566	0.598606493766464	0.716005071787404	0.248268887881466	0.415451303816366	0.357871696881269	0.284724085972339	0.411489977558329	0.285402996786483	0.458139286333186	0.491984987615916	0.636001971781794	0.406324028248975	0.364326788028927	0.762263396634413	0.632772499969717	0.315983726026061	0.353123052621951	0.280554338715187	0.338579328132865	0.385008856210466	0.241676301739445	0.380024663121244	0.581249861605769	0.405069686159007	0.404797530314125	0.558602297344209	0.294377278050861	0.573428574916768	0.305966873752401	0.457039430218178	0.444701592064542	0.285487432582491	0.562490146619642	0.510874317411393	0.491984987615916	0.486919526980857	0.594356747255861	0.682999581007149	0.297402441458053	0.418361119046021	0.339897127567402	0.42392586544095	0.547336331243887	0.293303676998607	0.496368000050109	0.650879983558893	0.510747355493673	0.251198918991518	0.478890242948202	0.362483542654004	0.51293176616262	0.543423988830051	0.501710371341784	0.333210790093643	0.251198918991518	0.421951185556863	0.448622944539662	0.463676173840524	0.386928276454349	0.497309097263928	0.391752050246964	0.386928276454349	0.419455879963012	0.331167678541803	0.525071918697436	0.340225780875385	0.294106384449605	0.520561031545143	0.770766979679028	0.681940086646842	0.41903155749365	0.283100472443226	0.347163699979331	0.421951185556863	0.395180368426204	0.42549925869935
"SAMPLE-53"	0.232834023907049	0.226418210706823	0.142664234285469	0.170766027128123	0.283733392798793	0.489100442044728	0.128970883892971	0.145586266050278	0.294205893616671	0.123500121567049	0.315065885843829	0.226617236708636	0.204288255783262	0.289463858904256	0.310346575062684	0.103897960344989	0.145940393397838	0.485153431082679	0.173590682243886	0.175966093407249	0.284669406660769	0.0966648381703526	0.258596630168744	0.312053784789486	0.199138205806721	0.192445294769695	0.262478075376574	0.154598871815155	0.204847099416076	0.257721333418434	0.112694886538223	0.250966450870524	0.129815344419968	0.284735516911804	0.3131750953886	0.127345183784873	0.128924603552439	0.329545301202637	0.289463858904256	0.240281181845068	0.211585441384418	0.294545216887374	0.106666980323143	0.189219358694571	0.138642196298045	0.205123136983024	0.547336331243887	0.126377907510413	0.244178670006363	0.323166229641742	0.214316719032404	0.14825335267197	0.121172145817352	0.13952884730353	0.170273125633519	0.240862366164669	0.23484498160188	0.135181218047978	0.14825335267197	0.215051707177819	0.257347626329566	0.194664723942028	0.141773677176511	0.196246839180393	0.271227520627606	0.141773677176511	0.203965253701173	0.17746929481077	0.170590604391725	0.132811769102903	0.140512256175947	0.252391245981811	0.494199854005996	0.197460289865934	0.218071074443085	0.22442588510753	0.194248241453777	0.215051707177819	0.256964873351558	0.141325954667723
"SAMPLE-54"	0.255518609533793	0.300984317073029	0.228215849794185	0.150479657927957	0.234978394890552	0.404119062271192	0.324834099190926	0.136796234807624	0.276110265574822	0.275416039999325	0.263237378765826	0.226431047601293	0.146740046447284	0.228404207192195	0.261848815390233	0.0919233779232314	0.18083666399385	0.421552951230938	0.197762896358616	0.185762783808445	0.382198992910476	0.170111364514761	0.3516218403206	0.375229691636834	0.203905572280046	0.236791743511263	0.173094493776367	0.167273693118287	0.329923896424419	0.261395939431446	0.12630237368757	0.205918191053902	0.20652392449938	0.394235114646304	0.232347813498937	0.278336746687741	0.170303866730939	0.420295677428237	0.228404207192195	0.221962765800112	0.14646265483747	0.272774077582745	0.125853812900184	0.17661377521814	0.130751270017102	0.19831339591428	0.547336331243887	0.126995324542666	0.258077907494391	0.337795557279389	0.339984059150731	0.190923313322464	0.145665533199503	0.201466987732372	0.237897443682177	0.257163205142056	0.250833303208655	0.22785330887061	0.190923313322464	0.19058432821183	0.234405216801942	0.218728845018427	0.176109388278515	0.261748764885429	0.325157241283405	0.176109388278515	0.215650904806897	0.17036637843705	0.202157753623334	0.130074737361652	0.164781926102119	0.193673588514975	0.430474984814238	0.206735172369722	0.349545481380266	0.207606208819751	0.164421085160813	0.19058432821183	0.320423820047904	0.128653512564368
"SAMPLE-55"	0.136635282747884	0.208045828239971	0.056247201591052	0.119323715262293	0.183762653033072	0.500314030560788	0.151063506579286	0.0995204642764927	0.227198457643829	0.117173314771261	0.163808609025198	0.0910516166352153	0.16724875639274	0.344818203211143	0.339829285677193	0.100335112157746	0.100388085210082	0.120209931685021	0.0742022490996456	0.149277893771204	0.190958840900269	0.0885067559440883	0.180367292986219	0.202150725302841	0.0611416094606061	0.119899245771958	0.167168473337966	0.106581072210377	0.188219992304526	0.140434572019106	0.082950937172637	0.160817203356454	0.116498386506493	0.270367948360221	0.145258716090127	0.116111739958717	0.113287265027615	0.310901785482872	0.344818203211143	0.186086767051628	0.147676496233711	0.196155256101463	0.087430327868705	0.101581114641252	0.128471430991769	0.220978928155441	0.547336331243887	0.106438787577201	0.0685681600318739	0.1943427974881	0.188648758753022	0.107420331208022	0.0771190531491052	0.0901505271284601	0.134915551876417	0.13263355993943	0.0658246577131311	0.145341029046744	0.107420331208022	0.251486022359976	0.0831753541305106	0.118754837088236	0.0920316654404499	0.150255784528385	0.161790710077146	0.0920316654404497	0.216065106951204	0.147864941432347	0.147117063696864	0.122215135627456	0.0665636134165132	0.215121150910628	0.132745921993625	0.0709201729945675	0.203627192899495	0.0679938476591393	0.15912868684479	0.251486022359976	0.160912564943865	0.09163940481974
"SAMPLE-56"	0.533453307840095	0.422454535692644	0.149368294424317	0.165157390463136	0.471095506931281	0.74625110559962	0.362935507201677	0.303543626315155	0.315304788192464	0.311295723796381	0.347222828110355	0.140635758765517	0.434816088200159	0.628875980170792	0.640617613649271	0.304971181922285	0.379127976401369	0.199788813235887	0.501961944729004	0.270068225218515	0.322086808208333	0.320795497756867	0.315542247338945	0.343713742255413	0.0737621226255553	0.383832835549874	0.54852307826167	0.366357358520548	0.415325644621456	0.445512763153046	0.333966283977463	0.521115436683625	0.290844547299362	0.455998737326519	0.345725918670324	0.307447354004631	0.494590099955162	0.498473641400228	0.628875980170792	0.490138019139556	0.446869355260365	0.424419691640371	0.346229167861547	0.329223997892417	0.319344357252932	0.369910142019388	0.547336331243887	0.28974488806788	0.0992182084193989	0.43117920520026	0.482647027238122	0.250593443455058	0.357741273809797	0.293659924092833	0.460743343479633	0.452884429014179	0.0928147647764825	0.460347518570713	0.250593443455058	0.369976725990223	0.057550795766487	0.358216041402464	0.313810834321538	0.424070369583291	0.332939967678681	0.313810834321538	0.374803442511733	0.271728920854899	0.435287073343631	0.323941539144079	0.233027441714558	0.536182788812262	0.227222784408276	0.525801135890669	0.421088099866894	0.0831977373928465	0.264846702229279	0.369976725990223	0.33673369647126	0.308634790011644
"SAMPLE-57"	0.722530369879401	0.567260297006062	0.267934819949248	0.249139394081484	0.558644751141112	0.810478345176798	0.521035571943384	0.370667784288741	0.360800887790992	0.476334937053152	0.680584224280675	0.345941233012032	0.540318603047707	0.554739436572076	0.772409586029923	0.393235055714582	0.546321853295572	0.758395992661375	0.577006286141184	0.375047772024314	0.572924846950755	0.348531387732479	0.561696364018518	0.59661323558223	0.254353090702105	0.612593531245134	0.722474724555907	0.525515831970238	0.561258117841111	0.642749968582558	0.231571203347279	0.721312771639919	0.436442050435233	0.57048291899153	0.712756792955683	0.485494687117318	0.603960574471397	0.607396222928678	0.554739436572076	0.621788368872511	0.57200340378898	0.769016509956258	0.241157198761715	0.480123943597126	0.31962334780479	0.481107260735122	0.547336331243887	0.239028564175668	0.550920779774646	0.806118583494299	0.669821441760054	0.184883400706611	0.604995324954039	0.516004768789266	0.64953558886755	0.648517221579564	0.547009723051207	0.366752681189935	0.184883400706611	0.463398981247456	0.380824480616012	0.601910911207278	0.50310842029203	0.652295788742632	0.534369321579625	0.50310842029203	0.491953140467676	0.338620110141713	0.641673194686893	0.323115340987812	0.314000214243715	0.616691471771781	0.772606280897656	0.613976514703522	0.567599917532805	0.283100472443226	0.354232875114495	0.463398981247455	0.568964391928291	0.365521362744391
"SAMPLE-58"	0.689637197253187	0.587196272111243	0.246250887371131	0.246473057364974	0.558644751141112	0.855020979374893	0.412604131409035	0.370279073280626	0.393657959387609	0.372099881728212	0.72489818139041	0.380614581899823	0.562893005007614	0.707974993310059	0.805914603312128	0.370554567600371	0.488549369039999	0.870300764888344	0.556213020365975	0.363703508425215	0.629876355086477	0.389275186518188	0.60637326614366	0.66619501133958	0.247726090928749	0.613610347599787	0.798022221022177	0.502900616200663	0.481567253877944	0.640505932687204	0.416064798415822	0.756493734093505	0.366387564602468	0.511834000673434	0.702554730454181	0.392131205914134	0.578654721142419	0.5579085996955	0.707974993310059	0.519823147732958	0.636630999034888	0.874191222970345	0.411580325564861	0.460569045309663	0.446757955422831	0.62241996982804	0.547336331243887	0.340264182880691	0.718142323509952	0.823661170415259	0.58974304608665	0.192417019417221	0.540280684565892	0.440499844846893	0.666543497396573	0.643959581660423	0.728934772076177	0.295952884674564	0.192417019417221	0.674758309291842	0.581809058190061	0.596583725997928	0.450812580755763	0.61258621265111	0.555717830910258	0.450812580755763	0.603332819581744	0.327666333090426	0.639230090314441	0.449918856400626	0.303348253227267	0.575417453826572	0.875282875475427	0.593204385869422	0.490397761168767	0.283100472443226	0.350559404854713	0.674758309291842	0.597188608414074	0.361848200710779
"SAMPLE-59"	0.162637814212657	0.293964391875806	0.06494092840581	0.13913794604856	0.259645287019652	0.408392515325288	0.109294790735917	0.163948311856912	0.266011598015354	0.127673170455866	0.0377500158666307	0.105779737501199	0.194564948679333	0.230141336821771	0.333838997941179	0.164246350651264	0.10464346327458	0.340063271598233	0.120166601757785	0.181653642054431	0.220281040762587	0.102194470793828	0.203835211992333	0.0800044479438801	0.064701967953723	0.044252561128777	0.146314227685565	0.137971132761239	0.20629114212914	0.193968925578172	0.100010181129669	0.0609839618870496	0.0556153055581751	0.294104435010438	0.140627513201798	0.127825618102954	0.152615347248216	0.341687496076073	0.230141336821771	0.186089255985905	0.23939268776301	0.441180351044222	0.10207751667308	0.131294722205235	0.185413344263802	0.394982147271748	0.547336331243887	0.1264892957966	0.215365080151736	0.312899389928776	0.231908918126312	0.123878872022405	0.122265910324922	0.104828412315453	0.0869178554171952	0.177457254782691	0.216312526929206	0.119666387172659	0.123878872022405	0.391809874415183	0.263329111135061	0.16880208967358	0.122990137619662	0.204417666226134	0.191229793892475	0.122990137619662	0.364828558742578	0.182948747592254	0.244001690096032	0.175216741256951	0.0866832000935124	0.195824988863341	0.355337445754575	0.125024948909508	0.227630334543547	0.075003365790428	0.199316295592166	0.391809874415183	0.196500172653865	0.150662996067754
"SAMPLE-60"	0.342635424149862	0.283924701553096	0.18286674443398	0.158892429094068	0.25706782321872	0.214174762386338	0.196500500335658	0.166115000312035	0.282801271534366	0.228704889176164	0.211950838983975	0.18697983607319	0.208693657958282	0.141989419278495	0.174333856560735	0.141535562801546	0.23098415243319	0.108547106792022	0.198315543137216	0.177121686482066	0.233991220625506	0.150250946406731	0.224402736320147	0.241140937441134	0.204322137496727	0.23203092613262	0.27215492748336	0.207802574168858	0.308919253975679	0.24888961033024	0.125042298139324	0.263734722369377	0.188121986226372	0.367774915296298	0.218634319310931	0.222539650361678	0.168497608361015	0.400621184436424	0.141989419278495	0.22202214511461	0.157904746096704	0.155303612249887	0.123367292273763	0.206168387232725	0.136899132718538	0.20353909810067	0.547336331243887	0.129011378475721	0.0552107772245526	0.224645272947305	0.311878978847948	0.163093346279529	0.14865275940398	0.21511110618187	0.208388503231077	0.248110023081405	0.0481904908953889	0.158798469377567	0.163093346279529	0.197907166083018	0.0388187585580363	0.185110830339919	0.174601131431797	0.228227813009728	0.248922771486543	0.174601131431797	0.215551252883109	0.177007974519348	0.202845687668964	0.134933841304582	0.148071485825775	0.196325737410306	0.122019483377699	0.212055105024075	0.315820601018059	0.214925039739476	0.178173532459794	0.197907166083018	0.228472721622331	0.155987374731055
"SAMPLE-61"	0.326988428803876	0.280195864468357	0.115849824376473	0.164343994802825	0.457908205935345	0.682348207480705	0.141063227074893	0.301825762643013	0.325920378221155	0.140128906984888	0.27508221124346	0.143826742022356	0.3513918703829	0.500051949085844	0.532070489264562	0.289737940973171	0.21947835232135	0.278062535860751	0.305960022779334	0.150811814198924	0.213515709513498	0.151364509089607	0.201834313005597	0.289373973982489	0.0441344629707366	0.238778915033634	0.375250770940129	0.246225895597915	0.245144872354589	0.298577591507911	0.212327199586074	0.391662503165895	0.167668312395644	0.321541676912025	0.198759807417641	0.141848087638723	0.26647925277907	0.377122714219403	0.500051949085845	0.354864601543869	0.352220525039901	0.34729548060689	0.124217872733793	0.285093613030287	0.155543256452518	0.263740040644485	0.547336331243887	0.113357946117465	0.107668569373219	0.346580979729989	0.286911157117383	0.133480239298405	0.166805275438265	0.132414986880824	0.273477716874653	0.282357956162278	0.0993314148023091	0.263722299602918	0.13348023929841	0.297472450043739	0.0761444334676993	0.205656141207253	0.157346404590444	0.23661518339326	0.287178956510605	0.157346404590452	0.260271204569459	0.150438512805294	0.241803427671684	0.149767018409366	0.216965624464762	0.410837892633066	0.304613997089267	0.331527056468487	0.256234299028016	0.0521056228807284	0.152324865803268	0.297472450043739	0.211978657142269	0.301420849989877
