"Model_1"	"Model_2"	"Model_3"	"Model_4"	"Model_5"	"Model_6"	"Model_7"	"Model_8"	"Model_9"	"Model_10"	"Model_11"	"Model_12"	"Model_13"	"Model_14"	"Model_15"	"Model_16"	"Model_17"	"Model_18"	"Model_19"	"Model_20"	"Model_21"	"Model_22"	"Model_23"	"Model_24"	"Model_25"	"Model_26"	"Model_27"	"Model_28"	"Model_29"	"Model_30"	"Model_31"	"Model_32"	"Model_33"	"Model_34"	"Model_35"	"Model_36"	"Model_37"	"Model_38"	"Model_39"	"Model_40"	"Model_41"	"Model_42"	"Model_43"	"Model_44"	"Model_45"	"Model_46"	"Model_47"	"Model_48"	"Model_49"	"Model_50"	"Model_51"	"Model_52"	"Model_53"	"Model_54"	"Model_55"	"Model_56"	"Model_57"	"Model_58"	"Model_59"	"Model_60"	"Model_61"	"Model_62"	"Model_63"	"Model_64"	"Model_65"	"Model_66"	"Model_67"	"Model_68"	"Model_69"	"Model_70"	"Model_71"	"Model_72"	"Model_73"	"Model_74"	"Model_75"	"Model_76"	"Model_77"	"Model_78"	"Model_79"	"Model_80"
"SRR5865065"	0.479570032909766	0.448517645334202	0.359971984570247	0.24844601701949	0.571069776646363	0.852191215687714	0.340398157018868	0.377562563641903	0.302810783779197	0.314063483818408	0.571900279985619	0.31200107075928	0.531265017493741	0.707875470750341	0.787194300916409	0.419559989544886	0.420104649367142	0.310418622273318	0.322360927511509	0.130844531607995	0.339244902895017	0.365779499373687	0.320140944776184	0.512521281066244	0.0827817831329232	0.485293559485257	0.549164127096228	0.409706177740807	0.434271253589264	0.325334682674494	0.376533164839297	0.652254115516475	0.326595577219915	0.476261333184649	0.304651861128538	0.32378855685198	0.433815961775919	0.527482201297944	0.707875470750344	0.509346255584428	0.562288733780898	0.651725644368897	0.132705848579476	0.340996525021673	0.164487141380789	0.406597217158465	0.547336331243887	0.119129760768943	0.173099746487236	0.583764420368679	0.538799936172786	0.0915793338412515	0.24391000787562	0.265291978162411	0.591181388325151	0.34163164078039	0.164919631881106	0.381775550301988	0.0915793338412605	0.488071935366748	0.0808482983099367	0.264556528282281	0.179370456208152	0.407264263342886	0.404637913227425	0.179370456208176	0.413575689349999	0.107572357435361	0.422174955401238	0.162643385968456	0.283166848137155	0.537908161670354	0.351768585158709	0.316481169699204	0.443902733192499	0.0920561652170977	0.0991695026220731	0.488071935366748	0.266323445812753	0.387537156667512
"SRR5865066"	0.671144062419361	0.535606739207207	0.376703619296589	0.184976879707058	0.560511722464589	0.823657644203871	0.472775269732266	0.375313014541999	0.304755023343749	0.427897928343037	0.467903575641852	0.334139394622828	0.550560282304356	0.67109495082486	0.780976326188582	0.422297044811093	0.513270694532427	0.390902398274085	0.601710307782479	0.348289827377297	0.574928102586346	0.41961999384667	0.56115039839497	0.457235819271651	0.251311936077141	0.470380035062993	0.692965152330061	0.474187297461372	0.526223172315489	0.591681139289949	0.349050007866955	0.57687835061203	0.295560030630353	0.543841241657936	0.607507151502654	0.440027256143652	0.674403039106183	0.585002679446003	0.67109495082486	0.601645123541844	0.674414585733188	0.712393718544338	0.386536918019864	0.373957137490282	0.408709070283723	0.505401594272404	0.547336331243887	0.390501360353421	0.241257138628028	0.698253292248414	0.634146501370799	0.282596955630645	0.538175188830458	0.482041935144889	0.558535622220708	0.617345879169055	0.23997040666214	0.530869203348531	0.282596955630644	0.460385119402304	0.125046486060467	0.555308281650337	0.428515812663067	0.629044623929668	0.468545631405585	0.428515812663067	0.50713432495955	0.29592036673355	0.627158467265932	0.416583439991259	0.296263158862353	0.642477790166836	0.433627216312078	0.618998726090505	0.532519392373658	0.283100472443226	0.262968512606242	0.460385119402304	0.53324474517897	0.378427557024476
"SRR5865067"	0.623375043064639	0.498756515245937	0.340823748632079	0.248693811893163	0.591391810989661	0.67090783421448	0.342464970378936	0.398114638454311	0.319099090185782	0.371909339388598	0.549918574508595	0.318166168720655	0.510045962738448	0.472249719448843	0.665522793392845	0.426317461063506	0.466947566358156	0.524682535361511	0.654061879087666	0.349185608711461	0.49984020801343	0.336160516576188	0.490800888948265	0.533813439124296	0.247713587642301	0.536692160387658	0.702567262564963	0.450326286101141	0.482065893016607	0.587751117037114	0.27529666957321	0.686102491892854	0.366258484765423	0.511721530867469	0.499211183831157	0.380256866600136	0.644906386717549	0.5578129621724	0.472249719448843	0.528169623441671	0.625778152869425	0.689161563368935	0.298445389297625	0.387454102146639	0.354906477772089	0.466969951361847	0.547336331243887	0.272063282265901	0.327771919555154	0.665869892448695	0.589584392647255	0.318747418499018	0.514293341081853	0.440250105406442	0.600394435563214	0.603754098459509	0.315933458167741	0.421672881380396	0.318747418499018	0.461775598412258	0.204464476521765	0.522808497228016	0.411483039085378	0.583258977810524	0.441089737442703	0.411483039085378	0.466622131666653	0.349142738526472	0.587147649621277	0.358092298921276	0.300082420338718	0.55894374362295	0.557748364037656	0.686734265053202	0.490250068769192	0.283100472443226	0.350552429178968	0.461775598412258	0.485605212879268	0.410244023322829
"SRR5865068"	0.590353861209144	0.479834818162019	0.31207121273331	0.248269801192838	0.541097271196434	0.814110982767413	0.39463813513289	0.34210873864617	0.27196742478635	0.358271441506619	0.322266720837441	0.25683647495382	0.524810570723001	0.69413221645266	0.770564854822549	0.412974236182641	0.42141880965398	0.360910534318417	0.546271737262261	0.332445733782206	0.376558407600223	0.383785871788008	0.374323086192465	0.265935005015269	0.246812696021087	0.311048535469336	0.581542294184167	0.408134361934896	0.469935256359252	0.48628314092991	0.333060747150042	0.45466982367322	0.251821864931082	0.503605345044472	0.53083600813565	0.356549029292284	0.656274810027677	0.55090262611714	0.69413221645266	0.564439837184292	0.669005924442584	0.662274102673049	0.382053199942638	0.304875800533345	0.407221877904121	0.479510026021945	0.547336331243887	0.35470629353433	0.228878564868223	0.611695014584833	0.578091626500378	0.273093930405715	0.472718769592117	0.424004778295789	0.476376458538401	0.505464792880872	0.231260862410312	0.52923093431988	0.273093930405716	0.435743190390923	0.178825909756837	0.440873231163411	0.357517727199612	0.547407891209496	0.325136683225561	0.357517727199612	0.476193540471579	0.343122766215284	0.584522263789527	0.413409298277071	0.216997282696343	0.628647183593187	0.396734849569474	0.555777436175138	0.479601383666735	0.283100472443226	0.350049360531359	0.435743190390923	0.373367057724596	0.355200567394734
"SRR5865069"	0.451569460674151	0.372205619336858	0.219472959898326	0.101077591798232	0.352856700978097	0.557590902320698	0.319400461010423	0.213084858315797	0.270892705378757	0.301853245111652	0.448447533182199	0.205892148876366	0.348239908205427	0.405636432830675	0.449689807467163	0.213534656571928	0.352838214906354	0.289844160462766	0.313562373200137	0.227975461125579	0.448303607270778	0.26052214614149	0.428538823700765	0.429059485702462	0.131025913189259	0.397975499755695	0.506736397489754	0.296648340797163	0.394449071938867	0.378672781615226	0.219685511603195	0.451762277563396	0.236862450617835	0.437578341427395	0.456292673592659	0.308993350319929	0.370065716486411	0.474705694728246	0.405636432830675	0.350654441087237	0.278086835727128	0.420215388076381	0.237743197067966	0.241431314968376	0.241130505460893	0.309981740229212	0.547336331243887	0.23554728510137	0.174632685138484	0.465039420001849	0.437930056393374	0.213423190991119	0.261420095112366	0.286027757153253	0.369417360432755	0.400665371402616	0.166140423257169	0.327175817801295	0.213423190991119	0.294609908069904	0.117745369754435	0.330454556262934	0.250180643137166	0.394315720707578	0.355798971009184	0.250180643137166	0.319684694103923	0.172587228807359	0.35265284152653	0.243084884305235	0.194641004201251	0.378499971111811	0.317420971940608	0.317245929479658	0.399684419955039	0.14254088616178	0.135483010124509	0.294609908069903	0.386498461007223	0.206112647217431
"SRR5865070"	0.505219261642595	0.443941803864625	0.270458428306093	0.248550961136835	0.529230720926513	0.699768102073715	0.291082463542171	0.33692204807069	0.27102704114664	0.309160272341707	0.191735099124507	0.255682554193169	0.43915012704357	0.53723958549397	0.682401336964703	0.402898965606397	0.328760606927627	0.187681252831231	0.496719913194921	0.321550705074288	0.361162557212406	0.306606640283504	0.358240343605054	0.210995010859304	0.243446086099199	0.204763739190666	0.44165285413056	0.345897160737033	0.42117819261898	0.459378783186123	0.252444012622117	0.310937569460573	0.194141835570357	0.473115654076289	0.411740498062541	0.309128791624573	0.604829616707308	0.524772957136663	0.53723958549397	0.468983763836958	0.646178657037683	0.561397129494903	0.291458226615748	0.279921013210072	0.357988398388497	0.452582857398382	0.547336331243887	0.316349081459795	0.110511157798283	0.542961280897873	0.53423039212229	0.243458976042952	0.439937625041187	0.36351025417601	0.378492802888048	0.461889848294057	0.102014076053734	0.394515363301465	0.243458976042952	0.392634489415218	0.0659750818184528	0.421494592580355	0.328329991845742	0.514696943139191	0.31390504853634	0.328329991845742	0.446788839562798	0.33296985213995	0.548950107901212	0.359514518509667	0.19885346094362	0.518221532567693	0.221250875668296	0.510615655873009	0.439818040191952	0.283100472443226	0.348161368829061	0.392634489415218	0.358236706412511	0.345517177396428
"SRR5865071"	0.490291860677033	0.464420359045023	0.270178312459737	0.15820201749257	0.575623154385199	0.810365197000747	0.243640536416051	0.397217343951925	0.352663263503223	0.242284912560498	0.492840076439837	0.322807928804611	0.421075571528371	0.674516079093344	0.74044385306858	0.403571165057796	0.276170105185501	0.619210242897061	0.576784772100883	0.292956299760701	0.459117670804297	0.295715151995188	0.440856262291111	0.495642762150462	0.23838936621189	0.360534618117995	0.562639565214965	0.34107215967303	0.356948364286465	0.539804624927136	0.367418918498338	0.553252801402171	0.27520313249018	0.427231568499683	0.467962548784248	0.253092080585166	0.568200119893541	0.484847285257087	0.674516079093344	0.396875137929323	0.571652156639295	0.740032830162512	0.371753914178555	0.349859435557946	0.408927931344046	0.523682709526848	0.547336331243887	0.333394958978142	0.377004994629711	0.637722909918931	0.466773753370406	0.252612032808851	0.429679076211764	0.300693533678814	0.540036459856739	0.519830952390548	0.371521092448374	0.364239893000732	0.252612032808851	0.570039551083792	0.265474208604162	0.476344609333633	0.340494190717635	0.493726953604536	0.419758735255008	0.340494190717635	0.499741485092914	0.250200966039926	0.532928640403143	0.408014102070805	0.280124382194295	0.492905148080646	0.644303115200452	0.614232644082795	0.380961560301984	0.283100472443226	0.22019944540534	0.570039551083792	0.449826436841192	0.399096805637262
"SRR5865072"	0.554875273509806	0.442032953493334	0.234414684537031	0.143010717054379	0.459162092606619	0.57910501743482	0.360301151247793	0.26922880480046	0.292203340088575	0.370496081829821	0.154400791616922	0.235233267469234	0.400628821033244	0.423131386379753	0.518254985085947	0.288715379255245	0.395876027646327	0.315266118975154	0.482696905751789	0.261126453658311	0.33998765857721	0.328805696421063	0.338672264596275	0.184780948044213	0.235149166259009	0.227565576004357	0.420371462104871	0.370191955739602	0.461305363864587	0.43950298531278	0.269869482606985	0.279159399970014	0.195450689888294	0.49250738162974	0.370643873246173	0.364314388570792	0.490236730589301	0.530107720672789	0.423131386379753	0.414585927426037	0.423095496162327	0.475034532399758	0.29297867917605	0.309145357550448	0.296180161127786	0.367260816463618	0.547336331243887	0.269309776588156	0.181549572413166	0.502560036939001	0.536210676973601	0.254747909409368	0.385106792909412	0.388630804351776	0.326216341023852	0.45288513638867	0.178338757021403	0.303788929694886	0.254747909409368	0.296044312169792	0.133330741834779	0.371113824087229	0.328516996101108	0.463749691468458	0.330427850667665	0.328516996101108	0.378922697044014	0.226629542907449	0.466868501557246	0.30116293665259	0.197093475119535	0.420648716437285	0.343155223083705	0.506379400773354	0.468509690412751	0.257448199355336	0.186681634555383	0.296044312169792	0.346050769249236	0.279493024916867
"SRR5865073"	0.492214264187819	0.350853910621283	0.299573355738878	0.248574275102071	0.554765346708318	0.737281996704482	0.131018806665691	0.374055383961489	0.323464841923639	0.156018722779935	0.157675076897365	0.274833599535331	0.458987590402322	0.642521058209032	0.637252524688835	0.404570291786539	0.268766485446949	0.261139130649041	0.483028873820446	0.280409942849248	0.302650950925711	0.255900347971964	0.295336417318141	0.205959264021641	0.23030208265224	0.183470435951399	0.515939235032071	0.312416125593798	0.279509736501116	0.462327238128769	0.406373061059625	0.342210258955137	0.126146163900392	0.355358306596287	0.285970688460209	0.159908033158107	0.458160062381154	0.420400696035249	0.642521058209032	0.440371443033809	0.644881983972607	0.511289345371968	0.417120402538995	0.321470581194138	0.403694716823721	0.40933180125614	0.547336331243887	0.383535312246926	0.112716584300295	0.483700841386914	0.360401070541995	0.214983136148143	0.342362457200953	0.253481380631376	0.301937799820686	0.445229064119867	0.0991907712792389	0.428281242996487	0.214983136148143	0.382339835203454	0.0682388201810208	0.372215943523211	0.272247912719023	0.385459469671029	0.310456064751857	0.272247912719023	0.386329470614276	0.306340438508565	0.427014239000041	0.402424235039227	0.276555583551941	0.550447543501361	0.297069384571009	0.530169419216557	0.292656318663065	0.283100472443226	0.340662404547005	0.382339835203454	0.321962528275113	0.377985829947483
"SRR5865074"	0.572529968908752	0.461821790896574	0.352249160045405	0.248162203780749	0.545273984123783	0.845266406342081	0.389058289257782	0.350516722212792	0.273677816467667	0.331574644589137	0.550530923246351	0.294449759486099	0.524449363954434	0.746978945785486	0.797472501075734	0.404939870598155	0.414305869714302	0.280986256379031	0.543764820643112	0.338172017512571	0.468351801246106	0.369668126434108	0.456085678117827	0.504578937987834	0.245009662486034	0.491301367568437	0.677604427243499	0.393403432183975	0.447707889065488	0.511790738854634	0.339368739665593	0.658084002307663	0.338720554765541	0.487300250359735	0.489898747824659	0.33930518920518	0.626236335976567	0.536964353028112	0.746978945785486	0.572768796564186	0.658392091866693	0.646634542449015	0.386262581740156	0.30198599508341	0.405828120064694	0.466062557852672	0.547336331243887	0.385600999458516	0.175314292945358	0.625842170606387	0.554759926235244	0.288676386837902	0.456549369527839	0.402966611992446	0.596079427985384	0.53321453239203	0.163492045478954	0.566644034766773	0.288676386837902	0.469116938416648	0.100376836360628	0.470618922990195	0.349690618524217	0.55336399649238	0.372233787198085	0.349690618524217	0.461224762429078	0.340689083200772	0.565903006873755	0.411402875299102	0.243743758442653	0.653289030282565	0.321231603249252	0.561155070887743	0.458276081782006	0.283100472443226	0.349039810448421	0.469116938416648	0.433875243439938	0.359396248399814
"SRR5865075"	0.471244223758451	0.476761627525325	0.383528785480041	0.248297167595531	0.536457543677638	0.787329727201958	0.393815351507624	0.338012520183676	0.253037540520843	0.395007413634845	0.392453491707885	0.310660970540033	0.514338247439818	0.562439586737809	0.746102086820715	0.384445111541359	0.452740706432677	0.338448184419863	0.292208753347607	0.148790536673365	0.413867572717377	0.37918999684656	0.388011389964417	0.360154998830352	0.0889521944817746	0.345739021183059	0.46082753119775	0.407371298346791	0.497618900100295	0.313418492772678	0.27259605964386	0.430271010944674	0.233245428378238	0.525185326110376	0.39753880893689	0.407144219192323	0.508278955429494	0.569239224492792	0.562439586737813	0.486322027508089	0.550319181179965	0.707519538561837	0.10230072013843	0.280180631988139	0.155701878690533	0.425556009585605	0.547336331243887	0.117694445491935	0.234415918065846	0.67417571911151	0.608451978774639	0.103107132318067	0.267364101398728	0.313039047991204	0.470658013491059	0.346330414265878	0.235916902828325	0.352184305303776	0.103107132318076	0.429450899833213	0.131405077063243	0.288053614921563	0.186550667302576	0.47516247760425	0.399909760367935	0.1865506673026	0.439930111748571	0.117932109885425	0.476075155177189	0.15438377460787	0.231287494211804	0.486011306052669	0.381203573483044	0.266579243899827	0.507950463581476	0.0965660861374025	0.106046116390717	0.429450899833213	0.298567488288811	0.346964799194383
"SRR5865077"	0.520270032659646	0.461401222208813	0.403161354646845	0.248186691251707	0.543642368863032	0.740416801065217	0.333529531589993	0.35734128545125	0.269336795837127	0.334478282625844	0.376475774884458	0.371097698060983	0.439127140313054	0.542110202883554	0.714717717570568	0.404786528347099	0.37132996370508	0.502671466843704	0.545333698984387	0.361974934129545	0.665844069119484	0.30233409774049	0.642447133241449	0.500099065822107	0.245208637213377	0.363086744724275	0.567679881368084	0.351562374216429	0.440867783107207	0.555991307039046	0.220799364226172	0.433611752290307	0.20921283273256	0.489102874148235	0.481600554064423	0.359282482722807	0.642815829214721	0.538509154414617	0.542110202883554	0.472679658468308	0.654833644043019	0.740759372958901	0.258207300587677	0.279237432570186	0.343838549270378	0.465573904647233	0.547336331243887	0.340728532178384	0.327071855288651	0.744458920397881	0.557354231709062	0.315830442178164	0.455738751438255	0.378024754355283	0.447193129995861	0.57654622242098	0.336165027290348	0.45425182198002	0.315830442178164	0.406063801754497	0.20620121358234	0.546216469614277	0.350885426555897	0.600511149264508	0.476829650651088	0.350885426555897	0.461160497755046	0.341593460068577	0.567299744224634	0.344776383167431	0.271089650947582	0.53188732611845	0.543885494244311	0.557922600669169	0.460628556232167	0.283100472443226	0.349151398904767	0.406063801754497	0.570296575446225	0.357117576056979
"SRR5865085"	0.608360136364669	0.499297175294063	0.376577561722913	0.193856543927542	0.542487840822294	0.793689671009784	0.40785973182529	0.354901743668076	0.277701837473954	0.390739217869145	0.461755238066398	0.329130994613217	0.502307632363129	0.643762450180566	0.742400909453826	0.408368199987644	0.448966539995848	0.391642488223315	0.549843361594022	0.344898451060708	0.575948776095347	0.406790972330069	0.561018123175713	0.502435005692243	0.248939349287069	0.46561438249626	0.654943401983935	0.415926968529526	0.493005497196914	0.553022779754038	0.34379499760475	0.579216438194845	0.303128343691404	0.522722083168996	0.49731475075621	0.4049059645017	0.643238160977105	0.567152059751382	0.643762450180566	0.553568542503825	0.633173101766323	0.706128922481056	0.39247049601713	0.316742696352334	0.410786752229243	0.483550773174699	0.547336331243887	0.393109180748745	0.251668521906265	0.710829497397607	0.605019434379719	0.285510853350444	0.498366036233656	0.440152406397195	0.57258602788502	0.578002990431566	0.251728584548106	0.494417745397404	0.285510853350444	0.450016803182736	0.147120278107162	0.530662340791412	0.386191012496805	0.610216697342554	0.439174940889237	0.386191012496805	0.483587354288672	0.300151648537177	0.602177192218255	0.418376041069064	0.263494549842235	0.594628743600667	0.434361631518963	0.565539139874291	0.504709465729346	0.283100472443226	0.274373637544829	0.450016803182736	0.516208512070507	0.357703935135588
"SRR5865086"	0.55680862601105	0.480695499666278	0.35652411775123	0.188205465036884	0.529536150241946	0.855483736601557	0.449156946169473	0.331339512448408	0.244480055030376	0.396689817540801	0.466559971521685	0.305126652241799	0.529548790653991	0.706829275346769	0.793768235155207	0.407725272494874	0.458607739512455	0.42102904894586	0.456236565596434	0.266475255798671	0.507752778062014	0.394285932882812	0.494450770358911	0.447764052180464	0.186121264027042	0.438115514850042	0.60985702455824	0.404974047243689	0.499817371288044	0.448682020910985	0.28892317624268	0.548749798069698	0.288783329355223	0.526153380663296	0.482120233849707	0.408309170098296	0.644203221281044	0.570059089983233	0.706829275346769	0.570884417707271	0.622307584198324	0.727433752068667	0.257265120655599	0.272385095084759	0.309761923297101	0.45704202502446	0.547336331243887	0.266622307526434	0.29941360506248	0.710157529128978	0.6097985155093	0.230301969883065	0.409068971039437	0.406812804785134	0.543058847173209	0.487116449057944	0.308794949263396	0.47832357554658	0.230301969883071	0.433147568007049	0.214169505329959	0.43095739355209	0.299282064693327	0.568114528481463	0.390875032470687	0.299282064693337	0.463044910355593	0.218811309737295	0.563678973963291	0.31372948536887	0.211474710939258	0.610311073301578	0.461145716642537	0.442536666649576	0.509224440649853	0.20954361354425	0.18637937696909	0.433147568007049	0.420092932878338	0.339862275373057
"SRR5865087"	0.579752586234735	0.510029270542871	0.321925861789013	0.196987668996129	0.601827632573499	0.726011782159395	0.38142228520043	0.407749961723668	0.337265892930061	0.412229340913579	0.482753409338879	0.306454429146412	0.514852999264806	0.5212886442078	0.691759985290009	0.422091954100879	0.497516664838524	0.454427508886261	0.456128261897226	0.1620234268547	0.422799189549003	0.408292243293596	0.400026331029468	0.452771139367963	0.0782564214153312	0.453371315847978	0.535089602936904	0.478984139022274	0.512932875659215	0.435288972386953	0.373779958543729	0.56205417486605	0.30826046719602	0.535021742968311	0.427742581455308	0.422708478368943	0.517950942614161	0.577559970771117	0.521288644207803	0.473705707457926	0.575497167384113	0.677395517620491	0.154618531396839	0.425470326647239	0.182661465419907	0.412876290948253	0.547336331243887	0.134599409651485	0.255285000346305	0.686952673151821	0.622067925102655	0.11811546625881	0.350345626930458	0.335238419572531	0.562413644034158	0.451878447676089	0.249909775597851	0.310599500967521	0.11811546625882	0.4280278445604	0.115432418477827	0.361825642871474	0.266653698279599	0.499072314383276	0.490121388277836	0.266653698279626	0.430212541817948	0.120235692638038	0.493732946387795	0.183216937404734	0.335984656989117	0.464618497724086	0.493824238651226	0.462904578767881	0.520900951026321	0.0851881233880206	0.0983665788512246	0.4280278445604	0.360083682936915	0.418702234345087
"SRR5865096"	0.56191972644739	0.463469226143038	0.358081353826965	0.186522882640958	0.502001458009729	0.776203123261899	0.375462042955094	0.331868121162591	0.31333388825059	0.326989676249445	0.456846223784975	0.3288445247145	0.454230799780005	0.703832203452136	0.700851656886515	0.342590492648796	0.401573694120601	0.299962433848331	0.530103696571488	0.302180603281165	0.555418381063964	0.386539652088867	0.535788928622159	0.462360455541888	0.236185709258282	0.405113951977741	0.609648514366602	0.378302719052979	0.43079324431406	0.526146713256532	0.427010875032437	0.493654124771994	0.231928107881892	0.471890476301216	0.553781067955231	0.342024158928264	0.527060440686903	0.515949083199282	0.703832203452136	0.502462853468501	0.555584058929166	0.603961947558953	0.448337090825284	0.324543268613103	0.398007602446154	0.448062062929567	0.547336331243887	0.409930493776526	0.167196247368006	0.56888760483259	0.514505079784707	0.292926173082101	0.397159722509736	0.368603316683147	0.475274271379678	0.544417077372796	0.160244395110555	0.472960107510852	0.292926173082101	0.427938381908967	0.078626691878607	0.469651162117329	0.338665101451157	0.514896080030317	0.45010760730402	0.338665101451157	0.444622802977485	0.269955935981654	0.499340718840298	0.405376289659563	0.285418332144206	0.552665989102186	0.338841294967239	0.558248882165342	0.440553356415171	0.265388710927352	0.250254430886445	0.427938381908967	0.497792558673859	0.330903180516426
"SRR5865097"	0.53951623924621	0.488500448082732	0.358708720915419	0.169356483842747	0.594296918631205	0.860618311025349	0.411807906566106	0.398167763350987	0.318393929949968	0.370110791774603	0.389112135165201	0.31695086089815	0.526668658144622	0.742172406083335	0.794169447187664	0.419562638670992	0.449951710540652	0.371505131689777	0.466945621043849	0.166930253239666	0.391346658859808	0.433579374096902	0.3728052744344	0.399674311828708	0.11620959047818	0.39596188028839	0.522216645096597	0.441123017769469	0.478732947235646	0.419965554984595	0.451260264920988	0.522697637046302	0.27910448215972	0.51065869618796	0.344869367729487	0.378302660954055	0.530731687913004	0.556909029566951	0.742172406083337	0.531575915299557	0.571529166704311	0.668538018420551	0.238676813337959	0.378741380566184	0.240106710068525	0.427828470453362	0.547336331243887	0.185927671427626	0.207186709902256	0.637303525337385	0.588084289130981	0.147029725957042	0.340798631818805	0.332995280856861	0.546784316978485	0.436149568134811	0.201957618589604	0.433017762514132	0.147029725957052	0.442893384129423	0.100340131286822	0.34936014941149	0.255911289349851	0.481455690169323	0.43623345957589	0.255911289349874	0.437566063539042	0.12160672660354	0.491499616472346	0.242627524983787	0.305810678264091	0.563428352039616	0.412318595079767	0.474538557816084	0.488854544622329	0.129114087884835	0.0913964743389216	0.442893384129422	0.337290013844693	0.412301134266254
"SRR5865098"	0.584763624280148	0.488785086055815	0.368412011822027	0.176780062829077	0.577295350105922	0.848927869728718	0.417926299414434	0.383879241160821	0.302520731561465	0.37488022278447	0.428889116157145	0.325297049977462	0.529065525256628	0.736844470987679	0.786009422792239	0.426564476154368	0.460592208418936	0.346834176978219	0.519306146067158	0.234443643750214	0.475237846254753	0.422080032362446	0.459910330236794	0.402141700021702	0.165539824719139	0.394926927336228	0.578914242509369	0.436268120276133	0.48325872097632	0.486440397262074	0.410930529374587	0.50562217180887	0.256488087668466	0.513472341467485	0.513109962669489	0.386125424844614	0.590646995708742	0.559301375595681	0.73684447098768	0.562556012555417	0.605460771829632	0.670015671849553	0.308574019585376	0.358589266346553	0.310602538439499	0.44454199430586	0.547336331243887	0.275465555112213	0.204854764519874	0.659140159556953	0.592052207917079	0.206656004925575	0.40871440339699	0.381199060397348	0.519625124045831	0.508346815687394	0.194174453365691	0.476871228463506	0.206656004925582	0.421077101275665	0.0978118878282598	0.430139253472733	0.312336961423887	0.537727329668612	0.442393108366349	0.312336961423901	0.450190979348876	0.184738698649877	0.536296525249316	0.315448762728531	0.292997677230109	0.601534054898012	0.389431783413626	0.530940284779045	0.492549550296326	0.186728226749505	0.1504201162793	0.421077101275665	0.417695301770803	0.393747240684696
"SRR5865110"	0.591042710515931	0.468639103480533	0.272954374444011	0.248320720794326	0.564080818028919	0.720950575370606	0.292316355552983	0.381679101811378	0.330883914823228	0.307101555619337	0.200183845633241	0.275637940202516	0.509157055257421	0.522213978887192	0.691248383596654	0.425572711397399	0.407798637570379	0.2462900430667	0.562975132353296	0.32098354641552	0.360496536003484	0.289869789003141	0.357202952227676	0.22385183488705	0.243299804457941	0.25908399917012	0.565847131722273	0.423989677859142	0.428646700589692	0.530706115957329	0.267070439410501	0.396724732255732	0.198344846518732	0.47178731719331	0.421039852292958	0.307138499958384	0.574681454586884	0.523627927932289	0.522213978887192	0.51468329383738	0.661173322652683	0.564363836395136	0.28147678778369	0.385667762588204	0.346240290502457	0.4620410547369	0.547336331243887	0.277774166368005	0.120637465069199	0.548555311785635	0.532298112195162	0.225363542749381	0.475600910719232	0.39152275337399	0.379240497667601	0.52950103697453	0.11064645304233	0.4034085457021	0.225363542749381	0.409108827791983	0.0614826211625271	0.455172819838955	0.377747223413188	0.513263782364908	0.367994462629483	0.377747223413188	0.454946841471713	0.329847671272788	0.551127618214688	0.346389515043805	0.268370362115829	0.569908775410173	0.282837301734698	0.599090413437417	0.438094782431511	0.283100472443226	0.348079043048692	0.409108827791983	0.387132533202746	0.387401053512907
"SRR5865111"	0.57165412112301	0.438890447123753	0.254835080591577	0.21903789206357	0.471780756043633	0.780043040484893	0.410772817481549	0.294984793130796	0.284265150882664	0.346511057451736	0.394141369627889	0.236910402366898	0.453726241565736	0.586298818807817	0.68625357028698	0.313471778967869	0.396585811102426	0.327929520294699	0.49167245848476	0.285957270198671	0.339472424343157	0.297542889478141	0.334922450361464	0.358915141350502	0.235629813892688	0.405998738327472	0.563029617839673	0.370656477801242	0.446737780675269	0.436870851553532	0.230623787974205	0.543753957833625	0.319785116424556	0.481158645275989	0.390688515871684	0.341936612605997	0.530011454340285	0.522225478018425	0.586298818807817	0.528682049811612	0.485021670213665	0.528353867857494	0.254837744609975	0.297111189936991	0.292409938700942	0.39255604692233	0.547336331243887	0.251515636218423	0.200374117660157	0.497307454593744	0.524055265458114	0.26741642192324	0.380968234275806	0.382950576652613	0.480079455933132	0.454154291697068	0.193031517768205	0.436304727824104	0.26741642192324	0.388255586979019	0.151371089704416	0.37001721073179	0.317887014640657	0.46340551384987	0.317671153674362	0.317887014640657	0.398195763352586	0.294101964141667	0.477339935410967	0.294838505817843	0.197468573371571	0.559956106693841	0.356813091853911	0.508359965760814	0.453125025979648	0.261579178217978	0.292441681709114	0.388255586979019	0.340369978086567	0.303125768491163
"SRR5865112"	0.591244768489934	0.474804013007103	0.355496214238729	0.209054241181831	0.554215902688677	0.827472708366924	0.370077161537356	0.361885862216561	0.287973692291114	0.343939937896701	0.321246975479333	0.301136211209908	0.50429061370909	0.731919406391943	0.756428082953146	0.414081513053965	0.413462361775095	0.316225251024507	0.553171515732185	0.33033725018001	0.476129883867625	0.422266531587728	0.46637591877117	0.359530540224512	0.245851917774527	0.351545111691936	0.59988940708456	0.399838515085918	0.456222805281925	0.524213914770961	0.431352816450589	0.480037007507547	0.245290851859264	0.494925665728598	0.444633373626639	0.35169809208413	0.624871497024346	0.54349248312905	0.731919406391941	0.53344564416669	0.649316019729837	0.652242052496756	0.478323428753508	0.315436721729007	0.443853085791393	0.471667740581576	0.547336331243887	0.415983848889842	0.183444696272957	0.631489057497813	0.565709812722895	0.284827746222614	0.470020084408589	0.407654394523435	0.508299492344152	0.539604195456296	0.177967782246881	0.527319189395726	0.2848277462226	0.428918369865665	0.107723208894644	0.483947222195092	0.362035364935164	0.562292192473063	0.390242146909187	0.362035364935141	0.467831623479227	0.309964372580026	0.574487580587587	0.453245682108548	0.263388394829661	0.606322290786184	0.356957224054442	0.57443159634438	0.468236705534388	0.28310047244321	0.295351976827858	0.428918369865665	0.446259030063864	0.370021064859174
"SRR5865114"	0.618126041623073	0.484548880647809	0.350191019296656	0.14994735056877	0.532359355189129	0.613373309398393	0.383741404342678	0.356030019064061	0.3160574602444	0.404071638304097	0.562441713090277	0.331376824605103	0.457966959695794	0.418416948816437	0.59249870875007	0.365900600733313	0.476585056987702	0.343704200101065	0.539201843836667	0.255238385500642	0.53516379240017	0.335080757304894	0.517564498258273	0.592545655280784	0.19497882544491	0.570526443707626	0.642622123777621	0.43218982240565	0.497118707702858	0.52388177103968	0.255504394976897	0.66185521660195	0.367787792783888	0.52037354813538	0.428084064710896	0.416655806421996	0.543992864896427	0.55904673209413	0.418416948816437	0.475853922147104	0.514720610087173	0.585890618393404	0.213031915474028	0.371996955825397	0.252711512390915	0.399814037213067	0.547336331243887	0.237322891735226	0.200085878044108	0.640479462208955	0.587900955235059	0.243374190555727	0.418740850983785	0.406167867531939	0.579768615640283	0.546933227165993	0.183233926189808	0.34971103033198	0.243374190555731	0.400257028872756	0.0858647668952912	0.461739125716988	0.349363009596445	0.541819471083482	0.480109693576128	0.349363009596454	0.412816222634956	0.194635608022672	0.509311720421987	0.255033071471454	0.300951699167506	0.471105374596836	0.383331068894168	0.562967632258717	0.503503566179519	0.214102108046255	0.152357070428631	0.400257028872756	0.479264348480071	0.358737494161207
"SRR5865115"	0.594619620433977	0.476050456359002	0.295338610724374	0.217434358096826	0.544960743388236	0.747608114900757	0.372664329372231	0.341594385670778	0.263292460906491	0.38457114088232	0.505170568135776	0.254323564884308	0.526221515493196	0.617304216439894	0.704539857469515	0.406697199209904	0.4558287195976	0.326947820006448	0.468174877690737	0.245036948569076	0.337591658656801	0.438220994850359	0.333631951882282	0.407678829834092	0.176368607963982	0.470073804094139	0.614940786675965	0.424470936557137	0.493198677097622	0.415981071623564	0.394719408773669	0.642670093129229	0.374820261302342	0.519143247829972	0.423011007264215	0.381913104774209	0.613319018399038	0.564117039039332	0.617304216439895	0.529372656911533	0.586266220442246	0.638458902486346	0.331594629937238	0.306520977926874	0.331948815514858	0.439899284185559	0.547336331243887	0.268515959727545	0.212034184136873	0.622523822721129	0.600016593743888	0.199894422633997	0.40430444031665	0.400802762981693	0.622074161744244	0.442561832906013	0.210945017237593	0.387669320521008	0.199894422634003	0.455610269649021	0.152626404875274	0.368194991182856	0.29579527598718	0.516452013480597	0.326678740886722	0.295795275987191	0.446889693230205	0.225462609259572	0.546153716908966	0.338527208251899	0.203065730823579	0.54894625459244	0.363525759285554	0.464583321041944	0.500002549888493	0.198864508440995	0.205977862371192	0.455610269649021	0.314286697718309	0.357402355135774
"SRR5865116"	0.557141971478304	0.451554977974348	0.255857152907109	0.136327795462272	0.574640823635513	0.758239631530813	0.281443409724229	0.390562472781839	0.320339503751343	0.303771201159566	0.342250401779106	0.25736639804762	0.475529310328482	0.694299384858592	0.668822105802598	0.408184132074985	0.393314429372219	0.424651396680627	0.588420983925916	0.303627524045784	0.468627050892221	0.428283942454584	0.452567993412881	0.359624004314469	0.154188479947581	0.335314222163079	0.583108057461307	0.398721721446175	0.422471152038694	0.558465601913489	0.527844006293948	0.466388904900229	0.224303764188838	0.469628790652199	0.501150799226257	0.312856364586227	0.575656768220585	0.521766006708118	0.694299384858592	0.494976571370806	0.614462029970217	0.62918503942946	0.554303882831493	0.368200070263056	0.463832783750708	0.43271813091436	0.547336331243887	0.443523870574511	0.229797262456782	0.620884822654764	0.529154892763052	0.268281602950716	0.469924404280111	0.35196285570605	0.49124901874479	0.561425097325744	0.216246491132641	0.415136695259876	0.268281602950716	0.386101993420518	0.130953933872	0.493487093143488	0.374492564518963	0.536696327131146	0.421014979624951	0.374492564518963	0.429571459274138	0.250142398859781	0.539279375716556	0.474182484083826	0.291575757409343	0.548529936393627	0.46303075510938	0.628149578448466	0.435296601740963	0.182453382731394	0.207267337818458	0.386101993420517	0.45845913027596	0.395829928541656
"SRR5865120"	0.462442628081704	0.381977650339431	0.268806896924397	0.131776781332143	0.376863694381841	0.664819926857071	0.306189525074044	0.233146915542204	0.267609031282964	0.277350595927302	0.339160628107167	0.217572643548001	0.378844073435614	0.487245634396427	0.550504829107082	0.255152135456337	0.31503554082694	0.225310878473634	0.310447531927807	0.226810549256175	0.299097052963368	0.264367079476359	0.292820197366192	0.318070389645745	0.224758585865806	0.331517110832598	0.485852943303526	0.294872611575068	0.377897978843368	0.340797310360164	0.238274412256906	0.456095115443798	0.258199439196056	0.427681769515555	0.327042147514071	0.273683373543682	0.363037781739911	0.469973078861481	0.487245634396427	0.382492575372697	0.35262100467536	0.429932446510002	0.261411634853143	0.233227624097111	0.277451344852346	0.361386176057282	0.547336331243887	0.232011774830002	0.134480878323287	0.408175502519684	0.432438411263874	0.199726845256272	0.273342896213609	0.305052579886092	0.39573212710369	0.352126062095267	0.130787939586581	0.408057248633905	0.199726845256272	0.373241002185539	0.109844631001074	0.289265295798176	0.24222194917999	0.37147486346786	0.269594082097636	0.242221949179989	0.362102316303771	0.194401357721924	0.385130594358506	0.278558139094544	0.177016406300225	0.439882301139069	0.25016807055928	0.321587064611913	0.385920823058583	0.248953653045123	0.164875317451626	0.373241002185539	0.286996125315712	0.230076630692502
"SRR5865121"	0.500567888927972	0.484565129842931	0.330287207790802	0.248425832750729	0.542457005492146	0.794509721714916	0.392837972848361	0.339549286946944	0.265861775319417	0.367851006253575	0.33061233657	0.255143246290396	0.439642867250961	0.604792909181271	0.755774411398434	0.402779861729884	0.339299101302925	0.196603251375095	0.547501605344303	0.334559698128671	0.379471171034102	0.344173809186567	0.37695110938627	0.297739492506668	0.247446754411012	0.281735024960547	0.46303643972261	0.357639044513616	0.465879785238094	0.471147984954796	0.252646947774472	0.414398069245919	0.287958562895012	0.509320134223663	0.482960657539113	0.365789281415207	0.639190537106066	0.555770173007521	0.604792909181271	0.499123389629029	0.645395903216881	0.608004487648777	0.297355902092892	0.275431573121953	0.369230830037342	0.485763894838446	0.547336331243887	0.307325307907209	0.12376169434794	0.576133359096784	0.586192883733243	0.289204829891882	0.474455050427716	0.396234078185148	0.501311414027713	0.478073384404606	0.120005536390747	0.541765765598853	0.289204829891882	0.456689849491499	0.0769096322904611	0.440405871361778	0.350468832531955	0.55349811425665	0.320919342978057	0.350468832531955	0.482673009177417	0.346517612614995	0.591463494850833	0.372557021973239	0.217463768573118	0.560706775959254	0.230825127589011	0.56287078060592	0.48709741303627	0.283100472443226	0.35040351985183	0.456689849491499	0.372703579393651	0.354917396596668
"SRR5865122"	0.571325527167088	0.462058676598421	0.382363832137065	0.191644565732433	0.558096909911375	0.813372953282935	0.338438477541101	0.370965025308043	0.292249779711617	0.325080326083838	0.557218180453473	0.336373486183808	0.516261504650245	0.699145460379056	0.735982289471493	0.420607346262333	0.435048348633	0.47826824400557	0.562362683273441	0.330233220855517	0.555874461767565	0.391264418694618	0.540782580694948	0.536055117264213	0.244561812415367	0.494672837010409	0.69678799623776	0.407028758260912	0.443472996478206	0.558622409168381	0.403587531366727	0.634156707533042	0.291252637903473	0.483240585378604	0.55514345393646	0.340402337051506	0.595912018054082	0.533481671905472	0.699145460379056	0.553651561486332	0.639607640246889	0.699817357791635	0.443719853904068	0.332602327476406	0.425982792071048	0.457452030860706	0.547336331243887	0.434539285513086	0.289322106334129	0.672717173310369	0.548904746038534	0.292620056929761	0.465162218513196	0.402498122354905	0.570926253388839	0.579749791064815	0.290018434826838	0.505971783080328	0.292620056929761	0.439798690633368	0.184275062858092	0.514423957896414	0.366590986014549	0.569304306514281	0.438490534243444	0.366590986014549	0.452868236559247	0.292319281130855	0.559404753890609	0.433249816594605	0.288951762161916	0.615638756966747	0.516762631289101	0.592325082881366	0.452983400757307	0.283100472443226	0.269165660519987	0.439798690633368	0.503821269710125	0.374672579764858
"SRR5865123"	0.624524942527788	0.488706025981794	0.378483109702992	0.2483152024056	0.570673371393798	0.804882286706479	0.368893061692835	0.379668798408626	0.302575905013361	0.34876278395074	0.491430804461817	0.330653283210265	0.527048932905345	0.653738095956984	0.750494984711286	0.430346039753174	0.451462436982011	0.392632527896512	0.607640105213554	0.349790804895916	0.542451193139916	0.37163466207096	0.530628470766398	0.484172683214045	0.246176981163248	0.464179568815957	0.689039633168792	0.428235383174617	0.463188149508417	0.570163832759834	0.346947472273452	0.600921061605456	0.283295861043105	0.497864762255373	0.544322307326265	0.361940810197395	0.648531974714751	0.546004084140234	0.653738095956984	0.555019039803335	0.653377237072258	0.689888674172669	0.380771843392673	0.349922637934702	0.403241858921319	0.484282121779835	0.547336331243887	0.377628804368212	0.232857952916037	0.6560261484041	0.56991263005113	0.309534085299246	0.485699099399527	0.421262620661546	0.545808925001822	0.591294841221995	0.22696542451759	0.51757357555749	0.309534085299246	0.462039564899741	0.12750357602641	0.520176073367736	0.3841137882341	0.579904491834555	0.440610643170657	0.3841137882341	0.479354381964648	0.344490142610756	0.581263608678414	0.408505205689982	0.294884822495376	0.618092764877816	0.434574919441628	0.630910732224414	0.472082000658833	0.283100472443226	0.349693827691729	0.462039564899741	0.500986485659858	0.387157180048332
"SRR5865124"	0.649837109379273	0.479641384286824	0.312559535618985	0.248490027049818	0.620562646341097	0.750438888932425	0.296315645329261	0.428016881589932	0.362209105030184	0.318118943185577	0.226326241137188	0.288344293775693	0.498376661061089	0.626164162437985	0.67604184614562	0.393658856191943	0.414276166850219	0.498235261669539	0.677953764542284	0.323874648939754	0.364038974964725	0.383299787153835	0.348685738426053	0.26635145646113	0.244077193979732	0.299670894297198	0.574447325439	0.438588954681618	0.436986766060114	0.568662256527994	0.449505784378908	0.451367970199361	0.234646431711994	0.478844467654782	0.384259172540449	0.317786963406855	0.626314654996244	0.529704525028997	0.62616416243798	0.510129100907059	0.61199932080028	0.626376240645518	0.461030428663004	0.417459456515737	0.416656959609621	0.454957630744399	0.547336331243887	0.371570625396407	0.258031827627245	0.57486500864096	0.542545411808692	0.305194857705844	0.493518966110606	0.397622017339209	0.466219222078011	0.56155271258692	0.240771976728777	0.456547521629266	0.305194857705812	0.412953806855795	0.163655463444369	0.474117256237463	0.397047150335975	0.520870332041059	0.398204541020359	0.397047150335919	0.449840900706632	0.342998609001697	0.554720300892184	0.424364493201141	0.335427664923586	0.566436960353122	0.528437310896463	0.719081122114506	0.44726081447847	0.283100472443188	0.348516269532747	0.412953806855794	0.402427357165927	0.446460288468523
"SRR5865125"	0.740482626325014	0.571925531084602	0.394901074870202	0.247549684420667	0.575690292518299	0.803151557317942	0.506383478539964	0.407919634576944	0.352453207494796	0.479357178325301	0.695226322867105	0.363159851338819	0.53511552866458	0.641849311993722	0.753172777036534	0.442612304431948	0.547438276507928	0.672405919556589	0.63741554089525	0.380653942722632	0.611985294742677	0.469872930415672	0.596274866618645	0.635938396674762	0.254542114932121	0.633906862654879	0.737588917559139	0.520647335004348	0.562994790471976	0.652398091272057	0.424555549292013	0.734603664493202	0.438474286485125	0.57212015408771	0.693633555957216	0.492084953613304	0.679981083331975	0.608768549558024	0.641849311993723	0.559744968503536	0.614071580197834	0.761883928179041	0.444661262143096	0.463115668103379	0.422209777273323	0.497552494784108	0.547336331243887	0.39541448427649	0.461528600977256	0.801500096776357	0.671971495109489	0.237028844345767	0.600454189394588	0.516114302765525	0.701984543872161	0.66480653509718	0.455620956788019	0.517382481835173	0.237028844345767	0.484164702958735	0.272371999838532	0.611429975099843	0.497331981808131	0.662060795743688	0.546004990042216	0.497331981808131	0.505680066039294	0.34743861958783	0.647892743778542	0.433510069671537	0.379404146930156	0.600658230480259	0.696474565254226	0.661663385593044	0.569752727535474	0.283100472443226	0.354336972060914	0.484164702958734	0.590753561993311	0.402144821279237
"SRR5865126"	0.682759257551252	0.544331403300169	0.396171112226073	0.247604486079229	0.573468389049269	0.854324778495517	0.457719472450403	0.394658239293294	0.336039813559273	0.402588548351213	0.656189837823875	0.348697437282734	0.543604283794223	0.7153260573167	0.800081788424009	0.441215184849317	0.488201152549368	0.597284883917675	0.625117646190376	0.3632754236683	0.577148797578215	0.417492264580829	0.564910166747618	0.608757930882396	0.249701684912531	0.586133417984736	0.739908560998638	0.474379961968459	0.504885207251232	0.610709677274564	0.395932894496603	0.719546507025613	0.386957581556181	0.529534994134786	0.620013292897324	0.416268122935528	0.677427616868873	0.572921351176034	0.7153260573167	0.568060549379735	0.635255724759096	0.768054246578299	0.418918157827042	0.405483925601191	0.426796043947655	0.529110882870102	0.547336331243887	0.370771186778017	0.387493999024664	0.753526530501612	0.614491211735278	0.270281014415331	0.538237019123724	0.4592559040787	0.662818270430278	0.625674931262347	0.394771264275858	0.568847824820716	0.270281014415331	0.542443293429858	0.241206865862604	0.564366630605727	0.435518214895399	0.61665639022897	0.49338526085052	0.435518214895399	0.524513971838233	0.344632747836762	0.62280737450659	0.434056315565382	0.343423962378019	0.638245521778437	0.627395256660423	0.645074796980364	0.513675749420712	0.283100472443226	0.35165945175064	0.542443293429858	0.545585714771034	0.395174326244399
"SRR5865127"	0.472008070130541	0.353577010092499	0.361516531399476	0.210406164276863	0.594481882233157	0.725494956920172	0.128022730785947	0.405173912406421	0.328578289773309	0.156018722779935	0.508264433641364	0.333035308753984	0.444362408913693	0.614494783476286	0.627183896379128	0.399992028743839	0.273774261167868	0.572737102997928	0.587586956062124	0.286359906045747	0.442243433349778	0.249361846000732	0.421128295327868	0.504174137499814	0.23030208265224	0.379807796316782	0.640057094060462	0.307885606008681	0.277993011778492	0.523886033848377	0.394922685165409	0.595533687688512	0.207186791099834	0.355358306596287	0.421356419819892	0.167553448416223	0.49771189966698	0.420400696035249	0.614494783476286	0.428357303461291	0.651598771508095	0.644205095257893	0.40297286395259	0.324418584348385	0.397451222162338	0.413383325724494	0.547336331243887	0.393445538445509	0.290764375846328	0.570152814549617	0.360401070541995	0.314826590219236	0.344900521576527	0.249362746083068	0.457796122567346	0.515580374567423	0.288251811108876	0.434459072470029	0.314826590219236	0.440180263152409	0.217325115787	0.429699274269742	0.279624713153014	0.418538814168891	0.389451577180867	0.279624713153014	0.388758774162908	0.288636064098804	0.428008270142891	0.395599291111533	0.324564498866101	0.536696308104306	0.601995763354044	0.641067268309232	0.292656318663065	0.283100472443226	0.288279014446626	0.440180263152409	0.419758960925846	0.414815752158903
"SRR5865128"	0.59244192053529	0.452515135953419	0.302179551964178	0.159556075826224	0.568358544180823	0.70820085465961	0.271666791031231	0.387630359398196	0.323196119005588	0.302382761115998	0.521739520337281	0.311028278481947	0.505159107500086	0.568074074909006	0.652620041915498	0.399108792842555	0.425799801778086	0.361091171591315	0.572702698473855	0.304098507083817	0.454928590026608	0.34454092875144	0.438697811317897	0.497106291250676	0.242962658846034	0.491992799274809	0.691880515873225	0.42030423868398	0.425749801720513	0.55836516528241	0.370012088936795	0.665388766586937	0.318434464678868	0.46872529403947	0.482162722911194	0.31043643749276	0.574385060030209	0.520986190816644	0.568074074909006	0.526725750541288	0.614330979810315	0.604749541074741	0.391725721852043	0.38127702703116	0.391479519683507	0.435447406377233	0.547336331243887	0.337110655730657	0.189726405165835	0.617791435606292	0.527838046203217	0.24853595360037	0.470441689375545	0.391087354219065	0.569247283688966	0.564883463041302	0.173037849407894	0.376039754439861	0.24853595360037	0.432646141354016	0.0982499293958019	0.489258620513773	0.377587105938861	0.532703835231119	0.415935618104505	0.377587105938861	0.430867993350532	0.25644826290927	0.539077411992408	0.396057290613758	0.286142726029	0.563721829509421	0.401169642319468	0.610271808425583	0.434126145798057	0.283100472443226	0.221854029147992	0.432646141354016	0.450240549432727	0.390669316519672
"SRR5865129"	0.510541626982246	0.451654902303418	0.277712274485011	0.18645166506682	0.558703283171029	0.667965387447853	0.287065653334999	0.360234954976666	0.287355613805483	0.315786224591801	0.428791043064108	0.262110973485904	0.435141327324263	0.509495990735559	0.660824481895364	0.412564989439551	0.33698221810968	0.240406374309541	0.561038819908896	0.305643148509442	0.36329332118807	0.3088098591853	0.361365123501895	0.387432899773312	0.243913692438674	0.364976350950204	0.535003265827205	0.359387059218098	0.42683192425925	0.488696552514205	0.261754924142264	0.5455421986393	0.327794001236603	0.477360669433812	0.43549000635175	0.315532904735487	0.588369311657068	0.528428247794017	0.509495990735559	0.462554935695077	0.632883714751678	0.570714904408885	0.294629339449051	0.307029708993161	0.355022252732406	0.448151316574074	0.547336331243887	0.314787712173435	0.138115703799535	0.552852755293542	0.540394718049793	0.279512724828008	0.456241569621718	0.369527813042525	0.542353490660511	0.489180594736741	0.12558539107441	0.391065975139526	0.279512724828008	0.447231443868797	0.0814305624093079	0.435105976845032	0.345929350091394	0.519272562422544	0.332386774871337	0.345929350091394	0.443493606879895	0.287853899603385	0.55102114975627	0.356802769849358	0.2224258661282	0.506451392759614	0.276444758857871	0.592518250119008	0.445331456215075	0.283100472443226	0.261483393113902	0.447231443868797	0.369644165599893	0.374451281641909
"SRR5865130"	0.644490855010072	0.51755882558373	0.29500629343388	0.189789088721533	0.614293519813915	0.817839352116408	0.412166477228598	0.403205305377613	0.361374694063583	0.382063545599899	0.443551237917541	0.287574296740614	0.46412955652726	0.64583543359349	0.756480733758909	0.428967175443827	0.39569031724013	0.512084824821193	0.698523233007758	0.320587825878734	0.383751032184139	0.376187315053237	0.385793567876949	0.401136433526479	0.248376967446521	0.401419932448296	0.547549375852323	0.439026387888764	0.480904450944613	0.588876950961917	0.366897856162937	0.567689626654411	0.373127050519513	0.517681612455624	0.509662726748795	0.379495189898215	0.640319944735195	0.562876604665842	0.64583543359349	0.534012642518349	0.631739547301435	0.651130707843637	0.375800504222257	0.43640038849432	0.383884649149763	0.465082134216031	0.547336331243887	0.343960766577083	0.288955707229563	0.608861874066988	0.597968121576288	0.28900726326024	0.546785919042443	0.422424744255435	0.598168944097745	0.576851405711076	0.271852445320298	0.49037925034198	0.28900726326024	0.457664285604376	0.174390179747646	0.505058766247827	0.440332648814823	0.562384643771757	0.420083827026691	0.440332648814823	0.466484645779912	0.298971312052458	0.591729226514311	0.389816672852017	0.324354543492601	0.579463283811635	0.541699494338397	0.738611301393229	0.498080917110305	0.283100472443226	0.268323389865594	0.457664285604376	0.428469290143827	0.423998805110987
"SRR5865078"	0.636706542839183	0.494127434719377	0.294751502942688	0.210625276503656	0.579798475056071	0.790906857884189	0.350701617576395	0.389102119385098	0.331138016818396	0.339501957383138	0.195096229227801	0.275816605769762	0.525730814172002	0.673135079913442	0.738152172181543	0.431567252356309	0.430749632336651	0.256101731429996	0.620208591540595	0.318257729644691	0.370774729872383	0.385160300252333	0.369909367528481	0.220355188878116	0.245551132595049	0.265369292249171	0.572681552656631	0.442920103976127	0.455916489351886	0.545414042318494	0.406255589304836	0.396462199304235	0.208325057085418	0.492204057668978	0.426977632147775	0.338437071754731	0.636271159537342	0.541164496146966	0.673135079913442	0.515637137805742	0.652431943047707	0.59356582671876	0.427897698167511	0.391762268985868	0.42014963559595	0.483883247536034	0.547336331243887	0.314647662185152	0.130391671328434	0.56350955306036	0.561809097361686	0.263623837522593	0.497025079347367	0.416578612190521	0.425684907956233	0.54953511916399	0.122262758683242	0.471457339546934	0.263623837522593	0.428242725415133	0.0671422711289485	0.467679268991957	0.394405104203429	0.535218305338971	0.375015879327111	0.394405104203429	0.477871759895251	0.309974894244671	0.576257732208747	0.426362951294628	0.278267553861747	0.592041913377392	0.292991031498808	0.649238604667811	0.464678904227686	0.283100472443226	0.298311690160935	0.428242725415133	0.396986064646567	0.401097105832602
"SRR5865079"	0.661067942256264	0.561468376479447	0.378532385962337	0.247904212178112	0.587993594469778	0.71641027534519	0.440260430571558	0.401601986329093	0.332577233153812	0.453033854016905	0.52484800628716	0.337756246716401	0.516263833252247	0.581146557651154	0.703879250327861	0.40300844414252	0.509663300730202	0.345024356674723	0.672336629702473	0.370846917624717	0.565459051518061	0.453077987713844	0.547592705669141	0.4639294434998	0.252894167477777	0.472221653678071	0.669280209284491	0.491033656581441	0.542178551300804	0.621680086041186	0.404375105443614	0.57892966141932	0.326024084137043	0.55776984480355	0.685578738304964	0.462859197723045	0.710316845598591	0.596725784919358	0.581146557651155	0.525150543742431	0.652547611657476	0.685197305883041	0.432113633487738	0.41608153511787	0.427382767320316	0.517145843844023	0.547336331243887	0.367605117882781	0.200028842779651	0.713904300452691	0.652955989170861	0.301609583280333	0.570159609127323	0.492299450901353	0.595564524566114	0.638595576376287	0.192429076263089	0.469738818205692	0.301609583280333	0.478726237951657	0.0850926869416877	0.573615924617786	0.461142763591341	0.639439132713488	0.492882426224743	0.461142763591341	0.520163850798438	0.354955357872517	0.642430997552969	0.437179589069907	0.333143472449252	0.556235208930323	0.388566149422969	0.691762196003071	0.550868181655433	0.283100472443226	0.353428181039013	0.478726237951657	0.543398646666176	0.408565846778828
"SRR5865080"	0.602589630563764	0.450349899396836	0.382835628994101	0.196652470244141	0.605015722279368	0.846244009565547	0.334381437158628	0.415856433472007	0.328870499359799	0.30286606732443	0.617192046438673	0.351162384374516	0.493133770041173	0.743661987503841	0.758049760267341	0.423172460104127	0.404825489227837	0.648160996735998	0.665211600619702	0.326762141729813	0.544886635793348	0.386048384150535	0.52990568120742	0.540656998242317	0.24299731071508	0.472753420672081	0.655970582768018	0.401908647865141	0.421733966555254	0.596675838811285	0.453802361658092	0.614572511605925	0.287316891377357	0.469040037444094	0.652478505438654	0.318105072191707	0.638252321646962	0.52125788025188	0.74366198750384	0.534410144363603	0.633926559389056	0.706934297758365	0.476349914516906	0.378148348763147	0.423875172357663	0.425616399022346	0.547336331243887	0.418552061815074	0.39131991480494	0.705284067200515	0.528296863191486	0.336473206597646	0.472893691897434	0.378596037690133	0.567350361738142	0.603476437823602	0.391437911126516	0.536723257511829	0.336473206597637	0.406040438141643	0.270665537094258	0.526861060344182	0.381915390537516	0.553451752326589	0.471137760494001	0.381915390537502	0.422824984007997	0.300086376171657	0.536086458119778	0.431784636972692	0.347070287348397	0.619328251000328	0.673203743543532	0.699413326859095	0.434533834600764	0.283100472443216	0.276172252063261	0.406040438141643	0.514394533876059	0.425913775311101
"SRR5865081"	0.58781706313622	0.486181001586896	0.321169053974503	0.165371503104697	0.511853465205588	0.742389797958528	0.406412643730522	0.322845566126751	0.244609977880744	0.411064851037771	0.554915715196769	0.293686018726655	0.498074371150887	0.528674523986303	0.702946869332623	0.381238066837938	0.454822522584071	0.373015162539514	0.48605041052872	0.332797358353935	0.523978999595489	0.371521071908949	0.506289898325742	0.551245829736881	0.250243428969173	0.543325331090942	0.674024632374546	0.405097684837706	0.509670144891718	0.504730144109012	0.242324506127055	0.67443994552509	0.392653682087444	0.534361555267873	0.460972971467171	0.419443253134128	0.647985794768886	0.577002183400105	0.528674523986303	0.538961162681168	0.606634858237421	0.687607733524876	0.297960413381735	0.277537037556304	0.363858478452986	0.460250063353075	0.547336331243887	0.335898459890354	0.266068010799273	0.70954493655041	0.621158750237066	0.262394042740568	0.491372001593462	0.455946556549859	0.629299580772229	0.536754640258022	0.263983824353054	0.414227561916078	0.262394042740568	0.445609476681534	0.184426235478825	0.497451392423608	0.3695851379628	0.609381950130019	0.381877995769281	0.3695851379628	0.465746568467286	0.274288520376858	0.60435453836974	0.36949567476811	0.198978906708088	0.56286248908899	0.413688184494417	0.488041998315971	0.520031432723254	0.283100472443226	0.234019571413913	0.445609476681534	0.465694334980007	0.326061184434314
"SRR5865082"	0.571539935448244	0.485457946076403	0.158892908819912	0.141303314815222	0.591464978528489	0.848882853741367	0.374079123440128	0.401399434457454	0.328984778383847	0.332010206221409	0.272827972480935	0.182386384326133	0.517938849831433	0.770869913463849	0.779800515980364	0.409918200971287	0.425134601731231	0.346748180424696	0.646028577826084	0.323266773451264	0.488418223700215	0.409026516396927	0.471326494897692	0.322761145627067	0.0694655197947681	0.316135573705165	0.597585534567338	0.427343555592725	0.447604911109732	0.580085408131241	0.459814206745246	0.431391581578159	0.2072757544937	0.487571137093244	0.476489364081467	0.341392659185124	0.637563723743234	0.537196559001526	0.770869913463849	0.563392666624958	0.654837981928548	0.648321488913632	0.483237971517686	0.38394887078088	0.442264962839025	0.473545772592532	0.547336331243887	0.414711736099758	0.18084837605432	0.643723613781616	0.555150004657855	0.306644534014943	0.491493240157933	0.334338338237252	0.457580776154783	0.588645026922764	0.172932938474071	0.472170681935025	0.306644534014943	0.417343503004604	0.0896589682936056	0.51096368557151	0.393699173322487	0.558154917216348	0.437292121086457	0.393699173322487	0.468031674054123	0.285454863918092	0.568782141263974	0.450343967455373	0.279501933232574	0.625992695903535	0.388171860669642	0.678281970658053	0.458629506419574	0.0823711974911721	0.249363672726495	0.417343503004604	0.476683391238938	0.411701369189353
"SRR5865083"	0.548652955621027	0.466078089853924	0.346796656016162	0.211133299757639	0.560358693762758	0.847755484345998	0.357879576705897	0.3633662108114	0.287679890843188	0.317813602886805	0.396013639907709	0.297032841022142	0.516899945511226	0.742898554904337	0.78062305516115	0.420721952466514	0.401706710786088	0.290320736905907	0.580060401375574	0.32443273962365	0.459919955959751	0.381460158674986	0.45208893434619	0.357287799303949	0.244055824887224	0.349026820737356	0.616659748544335	0.393648482625679	0.435551023490001	0.52154776723031	0.388163618329495	0.492883894097733	0.236487801889338	0.478650556779823	0.548676728981311	0.325529674922724	0.643680722131773	0.529537774556366	0.742898554904337	0.553748270779938	0.664631677399444	0.650291472286425	0.429715059313924	0.314614653958345	0.42843749857566	0.480873601608508	0.547336331243887	0.407938077618203	0.16880074451122	0.578228871914054	0.542264467238375	0.304556482060228	0.454189004916114	0.391145060477873	0.488302477208835	0.538844180020417	0.162953562872458	0.540993404206155	0.304556482060228	0.449564579879658	0.0975822487007528	0.470143395002681	0.350563852100673	0.543272997895996	0.377533526626942	0.350563852100673	0.472340182693165	0.311345101523682	0.56342514991509	0.434507290471196	0.25490700920692	0.633025545097028	0.330580411733765	0.598449508569295	0.447008612181024	0.283100472443226	0.297056542277188	0.449564579879658	0.432608386071179	0.37479200038879
"SRR5865084"	0.397895761155973	0.400080059973331	0.309101663189044	0.201078689603283	0.553329721036166	0.743920933112537	0.134222422378154	0.375135038367865	0.348188930912885	0.156018722779935	0.355992958192657	0.27661529688964	0.405702949468414	0.629964590451987	0.680207204719741	0.383688367378524	0.205362362305981	0.469474758784883	0.470492504105825	0.268296709411777	0.302650950925711	0.250370050033206	0.288007234111198	0.342724013397157	0.23030208265224	0.242868951200274	0.512857374842583	0.287350676240306	0.270465152050037	0.452833020866143	0.405740315447327	0.476571094718058	0.207186791099834	0.355358306596287	0.359524216026578	0.159908033158107	0.423729666388389	0.420400696035249	0.629964590451987	0.385205697645837	0.603569064700934	0.662031281039127	0.405252853161352	0.310049050286278	0.429038551756817	0.517646321483017	0.547336331243887	0.328540134347456	0.24265954133123	0.518049930350971	0.360401070541995	0.20640168256415	0.344647011908274	0.228580736294031	0.446102804022841	0.419476604326053	0.23129542124324	0.451706088687829	0.20640168256415	0.586467443921073	0.185217012595201	0.374440007936918	0.269634881173988	0.385459469671029	0.313996895336263	0.269634881173988	0.479209293446929	0.268702774562999	0.464204847666301	0.424689649131729	0.287299198594252	0.49964929566237	0.499953477356232	0.525401264082633	0.292656318663065	0.283100472443226	0.275551445837317	0.586467443921073	0.323836413078884	0.377528337938499
"SRR5865088"	0.409808538973939	0.419008736903705	0.288027947343714	0.218101592876434	0.552406057887625	0.670586053043982	0.218122232685913	0.356103092614167	0.287658610806307	0.257263766976348	0.176887081001039	0.261923122818527	0.290393397437717	0.555850764127146	0.632420478404828	0.402444876504969	0.162972072579702	0.20998248746443	0.529721502938106	0.30146693980208	0.343680896362788	0.21966277824046	0.336822195475378	0.214342098000623	0.239585565222875	0.157099935735773	0.331180794606107	0.200923009344663	0.366075259266703	0.454828704700302	0.155077834689382	0.253796428329805	0.180732799442709	0.438062327153077	0.364563969183873	0.257095578217726	0.560962405547616	0.49434536339907	0.555850764127146	0.376006522133731	0.649383689323469	0.547795714595797	0.362528939329255	0.160052099870001	0.389637464822647	0.445244262167474	0.547336331243887	0.335938699109484	0.114497463551593	0.526221597119918	0.482800864682084	0.267974792222624	0.411513016979854	0.29769849378874	0.377318924278207	0.437259479215362	0.1027234328705	0.391252408092387	0.267974792222624	0.401952684495739	0.0674313973197585	0.407663724384601	0.30614668276629	0.476667648050684	0.221391653841743	0.30614668276629	0.433450227637064	0.306162824693934	0.515361886023333	0.39155183408153	0.225620075751477	0.437427529648756	0.244644760503492	0.560939738110892	0.394715153443802	0.283100472443226	0.3041622539713	0.401952684495739	0.348092050639854	0.368569722420068
"SRR5865090"	0.608433995543035	0.487656617384242	0.304493150249427	0.199618852354968	0.571953852679597	0.805237820225591	0.347752128492948	0.371985662534486	0.306201539952331	0.331231571531543	0.397881593539598	0.266753673099505	0.522062263565632	0.699327785884708	0.750837415266907	0.40952587280389	0.40996242659365	0.210597522027778	0.603636899629217	0.313214831967043	0.368189730104758	0.395931467674343	0.36355681514331	0.338464090599669	0.244986102595309	0.37400041642326	0.630491640208643	0.418623569474239	0.447881961581095	0.516206072707559	0.414138207462558	0.558202399240105	0.294030342680627	0.487086763588419	0.489662736887625	0.330452508374355	0.631173135232515	0.53678133489582	0.699327785884708	0.533667346307089	0.665566962472314	0.601442164061865	0.448040838306823	0.344604671840436	0.439052103106325	0.500164975380303	0.547336331243887	0.380884466779126	0.116398842142906	0.533985773612762	0.55445244895222	0.293204949171393	0.473679805046154	0.40540195078186	0.544462867348524	0.526871281131213	0.109635394778536	0.495470178282833	0.293204949171393	0.497611289440802	0.0628884346323905	0.447783644420091	0.366988049700572	0.529730532359744	0.346269242152345	0.366988049700572	0.491025512819523	0.303245007574484	0.577347463406732	0.445633013625974	0.248709894661118	0.604485929504251	0.24571276729971	0.630675430775307	0.457997569318979	0.283100472443226	0.281544360083105	0.497611289440802	0.380057063469775	0.388315050707675
"SRR5865091"	0.604826394702546	0.434664837100587	0.314832231211489	0.160984072939985	0.614177586597571	0.831603424668858	0.256139142644717	0.432410075384801	0.361909731704718	0.246954951353268	0.605617517663506	0.290329092473849	0.505092761808695	0.728729405669354	0.731778746472512	0.42282697786952	0.386149878009879	0.643253568336982	0.664341715523416	0.304556899437289	0.492622985259377	0.339180118909462	0.475836580882832	0.543524958750674	0.154618065145898	0.48193250782899	0.696439489552225	0.404857756996275	0.37449161521894	0.601218878222654	0.465246037183187	0.662569219017179	0.278653436574347	0.430648215256269	0.58139387058167	0.259993587493242	0.573007553992402	0.487848831012877	0.728729405669354	0.480889728604769	0.635525029020413	0.685873606818132	0.466631527625206	0.416479094445947	0.421552121303115	0.43449622412995	0.547336331243887	0.41334680190094	0.355666019387121	0.662933849752879	0.471834192043282	0.306526942216694	0.449111732141142	0.318521002564096	0.554147378664982	0.59866365315688	0.350548857264526	0.537712768034551	0.306526942216694	0.445396644200716	0.23278026035504	0.50560312010103	0.371806077422657	0.504723169804092	0.463921656570406	0.371806077422657	0.423310729558078	0.272752236648414	0.505203305985839	0.425838840549806	0.383451720718651	0.603017718706215	0.667624976023871	0.712769309989793	0.385289706533815	0.186514047993013	0.244370321679105	0.445396644200716	0.48666611529792	0.440296977152814
"SRR5865092"	0.665896013806833	0.546570093165944	0.296077541873752	0.22393406527084	0.602726708497785	0.865343300147121	0.503439677766484	0.414516566810342	0.335971677026611	0.438951062997146	0.680938415023788	0.286935768633478	0.553489467470845	0.761382429945205	0.800515568117607	0.421460773468457	0.527817684459445	0.608087849741498	0.699332565076734	0.371013305558657	0.586155447451308	0.476249117451339	0.570806336365044	0.615407354423488	0.15961419085722	0.615892391511092	0.743974446102208	0.498000297834985	0.534460402634402	0.639104224536851	0.467020581694661	0.731526391373851	0.41135896862673	0.549996933828014	0.657648064590032	0.451525280615182	0.703815690764041	0.590188143270705	0.761382429945205	0.609348461774616	0.632668671754931	0.749636732447824	0.49368359255606	0.429356604294719	0.447071275191584	0.493149962432199	0.547336331243887	0.421179852382782	0.397437712456908	0.740106312502436	0.642500578952482	0.329799348182344	0.565950249461782	0.461870518005977	0.689314231425007	0.658974936653502	0.39632489787646	0.540797971670735	0.329799348182344	0.485622162810711	0.237773989701116	0.581958117338079	0.46245527188634	0.636989156338343	0.510370159230065	0.46245527188634	0.497356738203687	0.353439980593932	0.628190886770977	0.458995195042715	0.335111761700954	0.65544684742157	0.637413959370831	0.724318030326556	0.540629522050467	0.18140024346324	0.345492182176534	0.485622162810711	0.559968086459045	0.423778394058759
"SRR5865093"	0.429203380979695	0.361684683535493	0.308202662499804	0.239524286841951	0.574845789816919	0.762885325121559	0.134309086737515	0.407448510027625	0.366522835325399	0.156018722779935	0.36526668225763	0.304310437560235	0.472889846757162	0.635792977232584	0.672933665729285	0.43512171507685	0.289922976779784	0.369271838045183	0.365820595433187	0.173743120575747	0.321562665331812	0.234743575664711	0.3085443846301	0.321928514003123	0.107841476969988	0.253031039911404	0.508446664035948	0.339037793157342	0.279956960262031	0.405853596927215	0.3887504423373	0.431493331551612	0.143780153550124	0.355358306596287	0.418509383483892	0.165157805030048	0.33000167506198	0.420400696035249	0.635792977232585	0.419039105300834	0.596407170401562	0.571422550138983	0.210072578225603	0.380061160335134	0.23668258656058	0.391565344568447	0.547336331243887	0.203192418178544	0.152607842689562	0.552601440846312	0.360401070541995	0.106068115432376	0.250365962600278	0.192596733159957	0.342477621735739	0.386090394385254	0.134788774404437	0.356798199653956	0.106068115432382	0.422406565947168	0.0712615568372679	0.307800355612765	0.20335529468019	0.33631836959411	0.397306811872567	0.203355294680205	0.373609065217904	0.163253985387377	0.360705531101084	0.230717677201712	0.352067975179574	0.506865394471661	0.408731528296809	0.407283362100943	0.292656318663065	0.131842152692651	0.17626342479833	0.422406565947168	0.30129091919289	0.403526102004188
"SRR5865094"	0.480195908855427	0.370715357996836	0.323465472563602	0.19672175771489	0.58316814956652	0.734762918624799	0.132433382636975	0.406816758439491	0.366029889377588	0.156018722779935	0.204597865593651	0.288811358949234	0.464819304984224	0.626243709041084	0.647451773824641	0.43675479564221	0.276075446365837	0.300852850203359	0.546794922429965	0.267261221564742	0.302650950925711	0.237138861532513	0.301114120245269	0.212374363067532	0.23030208265224	0.18951891263759	0.530467706049021	0.336970709452725	0.279634265638778	0.504321155478756	0.394444357482353	0.357228877516371	0.12955508932832	0.355358306596287	0.401070800608468	0.159908033158107	0.461442032063628	0.420400696035249	0.626243709041084	0.429173558075265	0.649206453512976	0.520384338648484	0.385186392593099	0.379102985865285	0.388014443938219	0.426755611928799	0.547336331243887	0.347308240593508	0.119240100465746	0.465184689236256	0.360401070541995	0.217754615223224	0.363876111954907	0.255265920791485	0.301995743065689	0.478038491364494	0.103523130210901	0.469528343144554	0.217754615223224	0.408016045032064	0.0639586743941748	0.393094561093721	0.297888635835581	0.385459469671029	0.344194149609332	0.297888635835581	0.400670857271633	0.267205892612188	0.432859091235556	0.384860146322578	0.3422259694643	0.554046243616077	0.33740357964516	0.604857142444803	0.292656318663065	0.283100472443226	0.269940070228816	0.408016045032064	0.339602056607147	0.411141400628808
"SRR5865095"	0.524358809749825	0.453013614366979	0.369975452715841	0.247676438204708	0.604120519619081	0.655858397424053	0.209007451631713	0.407325263527408	0.329741360721468	0.259456198558521	0.541526900204352	0.331047630495114	0.442081791870158	0.520517667131699	0.618563811868014	0.41051350763975	0.334835293120339	0.414969230303119	0.669541760241944	0.326799894068621	0.490591566739959	0.319371335981995	0.475082134353911	0.532592415426052	0.239757088930718	0.434339606335097	0.639338619873627	0.365284143750972	0.379252038621724	0.56084101481208	0.376610787070143	0.617890008138546	0.28780460258679	0.439617406043339	0.477337471079366	0.271967478204899	0.660473673914551	0.4957051261395	0.520517667131699	0.401172107911511	0.685046937661958	0.665770921336778	0.392814871580444	0.345123016167006	0.410453688119566	0.489853137854154	0.547336331243887	0.386378714057476	0.227645521884406	0.584261817825785	0.485098174620434	0.354411703674882	0.434388692767327	0.332074284771602	0.558015952971759	0.561793374041325	0.212745688045743	0.415400577535133	0.354411703674882	0.518403745502529	0.12287614822228	0.485584410369089	0.344794535138121	0.512947747846731	0.424115570925096	0.344794535138121	0.472337561738945	0.339683035266059	0.532167187055635	0.412050039955243	0.319560636736219	0.478109804143637	0.455020107659193	0.695973802702733	0.396697703372084	0.283100472443226	0.346077679782333	0.518403745502529	0.465841935666449	0.422392227651788
"SRR5865099"	0.555349956065736	0.453095161260031	0.34882706924091	0.189875982613475	0.556927580641449	0.810858907934342	0.330741239402535	0.366395019652222	0.289860936725042	0.324656566096514	0.370454603801242	0.308158914820368	0.510269360426705	0.676305983052228	0.729698802354363	0.417975944350949	0.421615003927885	0.470802304726796	0.491505588626898	0.261328740316995	0.448900351130449	0.387143358789861	0.436656095410949	0.363827569565131	0.192280119090739	0.35641913008557	0.582373749427485	0.402704187362475	0.442660182913447	0.481326684026865	0.394787723756554	0.48380702999237	0.230672243081037	0.482974317787061	0.47163837201266	0.33408007164279	0.550770619299362	0.533253068695947	0.676305983052228	0.53508732158108	0.61636026022217	0.679365090677146	0.349059554636822	0.329628578009563	0.347233534119412	0.432451394537402	0.547336331243887	0.328161832769118	0.28345687989193	0.641209417022427	0.548520118256283	0.217517343473662	0.406254734050908	0.367078312850487	0.479512527178633	0.499219797466295	0.28490363868849	0.449058038372215	0.217517343473666	0.400662910859065	0.1936808970308	0.428427639340386	0.310814015866107	0.519369362325432	0.399288615089641	0.310814015866115	0.432850752415804	0.223778915459332	0.523251647203453	0.352015308395612	0.267109893449167	0.581568151724735	0.506844308919558	0.512941028698709	0.452636526326694	0.221441371399837	0.198828517688178	0.400662910859065	0.405128021043576	0.373429273289402
"SRR5865100"	0.52989032666279	0.435464856125549	0.394848967703877	0.139327587899126	0.40328505923966	0.746640951309749	0.428864690991146	0.262093167442761	0.283730871596015	0.345724254322893	0.556827247173456	0.337324180401904	0.417431506728651	0.59595716742222	0.64198701776292	0.267515816478472	0.418993309538324	0.354951586025793	0.398657352557036	0.27276768598791	0.635646982554393	0.320924047430607	0.611164251017197	0.580660916009402	0.229107241776194	0.501507165235104	0.630179273189496	0.346041751147716	0.436794081486568	0.474059055751131	0.279115480243273	0.534691014158827	0.244835192961443	0.470912212261534	0.544219272438831	0.366958555912836	0.433706681534323	0.507333846556776	0.59595716742222	0.457961690891213	0.405095072186709	0.58187446116882	0.30147536389494	0.269316477852912	0.298646149698944	0.39159470230968	0.547336331243887	0.330650411380026	0.223804448347249	0.576898382608445	0.495107590219253	0.272345108430199	0.31973326775489	0.359625947917864	0.445541433525306	0.510084927852351	0.221669045158516	0.480398332465149	0.272345108430199	0.377818924565386	0.120246807617973	0.437000170525912	0.295533705377192	0.489156805495622	0.466259973251582	0.295533705377192	0.397456412011334	0.211211566200347	0.431890743910372	0.302777762511064	0.262212523972702	0.506887592430894	0.390555830518741	0.411301386348325	0.441607677026031	0.248412877278297	0.176243983415163	0.377818924565386	0.528526857351307	0.251030114162639
"SRR5865101"	0.532521135635934	0.481788005841098	0.344786890781789	0.225261253669936	0.517802489431498	0.729179389514067	0.395734676973893	0.323912797190903	0.245368337861881	0.40278390041715	0.25493793189041	0.277954667392348	0.455173307928562	0.626463664177698	0.699120107491848	0.389993226983172	0.398773099316481	0.25201537531767	0.498937065416347	0.344754752559247	0.472200131853717	0.444716844969589	0.463358274162199	0.297439222341665	0.2497142021496	0.289609876397581	0.494923426327148	0.376149261957525	0.497481109266479	0.485497826045918	0.369921006166724	0.37581080590246	0.24530034997595	0.529646658654564	0.444101353751819	0.406973263496545	0.648290963922163	0.5730158216456	0.626463664177698	0.50133979259233	0.659566124660091	0.634863791717515	0.438930217972265	0.266783088137168	0.429280980554284	0.458384474321766	0.547336331243887	0.391210936097219	0.172266231882697	0.659254167072365	0.614645874097212	0.269214137850244	0.486666102112109	0.432753811557989	0.490578293679306	0.507262268341888	0.16757738348627	0.473954219685463	0.269214137850244	0.383843716276803	0.108446694175712	0.47607194220331	0.360967714063353	0.593708639636105	0.355536531236022	0.360967714063352	0.462966306309471	0.327519556973107	0.599650104098759	0.439970783876431	0.208755430065728	0.538490210056214	0.291071624076321	0.503071005528054	0.513822761929076	0.283100472443226	0.319549977103631	0.383843716276803	0.430286594086331	0.331092938665288
"SRR5865102"	0.332780511542028	0.32441840990031	0.27217798437932	0.233385861978183	0.517611881397944	0.634800743763683	0.124060198190621	0.332502408339373	0.297590119731546	0.149976767859278	0.171929967419602	0.253069786448201	0.29433995775778	0.465109177890627	0.559223089673689	0.368696649885959	0.153348353202779	0.176416929042892	0.45998563467609	0.258645741313071	0.284870952543613	0.176923272560206	0.280697256415402	0.205354022503418	0.224716561235937	0.119928403684827	0.274619283887119	0.211015453998575	0.252186796496777	0.388412398775297	0.223055596965515	0.214930839616404	0.130448991885665	0.342659005357215	0.3024603960285	0.153020201696198	0.422512364264504	0.404211503894932	0.465109177890627	0.299109734871907	0.586794537187681	0.433800388160163	0.233931193586952	0.236083830875511	0.298677238097428	0.379871224552514	0.547336331243887	0.275802442087353	0.080433735740083	0.383557365239163	0.332210834585034	0.259715596420247	0.281202773675728	0.194280331510775	0.259883584838115	0.357806034309124	0.0699527748699152	0.364956138681067	0.259715596420247	0.366299204608624	0.0502418122202074	0.319134989101892	0.223648932293671	0.344199812278894	0.276240794674754	0.223648932293671	0.358910443567759	0.289631248221395	0.377441846535494	0.292256581537861	0.224165695592	0.387151250817073	0.206031128438635	0.502161080199642	0.278834837656796	0.272390882553679	0.311901331935112	0.366299204608624	0.289815462602185	0.34168880779698
"SRR5865103"	0.567849330636478	0.563316119382569	0.389832821192901	0.189380504439865	0.592376901328202	0.781140428002188	0.488857613189618	0.4100795458399	0.338659383963501	0.483810624619636	0.627148021794932	0.362613795004681	0.462209938734387	0.549128752450935	0.74935108543177	0.436316319387695	0.465224869558686	0.659058856638107	0.488940312620844	0.190860705330616	0.521502582100902	0.428846291643213	0.499858891341123	0.568657539943866	0.117990464256408	0.494849500378624	0.491594977357963	0.466336139883546	0.5557275909895	0.476867669269252	0.334973551393748	0.57786501150276	0.386936980500306	0.574528374659099	0.565850927539956	0.497890467174447	0.599851700055633	0.610786397175314	0.549128752450938	0.444517874985224	0.559799441804789	0.778684920589101	0.155169607885217	0.414259365393834	0.200051494890009	0.464975462523519	0.547336331243887	0.126810236922305	0.454417178558546	0.77605284159423	0.675124701525776	0.130267238982756	0.414698832985538	0.379679981811021	0.646176566418937	0.486896101488127	0.464627886220759	0.366535268023821	0.130267238982765	0.491647725711425	0.261231358964011	0.432724066450511	0.312994095551983	0.570722770358583	0.538872235918369	0.312994095552009	0.483482605024981	0.132613518608979	0.559335572628967	0.201391165677941	0.352102219101291	0.444611181458335	0.684859583354803	0.48443855441005	0.572918282714113	0.126591087075804	0.104584754983444	0.491647725711425	0.441383387527551	0.41402402393494
"SRR5865104"	0.610546653967856	0.482114262748459	0.360244902611588	0.199866589198423	0.587118139804307	0.863486152869862	0.406840677389839	0.398846771078175	0.315345871257952	0.35798719685817	0.663000275369651	0.343641202483607	0.474174552839072	0.760283721450451	0.778942705176884	0.424206007200373	0.40591875306664	0.610482285189127	0.644096256522317	0.339545310577436	0.561102583846261	0.42325343140151	0.547296815262879	0.591720517303563	0.246793787339007	0.513663961297793	0.634383906864186	0.404370091238531	0.463123001047124	0.591892477353859	0.44589343812627	0.644862252463155	0.356804563727498	0.50343474716273	0.648050967056092	0.372372813881376	0.650714993315043	0.55075718407374	0.76028372145045	0.546955407507202	0.621760590333339	0.721054415031737	0.477372281089603	0.365967342994064	0.431545170392764	0.445293822127723	0.547336331243887	0.429835316112405	0.385292663108092	0.712342254537472	0.577849148775012	0.316084484214417	0.504739269333041	0.406902363751374	0.638243684702536	0.599779792470797	0.387278928696618	0.517599790047388	0.316084484214417	0.435373466524136	0.259140187789308	0.541925371424474	0.401854754576284	0.589243039883789	0.472567280479523	0.401854754576284	0.446654544563412	0.306166440459842	0.572886050816931	0.441184939725327	0.313290449707299	0.608282360567856	0.639046621277841	0.673227590605111	0.479377765240276	0.283100472443226	0.282176612597242	0.435373466524136	0.525762954017156	0.406213325821514
"SRR5865105"	0.553820288305897	0.452413453107473	0.26415702892815	0.248157262841358	0.559795667437567	0.676901341452034	0.239888749946299	0.37259547986674	0.320955246527066	0.269910719079395	0.228046636697971	0.270199007704721	0.471657289645293	0.495320676634578	0.665488098173029	0.413999455697421	0.34442128118426	0.233397339098051	0.546860705879701	0.312403890681486	0.348089658942584	0.266003274833497	0.342582476994928	0.245138120979829	0.240563518394285	0.24660148773177	0.537425957813522	0.378554256178999	0.391602009336615	0.500338053750292	0.254961141052177	0.400769203079452	0.2004744957965	0.446933891824236	0.401007352390046	0.271134755140219	0.566795974510639	0.50208974780999	0.495320676634578	0.458712752470179	0.662731775830067	0.574474496856095	0.27075881509262	0.344044870400099	0.349686436422049	0.481196065862816	0.547336331243887	0.289780388213606	0.11617554573637	0.533891145881854	0.495890897286076	0.239057855575116	0.438531026175886	0.348457903193046	0.387137955019698	0.494786060068092	0.108320866270774	0.36801125740241	0.239057855575116	0.455545660135895	0.0640048587793929	0.429688894704102	0.341880524709877	0.486332430089646	0.342984745804706	0.341880524709877	0.466176305796217	0.327423792452281	0.535645870147448	0.347706784483942	0.244999040463049	0.5210822512211	0.269266290328236	0.580565895217657	0.40605025326163	0.283100472443226	0.346534538031856	0.455545660135895	0.366419990573742	0.380612626673762
"SRR5865107"	0.563031995599462	0.470569062074304	0.242046008362205	0.172781175243379	0.539395985309312	0.799507893362786	0.354498010984659	0.348771058657115	0.287687132397649	0.33335381292515	0.288176986151403	0.214642923568326	0.522314949469293	0.714182883372272	0.75051249706015	0.404355344295239	0.413727521434689	0.204198147189253	0.518226959002	0.310642660471083	0.368855373385038	0.401039415255941	0.365808333801561	0.274373225457836	0.162415792285716	0.315787958211615	0.59299086988793	0.409032206740903	0.450317099969016	0.492622001096271	0.40687944870422	0.470855393626395	0.246942976463246	0.48840568238323	0.450180572373194	0.332501667381878	0.587990464878182	0.537911796390429	0.714182883372272	0.551343044970694	0.634918486101466	0.585547542760193	0.450163392379854	0.324697801074412	0.434094018740207	0.471410466756199	0.547336331243887	0.390690799162584	0.1166801488911	0.563558063636929	0.556351260366751	0.241255194774286	0.466452610569434	0.382971477081597	0.48454861238228	0.504879943457549	0.109425927097402	0.497649458639319	0.241255194774286	0.435389213222838	0.0664968374224285	0.440581602579617	0.357768835514674	0.531145910485782	0.334083827169458	0.357768835514674	0.466864007037712	0.285734263555824	0.568983128587876	0.441667406748368	0.227490946670463	0.616531812928688	0.23889510961791	0.542683493044289	0.459718534871593	0.190175987787338	0.262913012840693	0.435389213222838	0.373819053279853	0.357075832679786
"SRR5865108"	0.447874116002142	0.351532962348634	0.361790961857635	0.214374889797423	0.566025950497406	0.774961310579386	0.144382691789122	0.383204578878347	0.315792454182889	0.156018722779935	0.541967437408556	0.327583483877838	0.43777930783632	0.65429340261148	0.684471190600015	0.433512882878227	0.255590332568684	0.316343524089708	0.525836165663425	0.287334752176146	0.441433377082837	0.224559726319206	0.43048618630202	0.500843469565687	0.23030208265224	0.361868401170098	0.61257866031007	0.291322843300461	0.275914753167417	0.497737124484254	0.325441017511208	0.574957898414611	0.207186791099834	0.355358306596287	0.478368367106732	0.167510997389832	0.516866773339204	0.420400696035249	0.65429340261148	0.419673127897542	0.657569616076572	0.580827999709372	0.337750687512988	0.300238799586545	0.371389797212605	0.41770414968546	0.547336331243887	0.352770884677772	0.139935460178228	0.563733137308131	0.360401070541995	0.268500136453009	0.337194166397236	0.243036450395884	0.445250387475021	0.486850386724614	0.129643705201154	0.477132298561392	0.268500136453009	0.447957445596972	0.0781371274748039	0.421527532614572	0.269281763320714	0.418356221958201	0.37584268800778	0.269281763320714	0.393456470120427	0.286456079066115	0.429925770026848	0.367453076321234	0.305754732709653	0.551762688415759	0.357847021805524	0.563824235087705	0.292656318663065	0.283100472443226	0.294773651984872	0.447957445596972	0.412166147185631	0.386119187814242
"SRR5865109"	0.534783708697043	0.450311827513784	0.272441460408604	0.247608939688351	0.569410961907045	0.745169253854701	0.258215004737177	0.381333879656972	0.325551754085653	0.275409857282725	0.225770453171303	0.273242802003507	0.428076822155752	0.625047622668	0.687478816598699	0.420858128384607	0.305304457879394	0.242911081057229	0.575494056813988	0.313766060804252	0.349973747871373	0.338659793680683	0.348902102114188	0.243737208087476	0.240980504805695	0.217699698146519	0.451657113027963	0.355470215077117	0.390355196465548	0.505617803558731	0.392401189726751	0.350362323730024	0.205040270705671	0.450719726665142	0.418406361096131	0.276464957359212	0.591184951532869	0.505385219719902	0.625047622668	0.424471184497905	0.668658305871025	0.564583836517819	0.412058675390155	0.343602205892155	0.410805468491298	0.463288866737378	0.547336331243887	0.355148546814047	0.118359440098741	0.556974112577919	0.501464007582888	0.247618470637272	0.447651309589663	0.335595697200624	0.421532489342981	0.490443385746599	0.10900932539646	0.401124367069397	0.247618470637272	0.431790272122261	0.0635149906856107	0.436819328003587	0.347695023988106	0.490448723518479	0.351977278664278	0.347695023988106	0.452225879570058	0.329447281707902	0.53315512506645	0.414352490876491	0.259360431646383	0.501119577535959	0.279156549272353	0.607488479117552	0.410905108216928	0.283100472443226	0.346770469446846	0.43179027212226	0.37234287453045	0.390761236499289
"SRR5865117"	0.602751089866216	0.462485222864707	0.34152014598974	0.191984875727296	0.542809315120061	0.621026218227731	0.29194044307339	0.362133229978441	0.323862405251331	0.332052329136801	0.494325744556191	0.302413551667089	0.450400924488181	0.472104951324107	0.568844108350779	0.383100321973036	0.413738681025651	0.509999302827749	0.585462454285118	0.304280580074933	0.457402077683217	0.34775773946594	0.448610485721592	0.489264741409552	0.239751796018611	0.476897440401559	0.639304918602431	0.404150740456666	0.440898411211845	0.538957581564725	0.35169618465142	0.620053692776566	0.324316260305968	0.47983132609064	0.454590472447932	0.338736779310739	0.554873064191019	0.525757213698798	0.472104951324107	0.462020327957429	0.552133240759548	0.623050842139296	0.369094800451302	0.364115422041034	0.363163840789478	0.426258988432985	0.547336331243887	0.354189327957439	0.303170533066507	0.643324470992065	0.532919601356015	0.286855962241015	0.441238118452611	0.388232166890539	0.552755518909574	0.548770794352753	0.293496584428249	0.398555111800392	0.286855962241015	0.42734923482446	0.200055402786308	0.464879108815058	0.36663946223133	0.516769163235593	0.416940149536827	0.36663946223133	0.427048146070691	0.282461841146922	0.516915142726575	0.368217863745515	0.299706212448099	0.488612636184968	0.539277619713758	0.621986854118467	0.449988620050074	0.272063881020848	0.262228045123951	0.42734923482446	0.446210755614566	0.368363810663745
"SRR5865118"	0.539479563522399	0.447193380750042	0.370974386264335	0.202582080352427	0.59094246452549	0.853459876920966	0.322162087461143	0.374575045057427	0.315596211996593	0.290133539878143	0.675856884937601	0.369209094563038	0.427393709258252	0.725587806909855	0.765216645457333	0.385019903182803	0.32892270315077	0.658768056686668	0.635300989926974	0.33281799079641	0.60377337509671	0.350846064699117	0.586508074941034	0.639189328654146	0.242074715202081	0.477094927086992	0.598044613121114	0.347090308233993	0.401189919000835	0.584680504711482	0.390446122745487	0.612740226651708	0.309804008494161	0.460658868468444	0.623951996825651	0.310566629372085	0.618054741449401	0.514011435488509	0.725587806909855	0.474104919337002	0.631376304140894	0.740020073723666	0.415822930651173	0.333948196324561	0.407255163384432	0.444517508996789	0.547336331243887	0.384572362173487	0.430142387791553	0.717773664516336	0.516051885935387	0.339039329653698	0.455251530717043	0.340808987674896	0.596668016346906	0.58555595145336	0.423330566742647	0.487843200623527	0.339039329653698	0.448701131429588	0.289647595471364	0.536724737032356	0.361122435673823	0.559127708038223	0.485958098978382	0.361122435673823	0.437612950358166	0.303210226233467	0.535315246318953	0.4120771959813	0.318719805452485	0.561454733705866	0.684828237889703	0.669613407945246	0.423697702052047	0.283100472443226	0.28437565157876	0.448701131429588	0.545876111587863	0.387170321320699
"SRR5865119"	0.600461977278419	0.480284799281224	0.326295162627755	0.22390251044053	0.478014994298703	0.755879152609165	0.454807768551535	0.313046122058291	0.291985628560986	0.41198570116576	0.525172079303578	0.303971746379613	0.437222595579471	0.615487526258431	0.668669937710758	0.323697856027909	0.437609008395419	0.415739898481393	0.488587222055119	0.324536945426593	0.529996109912745	0.410218467000765	0.513950857374321	0.549942006894627	0.241635689517093	0.523452766116248	0.607179635696028	0.396558330210343	0.496949183502818	0.514736510678145	0.359768318456841	0.612036692229596	0.367862062107424	0.522315478288185	0.459672564304279	0.420669031602571	0.530234967809707	0.559127773674574	0.615487526258431	0.506646252363932	0.496190206302515	0.611253168274601	0.394368709809222	0.323447974939056	0.361567396554915	0.407939843487697	0.547336331243887	0.352421625960726	0.269338798768316	0.666040019671229	0.587077045262576	0.250890737444001	0.445349791514006	0.424951138708501	0.596195219413074	0.534921229654078	0.257607503182402	0.432924962319039	0.250890737444001	0.393568071550353	0.159633690149686	0.477337897764536	0.371278959898733	0.556754154981311	0.434538263639929	0.371278959898733	0.419674630997967	0.304137025456088	0.52958191140916	0.371089487783242	0.252711187156659	0.523815471479764	0.450130856507627	0.511000952952091	0.506540837799547	0.265336613545551	0.304438971236717	0.393568071550353	0.484343721042412	0.309582801743894
"SRR5865131"	0.618072600898396	0.497466381219447	0.292364456816046	0.15710049377308	0.550758584771985	0.823955819302094	0.425805357498906	0.348057348998935	0.274077152026835	0.387956316692796	0.498275011726145	0.256792031332389	0.521017057423315	0.719190290121084	0.770987886116947	0.398495098727104	0.433825635851131	0.264606740680538	0.572137559414571	0.310895886932033	0.385512588159864	0.436767716758179	0.382004549807399	0.408703804328046	0.248759367656843	0.453905429011721	0.639608411671206	0.419839351036255	0.49250777090356	0.499525578236253	0.39678219674485	0.629471265487524	0.377104341225078	0.521110241965799	0.504693286678633	0.385177113455112	0.652843116840214	0.565785526022156	0.719190290121084	0.569193995618642	0.63004549047424	0.635229861503246	0.450396679731234	0.31312490333335	0.438480703522725	0.485816685022555	0.547336331243887	0.388194805209527	0.16724806157807	0.592647092650581	0.602768528925608	0.292095632833708	0.493780888514052	0.442918629273774	0.626408411818911	0.519836031135394	0.163580511534901	0.494863441277293	0.292095632833708	0.485237493751715	0.109777770580891	0.454054577237551	0.374258044230733	0.566020108874205	0.334742901046703	0.374258044230733	0.485177175417742	0.269946317844159	0.601540091202231	0.448045325124882	0.210050568051029	0.618391603353559	0.301286396845105	0.588804669088391	0.502589260582025	0.283100472443226	0.221488438323182	0.485237493751715	0.3838629513587	0.363950036765017
"SRR5865132"	0.622671653097003	0.498127480608659	0.297216666649989	0.176591772210262	0.553011130688249	0.746656900301173	0.402215351754646	0.366225741808668	0.287597665469148	0.424732971689132	0.645587277807603	0.317129201251689	0.515864873817733	0.625054757160613	0.686070133907548	0.405868503372071	0.500161012905582	0.455520820779418	0.454659850926504	0.234649618398383	0.482192849275571	0.471488562730624	0.460620583318645	0.571433954325871	0.161914787943441	0.575562567120458	0.647266786360585	0.454628981349193	0.523112984413373	0.474245843611406	0.434293431273858	0.695903283486765	0.401826272540857	0.542068939668587	0.517501426151212	0.434413239938229	0.563857760525964	0.583508334598104	0.625054757160614	0.525423688535783	0.541954263433866	0.685991714533923	0.327723092781817	0.356567195177373	0.309596556541424	0.423275587194358	0.547336331243887	0.270181500197407	0.290672778624694	0.723460106609985	0.631729465920419	0.167913254722285	0.425741547871995	0.414132299463914	0.671535747001499	0.501129501105993	0.289171145446534	0.290023125792687	0.167913254722291	0.433444121970766	0.170533091726958	0.434133648724533	0.32215044261975	0.562764349074134	0.444151777003678	0.322150442619765	0.437318756915023	0.176841011888969	0.550054543199686	0.317320965459334	0.242380159848349	0.509849021014017	0.494167225778066	0.46203418822496	0.530184388832	0.179762650457299	0.144317680130277	0.433444121970766	0.419062797242849	0.370198900933689
"SRR5865133"	0.610250226675848	0.49280945663652	0.367032283995749	0.195680681125759	0.545889996018244	0.685584953468365	0.352361542408575	0.359787824136743	0.282947225126513	0.378336743050829	0.411596961293129	0.333584529940939	0.510898337506328	0.483605786734622	0.674484812717025	0.412687111004694	0.469925162020552	0.33833250053701	0.555412384910973	0.343740396581989	0.578584312846538	0.335534289909737	0.56217908722613	0.430965539709026	0.248134171439042	0.415636869719987	0.660721723325129	0.428678143563543	0.486724396092975	0.561474802000215	0.242772639030633	0.517106989362194	0.245440166725631	0.515501964392879	0.564679422870393	0.393344034578876	0.644171964425081	0.561025834137247	0.483605786734622	0.516500627651119	0.661383971293445	0.677407529144974	0.279080153790272	0.329560261214574	0.353960156838432	0.476725429547344	0.547336331243887	0.325490669749006	0.206499902415151	0.687009763605398	0.594907795550051	0.283404458061847	0.494214794801823	0.441752186389678	0.478157003969844	0.588637994155287	0.203349340073883	0.423237507778114	0.283404458061847	0.420075402651188	0.108299228967626	0.531943952597119	0.386860225138151	0.604233193231497	0.445639790801114	0.386860225138151	0.476532017214067	0.300464285734021	0.593900548092026	0.356867793324262	0.266820317389635	0.554109479708612	0.382488473021121	0.571495836291357	0.4952161541651	0.283100472443226	0.277192387005687	0.420075402651188	0.519970757831613	0.361851206906507
"SRR5865134"	0.568426839174394	0.457813249858227	0.305709287969319	0.192890400998792	0.535604695808418	0.804933405061669	0.355351611764704	0.334873242388931	0.26261352363584	0.327305285497222	0.289043393084888	0.25325297960112	0.526067224724914	0.709251960141349	0.761030889004335	0.404653995703803	0.405838440911148	0.222205052830231	0.522535499703568	0.31013188536094	0.36695386572658	0.377920294649123	0.363839941220206	0.284816867252995	0.24471569530698	0.325635567757612	0.601843403297181	0.39035922497582	0.445539758419682	0.46790798146492	0.348865005934415	0.48720189925817	0.251870259558075	0.484635844680922	0.399899429319094	0.326660922124151	0.627846656122731	0.534679204840117	0.709251960141349	0.563622076020733	0.652249787518659	0.608785438185279	0.402138620400824	0.285333101317253	0.417306433621273	0.472216009612073	0.547336331243887	0.379199971653399	0.137176835580933	0.559512146853695	0.550919035196855	0.277789625367781	0.445219950057928	0.403139787432362	0.483461473395366	0.489051591713133	0.133143896990726	0.513352636099973	0.277789625367781	0.440698666632597	0.0928781058153125	0.422242754105271	0.33395112772671	0.527098584040326	0.30812386109148	0.33395112772671	0.466049877433432	0.294589784463952	0.56569146703727	0.423316308311189	0.20308163886338	0.629865471861055	0.257416155754864	0.534947441301918	0.454801585782368	0.283100472443226	0.271208163815039	0.440698666632596	0.358349241017965	0.348558966917008
"SRR5865135"	0.606948507754933	0.51492617356667	0.335750041173789	0.187684191146884	0.618584245758434	0.694484415102702	0.318110307428082	0.433447340609191	0.366815971105449	0.354742956836053	0.596183903847979	0.33618539174175	0.423692402669156	0.502408704078986	0.65834726030884	0.430776430043963	0.371273307103887	0.626574273907701	0.702646894606116	0.328447569603866	0.50158187104994	0.351927689072564	0.490761178616756	0.526156980783623	0.246577566426856	0.443192504647404	0.576033248027236	0.416057524183736	0.456037493900142	0.615262035804343	0.35420984063967	0.593895166830184	0.354594571473087	0.501483286920028	0.634609767415369	0.364123933655794	0.633480935260724	0.549092908840994	0.502408704078986	0.449523517468868	0.629998125413049	0.710300430362172	0.358996735468866	0.423627736884088	0.383304993344799	0.485929813683154	0.547336331243887	0.296155492372224	0.381809037591575	0.666137630257371	0.575072883078159	0.314767088776487	0.528741337782146	0.393492650587941	0.605007339073578	0.604571921680423	0.369960283819539	0.401620844978712	0.314767088776487	0.493202673558398	0.23131889332124	0.542850612448897	0.428900656543407	0.574132897089799	0.48209177623706	0.428900656543407	0.482094140547374	0.295765789783011	0.585146137093537	0.387155859525237	0.355801847898758	0.482685111581523	0.651947481688092	0.743938139343813	0.476820477419032	0.283100472443226	0.264541501231158	0.493202673558398	0.506735403895712	0.444544543607898
