"Model_1"	"Model_2"	"Model_3"	"Model_4"	"Model_5"	"Model_6"	"Model_7"	"Model_8"	"Model_9"	"Model_10"	"Model_11"	"Model_12"	"Model_13"	"Model_14"	"Model_15"	"Model_16"	"Model_17"	"Model_18"	"Model_19"	"Model_20"	"Model_21"	"Model_22"	"Model_23"	"Model_24"	"Model_25"	"Model_26"	"Model_27"	"Model_28"	"Model_29"	"Model_30"	"Model_31"	"Model_32"	"Model_33"	"Model_34"	"Model_35"	"Model_36"	"Model_37"	"Model_38"	"Model_39"	"Model_40"	"Model_41"	"Model_42"	"Model_43"	"Model_44"	"Model_45"	"Model_46"	"Model_47"	"Model_48"	"Model_49"	"Model_50"	"Model_51"	"Model_52"	"Model_53"	"Model_54"	"Model_55"	"Model_56"	"Model_57"	"Model_58"	"Model_59"	"Model_60"	"Model_61"	"Model_62"	"Model_63"	"Model_64"	"Model_65"	"Model_66"	"Model_67"	"Model_68"	"Model_69"	"Model_70"	"Model_71"	"Model_72"	"Model_73"	"Model_74"	"Model_75"	"Model_76"	"Model_77"	"Model_78"	"Model_79"	"Model_80"
"SRR11856064"	0.804676863280145	0.74666983171503	0.692323242647472	0.767570279927974	0.585504093247512	0.48242721749229	0.72000280751952	0.824892922888812	0.895828799941126	0.562456262824627	0.554343671880967	0.824884608328434	0.758075972459768	0.674003306792025	0.817458512539068	0.838699274888945	0.752915746022961	0.615188425718049	0.938006187936808	0.884511614699893	0.719854829984785	0.643361486321978	0.810687806550788	0.889688178345595	0.698484634750485	0.682514023209643	0.701986547361111	0.660180969786616	0.742819240401189	0.616465047254238	0.798557803021588	0.58766835204363	0.660122017128158	0.786219766799336	0.823765494609799	0.659616506389854	0.766717867265765	0.396999547777311	0.921013433771984	0.894607806671285	0.918133164328534	0.454381638645979	0.479048503194177	0.747220183814556	0.876499827680117	0.569090426767088	0.956962343663969	0.811161492317225	0.781022846881254	0.901134549996999	0.894198072627585	0.733437202353729	0.792637073069223	0.693144916609323	0.869059894137534	0.896814266313825	0.740012455116003	0.648260477110161	0.518239951317161	0.469644975610451	0.653574748325465	0.811830170662677	0.647542473522712	0.701231081971216	0.822065075130224	0.725228269768586	0.618228040589484	0.651245115116329	0.724213804131056	0.6003264544432	0.761318448985591	0.872419481982265	0.84112177333259	0.826566112131671	0.804053266895443	0.886348904033059	0.737665301494469	0.822065075130223	0.804053266895443	0.832658337996828
"SRR11856046"	0.62140238995205	0.440953632255847	0.141957684514414	0.405692331595597	0.448097253302732	0.251864058905258	0.470661726549741	0.665291775380886	0.785317810778853	0.44648218099122	0.332314517919571	0.620650104108686	0.573033904575688	0.412857016133378	0.477961069903437	0.75459873541079	0.575413159707377	0.23860824677515	0.87469188953751	0.892492969484711	0.469072271033383	0.505625659198286	0.796310635522036	0.735548085618834	0.581214591601938	0.44092849041963	0.527085502147914	0.4666562686002	0.535317000888113	0.320988499156682	0.732744345301225	0.324958020850674	0.507377198998729	0.77343552429061	0.622758587224794	0.394790038146671	0.3926463272053	0.281259884586803	0.298735112108441	0.659086689850742	0.715591576684705	0.414264743751781	0.463093415141394	0.710440327680004	0.682112559823034	0.373462422860473	0.891674752279245	0.761083008385343	0.645424927614705	0.654520316110692	0.85146482778762	0.199510509435799	0.621189949974996	0.55152197278086	0.444328356778087	0.841870604987744	0.473807069498526	0.45184430405954	0.35940141167626	0.430004741542088	0.28049093137431	0.618109566112132	0.321135126772456	0.494436178128611	0.564478422468134	0.531492525367443	0.281414403261782	0.490241743315	0.49047675432268	0.11251086831955	0.621553570557445	0.724618427239114	0.632871634518722	0.635346890371276	0.782063205900833	0.723595499524575	0.598667105049182	0.564478422468134	0.782063205900832	0.610615078027505
"SRR11856063"	0.519516046798744	0.566242892004722	0.548523303392444	0.602705932628753	0.56442331053785	0.388273927683023	0.488482835797071	0.487065158933794	0.501499994516444	0.396052018865689	0.470127740791987	0.465383630469315	0.49918395464538	0.539263883542387	0.516489271284283	0.563558523904505	0.451084006254284	0.490854078703184	0.653805843573631	0.367278729312689	0.460967844591511	0.551667550802963	0.450660873426301	0.609460374228992	0.561498676874195	0.546668088689823	0.474176181880273	0.441540116990155	0.596464072860196	0.616427824692065	0.548717216734254	0.50988812158112	0.480313862464018	0.604370200068077	0.577520312448028	0.554200776545747	0.569107753773848	0.540568328584858	0.845275082941743	0.656449761951787	0.584426071289175	0.526413223886862	0.589952581576516	0.449403806647323	0.78465176627198	0.506544563703047	0.437174670009932	0.579595865252505	0.48823273941865	0.805447203559107	0.667877723630222	0.605805680218834	0.529950460338225	0.504259987227361	0.638736284996832	0.479758606968961	0.531644708481168	0.497359994263763	0.565255952549813	0.596296263218942	0.569314335795432	0.551650174052849	0.442481785450098	0.507921384021828	0.590686507213827	0.478285312450719	0.480822690247084	0.5383335988109	0.552313536639381	0.555514191197661	0.507714299273681	0.493478095008648	0.539839524407377	0.318348548715928	0.393987629885913	0.544010931100237	0.562668639906388	0.590686507213827	0.393987629885913	0.63476155445615
"SRR11856044"	0.668993438725349	0.232977894950169	0.232645909496258	0.332058221574681	0.60423442524676	0.263755144691675	0.438561047479842	0.479804313850282	0.805129165877049	0.491978391443741	0.364605856203543	0.456115408976756	0.41164500447388	0.319098470642932	0.534575727966592	0.761164850065523	0.155326044019824	0.260575742620488	0.734018174143224	0.581913700945665	0.348946501133764	0.43588549538022	0.465303686524124	0.486892256667342	0.547728343365134	0.447905629870067	0.413974462890988	0.407572286675626	0.310636084078976	0.46743782106591	0.357829822915748	0.425623952534317	0.720697888420133	0.67412375554479	0.373306022641118	0.164608188570766	0.483627533091836	0.405915060652961	0.688181963453658	0.443765343983534	0.626967635000334	0.434593521097761	0.434643179276658	0.433439353495238	0.709709844259284	0.42862743646086	0.745458001453964	0.646796920923018	0.543736700483166	0.698623426340508	0.722686801779763	0.480051471003771	0.475805851900558	0.502622467354562	0.442412590124572	0.612466190183258	0.440826768896591	0.446601544271568	0.39601510269625	0.495219299752037	0.425517376644845	0.517445430022884	0.390124967411473	0.429805602784855	0.488743196925082	0.370659075018223	0.373025894058476	0.481088696572463	0.437324850361618	0.415640963892646	0.443819338542123	0.650798084835818	0.322103117481179	0.633368098905648	0.427395329984869	0.46694460764953	0.609397431127374	0.488743196925082	0.427395329984868	0.517801557613291
"SRR11856062"	0.687414301725529	0.72916664408842	0.497711847778375	0.686819588951011	0.592051720150822	0.432981688596437	0.573665715821685	0.703079702208593	0.625899800383178	0.308863226843354	0.557261976317849	0.593665069044676	0.487571629897099	0.540741996105907	0.581249396089098	0.602981919503545	0.683702269070792	0.581428552540643	0.896753942180216	0.721148108847221	0.546322024584072	0.578995704453243	0.666236821464551	0.672438332232916	0.424642188500724	0.445880650902727	0.415479017356583	0.40457503611335	0.55691793611411	0.501178478237968	0.746728224039156	0.49174887156144	0.579395431899586	0.719937979091633	0.772634324158759	0.655869965864294	0.419044392837193	0.38614239934377	0.596673813507777	0.828690175719407	0.777628533346258	0.350390685187225	0.470489358650586	0.582913683846206	0.603296680573405	0.479445720468964	0.779171372230328	0.648678123876331	0.42644174624253	0.725857346495676	0.797643903616623	0.413092594510604	0.578395370520696	0.409157194956573	0.838510966140854	0.848355475010206	0.484428486379414	0.585145864676827	0.519642810732199	0.411022256988688	0.388710792474298	0.617790753598426	0.521468051678771	0.488812730141074	0.504877562034441	0.395683995689773	0.555153252128926	0.490555251541941	0.532703157816594	0.366274871433584	0.445658734824126	0.69224169148419	0.728628272437124	0.35430644047251	0.643470727729406	0.626302853880526	0.595384820325796	0.504877562034441	0.643470727729406	0.539047764773177
"SRR11856043"	0.149028181405561	0.00184704383968307	0.00270424925553854	0.0139067573206234	0.164686052109234	0.00653443862698286	0.0282844511515894	0.0125728045735306	0.321961004143412	0.0532942707933213	0.0162093779606002	0.0387787125179726	0.0327050953433555	0.00852479638496552	0.095011779538391	0.0927857333137526	0.00205966351519925	0.00301730506461042	0.517323856342731	0.338666098010463	0.0335360296617119	0.156810916780422	0.161242256881897	0.00915341949466728	0.0225563558612315	0.0406791776406082	0.0292138331797913	0.0261300404342911	0.00959361354382741	0.027621862167717	0.0136713521615216	0.0230020069765004	0.206471089901366	0.446410308566275	0.00672802636134581	0.000576434030688322	0.00260033361583629	0.101031871435504	0.00339766054231294	0.0297191263245192	0.106070136430527	0.0879528572152554	0.13142608752714	0.0899316990351105	0.0676901380879536	0.0863353955802121	0.143600639689775	0.390466898560079	0.0252492435213694	0.0447869669222384	0.165658454293573	0.00453134111876602	0.0487935594221347	0.0776105284110055	0.135409996996397	0.731945537680094	0.052478144282919	0.0613823983787674	0.0308248478383901	0.0574490657311038	0.0282964633555233	0.0905948978832203	0.00675794199402968	0.0467096709697845	0.00839654643747722	0.0173468411610869	0.00491428198180239	0.108885632661504	0.0336154413515272	0.00427984270588698	0.0240882474246215	0.087544334693506	0.00894623113530412	0.00738867682736628	0.114513626545049	0.0125185749249396	0.173934744781078	0.00839654643747724	0.114513626545048	0.0124763502312364
"SRR11856061"	0.329923436401293	0.00188735672289611	0.00270424925553854	0.0195622974337604	0.146145362322927	0.0115464098454251	0.0308299228048434	0.0265118291823357	0.561538657688123	0.0682056296127913	0.00871458575196172	0.0509529909454572	0.0450254182641346	0.00852479638496552	0.141473687078111	0.175904935748	0.00330772779622621	0.00138718954316994	0.865669809744698	0.711665667077077	0.0368722297284705	0.206286530842725	0.317148049228482	0.0115695320365536	0.0508679610990476	0.0513609147153016	0.0460179603474657	0.0422238374528471	0.00776421936558873	0.0216220532939282	0.0241406638381197	0.0153003774017053	0.440299125942185	0.505195613537878	0.00871326030227556	0.000291333332609558	0.00450282904838874	0.101031871435504	0.00339766054231294	0.0844068871902773	0.235409834910957	0.0965073819791781	0.106541199453229	0.206160640528422	0.0796367551732444	0.0863353955802121	0.343190900538104	0.503228238651548	0.0617859274802953	0.0403602501271783	0.256072623428338	0.00508262875968161	0.0667644667824623	0.125686651517462	0.276090282609287	0.771268138294551	0.0673059049964046	0.0677289550807692	0.0235928225253509	0.0781620680020322	0.0282964633555233	0.152173754628926	0.00545628576722084	0.0684872538032702	0.011935493204482	0.0263711639875494	0.00269766890149447	0.1291758054727	0.0459186496081767	0.00441083000393043	0.0397339228208443	0.124151202764005	0.0129212025357156	0.0109593368126793	0.279840522219079	0.0217290452229863	0.231032084012054	0.011935493204482	0.279840522219078	0.0185112850594903
"SRR11856042"	0.345162426227283	0.00224712154788667	0.00288874464851238	0.0313707617021244	0.170451720354114	0.0123701779016896	0.0448611519077283	0.0252630132353835	0.519186608455495	0.0740692138559178	0.0122037980071409	0.0885297938570423	0.0455283737231298	0.00852479638496552	0.123362880678377	0.162947573782646	0.00279839650562117	0.00327575795926529	0.665773367401625	0.631812222869362	0.0595976648135391	0.202647934918766	0.25886675624327	0.0170114521102535	0.0492125397857755	0.0555392095515651	0.0606600664073753	0.0563049807115246	0.0101336538242532	0.0274307631048531	0.0189746809215082	0.0230943465917879	0.460402270043589	0.454357854475144	0.00780739705255094	0.000265273954613538	0.00379976031542161	0.101031871435504	0.00339766054231294	0.068704046498249	0.173755795427098	0.0995641499392865	0.138188165136064	0.16972915726012	0.0961385587649553	0.0863353955802121	0.304097748344642	0.452922948057293	0.0836544277980115	0.0678487634783193	0.20879392089946	0.00480002466635634	0.0708471546424601	0.144798431653202	0.331904442835538	0.798539800750027	0.0650950294385253	0.100299009701855	0.0315355171946019	0.0764871956824635	0.0282964633555233	0.121232072036903	0.012715240844017	0.0773131886091668	0.0146970808872653	0.0290861318625411	0.00496408404886507	0.130431943383376	0.0528358519086525	0.00435470598767465	0.0393791403029776	0.148752974797962	0.0122003369549125	0.0259810705791558	0.226160330664277	0.030018084595541	0.2280378217228	0.0146970808872653	0.226160330664276	0.0233470751631583
"SRR11856060"	0.463224777238261	0.220515844616662	0.139119127018732	0.307250397312411	0.360061801874209	0.36273223914144	0.378420762790033	0.332954935052259	0.419860971372498	0.242362484475005	0.280087981996881	0.382038647503986	0.261437563153703	0.206114453763699	0.283428456531318	0.367346875896425	0.265248137089392	0.19829858145284	0.670525805759202	0.518724671100151	0.404709289624654	0.415475949262771	0.478987188564873	0.240867396231227	0.298159378243427	0.301441006495445	0.324144973111678	0.333602949095576	0.326228983920261	0.251131065146815	0.316318888506608	0.254242542198171	0.526563999346291	0.539646877997308	0.266305243331481	0.20633987365789	0.110481738332348	0.356848777506106	0.196382373759982	0.462650981250277	0.626358539989279	0.308392024945138	0.416789037750008	0.405103695868324	0.468501610075164	0.313888581365808	0.530744946589854	0.441640694350252	0.450655174792273	0.542933684755839	0.42025888382119	0.130899346385507	0.294736625851755	0.341512233121311	0.437746202556553	0.496051377373691	0.28901678329776	0.395618457156794	0.280711146929019	0.342820824965243	0.19980807437594	0.431030742165712	0.284171010745525	0.35746473450628	0.237375342559337	0.234475875438656	0.172343622343435	0.349704565743429	0.33390344589263	0.134742768389348	0.218703423497352	0.420580304001567	0.286817722876269	0.35851485458569	0.393678541428259	0.306358389133611	0.389088561922954	0.237375342559337	0.393678541428259	0.297943963465879
"SRR11856041"	0.107374611444231	0.00173124563596506	0.00270424925553854	0.00619904060272553	0.144892723685211	0.00582699432230287	0.0320204093191357	0.0175250358761671	0.463652324028283	0.0423405218437967	0.0143106708858753	0.0444221359315251	0.0283987922510939	0.00801995657613224	0.121934496506675	0.177219658913133	0.00236523461208698	0.00318491654089872	0.25778282892356	0.661946913631796	0.0295543287326564	0.0920461658212019	0.379652339134058	0.0263532681045992	0.0306875076969707	0.0406791776406082	0.0282991370936778	0.0261300404342911	0.0136414639692682	0.0274307631048531	0.0176752820710123	0.0182370842417772	0.116207874465651	0.558553205745526	0.0088114243510708	0.000275561465534005	0.00460360745122683	0.101031871435504	0.00339766054231294	0.0149569391213135	0.0579521630029782	0.0879528572152554	0.118182560607841	0.252125643397808	0.0676901380879536	0.0823116772031151	0.238336944931726	0.565151995878102	0.033903209581717	0.0447869669222384	0.321352470591781	0.00670473740066425	0.0654123072700862	0.0727438291737337	0.0129982616136567	0.653425330411212	0.0430147549363229	0.0380856931975689	0.0283510595995989	0.0526579220708383	0.0282964633555233	0.0678317748573926	0.00612762158009366	0.0407741498656119	0.0145223547002181	0.0152172546471268	0.00465327599951208	0.116323643268354	0.0321894051059611	0.00441660107020332	0.0307698357336819	0.115245578237662	0.00924436972069868	0.0083677176895423	0.262296973329086	0.0225484507325264	0.172270512829183	0.0145223547002181	0.262296973329085	0.0256880702829281
"SRR11856059"	0.547843112311205	0.510530743650531	0.518229935571963	0.54048552302809	0.519449430872988	0.280763375392794	0.442578286124779	0.555309390952553	0.660446042675232	0.454785304253125	0.360071404796367	0.55615861901771	0.583305354489403	0.505722318861084	0.617796949222549	0.615517524744485	0.537042006242434	0.40917011437488	0.767576437058017	0.599166554361693	0.514112206830873	0.570084302318993	0.537028105796551	0.696202298447453	0.599181859892293	0.515374004949407	0.464740528659407	0.427023877674352	0.539728178639093	0.546540570585168	0.698420188205643	0.508265588997559	0.436707745428524	0.627006167856258	0.582130518864747	0.522073054122775	0.617900245203706	0.527012576085499	0.815576339844711	0.6461324822991	0.426118460929511	0.516557775949725	0.619513324423795	0.49175242324252	0.768507547407519	0.504027783793571	0.517992082665635	0.650693520006344	0.469919381199783	0.772601639511815	0.706768185673164	0.558829739431243	0.586300925803892	0.502174007680384	0.550454920122905	0.657803711357716	0.5932426579445	0.545240017169712	0.516003848510456	0.562584698292652	0.549060893670902	0.59947994533479	0.410828803561284	0.500090245372472	0.544208810544936	0.531020649966211	0.428070941666474	0.532102024055352	0.512592524446055	0.524566341285234	0.571367137158591	0.623063508307607	0.604042234672871	0.352059033098972	0.542784185953882	0.61133520596757	0.580894342404688	0.544208810544935	0.542784185953882	0.574855000233934
"SRR11856040"	0.154672282951841	0.00163268154014886	0.00700690898616436	0.0331132983171773	0.185233530991182	0.00897756238347678	0.0272413693864224	0.00632919553563205	0.245319954589125	0.134261627547843	0.0120237094905848	0.0374188425680143	0.0682172684843294	0.0153655820383237	0.187425739800984	0.0703898965955109	0.00105979136986619	0.00375612587812167	0.418225166923709	0.0955208283262439	0.0478976163519833	0.243613480139955	0.0713973827541044	0.00512274279651626	0.0160501382271668	0.088384496105425	0.0538275289524787	0.0456345540720309	0.00941256344596032	0.0423823611059267	0.0050812868380822	0.0371946502614062	0.27242727635503	0.258629160973331	0.00430430493980536	0.000159756162528061	0.0080922334116804	0.134534785931289	0.012780866357457	0.0419285307189663	0.0514292181931397	0.145683757969814	0.133576535532637	0.0545417310340043	0.109611706002213	0.129741641678708	0.0269681118736307	0.31413908420112	0.0279322638662117	0.0485597411756259	0.097929655666801	0.0159682118837116	0.0569046274623945	0.174974942524218	0.2774966716702	0.36049781912594	0.108717522599663	0.0717255142560345	0.0388266508971187	0.0760391950592478	0.0929503745947592	0.119677079380886	0.0077044806028771	0.0817235283829078	0.0186239106503821	0.049374032369392	0.00651968768230506	0.154356355138876	0.0585163253100692	0.0133757028695128	0.0471307644211322	0.0504105868717688	0.00764245727081098	0.00564889544199179	0.0499796446473843	0.0132585396576933	0.209865712616151	0.0186239106503821	0.0499796446473842	0.022712724506856
"SRR11856058"	0.753889496691295	0.881175090875962	0.703695137999692	0.872380085850191	0.712856962900749	0.796364819138159	0.74178642843114	0.846842746521174	0.79047244778721	0.670385879875602	0.726107710299801	0.793990068345671	0.834260583806914	0.836028036228672	0.733835384210697	0.771706782996725	0.943788931491523	0.837462708654288	0.867870081663648	0.826325860065315	0.763006667378492	0.758851597356518	0.790232424619432	0.913359218381358	0.781634206735994	0.772890106711559	0.720515069212957	0.688356263958511	0.846217282604324	0.74797970690489	0.924273525008868	0.795166385485086	0.599371597450586	0.729289093923502	0.886714281643957	0.943996649671774	0.933527411188183	0.608712634617712	0.949037545513315	0.940089397897837	0.763297258161152	0.665641969057476	0.777014362599897	0.796725661699543	0.920319928089411	0.631691761697401	0.742600705676842	0.698487840342667	0.641581217214978	0.93153698601514	0.827056822329614	0.739955905337075	0.815720070128018	0.722468308232749	0.916749451476923	0.753200894471479	0.846429920498203	0.77772318553247	0.795967648552773	0.819698279875202	0.752710252999449	0.803939634626543	0.757677735945142	0.748252607743691	0.818806564833319	0.820423589929569	0.803384017041222	0.705699258856215	0.785951326270994	0.716685964047633	0.820192746356805	0.811120842017722	0.887231806376532	0.61782234840859	0.837705323605858	0.852790165088802	0.76441974709077	0.818806564833319	0.837705323605858	0.810370135009668
"SRR11856039"	0.107765511150218	0.00175235731142852	0.00515310274463448	0.0143692590801188	0.173215906726805	0.0130983383240975	0.0205118768824364	0.00554822191387732	0.119916619313061	0.0554501987886869	0.0117886355175787	0.0131199228335934	0.0202897569912347	0.00944846747587165	0.0442145474936363	0.0840880727597352	0.000803161757638573	0.00173403888290937	0.369906075460171	0.13987472977209	0.0215903100370996	0.110308100361517	0.114679591018053	0.00351849666019443	0.0136615309385663	0.0524232479046614	0.0455012956402563	0.0345868214603802	0.00968643649891034	0.0214964742416688	0.00231117134599903	0.0100462549985061	0.26572190153435	0.297387045850748	0.00455162974357242	0.000387550790376067	0.00407497743336922	0.122786996994986	0.00650548288574394	0.0177841844372411	0.0758598166323177	0.124212546635962	0.0709635353888493	0.117469495855705	0.0849677910760961	0.0970485281884196	0.0361419843477099	0.340627146521388	0.0287816415374253	0.0309057209254078	0.153660262373159	0.0114266202285528	0.0378711233751874	0.14583049943843	0.0590468824802739	0.197249915032093	0.0194513301024687	0.0194651969190103	0.029376097654995	0.0733411431916839	0.0472166828859742	0.0544229534066846	0.00301057357983491	0.0454869373667748	0.0154403081933568	0.0190832073142825	0.00318476266537491	0.113619422010903	0.0429284199851587	0.00711239564263643	0.03510441714923	0.0152878521593195	0.00391070457469814	0.00286899147737239	0.0679660440644067	0.00762030202165446	0.157300743171373	0.0154403081933567	0.0679660440644064	0.0246483073764903
"SRR11856057"	0.767805163507418	0.86817277083857	0.886910065489273	0.884234381567005	0.712399338721087	0.723712911008417	0.760321288578583	0.796025339716643	0.761391787730994	0.613574611185251	0.712366044919193	0.762956643580589	0.745368086682139	0.813893198356122	0.755134206819885	0.777857685500571	0.763414655218521	0.795880689341455	0.842520919882575	0.601496902671628	0.760255012318644	0.639915822191573	0.615796493416278	0.898209687095749	0.899167939846703	0.821211893371468	0.795903588322879	0.779011002870645	0.850443299756501	0.824854130193609	0.762384918663851	0.694615125521127	0.691492474035336	0.643374608903958	0.850337034756639	0.905674139226784	0.947259761963437	0.702411632374849	0.961653173518582	0.894943758593364	0.864689980763931	0.730304360550237	0.601280816120378	0.631773592048347	0.870770783759128	0.671428133777478	0.795846512808542	0.672248381671974	0.770326688833085	0.880429189622316	0.779841573664954	0.893964962115893	0.819490320657535	0.814467987850587	0.853172141642623	0.54651061197823	0.701644377281309	0.633216367467334	0.788064327285825	0.861678609626068	0.852357598343498	0.77153373270948	0.746589556112841	0.760429323129798	0.85459935884711	0.803156906923154	0.780867584423958	0.74213339499887	0.832040145321968	0.892990159516783	0.859434649558187	0.724480812928984	0.812144804434188	0.704608893216717	0.647571738830722	0.821884096592121	0.755784228828278	0.854599358847109	0.647571738830721	0.859856399625238
"SRR11856038"	0.293078346868101	0.324078553095162	0.290595555339548	0.313990663277998	0.492389278796357	0.308484578718374	0.331952433813136	0.215521516257582	0.195392031242012	0.171112797561957	0.318201759172239	0.204037616263518	0.151119551716592	0.270044697238885	0.191728000205616	0.399773136784047	0.0890294103229857	0.283388809606538	0.415652808203133	0.197809472704172	0.289906385006298	0.250651887868938	0.32755579834008	0.307399963418375	0.284947676125421	0.33129893150893	0.347577523639596	0.30118995566392	0.434473338602279	0.302668027132489	0.127440301275213	0.199165606813648	0.370893866151757	0.400850597605096	0.319112737926851	0.176686873285964	0.182963822596584	0.437391329807811	0.535159929953265	0.224528183482207	0.414619731414065	0.382909974581855	0.31446850259691	0.338480877202299	0.646383551339413	0.357530847020164	0.302258252843037	0.45837905004764	0.346748577535934	0.663096706041073	0.479630581457027	0.311430531307802	0.310160487411267	0.388225494185044	0.205388569645396	0.289516052165136	0.103873027427493	0.178483375541877	0.414684069041127	0.478016708753658	0.321042036795437	0.257558324867073	0.214993569166741	0.274512570806121	0.339232490868224	0.181069143426018	0.268918095271731	0.367269662336777	0.364715552053469	0.255309732285933	0.282928847137249	0.171877188355358	0.185106762618695	0.320354353303626	0.216737436825256	0.225515088308305	0.376062803063433	0.339232490868223	0.216737436825256	0.432471255419508
"SRR11856055"	0.730481836468779	0.750442063496766	0.761247289866627	0.709057632864186	0.588080229730483	0.375697386270827	0.579258313698587	0.789287214589923	0.841095383155068	0.538994784808219	0.509606169774381	0.640652735084864	0.72442145507341	0.699585467332251	0.798659976334144	0.769105442039565	0.787224775470637	0.466092033829502	0.899805452632808	0.824126252681169	0.567486228906442	0.644911259687211	0.749680438253974	0.831643217621202	0.725193631539118	0.675151698253462	0.621001676502261	0.558671514863709	0.652670102963624	0.582244879342297	0.878729353732054	0.557963554953719	0.565937302585442	0.75951457351514	0.814549829395656	0.839775747674796	0.89966945538774	0.627270930842006	0.893241578876123	0.85102655310979	0.607367762792971	0.592622482029357	0.601779865339785	0.663726227137637	0.75464657039287	0.602829419860462	0.739761055561156	0.753050524847857	0.523916271733806	0.718525125514523	0.842885016018239	0.77108324955599	0.766952238273271	0.640075761986005	0.834013036171716	0.8106360190906	0.703180099579461	0.579428976239202	0.624058735508894	0.721593106044136	0.730950111743266	0.715548010631185	0.460400492144448	0.62481294582759	0.676402775661742	0.695792342381781	0.526828588242672	0.64771221650234	0.671087742689715	0.771195043580638	0.774103835335553	0.779689423376548	0.798507297325123	0.390354371859057	0.77152719918281	0.734225556304251	0.709586986628512	0.676402775661741	0.77152719918281	0.680191162037325
"SRR11856037"	0.547135224926392	0.463998969054533	0.298181708962754	0.49828068508229	0.556559200455888	0.323329392407578	0.470039166008416	0.441059683177357	0.54198943064991	0.226645334983338	0.431523894420573	0.383563331751752	0.316536831915012	0.400186103712351	0.440751275041734	0.536765816245661	0.269630207624714	0.377901373526019	0.567962961453538	0.315745828677797	0.450687140168347	0.483389151712419	0.36644281914306	0.4001194217305	0.518719931588927	0.492817448231326	0.402921855839586	0.38292977738886	0.498260547779871	0.573497767476118	0.404293044381022	0.405872187101369	0.556066449995365	0.540254682539352	0.477970300395336	0.398196820084419	0.289365164980032	0.447330524227196	0.659230919557775	0.66957403962105	0.665667050747155	0.402537387978418	0.47652126218257	0.339865549096619	0.70189697425201	0.399523307310003	0.552866071900147	0.522293447420432	0.556082424799056	0.782657856291539	0.530655366047002	0.360911039470442	0.422073645947225	0.405282739848609	0.671811263254124	0.494182401756539	0.444203734520537	0.418386373098106	0.48966800716043	0.538890967076981	0.406049667215217	0.499764807276291	0.398354469155585	0.466036709751114	0.428127926422872	0.279490164879735	0.360465647981695	0.496148810296438	0.516329739372056	0.351437435122739	0.295772288351952	0.47714458357013	0.426927283694206	0.592804642639797	0.286955805554978	0.37617405513205	0.541526177106035	0.428127926422872	0.286955805554978	0.504573868077236
"SRR11856054"	0.701075493653416	0.575174215267748	0.367255881900343	0.596156517728493	0.581715448448359	0.624652477609203	0.482984322372806	0.695407852756686	0.707644877966307	0.205948684856915	0.399233084683283	0.52138309876209	0.341502362029756	0.407732501902061	0.56533063988804	0.768290668378414	0.725480519525489	0.495266664968029	0.940364684385031	0.92539497915831	0.418696943627493	0.46887935574044	0.888997855652224	0.859556119003634	0.603572008581781	0.38128692359672	0.370316760719856	0.33640544269197	0.595367263674323	0.422227576536216	0.788003080839522	0.375150285565074	0.558581068768166	0.800463523649321	0.711658928159169	0.656428542966544	0.538847441129646	0.477615127618265	0.395511459438152	0.631809331804514	0.810192241817349	0.381492837917569	0.554814276401074	0.858822427725882	0.474308053419788	0.409626189909221	0.854484461794799	0.761518155734788	0.502583449680976	0.590689609291303	0.875070804678099	0.419713571232266	0.573701455398187	0.356794707170813	0.689784379436979	0.847235819569196	0.35422194288023	0.504098437285492	0.542808034968473	0.58735898101061	0.328421246958318	0.543865523654512	0.395089642493617	0.378304156918404	0.518952569711912	0.271958058070926	0.429613628149305	0.46055107846555	0.448927450265387	0.341033736886365	0.423537368680593	0.688306008435937	0.593407643290109	0.439394757772438	0.850579272970277	0.649371434212523	0.57089048681294	0.518952569711911	0.850579272970276	0.629465835269581
"SRR11856036"	0.149855086631111	0.0015914986827598	0.00270424925553854	0.0186804870079878	0.155933632987691	0.0116770841898312	0.0243888527792677	0.00829323293235707	0.200306506532681	0.0397218675130921	0.0120237094905848	0.0252971122792943	0.0200917310074037	0.00788612911223732	0.0597695725373244	0.0808995883922319	0.00109379722660536	0.00331328628159661	0.533276747112296	0.219822064933681	0.0285401808895385	0.126057460985721	0.122353458412485	0.00676994627040824	0.0160514751714947	0.0406791776406082	0.0278461504404019	0.0261300404342911	0.00882017618420237	0.0277050129877211	0.00564300721778459	0.0173189446174674	0.252257301131551	0.464876402540885	0.00548990582770048	0.0003368562245985	0.00217337797627294	0.101031871435504	0.00101782385189875	0.0185248636984795	0.121713244262141	0.0879528572152554	0.0976617155357343	0.0996124340051324	0.0231144959196572	0.0812332542715351	0.0825146634896078	0.355226840459524	0.0257519151856775	0.0153968944150744	0.180944838253044	0.00530746190903894	0.0390152946758434	0.0754854454149029	0.123459794239226	0.565230337973313	0.0299709848771623	0.0441320555506507	0.0297380778052591	0.0515558541422601	0.0282964633555233	0.0692983251680521	0.0059644384705643	0.0401079694413263	0.0101215509026491	0.0127897358774526	0.00472942243523831	0.103565964818688	0.0329958345299535	0.00417970204744863	0.0200146759906228	0.0398635514317394	0.00526771549301117	0.00563474380288198	0.0821252241855264	0.00958083831479544	0.141272802951332	0.0101215509026491	0.082125224185526	0.016713138475759
"SRR11856053"	0.569466215556978	0.361950141337178	0.21980758007802	0.488619417023553	0.551600161894882	0.335451250275362	0.455433908212811	0.434202850278855	0.420602240910213	0.276340014687423	0.352784441755997	0.445106450795581	0.319018558979602	0.292117357812647	0.323257933760808	0.428480074895202	0.297041155242279	0.292150101599438	0.764788427628826	0.400980670848632	0.41451716478362	0.529446109687859	0.345003187133198	0.329383386162652	0.374491029763763	0.358926549056171	0.383332000428268	0.394459732660692	0.333294593035539	0.319387810836496	0.431334685287818	0.343168369788732	0.641341904101805	0.52156816402057	0.385970759856998	0.275239326983638	0.141834707961306	0.408072278143432	0.170692267035277	0.697059391568067	0.678071798370664	0.349220504898566	0.517523462582305	0.318121868472357	0.365954116769741	0.361807190881387	0.52846977664061	0.442528675868907	0.476386676753772	0.463412071707449	0.501151801934714	0.18846405042545	0.350634812153038	0.443220715990152	0.718208957470466	0.631588276449184	0.330701790477261	0.495908434969276	0.441281332027052	0.536454461726778	0.250622564523769	0.511365464327416	0.38588416109916	0.441416698928422	0.305296443098457	0.292627154706666	0.288326195661185	0.390712584115937	0.446214087383695	0.20252364587606	0.269359259628773	0.438007222050529	0.397264542403207	0.337994817907253	0.32539608544466	0.380635220695271	0.518301192464496	0.305296443098458	0.32539608544466	0.366242270013871
"SRR11856035"	0.283642706058525	0.0822963502831726	0.0650509140703385	0.125352317573637	0.363635198976705	0.152882108489185	0.140511358202784	0.110535795661915	0.240259604253233	0.145100962881837	0.128838905374583	0.0886700313068716	0.0966660140043855	0.104749645902896	0.162610868220696	0.316774592422151	0.0660335910357074	0.052920611009898	0.54090397417438	0.323192017478234	0.100879101434282	0.282110933813159	0.374476973631058	0.0896068594913331	0.148884873223857	0.176229789709655	0.153643013207504	0.12797104754195	0.169587925998936	0.190793279927899	0.0926993630513989	0.0948621356040312	0.392173376127921	0.410309763856956	0.124427867621075	0.094789123442467	0.0467831745486262	0.285314322803068	0.0693099450146582	0.173829866103228	0.228852317583728	0.253725763364697	0.27416337142463	0.380684641839962	0.218877261553287	0.233765347727279	0.157421384282581	0.482700839917707	0.205482343901179	0.195808444304596	0.436605761093862	0.10231811044237	0.155046205117711	0.21127383038152	0.260823659311008	0.349217827275713	0.120159827581182	0.134642086998165	0.185974278693702	0.253004943953433	0.138179494586741	0.20964453942156	0.0582928202220314	0.173533169207465	0.145802663652257	0.0795687849276701	0.0600885913081513	0.264619521399938	0.187137330536361	0.0682850784763321	0.112595963012126	0.12508133812476	0.0901001024671094	0.0678739338517726	0.240877405437384	0.104016938829798	0.318354207514022	0.145802663652257	0.240877405437383	0.217593242983258
"SRR11856052"	0.67850151689744	0.35947924848576	0.218268391819593	0.364326520941515	0.462719343816967	0.28607577430715	0.371147941520113	0.637149532690557	0.751414109909514	0.266161008737825	0.235299934961569	0.441241042834796	0.383325335834011	0.290568620214386	0.539810314757815	0.615523776526837	0.505410602674476	0.134142521174312	0.937099650185852	0.866448747668802	0.367034465293963	0.525136035284672	0.692361480676396	0.45876531145969	0.535084102932895	0.347623893170456	0.37094332702526	0.3428838747425	0.353310437809997	0.263340935143714	0.733881586826821	0.246571890509893	0.631373586274313	0.742743293775653	0.527736766590744	0.380390770897071	0.288305904010781	0.407223535643906	0.201446298053712	0.638957076689577	0.722158835770221	0.344252236875586	0.42837047227042	0.581190719259889	0.371414425007816	0.361005902490801	0.807382213421271	0.651113145785895	0.448974267768187	0.381136986749925	0.736458290156583	0.195553574610609	0.468655885877277	0.403805350542224	0.721677583895016	0.876601442161163	0.39987026549402	0.435592282082977	0.343071572403355	0.519289524522804	0.24973523764744	0.590791881417981	0.227941151878684	0.41658278084973	0.26849314237796	0.307477979461604	0.167764789842363	0.423150876109056	0.409764133950362	0.212382516929338	0.374609340907637	0.634709041354444	0.522758515289217	0.252113731818073	0.708376379625882	0.439738654869286	0.570105446056712	0.26849314237796	0.708376379625881	0.320380760718413
"SRR11856033"	0.357140648344628	0.201807739565098	0.147313954129723	0.273481847661006	0.470677438216108	0.144683013478569	0.264355363164164	0.243263521904284	0.302752348088287	0.194872853066893	0.26687028402027	0.246799524108108	0.221637810780915	0.215376150639601	0.262193961479612	0.349452304721401	0.124713933765242	0.181689168770214	0.601777503818718	0.229499190222178	0.296500444613976	0.4296806957424	0.235461396742947	0.224111520741238	0.212830365480056	0.251903072107408	0.227758142874945	0.207014980577223	0.269028535634087	0.258888600911785	0.303741942903095	0.271163141621392	0.40007884534845	0.507538882593077	0.268818731387868	0.142219883583993	0.0771489554264483	0.362859720040471	0.312136293012357	0.389935998702089	0.491519948790916	0.288583894006855	0.440479332857443	0.215434740928705	0.522589939500188	0.319466043383058	0.36552414257443	0.44756125078416	0.275270603903441	0.584082594971565	0.4580076858427	0.151246903282717	0.250724421457737	0.26541560834652	0.420675648377574	0.526119078897178	0.251406212482166	0.349063697344922	0.343161236530786	0.380582619673734	0.205481873931042	0.358851546052185	0.206824845718314	0.282091896270771	0.204283992071348	0.170894341676788	0.197820405704562	0.319986332205974	0.285170921118669	0.140993492901687	0.167392032769604	0.287984146034715	0.232556357746479	0.240741756980772	0.195470024922609	0.221423834294628	0.4060073554081	0.204283992071348	0.195470024922609	0.25814783769932
"SRR11856051"	0.359931081706479	0.354728707928444	0.208761664067708	0.301515786531546	0.580754224469931	0.184701799151687	0.338785139508832	0.32408527182569	0.325946913562082	0.219257115073082	0.333103336369654	0.299318896257016	0.26642853025539	0.280935411900681	0.302365635474572	0.416374607560614	0.271969577348942	0.280282825799657	0.396492851006632	0.325157314715514	0.352168275321898	0.466090643457077	0.33333947167281	0.314015418135938	0.227546593168478	0.293736308937592	0.276296815456205	0.247661177123047	0.425821628488893	0.309054869244511	0.407082302994554	0.336559605211621	0.396249966712809	0.490147167025842	0.366403289533319	0.251790826300004	0.130355974746003	0.401895676181309	0.427601257440889	0.544716901927967	0.287732299458191	0.319547876850346	0.547210289332124	0.338043356901825	0.590721115415321	0.355981648612645	0.282958628507735	0.480312363794946	0.301270524260122	0.665086043689365	0.545077701459135	0.214437037675958	0.299183255426517	0.323983078955132	0.409890246091378	0.537299872035863	0.304839955023882	0.385446218673161	0.450399994777339	0.471398437737093	0.244199939224129	0.356815439845934	0.27437051140721	0.338003877304357	0.282406294532619	0.211130504314518	0.282851964495665	0.353463553819585	0.357884660362081	0.193022639002621	0.206198480855198	0.328901756540086	0.346385698903596	0.181333663715736	0.290918273208632	0.304590321071283	0.487573462698667	0.282406294532619	0.290918273208632	0.349944081192455
"SRR11856032"	0.472551419999275	0.755555804084769	0.515288674461687	0.585642830381061	0.63168439018829	0.442634820897526	0.521408650780546	0.583514027210922	0.327089360964368	0.314158414439982	0.591910067175365	0.466966022207829	0.427965640371548	0.555263091571879	0.399329799790644	0.564524204508679	0.667080553902355	0.624848445563627	0.445393748109985	0.332753923731487	0.556776743307128	0.571279243482337	0.42840853566149	0.613070175529114	0.438107311648372	0.454562400506628	0.448519191988588	0.413886060582527	0.71364520025585	0.509197690614575	0.692472213378606	0.554356324983603	0.478120703921785	0.503787690626696	0.691247161537599	0.754848470099245	0.345119615613808	0.536635057072292	0.700818740430424	0.67842650447289	0.527297910407579	0.431939851873276	0.667175250166984	0.471752252276613	0.693153659420289	0.486221580526984	0.454241329668754	0.508425777025386	0.567455394004438	0.797992421830714	0.635144814877352	0.487293787067225	0.448608056956839	0.405752440297672	0.487817255449287	0.398335557054888	0.451012525928151	0.569009099470463	0.639638153161074	0.616953061825926	0.401986447206182	0.483376021220214	0.562301404937212	0.494023952823082	0.559238198266696	0.37943256017014	0.576877230979363	0.463125606862549	0.536803224182734	0.448428936392028	0.347143271104284	0.457319350814657	0.646726982129858	0.620061763891378	0.379929439041486	0.563224828412673	0.54170574760445	0.559238198266695	0.379929439041486	0.628402596858245
"SRR11856050"	0.170040517691082	0.00158690512716766	0.00137830538767305	0.0299025337870781	0.196197026950186	0.00711931793163629	0.0295966113291195	0.00704607897097641	0.323447900648514	0.0894395214057952	0.0154847328234456	0.0342258140883181	0.0447828169053385	0.013970147815351	0.0586666843415973	0.126594694847446	0.000604332112539364	0.00354794044360508	0.461685980728163	0.143175101446876	0.0286905366029045	0.157646152257307	0.0937257543106655	0.011901063704697	0.0233479256839453	0.092055547073588	0.0534122700868411	0.0509864954011153	0.014178674690048	0.0440083583171014	0.00400996550370764	0.0251122999101771	0.262879383752469	0.423083505944759	0.00524387990694297	0.000166114189552446	0.0041835496600369	0.0798772216470923	0.0013572411849535	0.0308907429530619	0.091227462793148	0.147148256002084	0.11304223295999	0.0831471801857733	0.0516982543291594	0.0818666158105782	0.0637976779572749	0.44346767073123	0.0348785335646687	0.0222741917648646	0.218771420756147	0.00638301475475823	0.0721495310302356	0.182320132684696	0.199325746912936	0.496461857041273	0.0603343101285671	0.0428092549008561	0.0404695242599277	0.0884331296798601	0.0555737941176988	0.0986809243881634	0.00636663916507215	0.0684672059184384	0.0280001625535184	0.0363887924604173	0.00643802590943296	0.165632913907943	0.0611226972727916	0.00312941795502859	0.0573211383145602	0.0465211802915445	0.00602009708217722	0.0061770899971931	0.0637911883711729	0.0169570862040449	0.216986609141057	0.0280001625535184	0.0637911883711727	0.0406882285347811
"SRR11856031"	0.552616830556926	0.234572353321499	0.346056848441649	0.451346184729764	0.49778796648395	0.310933558929764	0.432687264230113	0.315161892682567	0.682070844095625	0.312870254124353	0.291781558529648	0.409111626868307	0.348106063575108	0.337139399071052	0.501403267755912	0.597074107173753	0.127549637562671	0.249889598101827	0.68340284674891	0.536816687880886	0.341031718174833	0.364300061882248	0.520827556038642	0.473202083686828	0.365923290075873	0.552850858771638	0.489056807535457	0.48337775434028	0.282151952770568	0.413458174740369	0.158785688882519	0.260788683989746	0.541334806262637	0.564542756373059	0.331748284104548	0.235616834011123	0.471791538134043	0.38718205152868	0.419509658082663	0.350543412066768	0.574762386305863	0.418588707991592	0.263380335197788	0.524477869945234	0.460603218859589	0.402431271113997	0.542053028748507	0.660259050117791	0.455670501850158	0.426161782299198	0.65457227114533	0.513157326754852	0.52777257498987	0.609394735482155	0.623646691089397	0.632127602550524	0.345755308629981	0.24647149150218	0.365939152587638	0.452373355633776	0.550015143778975	0.496545748803117	0.252513628110702	0.46075056069419	0.561033693164175	0.38781236179679	0.256737935980884	0.526037692795189	0.536536857425654	0.391397551732236	0.510244049780351	0.417200905670932	0.270807827532496	0.214333286103106	0.44371352643358	0.449147580504703	0.568253677782021	0.561033693164175	0.443713526433579	0.625977595361241
"SRR11856049"	0.528297809278474	0.75420451163746	0.559995835329281	0.638465211652189	0.670660649006661	0.680922183944929	0.540178552618642	0.578604306417226	0.432137701208456	0.211402227390903	0.57409942306075	0.39129490698993	0.321991928221631	0.597064099302586	0.449641092138421	0.616561996020865	0.606213500919312	0.691580266018411	0.541395391112126	0.383891815853045	0.503183136733117	0.461853934784456	0.564271779076795	0.631192480172042	0.452072018349349	0.570589247454044	0.440291058577147	0.437980746735088	0.708153053179608	0.63150003227406	0.531551030315943	0.505678396399239	0.51223808041756	0.478436619943755	0.728397906641622	0.894318726927419	0.551035355254943	0.55406425173832	0.73874507392938	0.59548967384534	0.58857826762109	0.447270388137928	0.492193532596475	0.595484885499778	0.648499408804206	0.484398636638345	0.428464971595009	0.562162058032039	0.521240479183962	0.769887597009613	0.628925644025901	0.612278464386116	0.515092137148138	0.431662166765177	0.499427868756497	0.331562908803917	0.401920069391929	0.41793267852935	0.678833086059667	0.655567008071511	0.526879778422183	0.503275255574252	0.540945583139251	0.497573845946658	0.621402837418437	0.309052500552455	0.612651439908266	0.541999321525445	0.617370553051136	0.569633284061112	0.369633090342993	0.451850398006187	0.568259361682006	0.473932209006302	0.436961058572411	0.490489736000816	0.57618366575722	0.621402837418436	0.436961058572411	0.702327400015869
"SRR11856030"	0.722471423079656	0.888825963731176	0.702965596649449	0.826411448230146	0.663723104604022	0.796829819893285	0.656477251134179	0.801883753655126	0.539683548157127	0.377590359707687	0.654529676791704	0.661246348857037	0.579659194047147	0.708711367090165	0.593002397937609	0.653240477102056	0.9047143492251	0.80907406725992	0.885390500185203	0.748008916811018	0.670203060135709	0.66120552312581	0.737982425138939	0.773425281081768	0.575097006627997	0.554011547283164	0.509195467477115	0.522574070958388	0.723577083746972	0.629532461343724	0.851650888474716	0.646797422960692	0.639942880688498	0.651115117244159	0.873023034843939	0.896180805445436	0.650942783909984	0.515306573476823	0.908151308537564	0.910029739789482	0.870556650643175	0.446419066602819	0.606467030831047	0.745246709828757	0.858113995923193	0.563078916419512	0.796300247444816	0.601244721504886	0.602073955889612	0.922820351321067	0.759109166364605	0.593317431038878	0.635983891697706	0.475303359086975	0.784729313124245	0.618958774107333	0.591761430015222	0.701845470370449	0.685006718655853	0.585909693656914	0.502706113416914	0.679008632607862	0.707362654904669	0.593358130764626	0.648357354661252	0.514489123852987	0.737905159895743	0.551947526251628	0.649922086667083	0.575950672008228	0.524687913135574	0.67943926514371	0.836565104888835	0.700964442661633	0.745986909137477	0.722115598682444	0.630797397398819	0.648357354661252	0.745986909137477	0.675998375235758
"SRR11856048"	0.524282192326395	0.115269709645329	0.141357638302489	0.336239894054059	0.348461415334892	0.13223551072901	0.225178307394818	0.178112897224069	0.638567019496338	0.271074583573635	0.139720041781863	0.30168127024803	0.328442902766524	0.195203217181853	0.468811939820297	0.417119247875407	0.0955751518187271	0.112622134797064	0.853108739835512	0.573367433685884	0.26366057923473	0.443475731095528	0.479706924066976	0.21635118874364	0.11516499316776	0.315257296078476	0.243568733508577	0.208526551314841	0.17730379132976	0.257905410776845	0.154991411255029	0.211325034367893	0.46553022835275	0.629088175250817	0.201225939626579	0.03143215744158	0.137315194801049	0.210238135058764	0.143618400866383	0.474070923268437	0.539237440021758	0.240576035467226	0.25039988302496	0.428730822020608	0.252083283190304	0.320658015551407	0.477758810803217	0.651186252978495	0.205557458675596	0.227917769002361	0.626032363632369	0.222351549412751	0.356035258431997	0.334815917419748	0.737681881094639	0.780615113130631	0.397061080006006	0.293681037455973	0.16792080362368	0.133203927990643	0.312836070729794	0.452010902195018	0.121568137218178	0.301474157734104	0.293151191578595	0.2478085774771	0.127383377671824	0.381942307975268	0.288122792200074	0.13070560118235	0.276662130489841	0.399042027124605	0.238905845955691	0.0866045308423316	0.416989264188392	0.298377222694915	0.449132966478363	0.293151191578595	0.416989264188392	0.325701997549745
"SRR11856029"	0.561485651634699	0.261893884661603	0.373146442089849	0.481673839852975	0.462106071178131	0.182821823487883	0.404898604692489	0.410116129853288	0.649904375345703	0.50490931281092	0.227203592457466	0.550748413022343	0.550869037449548	0.354384218140455	0.533320286569059	0.608395256116126	0.298261249011726	0.221009275326796	0.803132564116936	0.52391447321971	0.496628318519714	0.547178595369539	0.456914501681089	0.640626118477899	0.651787120552135	0.478401424480643	0.515344620089965	0.46492786220717	0.409745131185699	0.451870509998779	0.463242764682422	0.380791794031062	0.530439266034105	0.631825120466129	0.347210786468401	0.394341693632366	0.47470897393868	0.465568264920013	0.395083688010204	0.573614414410966	0.680593309248237	0.519756827423266	0.571769092798795	0.410804061880643	0.483464996779677	0.448590986712605	0.652267275603087	0.646336131709715	0.574200647229	0.433395198618346	0.686229348986235	0.480105649932119	0.521328612552802	0.597882913418257	0.708310570073208	0.753829566468484	0.51022516323036	0.488322292311373	0.394545673353413	0.554254995968159	0.488609296177731	0.585033421605182	0.315672490867907	0.494275868326677	0.553351228434	0.547254562831008	0.264783676381086	0.496808452030535	0.477990608167645	0.388733951038168	0.579172316501303	0.55740385501832	0.422098772584693	0.32271929217825	0.426742921391949	0.613853167892994	0.561175268498227	0.553351228434	0.426742921391948	0.60169678994288
"SRR11856047"	0.705788575309918	0.467232853791378	0.277786026637026	0.519817505767108	0.58206311788856	0.288417696570646	0.457978199943844	0.635851302809627	0.846814910872587	0.277906034719513	0.349202897692877	0.56393289730334	0.469684327684927	0.408668474698304	0.687940720471339	0.68955344897691	0.594636269734873	0.368975909960514	0.736879797575673	0.831625043733409	0.41129438698056	0.586584893447108	0.675206996125121	0.644540270164575	0.527979821413676	0.508952231564219	0.360659556275079	0.380147242114761	0.507230089026668	0.497566705412256	0.734578644242683	0.472420024534964	0.588828035833948	0.75559062069712	0.574686916519509	0.504804717197811	0.481223720833018	0.437742336188072	0.259502284268216	0.771547070213865	0.596616368100467	0.36486140241488	0.575457144599198	0.633598384491421	0.322590214018845	0.40437925470604	0.748837145131669	0.690396763453294	0.499981287472251	0.425970551971877	0.754245519504359	0.360029384190046	0.562764242032628	0.420969550233493	0.636154088878157	0.738012582162179	0.65974672247159	0.562118632300773	0.492381512815025	0.562645064320334	0.418888534401144	0.601375733194531	0.412855262249305	0.513705931062006	0.437163843777287	0.355388005581187	0.351534182828562	0.52838262498915	0.530632066643025	0.363719323286621	0.373841932700733	0.735005745728836	0.6037678151051	0.443632317093327	0.694071904403139	0.553053175129528	0.656435243912042	0.437163843777287	0.694071904403139	0.501365140315786
"SRR11856028"	0.677412787797281	0.248673362992819	0.194193117123758	0.543112087962116	0.529286965368298	0.114548008350127	0.437653580369154	0.488470394711511	0.799330414171947	0.47311097424099	0.237499422429175	0.598726636513228	0.573304465392986	0.372894213507648	0.56076315529081	0.605212753747242	0.263432831559525	0.226311507172776	0.733996840329015	0.611295982375345	0.473406727737198	0.599464356721111	0.452588748146887	0.566698551220747	0.568908481221415	0.540096857362529	0.498649708246974	0.48362741640123	0.28179774902799	0.39809699043965	0.536913740133834	0.419461815581213	0.621192159588531	0.663047434708116	0.38807475541294	0.258521896543754	0.396029975643294	0.388320879720434	0.266978438080631	0.743186661343069	0.646857330021064	0.453706530505982	0.54752110152512	0.348618572936411	0.486314804289217	0.39268474629364	0.724933473274996	0.631501042292352	0.501738182449457	0.466435669571115	0.649120666635979	0.274302849429257	0.57166847218678	0.615602934410356	0.722127181339185	0.697678825361349	0.605058912226188	0.534620861307615	0.429940199607287	0.612170031406311	0.447006029250076	0.5963579268299	0.34861048845377	0.55100434171886	0.449469051331499	0.540858528289635	0.278732463701446	0.528179403007025	0.542277292815834	0.25572281477265	0.546476740528665	0.683623936163609	0.46114145487099	0.381176011489504	0.467152477978872	0.548881463771007	0.646634067190541	0.449469051331499	0.467152477978872	0.473409696940391
