"Model_1"	"Model_2"	"Model_3"	"Model_4"	"Model_5"	"Model_6"	"Model_7"	"Model_8"	"Model_9"	"Model_10"	"Model_11"	"Model_12"	"Model_13"	"Model_14"	"Model_15"	"Model_16"	"Model_17"	"Model_18"	"Model_19"	"Model_20"	"Model_21"	"Model_22"	"Model_23"	"Model_24"	"Model_25"	"Model_26"	"Model_27"	"Model_28"	"Model_29"	"Model_30"	"Model_31"	"Model_32"	"Model_33"	"Model_34"	"Model_35"	"Model_36"	"Model_37"	"Model_38"	"Model_39"	"Model_40"	"Model_41"	"Model_42"	"Model_43"	"Model_44"	"Model_45"	"Model_46"	"Model_47"	"Model_48"	"Model_49"	"Model_50"	"Model_51"	"Model_52"	"Model_53"	"Model_54"	"Model_55"	"Model_56"	"Model_57"	"Model_58"	"Model_59"	"Model_60"	"Model_61"	"Model_62"	"Model_63"	"Model_64"	"Model_65"	"Model_66"	"Model_67"	"Model_68"	"Model_69"	"Model_70"	"Model_71"	"Model_72"	"Model_73"	"Model_74"	"Model_75"	"Model_76"	"Model_77"	"Model_78"	"Model_79"	"Model_80"
"SRR11856064"	0.278103880031793	0.341009020737306	0.187094680616275	0.194145268037864	0.355802541828188	0.740108339399095	0.174401437369414	0.239388845925658	0.350995800099965	0.133489692850737	0.135476671341577	0.224674140497859	0.299442956106423	0.631004127443372	0.625305116631561	0.226124567612026	0.152875870388508	0.251757368535473	0.230167792184184	0.200689395533879	0.236885641139607	0.156220585340486	0.225908086360516	0.135642800254037	0.20901719543076	0.0910253341759347	0.278864513231072	0.208865771531012	0.223829363110031	0.301170572531785	0.250671001551364	0.151149355753927	0.0857246927207526	0.307016501732701	0.366835074308262	0.13435773885383	0.19147499728823	0.358390706342998	0.631004127443372	0.342499188332539	0.317142205973203	0.439926639805375	0.230218877832843	0.240099283549261	0.270374178616928	0.430530896341404	0.547336331243887	0.192457961653225	0.11992121822045	0.319506565180283	0.257182699543108	0.133339827889573	0.180382414370752	0.16252570598499	0.16143518907949	0.270736521866169	0.109373867621585	0.321068767618473	0.133339827889573	0.460742929054637	0.0869115310309263	0.231244721341693	0.180098366451076	0.238106290159847	0.26364928263079	0.180098366451076	0.397676819828577	0.209421208774105	0.289059457021016	0.26195992484996	0.188733429280397	0.41413794081999	0.274287476329961	0.262034266684404	0.24098065418857	0.242711769025683	0.236475246529026	0.460742929054637	0.245920842564911	0.224466379811207
"SRR11856046"	0.287088461034507	0.33198619576846	0.22647366854265	0.189451171221235	0.354152739796905	0.573212273535078	0.132327064163875	0.24200801898477	0.346692958156501	0.13131857461159	0.310800927340675	0.290951121082983	0.293329205006495	0.415803656379839	0.461566377195752	0.21646437438814	0.18379109405882	0.441267720824957	0.253080740808132	0.211231991858449	0.417024345851281	0.139451907821113	0.387855836749887	0.324409551046701	0.206895301745087	0.188696350455122	0.42303005957172	0.213725300358304	0.222524244771273	0.349689249793891	0.211271378822525	0.266064908454299	0.0977637900954978	0.302217039050097	0.442411677643789	0.141420666737606	0.208290581754555	0.352186963968599	0.415803656379839	0.307306472627805	0.326145011963926	0.522254603534217	0.192497630429158	0.236612484220041	0.243579606677848	0.416888707740161	0.547336331243887	0.195501802227507	0.232895596291175	0.416042526623188	0.247654709453164	0.174244775407035	0.166201316664324	0.164077113483657	0.194076637157321	0.334651813265596	0.223083470291175	0.216331082388118	0.174244775407035	0.464368861781457	0.163939092446754	0.278832017222931	0.177677899086963	0.261791378612418	0.356522399613515	0.177677899086963	0.385435284824806	0.206178194492076	0.271875438489092	0.234531200144287	0.213073836601203	0.338357037204187	0.463968766705951	0.282212008320805	0.235994863859322	0.238756126123822	0.227029421304413	0.464368861781457	0.360323328205559	0.222916764340357
"SRR11856063"	0.534200759858763	0.449238344496653	0.273081839858707	0.249261919863353	0.560144182182261	0.63337520688279	0.229855523513776	0.358277307595584	0.286962649237921	0.292379504963107	0.516868480454	0.259918055266546	0.453111827482644	0.381011124837309	0.592160603426674	0.366781909443733	0.348325843409363	0.651055103388953	0.568314919622601	0.317981319783974	0.355674620751403	0.271372272673953	0.341147703811111	0.385966550209374	0.242238968092764	0.37898389254277	0.594526297491415	0.365819535495102	0.410691918331262	0.481549919727487	0.22034932076012	0.578572905869716	0.31139237262132	0.462151093885044	0.549718109953101	0.29289815256895	0.615280186222103	0.515303436977877	0.38101112483731	0.458344842415093	0.627481621673104	0.71093439341841	0.248314617271511	0.301461166469723	0.339699366838071	0.472805700414456	0.547336331243887	0.268342466728525	0.460425719895506	0.623723372007769	0.518236057627298	0.293613669103285	0.435595168877403	0.362521072883503	0.518984861715307	0.487891165160814	0.466541690655236	0.333501521411964	0.293613669103285	0.487163191747505	0.453463521686778	0.421418227725811	0.330503013080198	0.502847863608904	0.320461414940933	0.330503013080197	0.462171306575108	0.33826443922154	0.546292369337945	0.338320201734557	0.213421401760642	0.483995861319871	0.668450168339036	0.59206335377677	0.425623893848783	0.283100472443226	0.34748128006183	0.487163191747505	0.358671173117136	0.374515223300629
"SRR11856044"	0.530452438656926	0.51149360918151	0.361169585277148	0.249577182906827	0.568923661662217	0.587542357637748	0.216798646491885	0.378522776849629	0.322113101087843	0.285609053042551	0.671581899782285	0.344483718803141	0.467624327736551	0.414966161799247	0.615899760259236	0.396945995257787	0.36099511807011	0.681202286584456	0.592081577172631	0.34018054999483	0.56397613687146	0.289851295866039	0.539481785876501	0.605043259317789	0.241741757779354	0.495733074208916	0.720396820617344	0.385220898690102	0.40327227715427	0.551666039075803	0.274937163368739	0.678116504847221	0.306595752956849	0.457634051741184	0.607615099145348	0.302929752415748	0.638553098523188	0.511390027080683	0.414966161799247	0.449240745062749	0.6387015306549	0.818927058900214	0.292782663199468	0.31855735769075	0.398219593012208	0.603799773464239	0.547336331243887	0.330860957749115	0.50386133284765	0.718722914323312	0.511619452779951	0.319582691882462	0.437633170806339	0.353433676975445	0.584593102142344	0.563421482518091	0.51146686942094	0.343479508209097	0.319582691882462	0.665873041059338	0.389373854440558	0.506238749602725	0.342760031874037	0.547005377674653	0.43977741058509	0.342760031874037	0.575632339012342	0.337599385522358	0.587161977976868	0.395023901114757	0.280769542618343	0.472232137067679	0.70342902207197	0.612996527150043	0.419797555342804	0.283100472443226	0.347200663542803	0.665873041059338	0.505237020073231	0.384564409422593
"SRR11856062"	0.241908163076333	0.220131765436179	0.181569771298412	0.172113214381565	0.300002499761693	0.62542208384572	0.149776206407066	0.194924805280775	0.290858601423312	0.124001225155114	0.229746319453916	0.200752537244817	0.219052337035692	0.431352822404524	0.377351736078233	0.150976736255361	0.146136913755624	0.418375556058186	0.205596674246441	0.170278888672731	0.209921475240433	0.127624063733466	0.193429394950862	0.230158020791369	0.199641021602696	0.162800969770134	0.236371730583792	0.157688189520083	0.206867227816706	0.245072566549894	0.183097880904353	0.227611252393765	0.130896933686726	0.285865121948438	0.246787887006403	0.123717311324793	0.153951863888806	0.331010068417865	0.431352822404524	0.28253152050374	0.205851223258968	0.253743890450045	0.176414092984251	0.192817601739897	0.170381652431026	0.19160177151237	0.547336331243887	0.172320029716129	0.197765116369807	0.275669403346834	0.216403004709686	0.164153050554265	0.123774395429264	0.143045382900665	0.176716332680857	0.227688666860347	0.187228871373723	0.262988180441404	0.164153050554265	0.194933359635912	0.225747374831481	0.174029615810269	0.141953464939592	0.184450224571896	0.230655442415776	0.141953464939592	0.192351069364618	0.182449336678082	0.168734721350371	0.16644498211847	0.161208801862629	0.323767877369736	0.427634735606174	0.229984465494557	0.219217826811525	0.225348248865396	0.196286785742013	0.194933359635912	0.208845536556997	0.184773889085904
"SRR11856043"	0.46202303773914	0.433152082283831	0.362678765578433	0.249290139936656	0.595710594280489	0.777167503336693	0.139625568852389	0.424068903456447	0.393657959387609	0.156018722779935	0.648380948389587	0.36569172724997	0.47784547462224	0.664680352841996	0.710332594482123	0.417874296427805	0.277982960421996	0.849065064707051	0.605978314742238	0.301433575811906	0.493384686621687	0.244989611215186	0.468489575715349	0.556769104712326	0.23030208265224	0.403288674887389	0.713288620608462	0.346747644341977	0.277106736944728	0.563657805316815	0.425367871337106	0.640651409748116	0.207186791099834	0.355358306596287	0.620677707422887	0.17022773703354	0.583406950972223	0.420400696035249	0.664680352841996	0.460987894877955	0.650072131306378	0.81986113236985	0.404545783186732	0.378957845749072	0.436683208183907	0.564442966133031	0.547336331243887	0.340006412565596	0.621552570601125	0.684190942971665	0.360401070541995	0.265281240286087	0.363876111954907	0.248109147212327	0.488114570815969	0.545381562750732	0.628699610884463	0.438752040405927	0.265281240286087	0.648118449394428	0.54121312430742	0.468271822820655	0.303769585183695	0.430010394351203	0.449670449868158	0.303769585183695	0.520106297351738	0.310946339399243	0.48039157567481	0.430743507578421	0.375852790697462	0.562788387474926	0.854339529078716	0.639468587447326	0.292656318663065	0.283100472443226	0.340662404547005	0.648118449394428	0.471729925360825	0.422782672454654
"SRR11856061"	0.124217167956727	0.245909197756239	0.0667999590581515	0.111667007075593	0.187265528619329	0.234979876597663	0.0924836564045551	0.117644070092889	0.252997328205786	0.114673270533481	0.167762187944859	0.0848213400571055	0.130735973662258	0.167296638814538	0.169162235052133	0.0953730823803183	0.0823288410541584	0.221314002392682	0.0944953865696875	0.142149794090067	0.184126128808332	0.105767929567073	0.167730344609917	0.190538567456876	0.0530431262406925	0.0989075435283728	0.152364963082968	0.102000907133667	0.179803635637972	0.136338873892954	0.128391693607099	0.139448921102269	0.111413639612222	0.26463771945991	0.162737666766227	0.113338498917101	0.143070063869659	0.303462293200801	0.167296638814538	0.105372134119154	0.113473019262216	0.274623980359102	0.127463394943192	0.0991538591671998	0.164940511822813	0.311664897700124	0.547336331243887	0.125242803282011	0.141485629241568	0.175939194607418	0.178874635554819	0.134435552357589	0.0703248000693105	0.0785347329690342	0.144069156062069	0.126078892339928	0.139747313766556	0.1097688885502	0.134435552357589	0.398235508304501	0.187155459206214	0.111017357123245	0.0871363850511678	0.1387365950661	0.161089991812368	0.0871363850511677	0.29180220002115	0.144225514559632	0.156904416018332	0.157412925735881	0.078403336420989	0.111849217588698	0.231769401634525	0.0865831052146909	0.197941249510342	0.0583609630362362	0.149202056924912	0.398235508304501	0.15597482083957	0.106961245732024
"SRR11856042"	0.274711708699934	0.365493606183041	0.195679866047574	0.206218628265956	0.427090858965685	0.452557301675698	0.0924836564045551	0.285551160672694	0.362525841283087	0.139396091792465	0.277598528730895	0.240049512715165	0.244140519427465	0.37289577746883	0.366751799819053	0.25480302839479	0.135327368072601	0.602640189723289	0.356909928967373	0.220891599075434	0.253948229970959	0.221893473379242	0.237952738109774	0.275984647661546	0.214723022250489	0.158429066088338	0.315075797339654	0.209333712164143	0.230379990988932	0.346544493901649	0.411179470494485	0.296340836211717	0.165919455089391	0.319949734665864	0.317814290882118	0.141019611285449	0.364914079746005	0.375073226866604	0.372895777468831	0.173314016898954	0.341449895782688	0.578848739939973	0.38765767801819	0.25683538349926	0.365090248181383	0.467177869398333	0.547336331243887	0.270945218867509	0.348574219479118	0.429170070826174	0.283591051946866	0.170894915369963	0.222515706754423	0.165582599731724	0.333676306537054	0.304791473216177	0.346026778150328	0.175053486638973	0.170894915369963	0.557365177413902	0.339893403778915	0.270840312366077	0.204110537875835	0.274582193519985	0.284568556784222	0.204110537875835	0.430736134112456	0.236742916455885	0.337594474719022	0.360356817038439	0.210027324529438	0.216592465653218	0.612526383553763	0.375734335964424	0.254550651764122	0.253418415576354	0.262820834685541	0.557365177413902	0.269878658909539	0.277533549019204
"SRR11856060"	0.408842292449426	0.313422425784632	0.303447285047843	0.204499151045343	0.462263813539661	0.808150540063237	0.174097453442774	0.305077427709322	0.338607313819515	0.138759645046577	0.470832776606791	0.277461630352955	0.393277112036146	0.623915120192061	0.637472908404153	0.292143856356444	0.240678048250079	0.665476761176509	0.440709126493769	0.228207229175176	0.338986559212533	0.159648780840429	0.325643547510762	0.388021540089762	0.214112746983863	0.307017402860564	0.547491355307165	0.260823824945418	0.244309744747429	0.407008562967845	0.240565791957656	0.474791308726482	0.164406272663708	0.318564853271888	0.45947726315578	0.145056587594051	0.345560780576856	0.373289562074417	0.62391512019206	0.364127924798736	0.395539725744979	0.555667784917387	0.228437309153017	0.286015425457373	0.259871406214138	0.349656642876748	0.547336331243887	0.211710741459072	0.386202656818813	0.483353421728518	0.280714694512733	0.260237483932793	0.217734575419893	0.201780090684085	0.297380164184498	0.398794861425098	0.381596339292783	0.474467958758154	0.260237483932793	0.391528119768271	0.36748778262795	0.2987588638302	0.21228921495136	0.289882574865172	0.331093220339394	0.21228921495136	0.33090096448777	0.245670651789744	0.297129106884498	0.25339894592847	0.276386821255961	0.509174880656593	0.674252462139968	0.482938853185755	0.253088342313261	0.252268610774929	0.259939986527067	0.391528119768271	0.326952712669309	0.304553160310693
"SRR11856041"	0.410375470334126	0.433152082283831	0.150677433580293	0.207336182679948	0.5811236481368	0.868199465757577	0.179041158557196	0.405684652339259	0.393657959387609	0.156018722779935	0.475243829769052	0.197487325298166	0.453414194361174	0.627318384634743	0.805518098130902	0.400678640722082	0.219363195973111	0.759149537933297	0.565448672706671	0.280402214592186	0.302650950925711	0.142643188398039	0.288007234111198	0.344233922437656	0.103882287323339	0.252475547657979	0.557049913713915	0.319685895996943	0.271855330655192	0.493012460346141	0.175682442714949	0.50254034593868	0.207186791099834	0.355358306596287	0.560529632460971	0.159908033158107	0.559150555659122	0.420400696035249	0.627318384634743	0.400581904408021	0.742381243365014	0.769274466907803	0.161395608961235	0.365216467988191	0.305043267878808	0.564442966133031	0.547336331243887	0.18755529238945	0.490788972423479	0.591065660755498	0.360401070541995	0.213601512555205	0.363876111954907	0.200458933539545	0.387105033309514	0.453624485002362	0.492129056870386	0.431261120093632	0.213601512555205	0.648118449394428	0.453145032504521	0.393094561093721	0.293111735104624	0.385459469671029	0.344194149609332	0.293111735104624	0.520106297351738	0.300835062374737	0.48039157567481	0.291221179528201	0.278391959938657	0.558117775426569	0.767268121109813	0.599133702639558	0.292656318663065	0.131825281524926	0.328593739807894	0.648118449394428	0.339602056607147	0.409262649609092
"SRR11856059"	0.377268052167784	0.367473484181596	0.113585476291518	0.138738436199906	0.601899135375366	0.509258285542828	0.0924836564045551	0.417313414216588	0.364574139473769	0.156018722779935	0.35710556918167	0.144578701080821	0.30829853105528	0.342942317584489	0.470430935402365	0.434802843604845	0.173976776557826	0.759149537933297	0.599019094673837	0.266285908580483	0.302650950925711	0.184819818894373	0.29867517672916	0.336374696499748	0.0518903715566846	0.205310958877618	0.376130381607059	0.262660466125722	0.264636414323286	0.492274626400263	0.265126909770494	0.392884060855968	0.207186791099834	0.355358306596287	0.407466280326804	0.159908033158107	0.491585597418255	0.420400696035249	0.342942317584489	0.299892010435181	0.642569367010433	0.650988752378345	0.256638913899451	0.339898957736708	0.324496294318205	0.418904164178593	0.547336331243887	0.280124257108028	0.462658010383999	0.559342831584863	0.360401070541995	0.258813687982989	0.363876111954907	0.161257545168712	0.394837084362202	0.443586690170747	0.457643426046498	0.261550000880263	0.258813687982989	0.449648367532807	0.439833183671659	0.393094561093721	0.288642942404306	0.385459469671029	0.344194149609332	0.288642942404306	0.394478372317915	0.260741303367455	0.430342091147272	0.317442851746604	0.286601560392343	0.347842842966874	0.767268121109813	0.656170346228084	0.292656318663065	0.0665189047292888	0.245532107169199	0.449648367532807	0.339602056607147	0.428601373661848
"SRR11856040"	0.196179460558072	0.324119335663912	0.291990002906823	0.145420379268027	0.232480427741396	0.459402262571954	0.245041907817728	0.152007021697163	0.307798087667959	0.193811804711738	0.328507140452133	0.24538867524284	0.153797284232051	0.392354941070172	0.314662796439105	0.115462039540416	0.138913656061237	0.443718006394217	0.214418303193838	0.170250978589189	0.411418791312956	0.193255252000411	0.383580399986335	0.416440277065501	0.196025545485355	0.216635160030509	0.227635256468215	0.148806120350837	0.256178296746643	0.244808055124422	0.25769733389541	0.218718230750588	0.156428297530716	0.332951152636735	0.26764119115605	0.202330231254221	0.219292969361306	0.364046842695182	0.392354941070172	0.179493436842638	0.133729995786851	0.395695736629938	0.240615433973463	0.15688479866642	0.206547994875365	0.326324275203412	0.547336331243887	0.187489171188802	0.287585109611378	0.27861553296524	0.255834218742419	0.227746756508744	0.105133784028512	0.14901221431251	0.239443236265704	0.239671707393348	0.287113656121839	0.304219481393226	0.227746756508744	0.398802063009963	0.253651343326233	0.196272247699654	0.138209515356743	0.213254397013378	0.325281258339849	0.138209515356743	0.318661467604268	0.160281312509599	0.194252103405242	0.204517877186045	0.190594001331148	0.192027450870419	0.451969345431409	0.20616343196418	0.27546987532016	0.203991401109748	0.15493577493292	0.398802063009963	0.323035110477715	0.139640781510069
"SRR11856058"	0.604766753831917	0.44818237820034	0.331772979207929	0.249251846225084	0.618282169393329	0.673466017151649	0.225512228245981	0.426694888211433	0.35790162302126	0.28093834197274	0.496372832871159	0.289161926593909	0.459406246384825	0.463812147702338	0.590989444055406	0.427348658146051	0.371661877332804	0.762187954742658	0.681305378349277	0.315337649713538	0.351849171322672	0.311386208500747	0.346362026702735	0.385399490969626	0.241395033355852	0.38722656948553	0.597140445653186	0.409096823931705	0.402785473487606	0.567451448486017	0.359530544863433	0.583680788923605	0.303271463883661	0.454484472587006	0.566600733832096	0.281821092273908	0.584702071057925	0.508656949374126	0.463812147702338	0.473411934805629	0.603755409914713	0.678326539068797	0.363511485796007	0.420220482281178	0.37076347528814	0.423822667921073	0.547336331243887	0.315848820199937	0.49011326804852	0.671976478719271	0.506997391407452	0.299235830926066	0.476012020209684	0.363328413207053	0.525597276057461	0.556532487921345	0.500474238373018	0.433150022665085	0.299235830926066	0.42169503693756	0.448346497818288	0.461929180137506	0.385375969194327	0.494537221629334	0.390565749973243	0.385375969194327	0.418264722330445	0.337599828551287	0.522525403854294	0.373290927978195	0.347367362369581	0.520088883307592	0.770682279806964	0.72981539908245	0.415742897900363	0.283100472443226	0.34700480872056	0.42169503693756	0.393788389577951	0.444252514238832
"SRR11856039"	0.485954260008073	0.433152082283831	0.419478891914933	0.2479049245482	0.621788549956068	0.778593143329391	0.140691197691027	0.443190271829821	0.393657959387609	0.156018722779935	0.709235416216067	0.400349436930357	0.48507180186085	0.52604605000059	0.713548625331027	0.398324669069917	0.292639618208374	0.876224721685333	0.675753062651614	0.310273263179718	0.573041218680185	0.171398316763852	0.536187375947803	0.638270339623091	0.23030208265224	0.458744624907579	0.750123717661431	0.350625353187699	0.277847591798629	0.598136446450268	0.242322661082012	0.678351246700755	0.207186791099834	0.355358306596287	0.64318353895363	0.174467179948152	0.626419682174356	0.420400696035249	0.52604605000059	0.426682595115258	0.606486467022244	0.840162971695558	0.225010390171339	0.380899610287393	0.345702053565711	0.564442966133031	0.547336331243887	0.259770259943277	0.660136861092488	0.740273965553048	0.360401070541995	0.341721215637249	0.363876111954907	0.250197022898114	0.459428657567239	0.588872515679052	0.678769536833779	0.479270505872562	0.341721215637249	0.648118449394428	0.575758710053194	0.498709377778056	0.307209578807782	0.448052511068835	0.493414366729425	0.307209578807782	0.520106297351738	0.319834638430438	0.48039157567481	0.333944655305601	0.414173064254015	0.557942683894998	0.880551486800945	0.70772085708284	0.292656318663065	0.283100472443226	0.340662404547005	0.648118449394428	0.526424086623281	0.447650116363907
"SRR11856057"	0.380373064338268	0.289423030705692	0.270328507730626	0.212344406265957	0.488359346913628	0.512552152828711	0.108289406389879	0.318792778410619	0.327348222669324	0.141066077137619	0.10186709084471	0.247823604174531	0.337612810382253	0.343877723185162	0.393746983916364	0.298063358683159	0.225361222844468	0.620847946440579	0.469021742285739	0.227116336314543	0.258802696854338	0.153374489138159	0.248890283403706	0.121070134695413	0.216319243773904	0.106535516708695	0.334272112478532	0.252282136388765	0.247544296269344	0.397136885488925	0.215316002962896	0.164224714860409	0.0771211015071631	0.323573437968135	0.333790999071402	0.142908197442222	0.330840210801644	0.379737055368095	0.343877723185162	0.332787928480222	0.40247482899838	0.450003315887977	0.20882303758395	0.291147809421159	0.239077007704776	0.289958322460588	0.547336331243887	0.215575770154144	0.322223387223195	0.395889070671026	0.291169410507068	0.265310028038226	0.235324059949709	0.204712358606807	0.141935222341689	0.380899517145147	0.317986430103165	0.31804410681802	0.265310028038227	0.234716664022859	0.334512566999012	0.282501582676109	0.219520237218228	0.28525065381804	0.290521287041411	0.219520237218228	0.280925914539176	0.256304394277935	0.291343271216792	0.233566509100516	0.260506416087036	0.393233263007755	0.630643332064738	0.526246967600856	0.258387275630936	0.256430864162497	0.270423776903165	0.234716664022859	0.276751226349334	0.325916822870514
"SRR11856038"	0.456120647708031	0.361482594877102	0.349772103442902	0.248715516988532	0.610371987052699	0.863892828872031	0.165483893402196	0.422140443634046	0.361876221631434	0.156018722779935	0.258781492072111	0.289907659856271	0.450321138011094	0.702641022758832	0.739667857652939	0.398005588744082	0.250716960377049	0.759149537933297	0.62531925520915	0.280736562437332	0.302650950925711	0.222391394647754	0.288007234111198	0.246661266808989	0.23030208265224	0.200882174709039	0.492516380629023	0.316599531814659	0.276286171619936	0.511823019601529	0.356322311674161	0.375436137899837	0.149724782634112	0.355358306596287	0.421400608875043	0.159908033158107	0.518827023661363	0.420400696035249	0.702641022758832	0.479774191478557	0.660072583179675	0.66568186054014	0.348648843588505	0.36940624038318	0.365448058318216	0.405494968101272	0.547336331243887	0.282113300200555	0.460012716564207	0.519524094699157	0.360401070541995	0.279193073241119	0.363876111954907	0.245806310294855	0.326883339633276	0.483694865664001	0.454404711977989	0.5880038336947	0.279193073241119	0.394832811392481	0.438581088836323	0.393094561093721	0.295837359716964	0.385459469671029	0.344194149609332	0.295837359716964	0.383064728855605	0.315900608130734	0.425675631244923	0.361640968311368	0.358409710884132	0.618086479944733	0.767268121109813	0.678556804101538	0.292656318663065	0.283100472443226	0.340662404547005	0.394832811392481	0.339602056607147	0.436650243429994
"SRR11856055"	0.31315072369068	0.277775172005159	0.197593310908437	0.136722554090493	0.376094806053731	0.489762786034323	0.105631201714762	0.253548660750544	0.321310166887157	0.135729534432716	0.268917489119697	0.230858937510496	0.270108921291648	0.340079042191938	0.339929127012681	0.227390184049608	0.177956076479873	0.56104431021897	0.251309204951354	0.191972708722256	0.243334888849733	0.169525872955848	0.227150528033795	0.272239753132159	0.211192262560177	0.20025910949102	0.344610551918502	0.210290221795661	0.231654122858963	0.3226699561832	0.268586525640078	0.324082101321069	0.157275923323275	0.311942427205315	0.286620120138345	0.136880761735933	0.209007984503996	0.364751010945513	0.340079042191938	0.288270625072638	0.348934361229637	0.401464448091884	0.259622099788047	0.252357125037091	0.250536163805734	0.280177066233293	0.547336331243887	0.2321420188726	0.288645270569101	0.389481520470903	0.267118545071403	0.137044852087097	0.195759993239574	0.176556189371896	0.262369716656059	0.295263375703351	0.279169294119134	0.204395305287692	0.137044852087097	0.297241408501564	0.301231702727702	0.245937597416698	0.191777591244174	0.251692007793666	0.271554682075786	0.191777591244173	0.270852091012747	0.171493326846617	0.256872757596966	0.246603749995493	0.201151941891084	0.310842242981304	0.571030857152187	0.286730127866755	0.246126161881409	0.246781445610328	0.163702160104715	0.297241408501564	0.254937274379952	0.239267088586676
"SRR11856037"	0.379091743029307	0.316357906824165	0.218314400015613	0.180045699081411	0.303139390428746	0.712373615247469	0.273614257939586	0.203560608623921	0.305975997754665	0.215628791766002	0.314150995876106	0.211231549148823	0.271753088757886	0.591856552301891	0.483904465216472	0.19444138350557	0.207540827788417	0.465688086795318	0.20800006135896	0.202805593568792	0.253990929771894	0.205442939210417	0.246401190607521	0.271538275669553	0.211705358148535	0.265289129432313	0.378965872484012	0.198156303142596	0.310298367480801	0.300259296989528	0.225074283896754	0.350903748778445	0.198438415867382	0.370879372500082	0.3628673644022	0.211339305158	0.208658511345109	0.411613289377234	0.591856552301891	0.380890102271245	0.268868829596809	0.360714651370941	0.346177763948643	0.181152118073924	0.261373587298763	0.264702117599622	0.547336331243887	0.227561514167406	0.257762317839473	0.377514498258871	0.333340085645169	0.123656471358536	0.198075805456206	0.235145127717983	0.303479687480373	0.292403262299669	0.249002495069618	0.349937878822462	0.123656471358536	0.269304115782491	0.257385954809664	0.234276144377851	0.207871748284717	0.271222907908535	0.220037170622423	0.207871748284717	0.269151767819334	0.198982725829905	0.262749258380628	0.264348919589713	0.190585439254121	0.413457695128769	0.47588108236952	0.223361669819155	0.317369513917558	0.231837116985538	0.214886907209791	0.269304115782491	0.258380606809634	0.187441886988252
"SRR11856054"	0.146410674329884	0.259939926145819	0.14371799902078	0.148028051317054	0.211272245487976	0.32117396895368	0.109443265113975	0.139617585124663	0.310821580758703	0.113884681767885	0.211966685866247	0.1742934160811	0.134175152313175	0.219695197767465	0.214848624488406	0.100148882346084	0.0851405008762964	0.296486983176709	0.118312268785651	0.139880362280085	0.181984274767087	0.104122068177733	0.165610943563675	0.187960993824705	0.189329320609122	0.0972445652376914	0.148183556341411	0.115497163433994	0.178208183112295	0.168016772555223	0.152799640830745	0.135816402670372	0.109831115774431	0.262824152596449	0.268738594126923	0.112465070779791	0.0939704903874252	0.301107655042093	0.219695197767465	0.119493946402779	0.122731635165906	0.271758609584541	0.136024427524104	0.140506761284603	0.161384357746491	0.306745528964584	0.547336331243887	0.134479720255424	0.160378750354366	0.193195804246941	0.175837762400922	0.132824632009077	0.0784745972316589	0.102146317825957	0.140062270088483	0.14772720171234	0.155026589600152	0.134683218827624	0.132824632009077	0.392875374805652	0.182925883050569	0.123066442322281	0.103034926229006	0.135217125213618	0.196669802979415	0.103034926229006	0.287444268046392	0.146373443077881	0.152315827115209	0.153936680732884	0.118123980767885	0.132212564601527	0.303925376670304	0.128000368289808	0.196150745960441	0.206629485636715	0.156987459335611	0.392875374805652	0.171760975945373	0.126734149589304
"SRR11856036"	0.318688121075594	0.430995368937331	0.19233100894934	0.161638398802063	0.393493837950949	0.514661025139487	0.242221975153769	0.219427049172858	0.346881046838213	0.249405218281585	0.532684267376104	0.217380728307287	0.245404332069049	0.338664749579471	0.44103172842036	0.180051628663827	0.20791723591842	0.663869644510024	0.422008664517792	0.242396653776609	0.475774564151231	0.216004992456391	0.45077794398993	0.490164214644594	0.111617567534532	0.301266718415724	0.379809769632658	0.244928183024069	0.32989126848998	0.404379620449544	0.23062103984787	0.374299661706436	0.22806421725752	0.400932614022229	0.541883328367604	0.26078045412301	0.438399615131458	0.441706009962109	0.338664749579471	0.253223134661443	0.312055770487451	0.636364576659963	0.2185614405436	0.255792392145977	0.261014312809017	0.457451008958412	0.547336331243887	0.203331446827304	0.462164564829271	0.569508199283071	0.383086858469939	0.254638686748653	0.245609644707666	0.202058510421444	0.383702642476546	0.391405837087423	0.466819792054701	0.256778675844791	0.254638686748653	0.528612597766143	0.382422092434835	0.342964920638203	0.241969118078544	0.362198428171057	0.406583889787954	0.241969118078544	0.441417353955192	0.228889703359216	0.367703062405586	0.257142984476929	0.23535421371429	0.261826440444272	0.672500610866697	0.425204965804484	0.353543672438758	0.12338218356852	0.224648428458582	0.528612597766143	0.419358125765143	0.220361580012783
"SRR11856053"	0.242070005410571	0.278036011566289	0.20335096644266	0.158937494560341	0.265502771156039	0.423895678627975	0.118849148751365	0.169421994053796	0.320138941176449	0.118301968761255	0.20664682122037	0.187757837500812	0.231039642426933	0.316273035614665	0.283011830264938	0.120606456246997	0.149181590082265	0.348467703346585	0.190524336945752	0.152986910485659	0.194063873108688	0.127415604040944	0.177593687363015	0.213272061216833	0.193874271482217	0.163838973636111	0.32520228680019	0.169678578023989	0.19780302558439	0.21406621128663	0.206391891671582	0.252267521102306	0.118827286702181	0.272945177517076	0.200268710529886	0.117365802037357	0.143073302521539	0.314247348175134	0.316273035614664	0.22369568634852	0.149034226666344	0.326895348047861	0.186306781121669	0.179597874184368	0.199064599414434	0.33506340609614	0.547336331243887	0.151532425797146	0.187899068305914	0.204150557847409	0.193132229746759	0.182149170184907	0.0964177264568088	0.134318634097579	0.17052289918214	0.205052860966297	0.182633215319969	0.236800627328152	0.182149170184908	0.422783477475213	0.207237714435307	0.143985364073347	0.121942772904443	0.155634759767942	0.211330485656978	0.121942772904443	0.312000972818202	0.166314849518263	0.179086638097082	0.191890011627524	0.158234808869964	0.249222006631606	0.35680793762183	0.206575792402988	0.206198539014118	0.214827611259523	0.173652768762168	0.422783477475213	0.18760552671106	0.161369460377511
"SRR11856035"	0.435662048327537	0.433589014918289	0.292529886029451	0.198492606304348	0.442714912085482	0.526582975577534	0.221054664629289	0.291928491011812	0.354551222317579	0.234496373362831	0.499534778472162	0.305526977530778	0.371368714254266	0.283850905326683	0.478395872930596	0.256253058501924	0.312160241639714	0.702099122690703	0.482917401661378	0.252630403201587	0.480268009283544	0.17191915526265	0.456183249082974	0.516816667743997	0.22011357600652	0.420317985778978	0.618887032902903	0.319372426680991	0.336772960278914	0.454472405762958	0.161006355785399	0.54617067905761	0.226491236735264	0.395390106395271	0.415107977661437	0.246704977727329	0.426948458631613	0.440111289550667	0.283850905326683	0.366688693470561	0.35984022935944	0.672804057222783	0.150640748579912	0.303016320979696	0.234876706623066	0.477576483228658	0.547336331243887	0.173262872592753	0.490536226680409	0.53144272403713	0.38247478206816	0.294216366532863	0.265593907777063	0.269151514877182	0.373640269699269	0.462484650202085	0.495778565825574	0.28173897203595	0.294216366532863	0.54972242883146	0.408631325794449	0.364578224314765	0.260186394469882	0.375705388915035	0.414978120363689	0.260186394469882	0.45574937023466	0.249643391982618	0.388220497181092	0.227697417593052	0.263104533397731	0.379349234333646	0.710285793383624	0.508293831692574	0.345710765520026	0.245996691398882	0.249132064181517	0.54972242883146	0.429534298193431	0.288611924513401
"SRR11856052"	0.428216211504099	0.433152082283831	0.234926712191143	0.248652534923908	0.588190212893305	0.684260232364252	0.113926429855716	0.40960865420979	0.393657959387609	0.156018722779935	0.121758528925521	0.284714241251467	0.395156554613755	0.489142822193947	0.618704933836846	0.393658856191943	0.2047824913465	0.759149537933297	0.563027179558295	0.280482281393263	0.302650950925711	0.219489817145944	0.288007234111198	0.138788852607961	0.23030208265224	0.0960352094621122	0.394447323007506	0.308602039282232	0.269656896393393	0.493113502616689	0.361801084470766	0.19507099164464	0.0928993540758272	0.355358306596287	0.432672525736061	0.159908033158107	0.478411521420093	0.420400696035249	0.489142822193947	0.348980886275708	0.546915434853381	0.753643656014415	0.341455563609785	0.359478399382432	0.406971581063959	0.564442966133031	0.547336331243887	0.278772815503583	0.490788972423479	0.591065660755498	0.360401070541995	0.228228112075185	0.363876111954907	0.227585499531771	0.240369858432521	0.45100214190043	0.492129056870386	0.282227995106223	0.228228112075185	0.564399079121531	0.453145032504521	0.393094561093721	0.29175458067898	0.385459469671029	0.344194149609332	0.29175458067898	0.520106297351738	0.308444440447984	0.48039157567481	0.398994476979474	0.284834876786225	0.424779989493202	0.767268121109813	0.618825713764753	0.292656318663065	0.283100472443226	0.340662404547005	0.564399079121531	0.339602056607147	0.415778586870264
"SRR11856033"	0.739940381817065	0.65685581143751	0.372902311210134	0.248121565524722	0.608905602836606	0.690433014099565	0.462678774115366	0.432371286122194	0.393657959387609	0.508358832914813	0.744102480591397	0.372113116938039	0.545564516474639	0.532468465129137	0.688869474064357	0.422263390622281	0.565388812483915	0.859236478051733	0.723475438600049	0.388787564691889	0.633845994324634	0.518038469154988	0.616190666373043	0.654604082180158	0.256357904984192	0.652629589347925	0.792566622475832	0.56601601384482	0.583570055813826	0.682636586087839	0.503865399755748	0.767297630631216	0.458040883776635	0.587722153680875	0.75412295320006	0.521473290979857	0.732057637080276	0.621827400196238	0.532468465129137	0.519695667808386	0.631404242709821	0.875321928427044	0.508495732883325	0.494078046540426	0.493993041534829	0.649037422060418	0.547336331243887	0.399702876174368	0.727201839096357	0.83611769743379	0.692198339714747	0.29950631436536	0.623761617929153	0.535186354008224	0.745970120983712	0.696746811242522	0.73844025641708	0.388619606890769	0.29950631436536	0.687112175433503	0.57442897671093	0.632750831028601	0.521683122243711	0.680218559712961	0.572129438781511	0.521683122243711	0.641369702984527	0.35965204518275	0.70741464578084	0.504737052263995	0.382823187857573	0.515917542538747	0.86486587818265	0.74621084004292	0.590234826745245	0.283100472443226	0.355335058815982	0.687112175433503	0.614332184066715	0.435250333416867
"SRR11856051"	0.461787886174152	0.385095918809217	0.247134713582925	0.249467012488726	0.558644751141112	0.559163164028835	0.0924836564045551	0.393397247746434	0.372455488768443	0.156018722779935	0.392573237190008	0.285329566059048	0.419537851720455	0.411720594821724	0.483435228280885	0.393658856191943	0.256559193982972	0.759149537933297	0.479840786118915	0.280149941868554	0.302650950925711	0.237636238507378	0.288007234111198	0.349887050321877	0.23030208265224	0.289477940114594	0.584933454736176	0.329195824584841	0.27707404671254	0.490317479866276	0.398364885244939	0.533809388988581	0.207186791099834	0.355358306596287	0.418873881487262	0.159908033158107	0.430315825611033	0.420400696035249	0.411720594821724	0.372607183764743	0.653162480710219	0.678869031443343	0.386415671416878	0.373944549055559	0.39779878330753	0.459054304603418	0.547336331243887	0.373900260639667	0.470350096306738	0.589441439695707	0.360401070541995	0.172032583536172	0.363876111954907	0.24801721014687	0.430717270395094	0.456610171567957	0.467066471102385	0.245217868390984	0.172032583536172	0.505160239539387	0.443472966976814	0.393094561093721	0.296320699178983	0.385459469671029	0.344194149609332	0.296320699178983	0.428234685904947	0.298842248561054	0.443958725564888	0.393895216813703	0.293110207229453	0.422750750066703	0.767268121109813	0.535231834429386	0.292656318663065	0.283100472443226	0.340662404547005	0.505160239539387	0.339602056607147	0.388942232324473
"SRR11856032"	0.442182404654756	0.420923764692991	0.350982762532043	0.249176228698962	0.567736785757994	0.712119354378691	0.119143188139368	0.388542556290753	0.355790423820862	0.156018722779935	0.528811028259795	0.323715777728162	0.473898133829124	0.533059250107097	0.639669902073096	0.414116374052612	0.272844198774134	0.781943941157278	0.514167169292481	0.293731427323162	0.420798401302395	0.222943878029287	0.406672295053492	0.481524420773227	0.23030208265224	0.369489257173931	0.700272889144824	0.332345285332046	0.278212773264986	0.504893131865706	0.342200704476421	0.62214274973217	0.207186791099834	0.355358306596287	0.46929091794268	0.16642637278194	0.459307287088973	0.420400696035249	0.533059250107097	0.427623180432516	0.637107483938466	0.795019496193776	0.337897118566993	0.328944278250509	0.411098069334602	0.564442966133031	0.547336331243887	0.354079795791926	0.546133559143369	0.663346677953228	0.360401070541995	0.250729389780714	0.343862377805335	0.249913075283084	0.462440792239998	0.49286153166162	0.559171195155409	0.406473045027035	0.250729389780714	0.648118449394428	0.509292129266538	0.420522320776042	0.277753649749716	0.41368615375149	0.376369225996261	0.277753649749715	0.520106297351738	0.309937631781373	0.48039157567481	0.403397547033691	0.315009463928558	0.520939455591717	0.791364390371483	0.566805353308208	0.292656318663065	0.283100472443226	0.340662404547005	0.648118449394428	0.404354628856249	0.390029959148079
"SRR11856050"	0.542190534354761	0.487753433109721	0.294730821070173	0.248806406310591	0.602419985412819	0.666314465158802	0.237887865480867	0.405635728428606	0.351944645460325	0.277882071639884	0.202673978900322	0.278763524755158	0.469567667384114	0.395052928944522	0.659182974062775	0.419490274634505	0.344311679734373	0.728962689959387	0.678942279178814	0.314638506892772	0.350814659755113	0.221648246753374	0.345183425936807	0.174607434032327	0.241166439007191	0.177623940262008	0.49702561580385	0.398290065640702	0.397387817571252	0.536680282737761	0.18620992772476	0.292084477886481	0.154331502830649	0.452408254299757	0.56882953059932	0.278860404048686	0.70961130328596	0.506853281912708	0.395052928944522	0.462125919305116	0.62134540241115	0.749420244291822	0.189041402329748	0.378082261274546	0.31280511615981	0.53058266417821	0.547336331243887	0.201211102091779	0.49379609542446	0.636629086496436	0.50394690017158	0.304120623236959	0.457804252576816	0.351951601124011	0.301735563300622	0.528314224524636	0.50937140571099	0.401403457256889	0.304120623236959	0.490944001796435	0.458022549223364	0.445680028975409	0.36208337982464	0.492283061420856	0.365217032687156	0.36208337982464	0.510915701903494	0.337876463298031	0.557662507160306	0.306664495965037	0.289508558341378	0.514763999205258	0.740084214599387	0.693706218668605	0.413073698884968	0.283100472443226	0.346875605670369	0.490944001796435	0.379867143028953	0.42382409917303
"SRR11856031"	0.608325310458293	0.508763578151125	0.341809492756706	0.248387252830751	0.621067446361509	0.775510453492919	0.309139079215248	0.437127329633935	0.375578918452439	0.309905264144191	0.60732606131913	0.353155734862907	0.515883305542488	0.487524705054633	0.730982307720503	0.418220482657993	0.426525710562938	0.840506143436099	0.70670753971428	0.341166977036874	0.530025558847494	0.241790614480338	0.511226047395742	0.571787660043282	0.24349890308755	0.521819801977367	0.724939051989436	0.448654705496363	0.429460431740743	0.626254701779938	0.205498130814744	0.690778730394715	0.323697518842441	0.473595229750342	0.572582578449381	0.323676190375781	0.654595270959166	0.525186207591924	0.487524705054633	0.522609103462297	0.61861993619549	0.804543583774921	0.202860977846309	0.436608678895723	0.313586722396132	0.520004950244247	0.547336331243887	0.225276081395222	0.627323057931801	0.742259432634603	0.534927625535165	0.326581752089705	0.497511340281179	0.390583755589367	0.550464541479872	0.628445381750884	0.645938014994071	0.440009062352476	0.326581752089705	0.549598948384001	0.53392411156225	0.540401454574199	0.411009244477879	0.55438073594421	0.492467456245673	0.411009244477879	0.506024067156005	0.342191823150082	0.57256380963191	0.309185813437394	0.361597994969682	0.583161863695377	0.846476110956639	0.741828417576056	0.440440432174397	0.283100472443226	0.348191087662237	0.549598948384001	0.520705536914596	0.446949977957892
"SRR11856049"	0.396426130990355	0.404990555883255	0.298885258205689	0.210221574505295	0.441077768496289	0.501157220938702	0.250211065685666	0.287526747157492	0.306593148275989	0.295341434669273	0.439181722601538	0.276306814995318	0.307262718249057	0.247732428676304	0.44667702215428	0.270692885449886	0.281602163093204	0.649519081904699	0.310415821517535	0.17989273512139	0.360978672449402	0.213252939027118	0.337458225279069	0.437284069376474	0.143952338075131	0.339606669485576	0.358296181919467	0.29338296891246	0.386890574042768	0.337454294238263	0.158827673433276	0.432850296211419	0.277403086226921	0.443993129521717	0.335175336461133	0.301030857596215	0.338954655789019	0.486972393626683	0.247732428676305	0.313520134951419	0.40188329162038	0.595258432240961	0.0918897724604084	0.279372821943674	0.14599542557397	0.347867654571978	0.547336331243887	0.0997711673408682	0.44206839037748	0.579027506300879	0.462599414886975	0.137851423776528	0.241973712953849	0.248236354599713	0.416805673334975	0.334130008354713	0.443076394785409	0.247536090879498	0.137851423776534	0.38549078306657	0.380138433889161	0.28355012772834	0.209905679675724	0.371456033715428	0.374514867982558	0.209905679675736	0.355627311241874	0.160844772750847	0.362058457920428	0.142335235326408	0.243179568094368	0.29588077784325	0.661708195088452	0.320818987775886	0.4059542143882	0.157122727918268	0.156756909424225	0.385490783066569	0.311647617009665	0.283335708557374
"SRR11856030"	0.192960342991028	0.301772486637873	0.165305924534248	0.170930675836975	0.309725561045932	0.279521675257363	0.0924836564045551	0.179141218053323	0.332019316570949	0.124045838740456	0.256118118538263	0.200039512762301	0.16946000684379	0.149821738243306	0.236056816884741	0.145840040229881	0.103723384169716	0.418928777003481	0.223724559162314	0.170503279968063	0.210046709506546	0.0973813297522842	0.197714351809731	0.221981075365048	0.199685749068535	0.119817768180742	0.207312207384551	0.149386581639098	0.198869816136563	0.238988236664128	0.120742722850081	0.191979260108345	0.130993415644184	0.285965631243251	0.315695226546559	0.123767152489946	0.154586395109006	0.331140390177738	0.149821738243306	0.135838670795251	0.195951816357396	0.387747282724279	0.107512840590782	0.18284141745625	0.171816208929256	0.370835489101752	0.547336331243887	0.119390956828638	0.227318529788825	0.278952193330641	0.216589106347818	0.182665003259815	0.124007944309076	0.125610389522498	0.179551008132113	0.211586053953572	0.222418598345305	0.136032107174158	0.182665003259816	0.461048753524074	0.240956800321549	0.174278104849449	0.138571459498908	0.184686410906789	0.230808350228697	0.138571459498908	0.344317703188593	0.185091624284679	0.217644388682283	0.162162066353624	0.152264982964304	0.150790298323621	0.428193819139626	0.253383071881285	0.219319939473481	0.225430342192343	0.196468715557387	0.461048753524074	0.209015096256706	0.176323993230928
"SRR11856048"	0.169166184425625	0.224186037885812	0.173566840307818	0.160120131016086	0.270367335109186	0.368937948926979	0.114490534249252	0.172807404624477	0.292681056914698	0.119037045043307	0.235337959945193	0.188202161755701	0.111845513264437	0.266259523893038	0.234777645164893	0.141418555063064	0.0663544491462241	0.357351642822859	0.197608683695672	0.155176575211055	0.196092702098457	0.0814082001467673	0.186579599088549	0.205000739804873	0.194624075534531	0.108128924713328	0.135551414147763	0.0829854441358264	0.188658423588284	0.206332879763378	0.0802779126699112	0.143766917124645	0.120355109316426	0.274620412725602	0.298653587584137	0.117379504625349	0.158727879968579	0.316421784873182	0.266259523893038	0.154561486723494	0.167214554505856	0.232818030572291	0.155382287867759	0.0961118168593952	0.158726664900258	0.211800613979618	0.547336331243887	0.160983516678865	0.171352205557058	0.209595483979853	0.196075283586863	0.180757987883965	0.0996741627590594	0.113732522615478	0.154628848518623	0.183233466814281	0.165343085741972	0.184459435425906	0.180757987883965	0.233695892321104	0.201691073189873	0.147668553156881	0.120247410690641	0.159197149631827	0.154462604386006	0.120247410690641	0.208665729750427	0.168494865640918	0.152694885339262	0.153790228533183	0.144906956593463	0.173105407098946	0.36582782614633	0.210699897262248	0.207874579516685	0.216188199800339	0.176502345718989	0.233695892321104	0.190296328411536	0.164610444948502
"SRR11856029"	0.230592371619891	0.273317543268818	0.231619513499718	0.189525474052897	0.389735806385982	0.643870081234192	0.141911273291506	0.249562584919042	0.318809620356646	0.131394292787508	0.302760676211291	0.221511799362873	0.167031884052032	0.452517541993469	0.449760939675251	0.213132139776712	0.083245609577727	0.509504434840526	0.342862874777	0.194234710618781	0.23087867990628	0.0980576914028669	0.217776777341973	0.247517587786443	0.20696953158152	0.137361387379858	0.205031330896768	0.113253530958874	0.21392291893287	0.297958276426361	0.0987195137781309	0.215424308910025	0.147293436540128	0.302384827962363	0.380254243514446	0.131097587316138	0.262760746712274	0.352403950886253	0.452517541993469	0.263008706176701	0.307247477736687	0.385971555451225	0.191769846116734	0.131680411946927	0.212317775048514	0.282336267503881	0.547336331243887	0.206491330204867	0.255644010900282	0.305649510465318	0.247985195913723	0.225256731370042	0.166683725967414	0.144095446622647	0.225988863130968	0.265633367138442	0.251440654058935	0.33616523986917	0.225256731370042	0.310687697679576	0.27588568100044	0.217886711293888	0.168238816293188	0.225694700476033	0.186614350020535	0.168238816293187	0.271929352728165	0.215813272986423	0.233521263853492	0.206470509202438	0.208857588826104	0.314825395602796	0.519414771850677	0.376452709749896	0.23616870278932	0.238894257460144	0.227356507456699	0.310687697679575	0.237570082465943	0.248271527343426
"SRR11856047"	0.397575662359029	0.340588105006695	0.345115904113151	0.247538843371708	0.61029018156901	0.462593354600992	0.0924836564045551	0.422093589010866	0.352377689261409	0.156018722779935	0.384342788554858	0.289716438489111	0.323480327627539	0.259198951917315	0.450152954828768	0.393658856191943	0.194849722541336	0.418681845505147	0.6230656738266	0.280735615453704	0.302650950925711	0.142643188398039	0.288007234111198	0.340149977446917	0.23030208265224	0.226795855201692	0.398568345159225	0.269680490693601	0.268098829372232	0.500732930011877	0.165481046785035	0.415259781261798	0.207186791099834	0.355358306596287	0.437072313813703	0.159908033158107	0.509811160489455	0.420400696035249	0.259198951917315	0.270662050081099	0.596678878874812	0.489918386629851	0.161395608961235	0.346008211736282	0.255202939052014	0.359177350880838	0.547336331243887	0.18755529238945	0.163930517229385	0.521811508737023	0.360401070541995	0.278990911088909	0.363876111954907	0.223405000370679	0.357707764001802	0.458938973269672	0.153316214612571	0.382414436462853	0.278990911088909	0.365656546251898	0.1113490904913	0.393094561093721	0.290790768890174	0.385459469671029	0.344194149609332	0.290790768890174	0.343680184496465	0.31587266820355	0.4092355825375	0.246626758121545	0.355564931266755	0.365098770405605	0.452206756529906	0.678343530320335	0.292656318663065	0.283100472443226	0.340662404547005	0.365656546251897	0.339602056607147	0.436572069600246
"SRR11856028"	0.518280579397177	0.456167069825711	0.266748841491022	0.248382627442857	0.608953583561562	0.613845972321558	0.265463964838026	0.376537675195518	0.350440016124339	0.322179290212439	0.427573748481712	0.286278581029939	0.298188007871529	0.47701816208859	0.587196490875575	0.3391555796758	0.221438155516717	0.459707937632667	0.679460480671933	0.324629868740342	0.365331500390798	0.252906885453496	0.350877835313063	0.380258751544193	0.244360446494233	0.307223560921698	0.395286900027923	0.273970774397426	0.422932951319501	0.559530694529789	0.191581048201983	0.455865840447103	0.332230356116297	0.481414297686473	0.521847370808496	0.32010221400757	0.640990757212886	0.531913269727903	0.47701816208859	0.380590160182138	0.575026484863085	0.563285868364072	0.350431211854723	0.278065407972126	0.355325209554617	0.395509151716826	0.547336331243887	0.274452128450873	0.227096459092539	0.595169745027632	0.546265206077772	0.275702729271859	0.506286166732295	0.351285620633139	0.545969316058576	0.5296552476353	0.211679096672785	0.334509548900445	0.275702729271859	0.37511613645404	0.136746321199146	0.480317095441805	0.401132126905817	0.523635589704251	0.316043022588053	0.401132126905817	0.399582043715498	0.339339532803945	0.536515188526383	0.359633532204975	0.306122956260237	0.411929376068786	0.49226949394945	0.715363864361969	0.450604919061702	0.283100472443226	0.348675407852078	0.37511613645404	0.408490926654129	0.400499166235568
