"Model_1"	"Model_2"	"Model_3"	"Model_4"	"Model_5"	"Model_6"	"Model_7"	"Model_8"	"Model_9"	"Model_10"	"Model_11"	"Model_12"	"Model_13"	"Model_14"	"Model_15"	"Model_16"	"Model_17"	"Model_18"	"Model_19"	"Model_20"	"Model_21"	"Model_22"	"Model_23"	"Model_24"	"Model_25"	"Model_26"	"Model_27"	"Model_28"	"Model_29"	"Model_30"	"Model_31"	"Model_32"	"Model_33"	"Model_34"	"Model_35"	"Model_36"	"Model_37"	"Model_38"	"Model_39"	"Model_40"	"Model_41"	"Model_42"	"Model_43"	"Model_44"	"Model_45"	"Model_46"	"Model_47"	"Model_48"	"Model_49"	"Model_50"	"Model_51"	"Model_52"	"Model_53"	"Model_54"	"Model_55"	"Model_56"	"Model_57"	"Model_58"	"Model_59"	"Model_60"	"Model_61"	"Model_62"	"Model_63"	"Model_64"	"Model_65"	"Model_66"	"Model_67"	"Model_68"	"Model_69"	"Model_70"	"Model_71"	"Model_72"	"Model_73"	"Model_74"	"Model_75"	"Model_76"	"Model_77"	"Model_78"	"Model_79"	"Model_80"
"SRR20283928"	0.522789899335408	0.460191033604732	0.316724012466712	0.248844049382252	0.625563697409945	0.690329819272735	0.226266882428698	0.430930514870433	0.366503680931918	0.268197775747447	0.167746126206095	0.288523604243797	0.413235737355951	0.494700825110309	0.633393879382465	0.424620180787552	0.303373929019033	0.5635450360743	0.69732575372749	0.312389591629293	0.347498836720638	0.295977793361484	0.343103683106526	0.194130288928577	0.240432643403406	0.171612592207715	0.413409990128665	0.372187972852298	0.383346661047413	0.557610495667118	0.348228508849723	0.275821610353579	0.167223783902228	0.445745996672247	0.438175504110685	0.269473903792886	0.594767271875335	0.501054578447006	0.494700825110309	0.427900405941352	0.640610054455507	0.643792536603286	0.347656349601857	0.400120578245598	0.37531969295003	0.464763682537964	0.547336331243887	0.33337095559351	0.307614801769386	0.553821934544093	0.494140510703289	0.318542674485615	0.466159781528899	0.330033718299209	0.349474904642107	0.535450843146684	0.292412427916862	0.432051971570008	0.318542674485615	0.412997865701053	0.212586934408942	0.455948479035962	0.372765819499241	0.485039845199255	0.386509434960202	0.372765819499241	0.451362111535608	0.33855722181655	0.528790692792114	0.375844224545658	0.338030492226222	0.487106090141954	0.588814240292844	0.744357070300696	0.404529061970695	0.283100472443226	0.34646044677348	0.412997865701053	0.389030390216896	0.451327474470653
"SRR20283917"	0.569874666485358	0.474802659251381	0.30635005593548	0.248910546759992	0.552383190298874	0.736245328787102	0.356794649642828	0.348827919019917	0.270509345086948	0.365050498192681	0.214954072992773	0.257322367704217	0.501017587018566	0.568091120164447	0.699704444136856	0.391794364912856	0.420445422076497	0.201319356858064	0.571222614377435	0.334003306473111	0.378622137806563	0.357665060231972	0.374551534829671	0.212570337344891	0.247262019224265	0.254229441100081	0.530396259919058	0.405757007889902	0.474603344076608	0.493935252872758	0.281866442053132	0.364121679840938	0.213067971479993	0.507656311271719	0.4699056258764	0.363088180606576	0.647299216105526	0.554353923300138	0.568091120164447	0.541736346293694	0.643873158254678	0.580270626850712	0.327318041246275	0.307204651765736	0.375441960585406	0.460386588234451	0.547336331243887	0.325254757557114	0.12726948336277	0.561931363730581	0.583838598239663	0.2963304457222	0.478623740617588	0.426827550874381	0.409302926392271	0.51327326367128	0.115904903128374	0.461658336065368	0.2963304457222	0.38690975365717	0.0731187311079773	0.4448804126957	0.362344821295795	0.551726362777669	0.328840591829111	0.362344821295795	0.460292954005366	0.347206379022441	0.581523263141168	0.380249109354465	0.216652771392657	0.579358612094673	0.235862571564158	0.588558097641554	0.484914002025257	0.283100472443226	0.350300380214555	0.38690975365717	0.376611548523557	0.365328365495607
"SRR20283896"	0.503145112689316	0.468362993219192	0.335841799706754	0.248790022554387	0.546609922628561	0.704166640002244	0.302582881358562	0.343576013809919	0.271708997668066	0.328720974557413	0.255779780982689	0.256787159102787	0.449529411924403	0.506090862898406	0.677470224798775	0.385574202299529	0.344529329187911	0.23584387351827	0.554446495845045	0.326152499497405	0.36740014304015	0.321155180624775	0.36155913824238	0.226714814444361	0.244813361504682	0.226596422386704	0.474120290402756	0.360460006746687	0.438154818170168	0.469439682700159	0.25607481036841	0.344723825041821	0.213497807262409	0.485521203997769	0.505989471178596	0.328028120614144	0.653080247009277	0.535438783103295	0.506090862898406	0.476294265201737	0.668418891377775	0.613036741068953	0.296399808559023	0.280296930208298	0.370141605766067	0.486972457041325	0.547336331243887	0.315340010154428	0.145260689457138	0.549475784624864	0.552196156375361	0.291509653881427	0.450692215621442	0.37958021953851	0.410481896121765	0.478097157079631	0.140403306410594	0.485820744514101	0.291509653881427	0.441465193895253	0.096262500942321	0.426996718578788	0.335535163133057	0.528049604054623	0.314829902901971	0.335535163133057	0.479772732543138	0.342359564706097	0.57174796211357	0.371883321411991	0.224925544950861	0.528555906309964	0.271585167392244	0.565275070207053	0.455955776540491	0.283100472443226	0.348929677698976	0.441465193895253	0.362352614813971	0.359325036567211
"SRR20283895"	0.539001875450495	0.509449848583839	0.302746133576393	0.248671865484098	0.576481196104226	0.822688326372395	0.39499605080083	0.376066944572331	0.309747806134793	0.366355635111057	0.254242401227909	0.267898285663493	0.452441210523107	0.694106441383526	0.766159917729302	0.414196589545418	0.353391208959955	0.337333872284359	0.624038164624513	0.33428752743249	0.379018065925792	0.403926791897018	0.37880013817593	0.225102841984389	0.247348174982368	0.220852745699767	0.443574360385295	0.390343730902208	0.465653104231065	0.519580050554992	0.390732750083633	0.326156304345178	0.228940280774384	0.508432402826045	0.555109314553741	0.364347010431985	0.652821007020755	0.555014625504286	0.694106441383526	0.514495390425262	0.684692543477706	0.657299693862871	0.424205060356546	0.33702546928232	0.428509215557392	0.507264982996903	0.547336331243887	0.36794859065366	0.196091957186398	0.563898501496406	0.584937206483016	0.297955752121163	0.499853320436975	0.399989311635026	0.456333401748396	0.517600287615949	0.193954656851361	0.503328078066088	0.297955752121163	0.459556192053304	0.126338556673538	0.464363392706599	0.382889460871232	0.55255293900923	0.359095492932422	0.382889460871232	0.502012425738889	0.347580192948657	0.598177294112097	0.435400276559564	0.252166512062329	0.566841335203043	0.374111110679748	0.649476316617533	0.485932358626544	0.283100472443226	0.35034848659333	0.459556192053304	0.393349651879653	0.393123506257788
"SRR20283894"	0.390927390107268	0.406916274287016	0.389523901390405	0.198797469329697	0.357542445478605	0.600364670509892	0.414737484391378	0.223872583967995	0.233605767722905	0.384499006937026	0.313122286190452	0.322563379332598	0.367394815617605	0.414571531610731	0.537959296763198	0.224342840858513	0.406268080459157	0.334544578229974	0.201856607594234	0.17870094912437	0.58231822588365	0.304092548323338	0.540351978563172	0.413955665394952	0.129582719048245	0.333642319522657	0.401134404992189	0.310612855049737	0.462634127136976	0.308492091053767	0.188623612667069	0.296761920924428	0.167700683974927	0.492574565777799	0.368573542890197	0.406466009552305	0.348890871928812	0.52513425375125	0.414571531610733	0.39667562123867	0.360333674339014	0.563926422552865	0.112269335898053	0.208849469771005	0.145353083907692	0.31795559086263	0.547336331243887	0.144183137102838	0.238682807496553	0.609339756431906	0.52468618015281	0.136107716253823	0.206513348144531	0.298906719607712	0.313769032957858	0.350214195071844	0.243984857414765	0.314620085960967	0.13610771625383	0.27562984867725	0.142234360537049	0.301184051791397	0.183255839944686	0.434225206107963	0.435267528374712	0.1832558399447	0.339935529126192	0.136763089243172	0.358801831600785	0.145362809090795	0.20400907384492	0.371044064556093	0.37014074474929	0.18366758462098	0.470122280549877	0.134186151467136	0.125896599942405	0.27562984867725	0.409594900351674	0.211952542131037
"SRR20283893"	0.428765624592649	0.376353571335068	0.293744627741178	0.216566128297746	0.43681129212241	0.612799973724114	0.253507965404689	0.269660698276832	0.266343851022912	0.258116521387593	0.131790544720982	0.23064729147933	0.385400903965937	0.481320976392135	0.55202583871648	0.294301747890836	0.299908495922021	0.142554845480085	0.387585945414122	0.263903344767203	0.309246185468404	0.269196437577257	0.302325785699706	0.166948604338376	0.22861958655783	0.171798385414741	0.391100028176269	0.294053903496636	0.365988436063327	0.373879663330431	0.257841590805018	0.239992835914826	0.143733496276024	0.422385087004268	0.303397133428577	0.256693084198718	0.437014036106354	0.470330342038614	0.481320976392136	0.413267328779888	0.532143046593641	0.411016405643405	0.286578516842483	0.24078347102265	0.305381217927529	0.369035243708599	0.547336331243887	0.285775434578819	0.0787714725865712	0.380836726264867	0.436099212108306	0.236074905902128	0.304231116934229	0.30155504451869	0.266195793667494	0.381754562354656	0.0742071072602459	0.420632821958722	0.236074905902128	0.313682433497577	0.0530556363066087	0.317958658747495	0.253834780913849	0.396009783899277	0.275877893273589	0.253834780913848	0.366442233811071	0.276229424317821	0.41241676176329	0.306518646931861	0.195355038224354	0.462568038353884	0.167303451670834	0.403890237394521	0.377765023908317	0.259859726263192	0.284761730820966	0.313682433497577	0.299728316411599	0.273073339016136
"SRR20283936"	0.710886781285956	0.621465892670219	0.350876396363083	0.248635258548224	0.621751587905394	0.822969141570789	0.468398390006338	0.42870774267837	0.393657959387609	0.436739494721724	0.421506081564729	0.289952848062129	0.56975763121799	0.677478429464587	0.793726085184183	0.420905440125336	0.500549075169645	0.547112128764797	0.738035143903212	0.348897271093543	0.399882152096496	0.465570776290736	0.395354305122795	0.420041763162005	0.251869974318462	0.494546469426953	0.726486250831177	0.537244927954689	0.531970318527322	0.615575307397576	0.486051687925537	0.687129978467772	0.409876455612696	0.548769332426493	0.433737654009132	0.432213992373486	0.719734126039226	0.589154613504686	0.677478429464587	0.590581330650039	0.663650076820586	0.773808561643487	0.486262709228656	0.478530359025153	0.482260314858475	0.636300651439901	0.547336331243887	0.331444176538651	0.356588751881538	0.62280176235794	0.640839702707713	0.308333446535133	0.58118203151555	0.48855764658539	0.673503547810346	0.619577551341659	0.346663058984107	0.572094752698519	0.308333446535133	0.68075580836373	0.211781921485246	0.526343289007007	0.475109572821434	0.595161592871651	0.434870296876216	0.475109572821434	0.621889172150399	0.356727017867344	0.673075678876734	0.490036629848932	0.359083275419044	0.632606911741368	0.574492864052372	0.763945533440677	0.539012206075103	0.283100472443226	0.352861931939331	0.68075580836373	0.445859829840502	0.447614211178674
"SRR20283935"	0.61680534826001	0.494876660183175	0.326785069010688	0.248861868063513	0.620528658397824	0.665015050849447	0.264900309046603	0.42799714865326	0.369010086112342	0.312628521541825	0.200342557777569	0.288951960116375	0.500245401410415	0.462641600546239	0.634085502235553	0.428906041903263	0.415369547098316	0.516789771106337	0.697584708278862	0.32264709851859	0.362280269430801	0.31676951422082	0.355562094671747	0.222891303244924	0.243691445717467	0.257931460765336	0.572694513076475	0.44975376319092	0.432982152351149	0.581118842951351	0.336183185694476	0.398417895649965	0.199997938634451	0.475343316177185	0.438917570169789	0.312481222847843	0.616633923271964	0.526691888284727	0.462641600546239	0.496528947702311	0.625974145151498	0.650543363402864	0.337274972263814	0.438475601635957	0.375193631194937	0.488505486508212	0.547336331243887	0.268841586468571	0.28378782388768	0.566226938601957	0.537467324536993	0.305105455620499	0.499474269780514	0.396239158133081	0.395163726149084	0.576563224303917	0.267688674898123	0.440140594643294	0.305105455620499	0.442349172989508	0.178247443035551	0.476175609770259	0.406028607109996	0.517098932889197	0.400260386302571	0.406028607109995	0.478023915710295	0.342327242941831	0.563032483773462	0.376632007567778	0.344284091430813	0.542291902847206	0.545720047591805	0.741074877251066	0.442710137996781	0.283100472443226	0.348299399713694	0.442349172989508	0.405169325072825	0.446427330739095
"SRR20283934"	0.577720495659468	0.496138711355182	0.349160290264037	0.248410712013132	0.541759056201935	0.638796974600963	0.341473548417696	0.345421727698978	0.267031044840201	0.37690412971392	0.348046323492866	0.305157574857193	0.513948843930459	0.440089499757156	0.665392498723795	0.391098961256759	0.45802623718441	0.285278179055592	0.556186622190736	0.352950364195249	0.5256807641946	0.325339259686486	0.508961439704447	0.34561812421509	0.248040633520441	0.354633448244915	0.637597850984615	0.41923391827305	0.485690194775646	0.527297226123814	0.21666738690477	0.461595200850905	0.224974221754791	0.514661704925302	0.557676482458853	0.387259554109448	0.672172839535137	0.560312038928648	0.440089499757156	0.513653252831925	0.681738066287734	0.676254293957181	0.256692549033181	0.299245605939868	0.352557993700712	0.502475997372205	0.547336331243887	0.322528525283295	0.184032779985712	0.659787443725929	0.593726273773005	0.306391864638283	0.479551740784674	0.439912449094816	0.441026812206958	0.55924017504185	0.184165948523438	0.413074066180871	0.306391864638283	0.444698326987231	0.106781581444305	0.498349489151389	0.366798662255211	0.591703178489877	0.395172235747074	0.366798662255211	0.498324231322499	0.347638610239688	0.601574977387187	0.35423306480019	0.229868855820847	0.545795597235489	0.327169639098527	0.563059347243628	0.494112067825598	0.283100472443226	0.350734833862899	0.444698326987231	0.471673722401635	0.35405134858358
"SRR20283933"	0.596580651109009	0.489716759249966	0.283836248885175	0.248658572016103	0.546934301610357	0.686303883603303	0.334805615357898	0.348237995015722	0.28223768864205	0.353729885391404	0.23222590601323	0.258011328723479	0.519376642174863	0.505018393809771	0.693309703294946	0.403370043025209	0.428898353863107	0.205595561007714	0.553977635435651	0.331484032021874	0.375168733254195	0.328038157137517	0.370287338858674	0.241293659203744	0.246509892308185	0.290855927348211	0.590857145070268	0.419368880721492	0.467440391352926	0.494403270696034	0.250945193171093	0.431311420233622	0.230194492923878	0.50087225859916	0.421634836931552	0.352167549413687	0.639734924324995	0.548571584627304	0.505018393809772	0.532257807488751	0.665002654210427	0.606695060285329	0.287307963432741	0.317164168587483	0.3661957914318	0.499739308677796	0.547336331243887	0.309564353650326	0.123543779685622	0.569055942858979	0.574202631220209	0.274503770736	0.474161471675161	0.424457666378302	0.429414711256834	0.513113268019494	0.11921244514553	0.412272575670831	0.274503770736	0.454707393842233	0.0733910737028441	0.443207014790643	0.361292797818917	0.544490568060086	0.330438399265651	0.361292797818917	0.493231980733612	0.342814668576698	0.588959141187338	0.368127915941454	0.211046662806093	0.568603627292802	0.240353291226792	0.570097048292508	0.476020015652689	0.283100472443226	0.349880069258217	0.454707393842233	0.375491558473879	0.361600298636238
"SRR20283932"	0.592802336807144	0.49273043705175	0.333020803117903	0.248730047823815	0.621529214596282	0.683255695060239	0.240383157939855	0.428578442088252	0.374128252556518	0.290064482631624	0.379273595890783	0.289214217518066	0.489566978263551	0.465397364080367	0.63268950734897	0.423750072419597	0.386435399187452	0.762368773925109	0.69918305025353	0.317513004411635	0.35490637386505	0.295961331096095	0.350376143730804	0.388447323820663	0.242069654217374	0.40054954946749	0.648903728696337	0.434060156602377	0.411883187668769	0.572918731418067	0.32417811996604	0.613644908267215	0.309755126900658	0.460612889915147	0.37539351275314	0.290657571560428	0.628502714087277	0.513971613608589	0.465397364080367	0.473774036987598	0.682832929238035	0.735297365745552	0.32174581233187	0.429383316333967	0.374368874787433	0.50867726518094	0.547336331243887	0.313020824755926	0.523122534799876	0.603781566160759	0.515984560724017	0.307744768999665	0.482913904761977	0.373695612237831	0.535117139770241	0.564612101421083	0.523078042724646	0.445445021712699	0.307744768999665	0.537102767482143	0.456594662826514	0.466118499054481	0.391575457991624	0.501182107841291	0.39341164979432	0.391575457991624	0.49277821663977	0.339913423677101	0.55710716534048	0.373888534158176	0.34813703305623	0.529211133326104	0.770885282676996	0.739220292644215	0.423638374322162	0.283100472443226	0.347385754525478	0.537102767482143	0.397128039331666	0.44739823676925
"SRR20283931"	0.654771042480524	0.533300616254353	0.308229993539998	0.248665529970044	0.622787793230766	0.647310409876725	0.308976799682193	0.429310773813503	0.369996335120575	0.373566326865066	0.508720653841479	0.288156560031228	0.506867800038868	0.498699054170584	0.612328149620802	0.430807915132179	0.460416297184278	0.639094033462191	0.719995564645538	0.335872414994655	0.381197866962236	0.40914516001944	0.377736527019356	0.407863922589591	0.247822245509091	0.462022378586709	0.672855562016875	0.484813034165969	0.483350675394685	0.599723899438724	0.442154442812035	0.648869737583722	0.367380726683119	0.512698764165286	0.572664330798176	0.37130125947076	0.662399016786386	0.55864383305761	0.498699054170584	0.49450605791845	0.65689409402581	0.700831272018692	0.448264607141173	0.45651050646181	0.42881571314242	0.507495061559435	0.547336331243887	0.37541728497237	0.389730967931512	0.618333138519009	0.590962340261914	0.311086544560971	0.54124334872717	0.443425412008468	0.61409946737155	0.600144914975363	0.394509592097137	0.389132379617623	0.311086544560971	0.517743484091096	0.289499974956942	0.501656522595908	0.440979227611237	0.557092400195514	0.417735355037246	0.440979227611237	0.502071348557352	0.35020139994984	0.601488960300575	0.436066890617089	0.33271222159555	0.51577331131726	0.658738272497608	0.75653231001676	0.491533453662673	0.283100472443226	0.350613044449744	0.517743484091096	0.425707653226779	0.448621516518164
"SRR20283930"	0.418411273038135	0.433942598241215	0.229675470470128	0.171097167070136	0.324298521153335	0.516699556695326	0.44976147725038	0.204521137815341	0.309960058562147	0.386397692574211	0.225782548733658	0.202308216997449	0.257460551194351	0.412869851955457	0.424454299755366	0.175885459556524	0.294370548449075	0.265544665471719	0.352141898817111	0.221392327897609	0.292666653408794	0.320235479034847	0.284973872055943	0.202589999563377	0.219756439416125	0.208505736224103	0.258175897858738	0.286594683679336	0.44000856875535	0.332753111012537	0.281217901422985	0.216074487266372	0.225863487615477	0.476705835999961	0.438253043081186	0.374010184351321	0.339729505998378	0.500957462500426	0.412869851955457	0.327717085030727	0.255428764764612	0.35323019512672	0.283283684880315	0.258701113265751	0.241400694942972	0.333916743916284	0.547336331243887	0.229856179272065	0.163676680644506	0.333125580099106	0.477276742512378	0.219060910638412	0.260217473152727	0.316505051545247	0.309942879255355	0.334209808430847	0.157500384597927	0.325740388127126	0.219060910638412	0.311716127631968	0.121737041243171	0.268178135246939	0.264009267656786	0.352766382214695	0.307822244394121	0.264009267656786	0.349226856664656	0.216315791663591	0.350298764476005	0.246518781203906	0.186137625380811	0.302351526546975	0.282828970052146	0.361378588461108	0.45256235998443	0.224905029149318	0.20428255270276	0.311716127631968	0.295104286080773	0.201007199275805
"SRR20283929"	0.58651985759983	0.529078737310856	0.331307564209607	0.248613618399936	0.600515850083949	0.662107601979454	0.336590082609965	0.40311322397534	0.339858077629943	0.383618060121065	0.500975815418342	0.279247911949666	0.427160867399092	0.430173707531209	0.647032781770558	0.423184133167126	0.367461053375073	0.55598807347346	0.681009739268372	0.337947475664771	0.384216420566147	0.343508274889631	0.37944924276383	0.398542925983214	0.248478020028222	0.380566514672078	0.530737265135237	0.415491721961998	0.478958365113876	0.557974654016283	0.288464006503032	0.551342541277718	0.374176839777363	0.518588176044598	0.585548752720405	0.380994117656803	0.674721882430805	0.563646032755409	0.430173707531209	0.447289233745389	0.642862718552108	0.696179236986915	0.304413342555852	0.386350836004784	0.367224075459448	0.510353501036936	0.547336331243887	0.293746914346284	0.34468001942507	0.614355160204962	0.599239019846795	0.304845168634388	0.530012443979054	0.412826999555021	0.59191180947021	0.549613788046255	0.345621122206755	0.447896910972626	0.304845168634388	0.519655211565481	0.253430084166981	0.488891182316415	0.416008555518596	0.563346379254704	0.392419129461434	0.416008555518596	0.505694153457254	0.350462833197521	0.607389049093395	0.369952291762228	0.306834142808444	0.477992840000185	0.582115039376607	0.709790004887778	0.499272737118411	0.283100472443226	0.350978595653801	0.519655211565481	0.414209317115556	0.421391282066937
"SRR20283923"	0.582728339217804	0.560899279506997	0.390982962315787	0.248436942316421	0.62356343912391	0.699310979510547	0.405508858283138	0.440579966030081	0.371075054547762	0.418896659278296	0.386469076082781	0.370566785219025	0.404551728765166	0.426451904780726	0.705986847869199	0.426630146469863	0.380688403327052	0.856172275472468	0.733198479362757	0.369556252741379	0.602781605300462	0.31088583209611	0.583898685519367	0.416421130992015	0.250741672749897	0.310061047298353	0.472562129859176	0.42648631689811	0.500730366713109	0.650154734637237	0.224386936686466	0.375156075746631	0.25543980532961	0.53878877811892	0.659308242929666	0.434132253404107	0.691511378910024	0.580740924536807	0.426451904780726	0.450694529013777	0.655855384480694	0.82032317937604	0.228015860554398	0.42925311762489	0.324764212413173	0.522690847204788	0.547336331243887	0.295976142269546	0.686616139699127	0.764696552537314	0.627242420612149	0.338098370145789	0.570175783158073	0.422908616301679	0.476062920342769	0.64147610987607	0.69338605094108	0.463722817035055	0.338098370145789	0.468694275057151	0.556053115039732	0.598488264807627	0.464377331385123	0.63065377527839	0.545183432150074	0.464377331385123	0.520613736144529	0.355468093215869	0.6283458402555	0.325043274583045	0.3935135896524	0.481213962435613	0.861770484948395	0.765231550618856	0.525863030707842	0.283100472443226	0.352236833076297	0.468694275057151	0.583381594652105	0.449376520068968
"SRR20283922"	0.400971669897789	0.498013506688097	0.41101719949594	0.248564471154881	0.588961537001462	0.694206899740159	0.349481929013481	0.395671284850931	0.315299264853788	0.384052034944037	0.357333182929386	0.343734871327833	0.395309657366789	0.388050826859344	0.698916184117986	0.395357501242032	0.344571917133422	0.623458432127254	0.389035074389935	0.143620834760433	0.425910297387775	0.28857244419766	0.395793815231669	0.369629902642129	0.0851455572278871	0.26078626264738	0.292638307188277	0.374534230891427	0.47343848251295	0.35945383998969	0.188110381201803	0.320302139644914	0.230905406754678	0.518840991930117	0.39962919891319	0.398300324243877	0.512562777472438	0.563860569123169	0.388050826859347	0.380344332411726	0.538069695490999	0.756516992827994	0.054732914457956	0.339254558797817	0.114091206610911	0.43084701357654	0.547336331243887	0.0776501985629631	0.423579779151831	0.692482010008777	0.599593231839749	0.10620045439527	0.287173586864239	0.266081679198304	0.436659107894363	0.360845096996412	0.429034777067683	0.334245665377084	0.10620045439528	0.444829354409818	0.263133116469423	0.315905709620624	0.206144113720013	0.468278231289927	0.472587092480039	0.20614411372004	0.444037062995062	0.11319376408095	0.468605920343937	0.110329272366591	0.328485852890354	0.371205246489843	0.65100746348971	0.377465684062916	0.499605133656156	0.0925331962474054	0.100808982635754	0.444829354409818	0.330968689652939	0.405980811110778
"SRR20283921"	0.575684891849862	0.520270717211965	0.351932582072838	0.248153969627159	0.609470553637629	0.81623046084513	0.413618246820239	0.421624414960302	0.362054272058205	0.414603848352302	0.246964818238217	0.289996010486854	0.52325476500751	0.617698498498435	0.737777904483788	0.423600258117296	0.481010576080194	0.764584265368152	0.466957872770338	0.15594563679887	0.279800214195339	0.43052837121395	0.269949408801299	0.261876739944709	0.100611352218103	0.319728385578999	0.440202394093532	0.494229005210711	0.514498099714288	0.40967294960713	0.431886574082502	0.440821379689777	0.278338015847832	0.536365831561482	0.291028853728844	0.410869179460451	0.512833912939739	0.578695290351953	0.617698498498438	0.500378199120973	0.594987537635005	0.734019612839733	0.178756402952953	0.463494982087347	0.191117917551479	0.413870986792053	0.547336331243887	0.135043295534025	0.546667853489826	0.682310500516685	0.623916799712121	0.0977129573174851	0.36154920594361	0.348706674876884	0.507232444510479	0.411281182303525	0.545946334841933	0.407924652455158	0.0977129573174933	0.417216651961346	0.429260876036199	0.317983949706109	0.274449323963997	0.462557764205561	0.42894008449898	0.274449323964025	0.431813025188592	0.133533227442807	0.493642760934999	0.192460125628502	0.359727105333998	0.508551378001747	0.773370940864252	0.477340037372004	0.522671325491396	0.109307794160591	0.122585568354272	0.417216651961346	0.275977262583506	0.435789329015475
"SRR20283920"	0.607032354809049	0.532441758538242	0.317866129404149	0.248740743862829	0.621295693284208	0.736472009170296	0.36146219824129	0.428442701879359	0.368125000358834	0.403269211508944	0.316240921068886	0.288572569853205	0.533193218327568	0.510402432905886	0.676672922666005	0.433628030269997	0.494131503744099	0.764395953779881	0.550309670062622	0.188970343689854	0.301349152704817	0.417083841178902	0.295601773969006	0.26484462140369	0.125534652393785	0.335595167411918	0.519288195972945	0.506369550382266	0.508399016184654	0.45933189455938	0.422163879216349	0.473295898682003	0.272931430477238	0.52992397657332	0.437717689934593	0.399941016270892	0.547046265676582	0.573250426106989	0.510402432905889	0.503318971462144	0.604198845429801	0.744540699343598	0.217896107035682	0.467882544113789	0.235788393383879	0.4560236149545	0.547336331243887	0.172801302782703	0.549588566646458	0.678738046430682	0.615029894400155	0.143742283189058	0.400555333055971	0.375577194853513	0.503690495344799	0.46500419632795	0.550039200833708	0.339321546503162	0.143742283189067	0.45886160462272	0.438319893868819	0.357189062275684	0.310011863692772	0.483393834784739	0.425877019117196	0.310011863692795	0.466088896513711	0.172607440265449	0.525384861836991	0.237456430869586	0.338742813824534	0.493507405854991	0.773159784332545	0.573518243392263	0.514187872819635	0.138555001853524	0.160358160969235	0.45886160462272	0.307298121109984	0.447171509914976
"SRR20283916"	0.631920347821896	0.519257407154136	0.311885620615262	0.168788672152526	0.618265123367916	0.652658102869358	0.305293917025796	0.426685021992676	0.368361082366532	0.355862784598466	0.39319205508514	0.288315161518748	0.490407459264362	0.355751572045332	0.634487781039815	0.416137403046428	0.429853564022754	0.763585629608316	0.711117974370828	0.308517069028176	0.375822113973563	0.270712743677042	0.369148587028367	0.402091084475283	0.246652285327747	0.435210597297119	0.640523916563029	0.463050931413198	0.466772887802036	0.590439598099629	0.212082245711969	0.623521315443621	0.355357724118452	0.502157786199462	0.402530046289786	0.354225339550213	0.673810330795576	0.549668265219686	0.355751572045332	0.482214911607448	0.653046631388918	0.732519818509096	0.213611380871793	0.445996375042701	0.311656704745695	0.495056310747489	0.547336331243887	0.257894857739021	0.522666529728105	0.636737473837162	0.576033000062372	0.299191591568196	0.529494214598376	0.423176016724994	0.546872353816224	0.585980980630722	0.536685943805708	0.413757328918431	0.299191591568196	0.504254703047402	0.458634006940449	0.494463967077409	0.429716590668277	0.545863127963506	0.412783003966286	0.429716590668277	0.489286266266806	0.27875381936275	0.588441513671081	0.309861252886421	0.33500563534108	0.518786570637286	0.772250903773965	0.743394291619476	0.477704232625308	0.283100472443226	0.237580977861971	0.504254703047402	0.419884908764152	0.444236038944194
"SRR20283915"	0.677945240484426	0.518259165248892	0.325074108682575	0.248728771117333	0.614496894684535	0.740862004228186	0.387979968513248	0.424509499116455	0.359077682368037	0.393145619313701	0.297717411261503	0.288879580415786	0.502029825681689	0.533703786569649	0.701896290372848	0.449026094615484	0.457316224723891	0.422524077758158	0.70169212237468	0.339853074562461	0.387058212219654	0.360754917691146	0.386669659481015	0.268925249731845	0.249094680353598	0.319691952411174	0.559277382660198	0.475023936143249	0.496684216260324	0.599258663435157	0.326245821937122	0.447989070749102	0.269801347735811	0.524112158993375	0.560791489200819	0.390180492964849	0.646543535690868	0.568330080526251	0.533703786569649	0.544477492727584	0.651973814650451	0.612962534045726	0.335686099260749	0.454400080483093	0.36240474513334	0.454824395526051	0.547336331243887	0.314166147985341	0.214881949862069	0.610460150925553	0.606957610320337	0.289522802900871	0.553927425751269	0.451559925462761	0.474073447164231	0.597190669043527	0.206473634517949	0.492429989719983	0.289522802900871	0.396154818764551	0.119164785580334	0.509452394348856	0.450526856328553	0.569199026291129	0.423122482198803	0.450526856328553	0.459657082585466	0.34936519983987	0.594090879670239	0.367454342128252	0.34322393487182	0.582148476587082	0.457354259983183	0.740902474694511	0.506538327268971	0.283100472443226	0.351321913751454	0.396154818764551	0.432042824389402	0.440603856830652
"SRR20283912"	0.339655350355293	0.402362958499015	0.24805451848443	0.201985782052601	0.372952039997124	0.527382441403545	0.331397094867712	0.21747225794486	0.23266571897439	0.333980512877045	0.334620610985716	0.204883118289712	0.267761516833842	0.301104482733367	0.481173056823838	0.239464240448956	0.234390321825726	0.197908213724139	0.339641522453181	0.257786371459947	0.315580716292313	0.231492842163575	0.307942368893028	0.314413291759594	0.228441623046541	0.256275784410431	0.295518265082735	0.237325800032632	0.408694327707097	0.309957377997279	0.126767768986374	0.332991428619206	0.294152199165474	0.463863800811886	0.345588055598731	0.327889190306514	0.463492528851333	0.501325930449343	0.301104482733367	0.332805944293637	0.408110524553113	0.447720030035789	0.151952193989779	0.175540841591513	0.225982675699219	0.375041036933322	0.547336331243887	0.204959035864037	0.146689729849383	0.426460930794911	0.485006543688332	0.254848155767201	0.284782972653418	0.298372994910656	0.402421849783638	0.316531360762832	0.140569462761287	0.32479392455766	0.254848155767202	0.380747057689286	0.125748994887932	0.289217817469025	0.235096899781505	0.407981919304301	0.251155679244139	0.235096899781505	0.380675826688627	0.263772047698611	0.420020398920254	0.224794322338703	0.134318362607739	0.324971476316772	0.222146407684569	0.331203220422043	0.432434990393961	0.248603307964385	0.259060210763857	0.380747057689286	0.285890554987204	0.221393735356387
"SRR20283911"	0.572683484112011	0.472088716514829	0.362619646836556	0.248691791294444	0.564000217967741	0.714954976419239	0.338241361076729	0.364700685725813	0.27463134443082	0.352837018394746	0.646615517312332	0.321807903673534	0.508643537253052	0.536027626781421	0.690836733152606	0.403395275391268	0.446398040297416	0.436730232687405	0.602763472394226	0.351266780076346	0.547512757592628	0.33371187355177	0.530300634612411	0.585035994263409	0.246450185583379	0.555089620465301	0.714642501370549	0.408871647319613	0.466117903280417	0.549271520548064	0.257351605989194	0.696424935280577	0.353294896539187	0.50033307177896	0.573030045211736	0.366268368981626	0.672716206819123	0.548111468272705	0.536027626781421	0.533865911104626	0.647003201641141	0.696285789574539	0.297630140685501	0.311801568100327	0.361994307622821	0.463442842945207	0.547336331243887	0.3506576145409	0.288444811843619	0.669839843083031	0.573434320003337	0.340597091865667	0.472469283411862	0.421931905240821	0.601938886569887	0.578431350632509	0.279637766462518	0.446062547192966	0.340597091865667	0.462404746301503	0.182722300098164	0.508270273572756	0.366250898628451	0.583328015029438	0.418253366970952	0.36625089862845	0.462355874355478	0.349026474776198	0.57659499002775	0.365091401939088	0.254272124834919	0.575584684604213	0.476720834551476	0.617521083206933	0.475313773065466	0.283100472443226	0.349846676423871	0.462404746301503	0.491402903169564	0.376122501794086
"SRR20283905"	0.420013049519358	0.477141897417243	0.295212986761105	0.248814973350553	0.554678071998417	0.476577817068451	0.273221968572361	0.349659068565492	0.270479503924947	0.386282958299973	0.2095903498502	0.256609047232954	0.360069273623076	0.287738330144768	0.52134790164502	0.403865299550119	0.315726239711194	0.212068192853285	0.428027382797461	0.202949499706158	0.307709240933174	0.347680622203851	0.299862753641459	0.204998775525122	0.13736670146928	0.17960378359827	0.264059901596092	0.345907155893813	0.47520759585339	0.355516672977076	0.246219162887804	0.24778129033831	0.226727853248102	0.5201387949235	0.377611334739181	0.383563663759632	0.582436112903797	0.564961621604086	0.28773833014477	0.336814849617554	0.593380373812882	0.576925727086585	0.145631536933499	0.280992457453127	0.210688857770901	0.428535376967452	0.547336331243887	0.1592958350922	0.130349245386156	0.577337199692789	0.6014101115863	0.157696310803727	0.355886255908541	0.317098267577471	0.417085336128968	0.356189258095792	0.126085218399159	0.238182430385748	0.157696310803735	0.396185183334396	0.0737842094640092	0.321493532200856	0.248075713455128	0.484883961417684	0.333482286337167	0.248075713455146	0.438641185784501	0.189617446548801	0.516569526844228	0.210211731770064	0.210438843462022	0.308189581225757	0.247199664844527	0.417862386754771	0.501311657841161	0.15311752771312	0.179127341111907	0.396185183334396	0.277309003372353	0.36716517775864
"SRR20283904"	0.190296322941535	0.277543774783766	0.264136593188177	0.208733232127566	0.434154700679113	0.572691962737171	0.120633575575378	0.265621515809612	0.275608154736336	0.139509250575591	0.144674616330174	0.225118348545784	0.240182226886592	0.442807563761575	0.470944592447192	0.257409867620093	0.129658402267787	0.153484132142082	0.235316039307619	0.121514978071806	0.193005247060091	0.183761826735579	0.181555886863456	0.148429072125557	0.113700144463068	0.0823659721145921	0.143051669295761	0.16967255442851	0.230613042363242	0.204990136034411	0.25644386257799	0.127906929030757	0.097877757962002	0.320195740979882	0.226622130951339	0.141147514590666	0.256388157940964	0.37538999939804	0.442807563761578	0.245339039945013	0.384130881301535	0.34999764415812	0.130478747879986	0.184216866544774	0.155723598439748	0.293343437351642	0.547336331243887	0.135654837041485	0.0727039772237087	0.289807468841295	0.284103164322649	0.134324814486519	0.121420165480931	0.121484622349278	0.1893149771722	0.189268890784928	0.0667451739784931	0.2653027507666	0.134324814486526	0.308627594062964	0.051998640617197	0.153691839744073	0.106308230478367	0.21395827556914	0.237540262578127	0.106308230478377	0.285544360407018	0.123689661004368	0.231173914551708	0.1503361137114	0.186149465763511	0.276440723814866	0.176981091720537	0.239818110509971	0.254810641090284	0.131438672242176	0.122512544407328	0.308627594062964	0.165422127130996	0.272671725462263
"SRR20283903"	0.323348754197981	0.373299816271757	0.287164130308792	0.169875103714997	0.328276250574881	0.507390243761305	0.353788788229535	0.209903609777455	0.303236835113245	0.307708485506769	0.113634404658582	0.246883354660888	0.198521220300552	0.284433834482821	0.383804899433001	0.171559242582945	0.216764495365194	0.519716197690122	0.361053141374445	0.218911706492224	0.401535938893834	0.198475244723858	0.379392544728444	0.217933968433288	0.214285459124171	0.144380795395508	0.180704526474523	0.219184322038184	0.368798409021854	0.341338526381338	0.146989912068511	0.125482728200648	0.13995079099586	0.428168170173438	0.248805245864594	0.310570384733482	0.345962766443906	0.458236785838775	0.284433834482821	0.271302250963265	0.283897872821781	0.416738230502314	0.145703428707141	0.224669643461189	0.170777964140485	0.288550716823183	0.547336331243887	0.159176517381293	0.32026185449441	0.387473596712372	0.405630729133139	0.255539278813299	0.216281187550757	0.245318383084005	0.193273973880469	0.336364318484622	0.331028353647953	0.336994509986898	0.255539278813299	0.242296607210164	0.289235785263976	0.282750028206883	0.228092010331295	0.332558863100947	0.357247553485335	0.228092010331295	0.300696691161479	0.209956728711614	0.293678775384786	0.169719087290587	0.218380963591811	0.261911182040798	0.529512807363814	0.366072127858418	0.390061736481987	0.223728127409981	0.199537360135323	0.242296607210163	0.357782666480542	0.203590823375139
"SRR20283902"	0.396112623329695	0.378019863235725	0.297793187900071	0.184784775275744	0.319502133711549	0.620545289323602	0.369977091822232	0.190555497854167	0.231735212539649	0.32822133598416	0.189730402682407	0.234502677869936	0.332842256122719	0.45895535771907	0.465741050177719	0.18796956153649	0.336385801821159	0.437332684460222	0.280171632986864	0.244564042765666	0.424873223601083	0.315190518526579	0.40244336229685	0.25548367491812	0.221524332026456	0.247563949775298	0.39765272500272	0.269804622172592	0.410641671028986	0.319339923008848	0.259412778473324	0.253909125796484	0.161887777178843	0.450249498012236	0.310687151703134	0.332009509458051	0.363489857254184	0.483249070335592	0.45895535771907	0.398842869447494	0.322321122483418	0.504515706153298	0.298212076470784	0.182052831712915	0.272769719974866	0.331006599476576	0.547336331243887	0.288340720424686	0.318589853377907	0.468228382013681	0.450693537249985	0.255516420518809	0.232618496855105	0.316078135727188	0.277807210478334	0.352786783701423	0.339005078400214	0.365702515237367	0.255516420518809	0.282481958550424	0.33274698861997	0.289185270351408	0.219434843696843	0.387361986570051	0.300377676434703	0.219434843696843	0.341036223340658	0.234718980530256	0.356779730429394	0.277866334194934	0.151417285370346	0.393795480050269	0.45613467725842	0.274797575793948	0.416695187941465	0.235450772502819	0.227006262075832	0.282481958550424	0.345305297655922	0.186563558204737
"SRR20283901"	0.691942283721986	0.560080357181104	0.391051955394352	0.24761177634366	0.597946756559337	0.837573582542199	0.482707426510153	0.423626095028542	0.36558263795923	0.441419056288362	0.599278821569941	0.353829737675	0.545696438849065	0.629556050947979	0.774158350978088	0.428750490092996	0.529960820469166	0.840686590712301	0.680921530924971	0.368950190749449	0.567962790064353	0.406536794695604	0.554559121851273	0.596154489489514	0.252164608460547	0.603350089228093	0.736574934519101	0.516075574815127	0.535983441374475	0.651931949390129	0.360389388977638	0.724520940436673	0.413013356874483	0.551364568274859	0.569260040222669	0.452143591804112	0.682947946258599	0.591339234106133	0.629556050947979	0.57190902268973	0.658876188330349	0.804316134161451	0.37071609272069	0.473878813314596	0.388991591267472	0.498359467282498	0.547336331243887	0.304326527367763	0.66234501477376	0.758546417101605	0.644347856287954	0.267052537501271	0.584037945290408	0.493378549415005	0.663565097850119	0.661393219003581	0.667422629807607	0.551468196014347	0.267052537501271	0.493733013695038	0.536416475305237	0.591160401667756	0.485254441389094	0.634264575705095	0.527995385713419	0.485254441389094	0.503005970089193	0.348639093720218	0.631316074463541	0.396089346459127	0.391480851787151	0.627703161830524	0.846906762442909	0.709686461724622	0.542431262106062	0.283100472443226	0.353024941095298	0.493733013695038	0.561832257202737	0.424879409298072
"SRR20283900"	0.504065308282123	0.415419744035326	0.247507404534967	0.150946456299943	0.407942667508917	0.682823448960498	0.384826534151796	0.262763263698076	0.320542007087114	0.330222982259024	0.420130457053852	0.227681991449341	0.371576194278733	0.465088737432885	0.540258352829862	0.237740092057338	0.361706233234467	0.54198188919904	0.429421070346879	0.233640044968128	0.305548982754669	0.277375122512479	0.299149700443061	0.317414365912869	0.225343089483932	0.356250061454669	0.469518204252575	0.343119901953266	0.419313843773638	0.404871237394896	0.252183001783616	0.450776442045837	0.284063591816469	0.457177916458042	0.503153676604622	0.323383109741056	0.389488449894951	0.492813904728711	0.465088737432885	0.423959203464871	0.359968716249023	0.477960350846301	0.254555833698981	0.316075719553629	0.250411838755624	0.334280926558752	0.547336331243887	0.236820422083207	0.33830909459015	0.436463807531792	0.468960695037202	0.225668502390059	0.311766442282391	0.338837756729271	0.400766510681215	0.410238495652062	0.33186547097703	0.384454912308043	0.22566850239006	0.332751125580811	0.303922985028549	0.318437057643625	0.294822890137298	0.384616840104826	0.328387039075114	0.294822890137298	0.345162809877733	0.213097161954275	0.384094660301692	0.252877798886036	0.224163896926411	0.443206674883229	0.55290664056871	0.456294007748441	0.424589534133701	0.242842026350813	0.187810767366352	0.332751125580811	0.319530610224979	0.262034166001497
