"Model_1"	"Model_2"	"Model_3"	"Model_4"	"Model_5"	"Model_6"	"Model_7"	"Model_8"	"Model_9"	"Model_10"	"Model_11"	"Model_12"	"Model_13"	"Model_14"	"Model_15"	"Model_16"	"Model_17"	"Model_18"	"Model_19"	"Model_20"	"Model_21"	"Model_22"	"Model_23"	"Model_24"	"Model_25"	"Model_26"	"Model_27"	"Model_28"	"Model_29"	"Model_30"	"Model_31"	"Model_32"	"Model_33"	"Model_34"	"Model_35"	"Model_36"	"Model_37"	"Model_38"	"Model_39"	"Model_40"	"Model_41"	"Model_42"	"Model_43"	"Model_44"	"Model_45"	"Model_46"	"Model_47"	"Model_48"	"Model_49"	"Model_50"	"Model_51"	"Model_52"	"Model_53"	"Model_54"	"Model_55"	"Model_56"	"Model_57"	"Model_58"	"Model_59"	"Model_60"	"Model_61"	"Model_62"	"Model_63"	"Model_64"	"Model_65"	"Model_66"	"Model_67"	"Model_68"	"Model_69"	"Model_70"	"Model_71"	"Model_72"	"Model_73"	"Model_74"	"Model_75"	"Model_76"	"Model_77"	"Model_78"	"Model_79"	"Model_80"
"SRR11292125"	0.562316086618911	0.706792967497118	0.767915276876201	0.733929013493137	0.385210189978498	0.549173243825235	0.578125979460064	0.62374786194512	0.556478940808135	0.604998706461118	0.509547787012466	0.628950904403718	0.716840659455912	0.706207829911096	0.635923463745893	0.531426469045091	0.690300350654875	0.625813505164696	0.751076844252716	0.405245096973698	0.661012480224369	0.61231112726037	0.448704703811229	0.739640643907502	0.672806719595344	0.666036349675584	0.61938955197907	0.583791615444885	0.702523232952645	0.613052477704747	0.732947583530983	0.650777910294602	0.457236680497322	0.576139984239853	0.709225847354845	0.767243124581634	0.759053599175351	0.629853316388372	0.944774381714359	0.808366122310238	0.779992192666484	0.59969819206641	0.619745660781397	0.453189997249568	0.870267356719088	0.607180799745966	0.650943983962369	0.556893130621223	0.552334464813966	0.872468445551871	0.574006528347304	0.750069184579462	0.656838714824907	0.544407815583422	0.767054128596508	0.531318248858742	0.694853269424117	0.641787956145745	0.547026325301015	0.602793252628303	0.727070337987188	0.665847756777912	0.599415635655625	0.605041435844744	0.677981610426749	0.715256148888815	0.588244260384141	0.604781641005276	0.60629120390227	0.756629158690072	0.684666202550728	0.599404608451357	0.711797563393141	0.599090051591232	0.481847799446875	0.671730441909913	0.498631591028661	0.677981610426749	0.481847799446875	0.670177091380817
"SRR11292126"	0.704635351833212	0.887709854504559	0.732402985894124	0.812224530069584	0.659779789415468	0.751339287389997	0.771837158898407	0.85457852603494	0.528553086117031	0.44904807001551	0.737881296266788	0.746768868884799	0.621975574460442	0.733086666925922	0.5609714080749	0.730765191023628	0.903550704085163	0.798634690180477	0.866204958119902	0.495897434334426	0.771212048029497	0.664178226972229	0.554528579213031	0.872093926576701	0.74949601979437	0.62637362930771	0.693529903315584	0.67381286337776	0.727651755988812	0.650602576586427	0.888679009885326	0.6952467919198	0.676330487191746	0.615875743286376	0.873389978606262	0.991195637145279	0.613571767100064	0.626261955120833	0.92146638518716	0.836693945108428	0.875070164647234	0.536977012165804	0.735243525270869	0.552163750982909	0.896606747443179	0.576828201846645	0.795191669326894	0.58315013051398	0.819356590087619	0.948141084983793	0.760264789641182	0.673199059078551	0.65114623574552	0.579622731984415	0.847812380181297	0.723937285146575	0.588883412526258	0.74905391603867	0.747567996750309	0.758039386587422	0.524964036833103	0.755832401410676	0.812655949567661	0.685735284240281	0.778202585082125	0.611514690400115	0.758822478859696	0.582327703343064	0.722619072130703	0.656388624397349	0.574951744566924	0.731521980016141	0.840999787671749	0.866716190523423	0.520925865009495	0.830317428079711	0.640080538753431	0.778202585082124	0.520925865009495	0.822571761300461
"SRR11292127"	0.484853161260581	0.655426914718308	0.796776367970707	0.618654378754529	0.51952490436093	0.657705304680405	0.473823266376618	0.567584253219488	0.378754618660016	0.605954386294475	0.393925213896286	0.479674673051877	0.635343426095895	0.646303003569345	0.488999367218177	0.501237526671698	0.746977452769075	0.439438445596073	0.816836082233162	0.552323486096804	0.545534870211473	0.552672302291499	0.571653971400619	0.561627140768029	0.832186901311756	0.58349034232816	0.614805298511321	0.587276771547462	0.684479005559647	0.571175608946273	0.62524207795842	0.431221888947323	0.493788694442276	0.592943129371645	0.680260419927304	0.929814972949679	0.764359175975384	0.640959623555554	0.770223261564519	0.559996695123126	0.804035128961914	0.687056312956792	0.518312879940048	0.559434258666235	0.633987498815392	0.595999206012774	0.681251697412587	0.491300616209079	0.552119139582295	0.51979868528211	0.624414768251887	0.675526955457735	0.614939658808637	0.69334293876483	0.544058517731929	0.562393029612908	0.451144939386623	0.433397651464269	0.572286067208663	0.750031201384635	0.675194270475751	0.600496946191634	0.387904405947105	0.560977517196127	0.532314616268116	0.705870660935209	0.46260124137017	0.566467205642515	0.606895692918985	0.716521730401759	0.777717593232008	0.395305725536298	0.606728404487609	0.538286813540522	0.621612822505231	0.515356828141785	0.563438657616516	0.532314616268116	0.621612822505231	0.504498936352689
"SRR11292131"	0.516670481035492	0.517346771748897	0.344437874626453	0.463835861553032	0.326528552199431	0.460270924077936	0.60661072745897	0.600032986997768	0.456080795528546	0.355577525722702	0.461482308036256	0.594409837525709	0.416951651438319	0.409611336905197	0.363573974032445	0.495998136274003	0.491354515272589	0.401544302632627	0.645147721927122	0.367622895139709	0.567441920577079	0.452125969713064	0.36367659156969	0.511574302029402	0.554080825757208	0.467478436029138	0.554777402945267	0.562730342624734	0.513797376044272	0.406261223374901	0.553637170192368	0.413398934294182	0.559008899407002	0.511142199633082	0.530799294864662	0.826042683506813	0.20443808304464	0.46792028847855	0.626992105589057	0.570044935421032	0.787792692655012	0.41366659901781	0.496431799623354	0.336408991619374	0.783804071986455	0.418956022428036	0.72634031789201	0.464451413080681	0.756432908932653	0.857222297276482	0.457446214356552	0.304225491484357	0.437216672452357	0.436496103485845	0.565399669588223	0.622598679698889	0.389876278406675	0.5318788180088	0.383524691474255	0.433877516268185	0.31698150561993	0.577962244229417	0.579030527651882	0.525802947786485	0.504416271484975	0.424901489591811	0.35422876127221	0.456228236525099	0.500766815430701	0.304593394103315	0.368811721079759	0.551429820122864	0.522348983639302	0.788344635485451	0.319500111618032	0.584995487354192	0.401872240826997	0.504416271484975	0.319500111618032	0.581354437704805
"SRR11292132"	0.457156701810513	0.175899678911032	0.132785625383775	0.349548131099542	0.202765489722311	0.34239987059023	0.241154412790124	0.218153851947343	0.356248368474003	0.250408187435168	0.197503096736856	0.255341577451107	0.220229842496683	0.198855473099042	0.282413473266938	0.20767633073956	0.168679445421474	0.180647405074407	0.82165865890459	0.504207833194391	0.281591618303236	0.36299334645746	0.483134294082784	0.118796299523395	0.116067252123039	0.240726589141311	0.197861844894129	0.19637150311139	0.146567809443967	0.246077988033188	0.191146557072501	0.202256058928056	0.441351148066919	0.401349011914969	0.264551236019203	0.0654798956921864	0.0909753204759908	0.236591944883417	0.28246151617773	0.383827046830052	0.49228846668226	0.222479183226484	0.205360395143675	0.401870933452733	0.502894608318125	0.309424950604196	0.346012453642704	0.444523075337114	0.166912588002001	0.559902338414586	0.299668841439954	0.107095516062059	0.260854803040582	0.179693519453792	0.426207253450972	0.437838885074254	0.25764671550077	0.3206944384991	0.14532838664708	0.0933827505662589	0.19251901662773	0.353988000119001	0.1752046467923	0.237826658935023	0.153943858832993	0.162827016026041	0.142126524053068	0.317084126775396	0.217027553834436	0.0974900025577341	0.171089218150102	0.321737358823664	0.234756745335687	0.09491555803342	0.404809837522556	0.176900108827762	0.253590143831569	0.153943858832993	0.404809837522556	0.172941180110461
"SRR11292136"	0.551212548888232	0.820042084458628	0.629207027884508	0.714981764073678	0.421451398492955	0.76184258723513	0.620687216387504	0.666383358665029	0.323059870208747	0.367547047666392	0.667214124768799	0.482023511478507	0.391582637999738	0.628632078299771	0.400127905134683	0.463843051751721	0.795685361867165	0.728863552937383	0.717344348866037	0.430808565065734	0.519429374596409	0.467944298729371	0.540112576362145	0.645010948744608	0.572392037808591	0.512743563279136	0.477199146257658	0.477062020870216	0.756752839402501	0.581841253172485	0.696064406824686	0.52972426942502	0.507520048534141	0.469358877525995	0.786344509146498	0.963666433272863	0.499831457453786	0.58163265581701	0.86985030931835	0.709807638248847	0.673289689754687	0.471972678894304	0.504025325072462	0.553618350689194	0.829554160687299	0.513233873686772	0.527098520017099	0.465945312501406	0.52580743378612	0.901063208610763	0.516513685091081	0.512203189968266	0.514763294570944	0.333644873012256	0.678579109488746	0.439297647149057	0.378356562617913	0.54987008057423	0.575666812351673	0.535288709774327	0.462232386178396	0.504120156303109	0.628107319841758	0.468340299214885	0.523609855508771	0.380431730987181	0.616360503813094	0.504253329640391	0.529597563473688	0.551940792282404	0.41300128721539	0.471829433909991	0.663165269114293	0.617117465174434	0.497608536432124	0.508606849787173	0.39559591824629	0.523609855508771	0.497608536432124	0.577828629003827
"SRR11292137"	0.739529726011387	0.614965039738289	0.399445494365735	0.678941442555173	0.425142473567712	0.717399984410976	0.671333133236534	0.621337644093491	0.736792086142516	0.792950581925228	0.616035846406396	0.65696890902515	0.667751887229238	0.63694212702655	0.477369847019813	0.644151893549063	0.422617302273495	0.585107510530959	0.796352823794421	0.40537842075244	0.672569875975777	0.491029822466486	0.42386118674326	0.470933822593752	0.622356170700276	0.690866653037453	0.704257018902053	0.702418998466976	0.59134141999079	0.662396954850388	0.321267814153355	0.597476952163567	0.789896787419022	0.609912896811461	0.621280522520647	0.775290808492832	0.632144920023305	0.347817461726019	0.617323044822929	0.692661453109756	0.889310310034296	0.554950254388744	0.299957251139781	0.411756850422116	0.677788601599445	0.534746243134719	0.823660580605021	0.534056276387179	0.688076764714607	0.667794227508241	0.595716120482079	0.567777485697773	0.641736216060546	0.661877313805411	0.799035919967752	0.661600030842891	0.595899609181373	0.560719137299792	0.381969472988577	0.348669925976922	0.615697029357019	0.677162615548209	0.697765388163544	0.634303370688067	0.719964450438537	0.713107363509342	0.632740788618896	0.62034419838908	0.633349231648078	0.487711715041615	0.716443198538836	0.683556065727229	0.573476941403241	0.827398401001225	0.415450731289412	0.626182481658802	0.539670464374639	0.719964450438537	0.415450731289412	0.671132799608653
"SRR11292138"	0.473908167508453	0.231072247391908	0.166686984004979	0.394041008362888	0.203912316548807	0.396388474562192	0.276551777708884	0.243950351588996	0.360196727972184	0.274078789834073	0.230985969607048	0.283855205483035	0.245619588706834	0.236736136094728	0.301518342639596	0.203937387304081	0.195642083825634	0.225464325579164	0.827261456577491	0.506876809434554	0.315194646271704	0.368978588036456	0.496552863408793	0.115717727678884	0.109223070207744	0.265923624134378	0.22280482378435	0.220498597201589	0.168984123922145	0.277290039939926	0.184525353679417	0.21821919215339	0.451925085796313	0.382937947397207	0.319408043127862	0.0741407155009309	0.10376415714997	0.216059669581109	0.350320291580154	0.414009114935205	0.50893979243928	0.217512181250171	0.173174952468377	0.418108451393888	0.546395967244715	0.331881874559533	0.370067903021821	0.445751165572313	0.175699662764627	0.612887321897584	0.308027036776695	0.12326105353768	0.286878985940972	0.193633133980387	0.439642608674153	0.420166872750596	0.276859834405636	0.325119880839192	0.143995604987647	0.0759196933845324	0.214115833837634	0.382569961151796	0.205258081227523	0.26281152792807	0.178692930566175	0.185675203123497	0.173152625998497	0.336708452930085	0.244651925688625	0.107376174159898	0.192373707005985	0.338147907974096	0.282157398341567	0.107124134852975	0.422996533327874	0.197857766196557	0.261994072028743	0.178692930566175	0.422996533327874	0.190734445005767
"SRR11292140"	0.733744622205781	0.69470014883968	0.769292857114105	0.783042988144956	0.451745812278678	0.696439195304785	0.589163990555612	0.615703186466253	0.731609500054069	0.815522238856788	0.597725699729459	0.614075701560671	0.765880991734188	0.751405503109915	0.710317969486473	0.607653924811329	0.662024208736888	0.686802495673029	0.838651495682809	0.388567446309871	0.650656916038123	0.631570077861101	0.433325413631052	0.57634245575981	0.642790262024589	0.726094081259651	0.608724872559896	0.607809873830335	0.574983284589173	0.765717417666164	0.527641626830661	0.732960116536273	0.709263452881036	0.56801827288842	0.709115790977683	0.892038251725812	0.878062452780735	0.517515118639484	0.886242213156182	0.833391114303881	0.818686440165761	0.597439813156711	0.443679786191294	0.462774509517326	0.657463976739695	0.664682143135806	0.679081410253257	0.563419822166808	0.506986949110386	0.639945202557854	0.601526089523884	0.846404587168491	0.6768765422969	0.577883816022692	0.854652852079009	0.464740891194674	0.78645205064736	0.668541672874832	0.471893853087487	0.42241646620131	0.803830615110006	0.713136317402022	0.670658539085753	0.635401028651156	0.732970042128428	0.751253828325703	0.709969283974105	0.658818917873251	0.630458461787992	0.831543446043207	0.725370183495532	0.678706200330373	0.694014119869263	0.629753128522072	0.470190062045051	0.622011588269867	0.56203953694	0.732970042128428	0.470190062045052	0.664397696135938
"SRR11292141"	0.515210716469788	0.754219627863431	0.704653855077619	0.711471412741601	0.393306017872734	0.530885853997759	0.600066061273177	0.611968982870875	0.337605203959773	0.495601862594384	0.598472540561018	0.571621458321963	0.588575186400889	0.648360607197052	0.457670070600955	0.494918188613006	0.685684723542574	0.642190513321393	0.693570244975371	0.315068286795497	0.63877756028813	0.566498528349798	0.44286502814143	0.685579205809792	0.624150087722139	0.540286263695365	0.566985221953304	0.533205768999759	0.731434609287273	0.531188871659961	0.724120862338998	0.589506569507958	0.471102122559429	0.531577244740784	0.721598781153026	0.794066716779302	0.505613644994919	0.605337792920966	0.89903226868854	0.722221796525981	0.769628762974119	0.543611577053543	0.611917474705278	0.40742555538185	0.850263819656099	0.560451081381777	0.63767384054007	0.482846689175194	0.618157185981543	0.880196302585531	0.549497175236194	0.613991481805505	0.552214278055547	0.451411420911922	0.72890608950901	0.459711912411488	0.500453110969307	0.629823457757647	0.549668979261586	0.560421880198452	0.556723414378245	0.558315520376739	0.612917347682312	0.528500159804507	0.603721470305778	0.58967966491067	0.589714289585735	0.515740524072386	0.536370844961844	0.620695963333804	0.559476331577587	0.534977233231689	0.688062888678642	0.802471430877064	0.399467338264753	0.624598514265214	0.42348469161823	0.603721470305778	0.399467338264753	0.623272887312618
"SRR11292142"	0.740951381450586	0.368056396488039	0.500824346820172	0.606888274197547	0.799546413212047	0.423744167222468	0.55992440258385	0.609158820631936	0.894583489870936	0.605982969351757	0.286345742270024	0.75518510428766	0.722053157955208	0.481233753248873	0.771380607117659	0.711676651000849	0.461252035901035	0.362723457403725	0.934912887595385	0.867649924833523	0.62915952681413	0.682706489731728	0.728341341749837	0.59245892840496	0.527365320705936	0.645217963950901	0.608601736328365	0.619330596650082	0.387712725720171	0.468161795144795	0.532029392134072	0.482036310649363	0.688326279500519	0.760398501652524	0.521006509903661	0.241441287979727	0.694162098333354	0.3666847417587	0.448867386538483	0.710278293734279	0.764433734454125	0.455517406609027	0.500068971627328	0.597232470092638	0.46020075357047	0.495110640135493	0.834880682866762	0.700007965298601	0.521534979644745	0.42310272554194	0.825980100993734	0.514871704778082	0.716694800934627	0.841930584972679	0.81766202475094	0.935584778442987	0.723079765271717	0.531919941262646	0.566694455378567	0.67542411617062	0.637960519069087	0.828570241166746	0.43213020906669	0.706021638121985	0.570655290913466	0.712182205260366	0.436341818851499	0.608117284414134	0.733942506258702	0.487563748635549	0.733790811283921	0.808441383785832	0.629845767119888	0.320069582878219	0.754434410411245	0.693825970666127	0.852028310484429	0.570655290913466	0.754434410411245	0.543412740772602
"SRR11292143"	0.297245695553026	0.157209394756472	0.117436225406221	0.235836260524854	0.231329177045423	0.184658468866136	0.238967521064353	0.16581088968348	0.216328381324415	0.213561013607254	0.236734158872744	0.189914284150464	0.183504045947711	0.180864976995683	0.197582595213553	0.214291772760076	0.130034793583884	0.144738215535368	0.532035180190199	0.172272424559631	0.264840616802927	0.347722898007044	0.213919264585283	0.133951173699307	0.128969333892716	0.228162160348711	0.203162910833189	0.184521110908313	0.203316149216872	0.229950521180775	0.19049961723907	0.220922812956124	0.346688726521747	0.378251060038269	0.192820671727358	0.256227297352879	0.0594282113461292	0.339623742673462	0.150989440010348	0.272855820957194	0.201696912548429	0.270405666733356	0.359543440913024	0.209640440235402	0.339781179982471	0.297971206465454	0.127587380683736	0.384745548685783	0.210056905768178	0.390258155614364	0.303852464400595	0.124723199990729	0.194896404148378	0.172691178166896	0.425856498780046	0.417416465763429	0.217087681552078	0.304272323991975	0.199747360104059	0.185943528656658	0.183975512987655	0.283961811029437	0.171741655302984	0.225375145953111	0.173109358234314	0.144238855441403	0.131457221169759	0.291540585144458	0.203449054553657	0.113354047022301	0.129791647013219	0.205421332846678	0.175402862685095	0.107392006982683	0.15998233175039	0.161348167374227	0.233776689789067	0.173109358234314	0.15998233175039	0.222507041679197
"SRR11292144"	0.608105882496819	0.771327743615487	0.584174298247964	0.706204362897719	0.509986498654643	0.68205991995094	0.676327829850788	0.725934173348793	0.421161097475334	0.4503562020882	0.638841603479655	0.629036593792266	0.512458526193492	0.611673583112922	0.4452335183685	0.538865159053619	0.792494729251015	0.668539374778292	0.798262269650157	0.385818609153398	0.688222711986287	0.58301262961267	0.435735860826874	0.650282834666139	0.550928764781434	0.542857816633892	0.573477301762115	0.581855746417049	0.617353417236919	0.55437148446148	0.759127536226563	0.585141233073736	0.610637518892772	0.470613160494301	0.754189707699911	0.971316469909498	0.423799778996829	0.563577855101513	0.712869602982385	0.726076710657023	0.621715423388498	0.478125304344498	0.624205873000272	0.432183621686016	0.730556179110545	0.513105304202237	0.494094177681658	0.478467732401538	0.682672887868344	0.838307906690533	0.556440705290064	0.488841971421465	0.530324844992944	0.471522255686413	0.800988716625544	0.641428066233049	0.496112879311097	0.658540267268466	0.603432382496529	0.577805927253055	0.437662711597327	0.661209300470342	0.702923889802613	0.589277524882903	0.603568616237154	0.500469058057106	0.604716024349302	0.515862773172312	0.607319431914626	0.510714805724956	0.448968171597776	0.59595859481712	0.710694303764708	0.692973425031917	0.411357493164435	0.659170978322517	0.509885663584256	0.603568616237154	0.411357493164435	0.656629736787212
"SRR11292145"	0.478539100258533	0.449143716104046	0.305536788214191	0.46801232069067	0.266587369739922	0.384287836837917	0.476651464523534	0.401061856510159	0.328428646158438	0.23591064831995	0.353491775129615	0.408251626028327	0.262744936997788	0.353580704564445	0.27484199658145	0.318725494464145	0.152909351598764	0.352799630500202	0.65285978601723	0.234346725336239	0.491581348854472	0.323757109974873	0.271538993200588	0.239566846974814	0.252814633096107	0.407776240865668	0.437170123082515	0.444665357537871	0.475209952155358	0.381202644845482	0.204085826377767	0.267901120344177	0.530240126834104	0.43260754721078	0.468623213631159	0.228260169492374	0.126508220570669	0.313562831829385	0.576975507066058	0.412662651120661	0.619989693671172	0.311012473129097	0.207798965947736	0.266441978187588	0.729441295552584	0.384242418744668	0.48063156583848	0.433971110009956	0.480815649560266	0.808382220753047	0.416569389397687	0.245737707357746	0.370880479346694	0.345810929200802	0.447094376412323	0.499051696414676	0.217403013759476	0.324986058491765	0.251513703136918	0.178819756090857	0.293251950807881	0.436380674712949	0.414142795681844	0.400225426994088	0.396409838947197	0.27758409689212	0.302428568944748	0.417747510139796	0.421271857331856	0.209530822140265	0.294528681208707	0.338755496306722	0.367365541971518	0.391314048146448	0.223900678907029	0.363207082375761	0.312085800036873	0.396409838947197	0.223900678907029	0.453295897253838
"SRR11292146"	0.403532081469408	0.350737824909965	0.244903653540066	0.362314487243924	0.290812705652892	0.517430312297545	0.448762511089745	0.379475810974962	0.310578204493582	0.239089841579517	0.368570524116307	0.370800119388982	0.260613564156452	0.306145453219922	0.260896389235649	0.352309422778805	0.268729454883763	0.324841792005535	0.577072475512747	0.35091055787658	0.377861495292621	0.356876066045628	0.401703340078154	0.313279508611165	0.378800360917644	0.365183719680807	0.385084087787113	0.387716745372707	0.283400615290149	0.338641522678036	0.323490050158173	0.299080146111104	0.459405434609628	0.464047520639588	0.386425630616893	0.286547853043097	0.154998858132	0.421422559682219	0.487849160881722	0.320126320670562	0.689214979835991	0.35621641789888	0.385289012644352	0.393215911538864	0.681423105193435	0.36448986675433	0.532883196026868	0.415165568408509	0.510199513692364	0.760016995177057	0.377793369170082	0.221390748385602	0.324116767343052	0.308838061951277	0.40564924132079	0.47179510568212	0.26349341171686	0.375401541228947	0.311009663435134	0.350401876145301	0.264779471627949	0.418221196154801	0.378648310604988	0.371177568476717	0.335217099748104	0.256331156348257	0.255915036601547	0.38774471172033	0.369540197003839	0.220518688656516	0.249935851211727	0.348063008455823	0.321918143658095	0.479123978143411	0.322416627531831	0.337971696437856	0.313765239879191	0.335217099748104	0.322416627531831	0.410971260746018
"SRR11292147"	0.662506917937679	0.733281983938941	0.503529935076296	0.696276713643445	0.378588286527222	0.452524027259188	0.666114104669276	0.726022837950465	0.50689807084363	0.380812521158069	0.505176938278118	0.652735424558409	0.498764260412827	0.545556261130674	0.460041521847417	0.518533441934309	0.736180779345181	0.573703015415452	0.654713497562645	0.488823035592235	0.675515937176606	0.54774071543812	0.44228073337797	0.658430615831191	0.623666784331308	0.520952477697844	0.581748920446738	0.582747368293526	0.593885219469176	0.502096848845425	0.74753575992613	0.521497025704704	0.642918504672596	0.601240513785072	0.711248530847275	0.916457472819294	0.369077816047291	0.532061603581892	0.436140299059811	0.839712345994854	0.805793524563609	0.457838183134061	0.554882640193313	0.431286591871223	0.536232604451134	0.481687295074669	0.740948112387922	0.497594266123618	0.684341076933752	0.683042858909391	0.564149369863111	0.407590990205545	0.533114911641615	0.43382038952029	0.847408237769	0.71207783483865	0.474538383474546	0.656112535890581	0.490687375345196	0.514315626182765	0.396054801964733	0.553692727921733	0.668661619732717	0.561372094832771	0.549606032965523	0.485863108785836	0.50403592962436	0.505182607320183	0.556273304692964	0.442277936209239	0.450489834774356	0.621657650392349	0.700213799613776	0.632574687179194	0.455035277820239	0.650364259191195	0.446743912724837	0.549606032965523	0.455035277820239	0.606143593242779
"SRR11292148"	0.550871983641351	0.797973788496123	0.595137212477131	0.660912781541347	0.409345143237022	0.610987391411825	0.656100829368895	0.700512501371223	0.382079491601548	0.391363028699736	0.63643900842263	0.563258076234225	0.417530669938291	0.602443858811469	0.404408737397855	0.56370915310246	0.612020795805048	0.662893464823445	0.655415624315198	0.336974924143354	0.63958303247103	0.45341453880592	0.436475291157006	0.650460788853244	0.592654375172524	0.537227371649029	0.59030566372762	0.560841246881703	0.701353424911914	0.560183143587007	0.683891224531219	0.51407415146215	0.534141633016974	0.541136973071037	0.763223044870469	0.832082954076027	0.40594386386081	0.567926235562509	0.76193969004835	0.658566452128416	0.724570183951613	0.477309128940028	0.515254372597566	0.424255108440274	0.761409760231129	0.501292046331952	0.642302325515447	0.49423652523488	0.739831854242605	0.858670307333324	0.561858447084861	0.514507869620658	0.529305518398958	0.404229711070568	0.586284335435732	0.504199818395955	0.370288079686246	0.548940980449875	0.552193312260454	0.49887128576849	0.443533447304034	0.544101863565919	0.668532029702235	0.523369603980136	0.607343781543826	0.428339989463464	0.584701991781937	0.514261661033196	0.568022058345792	0.520804337790367	0.443336991637626	0.54023337198133	0.667375921079859	0.884903233491046	0.372933312093189	0.613349519245632	0.417757911147904	0.607343781543826	0.372933312093189	0.674412076653979
"SRR11292129"	0.504646673167047	0.676809239173983	0.43707981739939	0.537968654369248	0.357023029503387	0.434190139238077	0.595264920583946	0.614834916303337	0.386836459711726	0.358963108061033	0.509961104570167	0.56895397756	0.437185895900337	0.490007223250765	0.782485208601488	0.515500744009802	0.542719712346799	0.512227249865069	0.430968836396897	0.324010034953696	0.639388138798387	0.483410646690791	0.371387579730936	0.511045330775727	0.517532834657033	0.487662516286061	0.563527001316752	0.546814157870708	0.582349354386513	0.461851188370879	0.606436488113345	0.477255493437569	0.53570543777674	0.477745553633617	0.610778577229307	0.641767110792067	0.261005813324376	0.506016855033863	0.551538148259692	0.740193744146407	0.616567140879424	0.435014612210964	0.537907654896663	0.375171720423191	0.666672457931301	0.45602347486762	0.587829465375908	0.456577560336542	0.773002491226412	0.778464401364473	0.470842095269584	0.385386691554102	0.447765210855702	0.411431006011808	0.599368522679081	0.554819300449637	0.421121984962897	0.561993383632426	0.446480826180367	0.425193607816998	0.363000321435977	0.502222254037451	0.614842725776576	0.528368503144381	0.54867898229198	0.43557751420709	0.441685773004241	0.470258804447633	0.517596398465274	0.380201288565129	0.374450717382456	0.516088114452683	0.60676566265598	0.895844556770147	0.326636418862404	0.592009662652699	0.401963734268746	0.54867898229198	0.326636418862405	0.618923445187635
"SRR11292130"	0.693490788823049	0.521655307385485	0.626459676443437	0.632731407408436	0.432503032750388	0.678499786212436	0.600568145477965	0.592646103817083	0.732141248627597	0.708852694737822	0.540025831080599	0.625457510160601	0.660113098683785	0.596208769219781	0.607608755553522	0.654441946735491	0.586938361719409	0.546460856996159	0.737991744880772	0.594656328630437	0.621326887095745	0.514367049488865	0.570153697385957	0.605349855578044	0.639226111780035	0.65374093820921	0.644822451639373	0.640048509945357	0.563239702542234	0.527705116708168	0.500197333737285	0.599201723268381	0.710943398041475	0.617279547194985	0.577841170216824	0.804791569698471	0.843704229718255	0.563500425927785	0.931647559928503	0.620098119055825	0.80782582962638	0.576948342836745	0.470865664795366	0.552237973294553	0.869450492874627	0.588276108745992	0.781577663279318	0.546141937468434	0.613081036049043	0.849478875344829	0.579999240676645	0.726294669413876	0.634021004689036	0.623142499869283	0.747345382949544	0.587701507928951	0.610329094920304	0.591159548965313	0.455747933855785	0.556467392464733	0.695059379264878	0.619262917325229	0.614957134475753	0.587133491591592	0.641607682542923	0.690805107879291	0.565743376854236	0.588397928585536	0.581406667589461	0.743328964934516	0.693485756732381	0.678441216174123	0.549757305332415	0.805472414603948	0.578726648665295	0.597038369720004	0.535285733204502	0.641607682542923	0.578726648665294	0.608398827656066
"SRR11292133"	0.759911764611712	0.854309533273734	0.848615830426235	0.82549149472797	0.556082700629011	0.863124112997673	0.675268556430492	0.775979075366288	0.744212054947925	0.792913219785262	0.732363457278546	0.695384617826781	0.807844536583318	0.82216533356783	0.741828743148876	0.761677605700235	0.895085055870071	0.820405351612393	0.85038962175407	0.55764610851669	0.720164828475258	0.677368649082915	0.634293723076962	0.812491484942172	0.828769011490434	0.756936793063803	0.681530668704275	0.674233583997968	0.814404854653505	0.801558266897646	0.795960072194504	0.821197453107409	0.726916784372006	0.611764818131509	0.82551352071692	0.969936237849458	0.938894146382315	0.674365008641768	0.954688981360316	0.861567201181193	0.8656307254046	0.688687125813427	0.6601487696639	0.653650583019987	0.801829601712523	0.705924248068871	0.790799912079284	0.594278577134979	0.702553077117031	0.807490808897062	0.681287738132903	0.904847537262047	0.735602137955544	0.613788439666686	0.862350864507705	0.516092301395955	0.819144176504635	0.770407160479277	0.65959433176936	0.681148258270602	0.828450545277077	0.752169824844704	0.792184668693505	0.683097882981901	0.812820989337426	0.800091764720517	0.820404315718782	0.685701854036052	0.68918933057922	0.907035448414397	0.781146949901846	0.777376821799184	0.814113706425818	0.914747512929366	0.644302786852736	0.753937199874809	0.618328679282068	0.812820989337426	0.644302786852736	0.774231065325453
"SRR11292134"	0.534697295686479	0.86857485094974	0.697933926337428	0.72356981840915	0.447782026390921	0.779502724544884	0.633011871875477	0.738370778665848	0.347281427990487	0.375613750357864	0.650476387480656	0.576033573551485	0.532952441185428	0.70456696645776	0.468880159896512	0.518499584486835	0.86303342597603	0.787475812803309	0.65753598736587	0.442166612280831	0.667009340025326	0.568948229027642	0.577037856508886	0.719361756353313	0.723754753340328	0.551054370925611	0.506203507561045	0.519296462115814	0.73196444213833	0.752237454688529	0.824874357174959	0.652903342441049	0.476808378565595	0.495878268904462	0.83122974266051	0.915823554648625	0.562563366969552	0.610651679735738	0.905768941303849	0.745227780691627	0.661716532432547	0.556541369417764	0.645869444234204	0.601223411108981	0.85619640210791	0.560801089872731	0.500851602152775	0.495397331116648	0.649626031725076	0.921411017069499	0.568568743988521	0.610702759408467	0.547907086519539	0.357630320869772	0.586376596102868	0.417235958070766	0.566622698238149	0.66583599601636	0.624868704966043	0.539987496529463	0.502725638862473	0.587720872941654	0.717445834454391	0.546931907024144	0.645176567017477	0.492856804349558	0.68742528944294	0.548911311250953	0.574047822841653	0.617397065819424	0.479074155240542	0.568993051858725	0.776497843284326	0.610089808436739	0.529382075741616	0.659909009692467	0.438892715690721	0.645176567017477	0.529382075741616	0.690196144933886
"SRR11292135"	0.570316750965851	0.535942330187611	0.578707340706515	0.655672533711586	0.278719601379525	0.320986446566877	0.482885316945108	0.423507588473421	0.547220159570004	0.427025342480346	0.433598699686512	0.480607533230317	0.517060255312334	0.532820711340836	0.540948465713192	0.405737890157065	0.316973399106982	0.429422795145084	0.722694586215791	0.405696974810696	0.503652768860146	0.448108427061502	0.412169166799381	0.447616638694401	0.33435528359286	0.562884191169179	0.475410218139324	0.461986003463484	0.451016584693764	0.502748180848	0.329348513492398	0.403504628223271	0.478444663971035	0.618150454923855	0.559027647108912	0.31005078788529	0.580289673461066	0.3989207515455	0.860662129602283	0.611975552483564	0.74446851153876	0.432211890896756	0.271003925212203	0.414420952264863	0.793434086738037	0.515452729666533	0.595829014130756	0.577968957403143	0.346788880208936	0.789706942617569	0.575729722668927	0.571032376497771	0.568853967415013	0.446208306277637	0.708707832671529	0.595852835812088	0.472027979418741	0.411415111505749	0.303408513632339	0.230324167418743	0.607140178944777	0.500219786230937	0.383453940095214	0.465331510842824	0.544833435502607	0.514572514725255	0.395698222712938	0.538408743203423	0.488498942722204	0.502234665585801	0.563305930952936	0.448770731004315	0.52855479785434	0.233022978628372	0.419470743978299	0.483105157944085	0.401518180763776	0.544833435502607	0.419470743978298	0.54095868090933
