"Model_1"	"Model_2"	"Model_3"	"Model_4"	"Model_5"	"Model_6"	"Model_7"	"Model_8"	"Model_9"	"Model_10"	"Model_11"	"Model_12"	"Model_13"	"Model_14"	"Model_15"	"Model_16"	"Model_17"	"Model_18"	"Model_19"	"Model_20"	"Model_21"	"Model_22"	"Model_23"	"Model_24"	"Model_25"	"Model_26"	"Model_27"	"Model_28"	"Model_29"	"Model_30"	"Model_31"	"Model_32"	"Model_33"	"Model_34"	"Model_35"	"Model_36"	"Model_37"	"Model_38"	"Model_39"	"Model_40"	"Model_41"	"Model_42"	"Model_43"	"Model_44"	"Model_45"	"Model_46"	"Model_47"	"Model_48"	"Model_49"	"Model_50"	"Model_51"	"Model_52"	"Model_53"	"Model_54"	"Model_55"	"Model_56"	"Model_57"	"Model_58"	"Model_59"	"Model_60"	"Model_61"	"Model_62"	"Model_63"	"Model_64"	"Model_65"	"Model_66"	"Model_67"	"Model_68"	"Model_69"	"Model_70"	"Model_71"	"Model_72"	"Model_73"	"Model_74"	"Model_75"	"Model_76"	"Model_77"	"Model_78"	"Model_79"	"Model_80"
"SRR11292125"	0.524187584162426	0.50738906544	0.525125296926565	0.650288382014506	0.601661026175696	0.550291603051952	0.482016406675868	0.465090810652167	0.571725091300238	0.594726026207277	0.55064408293713	0.48233589197796	0.446364798951537	0.607266396748651	0.591173168004948	0.557680234366577	0.598566226710713	0.580639404895463	0.52646187713239	0.559681594326299	0.397560598950342	0.531281346985078	0.580213287218769	0.553825862799365	0.605477583501293	0.541390445182998	0.428215439638682	0.665676968500254	0.4763793419512	0.469083986768992	0.567338270300802	0.49376215974072	0.644636588907615	0.555908690526039	0.480425095892215	0.586902473766403	0.630183634117581	0.500838574459318	0.620244415441227	0.413112555797038	0.567997666212646	0.623080159916533	0.50737999355594	0.536071155098344	0.51006207638455	0.536072282125337	0.519939018426906	0.537610804586924	0.495098259498404	0.507992859659804	0.613051255382117	0.588380046801135	0.635885940402066	0.555486076415324	0.511528486461144	0.5689207612632	0.491275911840265	0.483307122910012	0.547899266852474	0.656219072852099	0.486504845344863	0.615197568769827	0.472080854941087	0.516974097179745	0.63409487107256	0.576203700296447	0.550492270433063	0.508175697393675	0.555624192259833	0.539612721200335	0.487210802669121	0.51570801503641	0.525647975937091	0.487028662183174	0.448583663816615	0.524378772872086	0.583226854408234	0.494209445016969	0.441487132835269	0.464323060348662
"SRR11292126"	0.341230706830042	0.411454061977192	0.406119963284999	0.317240683228751	0.370365272848542	0.517806536383048	0.339901047355604	0.312654853179954	0.509078155030129	0.115507367980482	0.284305192065749	0.348970476274262	0.427180755420244	0.377902459510936	0.432646026513996	0.392925569453878	0.331680345333827	0.512061124937358	0.343080645475916	0.408027194641291	0.332694383594007	0.327733097735102	0.527287098551763	0.251914354855887	0.252096217005688	0.384360815436497	0.29560816805683	0.239986176636669	0.360309533098858	0.323905561701073	0.239459447359614	0.29427964906241	0.282653615976747	0.559851782897561	0.359525357570837	0.209405390571128	0.526338498045289	0.164523088056529	0.165886992408658	0.314881157723496	0.216217965796815	0.18699615554552	0.228348048331873	0.254578953272993	0.300329854488993	0.259295314540088	0.250145608793467	0.20759020954229	0.413253804846123	0.315213543491948	0.465893938129354	0.595365298849436	0.173704355796398	0.18931579415434	0.328716499771196	0.300634684214743	0.178942204500581	0.508673992589941	0.232549434366178	0.153317802994195	0.294309858203839	0.194493235234197	0.348167434206732	0.348914710794887	0.341630963987905	0.22507499644568	0.273306661446094	0.277603904698282	0.310655758377479	0.35717921296313	0.330222538234048	0.247675784952845	0.162793173988979	0.239254858759625	0.196542687803706	0.218918542050905	0.304210643184464	0.382142393178556	0.388281482858129	0.512454006526875
"SRR11292127"	0.0944782092446175	0.0195526055007749	0.0508816986946999	0.0875757237825803	0.0327750419504093	0.0701382789233596	0.0358893063687744	0.0273916204590525	0.0500819155137971	0.0498863783424798	0.0505704190976476	0.0214433563400594	0.052471101526161	0.0602503445809368	0.0439657525918427	0.0400506326761508	0.0305344056783103	0.0504920249292184	0.0213704230914084	0.0707754969193795	0.0293168997324476	0.0472381613456241	0.0477898495710163	0.0448176845356687	0.106511199949286	0.0309232759653503	0.0197089097912861	0.0669300769077248	0.0302952963381465	0.0293551561915836	0.0366746971883625	0.0340991963779898	0.0233173200033446	0.0609474620654117	0.0368901120659045	0.0447423400746667	0.103241861747801	0.0412294370797393	0.0690258584217275	0.0337749555947407	0.0482956528315523	0.0657796776001392	0.0421918094446729	0.0446011865425679	0.0431615551883763	0.0520893232734295	0.0692219298569407	0.0440424992941861	0.0531571894700685	0.0384680175364225	0.0314985366618095	0.0403799590111408	0.084465956674879	0.0329899974432723	0.0459822932489475	0.0256579017621367	0.0380630741148316	0.0122785795343718	0.0312629190151194	0.125507476846761	0.0438056483282263	0.0945165624755076	0.0655102231855194	0.0318411501824882	0.0497914124741314	0.0513517685148034	0.0448340016131417	0.0530270012899707	0.0519604362342775	0.0406451176178711	0.0200755632967704	0.050082272490127	0.0331882037567401	0.0186279267736794	0.0221803264189796	0.0605523859671398	0.0408996457498805	0.0941420153046361	0.0212835905005406	0.0139220325188787
"SRR11292131"	0.563030153347595	0.644884445544199	0.730816223330191	0.6938882156742	0.703889865469515	0.655810973587409	0.609896719895587	0.694342206213433	0.654501395234573	0.687241705589615	0.678015414085516	0.60620480288991	0.607879392552244	0.741487563588006	0.704893083101829	0.658458822872806	0.647954572505921	0.68796075710616	0.634347496548117	0.608195686242326	0.65371930100505	0.644617627575781	0.6210592233149	0.66949506516561	0.665381632012369	0.595389489140618	0.547998064524568	0.706763059037252	0.56943694972704	0.557335695866955	0.656415661614832	0.735671016401411	0.729379327428955	0.594942930361222	0.536473349720466	0.622392309483368	0.700810834665538	0.740540850159458	0.6839269417673	0.668006906130422	0.741743394636512	0.684959901888623	0.596383790030349	0.581746913927435	0.6104315147332	0.684334402633262	0.666337175002005	0.639043816707363	0.651519864693605	0.570190631576629	0.664054178551596	0.597399047050644	0.768453317084829	0.691357890408235	0.704132978627086	0.749372800776156	0.694198942912595	0.60141305801118	0.694911004808827	0.762486972204415	0.559939198825668	0.705524167170023	0.641041484954545	0.645252748076126	0.665039149839924	0.702203099080996	0.629013971133942	0.590942905141438	0.758498813827103	0.680718310266539	0.725232764115948	0.723151050521526	0.626418036413589	0.704126492145063	0.677002871962381	0.6334933714851	0.687438387122242	0.625997647075424	0.604619318466833	0.565323185250142
"SRR11292132"	0.00695416283087641	0.009005141200401	0.0582857227289236	0.0116919554903787	0.00716371921364829	0.0141701392686711	0.0071722348243818	0.0193659015770473	0.00411297943783143	0.00648813141624031	0.00742785451132643	0.00874244036654632	0.0128245547749783	0.0106364879156562	0.010467747111636	0.0158045925435476	0.00777450836676493	0.0139314031343371	0.0119884956246553	0.0149435851286163	0.0384487031571212	0.0156288666059076	0.0176900904849366	0.0200571023674361	0.0109617409508882	0.0131225829916898	0.0077119912604335	0.0057076446942743	0.0144292808969693	0.00741195972151764	0.00667073587853532	0.012373332509654	0.0100799448631509	0.00779343024267412	0.0147014781867179	0.00475466129514438	0.0193385335638752	0.00486480068165117	0.00878214657287504	0.0115051321933873	0.0119135736165214	0.00938201563437408	0.009724423493311	0.00800510731790002	0.0161967592721445	0.0140571730872835	0.00793049788851813	0.0125823054906949	0.0179160037925888	0.00942334947912188	0.010162391337476	0.00729036319973951	0.00502184597841053	0.00354516580044686	0.0183984621688354	0.00333828336730498	0.00812505853696284	0.0112843929182678	0.00862178935114522	0.00421122048559346	0.0138203903658118	0.0065612368811016	0.00823600240190913	0.0178682931877273	0.00585870216963017	0.00833057994045022	0.0110610703729684	0.00674420452341226	0.00719155008853555	0.0188156951946127	0.00987535356500818	0.0187785348212603	0.00357839753021959	0.0116308639792517	0.01161755357117	0.0130464335079641	0.0125132307410621	0.0176485759572845	0.0240572586744856	0.0151417272360837
"SRR11292136"	0.012689966416326	0.022389681863301	0.0420146743672096	0.0228526852962639	0.0168390883180304	0.0131929030324392	0.0157988246071697	0.01653192351561	0.00620427291497717	0.0132503531559721	0.0106549414389314	0.00903327721506638	0.0146752494027618	0.0180953862426909	0.0130776367494681	0.00796847918201615	0.0092108342085313	0.0198146831536274	0.0113176602435215	0.0127402496065403	0.0265771676756715	0.0265714737213881	0.0198300815093452	0.0235798093046321	0.010782466888655	0.0224497494681603	0.0111942046428737	0.006281443120639	0.0137322075425962	0.00881704234952221	0.00749486241335962	0.0269152724310397	0.0269676337262174	0.00605918639534859	0.0257744620299551	0.010771977761613	0.0106970389763481	0.0100664217930326	0.00904718315162657	0.0228415556342262	0.0126598463724491	0.0129359597082949	0.0109701340209356	0.00996098607108892	0.0162978628942883	0.0163011628633902	0.01050002791665	0.0229214013925503	0.0189602949900465	0.0111674972040615	0.00994117707864444	0.00691671398233929	0.012741446595178	0.010797435722983	0.0213789255276621	0.0150076130371557	0.0172183979353778	0.0175616474301324	0.0157829330207708	0.00781160876398232	0.0162485853895741	0.0101090874044388	0.0133914680536717	0.0152188106143204	0.00644474859474872	0.0159722388889411	0.0130269733389466	0.00961217663116102	0.0194249092318257	0.0149844787648347	0.0127634556670352	0.0136322809100485	0.00466264312929919	0.0241717754406596	0.0225367357777993	0.0101254242553421	0.0166264848164669	0.0161510554841507	0.0208227232538845	0.0139701654072602
"SRR11292137"	0.296671152869134	0.317319203264612	0.527373513258265	0.377109147449617	0.321106520053888	0.327365621626779	0.243718161834957	0.288379845495006	0.23845213860551	0.258082775908797	0.25837354270253	0.261393838251084	0.333100767539266	0.364636066400852	0.383797732729999	0.371892327435026	0.35576645432283	0.382978861890387	0.353821490159579	0.315505765239043	0.399841956385463	0.315311692902176	0.376768671049602	0.370489845749629	0.317069227691711	0.403941944471751	0.323451687885956	0.364854153194479	0.315680593507853	0.300919392808607	0.274063621639663	0.35842354351085	0.502301774711222	0.280041628057629	0.393713074576364	0.250399244784395	0.492752108175172	0.190103178299872	0.309583503173374	0.260930382300642	0.396479101558765	0.326349419242326	0.260429772676266	0.244872557800617	0.291098405852411	0.305721493728488	0.259423039950647	0.282704758527019	0.294570891930723	0.270611157562615	0.455274356439493	0.320014382105753	0.277880876837447	0.203994685302827	0.319901324917756	0.229975646111106	0.222552901379876	0.356773245549312	0.292170241599314	0.26250394633244	0.26584800977485	0.31978214186183	0.379021351110405	0.392344385123168	0.319833819320285	0.275358642017305	0.299496365178415	0.319697158779624	0.28766871296122	0.430179780445829	0.248221107875548	0.437820046766979	0.1625935335717	0.380928201825774	0.304233424615836	0.297238452461621	0.374537867730757	0.353052213188668	0.383742972528334	0.340218999768877
"SRR11292138"	0.00497355350574718	0.00698890777469557	0.0408829218202269	0.00865144726532029	0.00500978184439169	0.0104378645873674	0.00536744208605645	0.0140015162073079	0.00322041674600682	0.00335598684403727	0.00462899068301709	0.00589682503965684	0.00995071115708359	0.00616194330331288	0.00695888918809602	0.00951863180487138	0.00473382432560299	0.0100885212707648	0.00782260924458021	0.0111123540022984	0.0314579513046602	0.0123923399091478	0.0146001236552135	0.0119342331793805	0.00626436264028399	0.00987646833062356	0.00575890323951526	0.00261212510100118	0.0101035316565675	0.00509750435515315	0.0036535484447958	0.00918287629549198	0.00745953438095417	0.0064596365536457	0.0121280928658903	0.00300392246579561	0.0119550752427788	0.00307102216686705	0.00454101560126232	0.00902040822005495	0.00638434890424575	0.00466632172472767	0.00607876372142696	0.00523341752954263	0.0118825111055309	0.00831355250785431	0.0050124051840766	0.00819328489168314	0.0128849229404075	0.00649064167725982	0.00665924143009829	0.00558627793903833	0.00228823008337701	0.00209806765174426	0.012380068389771	0.00232525132151351	0.00530533570314873	0.00892556900960667	0.00546234982084101	0.00196211396944215	0.0103941595571704	0.00319165536308501	0.00549198905766072	0.0114065868379294	0.00307862349828634	0.0049395174983287	0.00693473175237977	0.00430520364006047	0.00407282862002136	0.0118923613763978	0.00741747648492154	0.0110196075306051	0.00202691967556812	0.00857213401716441	0.00799884421099386	0.00795692133777593	0.00707327656343041	0.0121542204166263	0.0184226442588845	0.0122242517729807
"SRR11292140"	0.0506585868907508	0.0230333985913558	0.0308235517090766	0.0686916206282575	0.0401283019310884	0.0560073489091493	0.0313292068258804	0.0250053730089224	0.0341158805406183	0.0364772072893976	0.0437508788211555	0.0256128411313567	0.0466121441919604	0.0503985007543907	0.0304768602675289	0.0342313966933446	0.0203559680158952	0.0512149126263097	0.0217293510715486	0.0517437986970183	0.0237208385758221	0.0335138662636419	0.0331684484240843	0.0396913892178574	0.063286896740215	0.021338199683031	0.0116021337510955	0.0332203277098231	0.0312036210066283	0.0221087686106017	0.0396627757463559	0.0482912390910043	0.0336727774901943	0.0483540435091779	0.0218765060190775	0.0296251095336589	0.0477269203450764	0.0381688690604136	0.0422289970961328	0.034165038421246	0.0237377003895539	0.0472615908562237	0.0383586566100443	0.0382040054528004	0.0420537723453528	0.0556546474703437	0.0649266098717495	0.0443052543332109	0.0694801480754218	0.0348783247752284	0.0257294198514356	0.0294127925141305	0.0557475925469784	0.0331818912165872	0.0544221827342506	0.0391124758116864	0.0503659802038423	0.0165804927389551	0.0273877611349515	0.0568564460537536	0.0410091755686657	0.045831740119493	0.0424324406910735	0.0278676588655187	0.0341581929174961	0.0405574225097913	0.037249853101858	0.0281214422317728	0.0800774056954287	0.0266904453932802	0.0143100320642911	0.0294858178234323	0.0310716262872987	0.0252993752681542	0.0258648942271935	0.0375857460933336	0.0368635342053232	0.0729325498345937	0.023276885898315	0.017549377788286
"SRR11292141"	0.692492527857628	0.686364090758692	0.658047387915254	0.708584771651119	0.638934214530596	0.647046395438723	0.635956996833721	0.706312649927957	0.677096904365659	0.753033160984785	0.662638349708227	0.590093178527819	0.599011954608735	0.730454090131391	0.700881640394577	0.668671353058132	0.735050958313282	0.679170978344004	0.670555193402805	0.651461085920281	0.684284201750721	0.724168689015894	0.718115318913311	0.68371297511212	0.692078886180965	0.728583655674641	0.698849480278555	0.777105456369361	0.615964730633074	0.66615205201832	0.668150337653863	0.538959411557428	0.653430678200168	0.637617182874321	0.690313939842751	0.714186209157567	0.701834534028546	0.626913129872938	0.723594520974668	0.577267965613114	0.708796107670813	0.73749174399965	0.627161580920829	0.648148130287358	0.6276823226434	0.653141649288121	0.622038443085041	0.669200183230113	0.598145305374909	0.641864357810733	0.698753743023149	0.697365095695466	0.781029925352539	0.753874512247963	0.633093231762597	0.676650367149664	0.628972242304535	0.62979690270215	0.700683019625669	0.787600403864099	0.599961312290282	0.68957918133024	0.631384174853452	0.668702079279061	0.739932713571064	0.69521230448477	0.668146114663756	0.693179498893036	0.702663941025925	0.66987387611411	0.768955211378123	0.642427959718948	0.669591418551878	0.563356450521781	0.587901890637245	0.627076130301996	0.71778912883096	0.579231950717512	0.682336009670028	0.62293983703919
"SRR11292142"	0.0337293740994327	0.0108400009909912	0.0533304029410353	0.0394603175653472	0.023756053512547	0.0463507122835861	0.0176681720811777	0.0154791691218118	0.0240350695383342	0.00753933596452966	0.0174625245087578	0.0195147293776178	0.0408607441132683	0.0276321791153723	0.0247991453253271	0.0338524075852655	0.0140761728739123	0.048414844562186	0.0166742256699408	0.0478217871995508	0.0528826172082335	0.0254209552241335	0.0371072184703421	0.0195632468638815	0.0261690602983003	0.0216354479327149	0.0157365282273341	0.012736266514301	0.0283918527299338	0.0201115631290369	0.0137203890376168	0.0239981103139564	0.0206274232427107	0.0575433155287672	0.0279481674829182	0.00915228473089313	0.0668537765639285	0.00834901864846767	0.015039390439518	0.0235245243998897	0.014024583119224	0.0133704334631995	0.0160731022307187	0.0176343211564069	0.0308915159041125	0.0265790760116408	0.0196778946095034	0.0137826836413776	0.0468080420300202	0.0192765636767144	0.0280347003917642	0.0343376960584559	0.00680852455715639	0.00485543749845841	0.0291221562007936	0.00985247362899575	0.0112320811768521	0.0174180143606519	0.0131743241351157	0.0110273810278886	0.0267740960034245	0.0143771242242271	0.0298820767213086	0.0285642289850057	0.0157018780884782	0.0130029962302603	0.0216435411339732	0.0213305227889368	0.0148128940028895	0.0299982200609279	0.00942651619776145	0.0287340470402896	0.00882756316460547	0.0162287922362134	0.0129173332488073	0.0253793941002426	0.0161319739261803	0.0528012204692426	0.0315182876631148	0.0239004769450516
"SRR11292143"	0.771335076086728	0.681254341973053	0.514973778019223	0.811367226282238	0.75653739031269	0.731615239144134	0.695297733586951	0.777513890141939	0.704667465781525	0.789863347143128	0.682088323726269	0.802032594109208	0.773875822706097	0.626306975169599	0.601914643805515	0.772872459152502	0.708332949329995	0.708820175372958	0.74609750836576	0.766330654868934	0.649942530345214	0.748802704528871	0.730457731527712	0.660388213769265	0.629907316517018	0.772823840217452	0.836565731607962	0.631885012587135	0.773569991142768	0.82148561140996	0.755812939122038	0.50366691366784	0.696485701529321	0.812350437289892	0.769594315542693	0.686342221432988	0.497695696320487	0.664738737980063	0.741850586639148	0.671489165748573	0.638165089342026	0.690758155880046	0.693056609247786	0.756502791287379	0.814363312979298	0.750378048854301	0.727166170918272	0.713228953433233	0.745629135674466	0.683814575310389	0.665254412123667	0.752738693873716	0.542999998948633	0.670850468783368	0.739107800964214	0.769263893621956	0.773875067487957	0.709538838840337	0.747756514964896	0.535642495489641	0.757731587285993	0.618920168075102	0.666415738738407	0.744310646287286	0.674333181919966	0.649788835551952	0.735583322233023	0.754938835933458	0.673191775251548	0.667305156767894	0.776032415423956	0.694456668936704	0.849693147602005	0.596416134709144	0.740608712174868	0.675111098463606	0.677079288414118	0.661581003381662	0.680319488911355	0.769119075006955
"SRR11292144"	0.0159182979418636	0.0295713156203795	0.0651486034290051	0.0227693422579414	0.0219453442477941	0.0176972705225772	0.0182832487147146	0.0239019308432047	0.00822826322091653	0.00615733958113812	0.00948296060376883	0.014279361339029	0.0270411945205622	0.0172790297224021	0.0157793549359763	0.0125184418760981	0.0100934921907937	0.02621971888209	0.0161464264211618	0.0157670822064335	0.0445181814213503	0.0274366045620237	0.030476419402346	0.0218677561012407	0.00762124112631997	0.0331818888054066	0.0202861544709203	0.00457137228679597	0.0212089351731817	0.014745357140832	0.00624151963184579	0.0216014440369851	0.0217998036168855	0.00973146774039656	0.0427873322601689	0.00689454639966239	0.0158820677480113	0.00661750580978044	0.00545872570024656	0.030979972881074	0.00923144634102769	0.00799555496033049	0.00909870519153473	0.00854548013142822	0.0185014476186085	0.0152828847244016	0.00882431319774266	0.0167850769816034	0.026437445429308	0.0113710068608984	0.013559629184889	0.0124753158556925	0.00523807688883045	0.00670765416622614	0.0244964296354938	0.0147032038694666	0.0114790009903888	0.0311435638907446	0.012883006666965	0.00317461411434912	0.0168361735085379	0.00687344371266623	0.0174317364722516	0.0231038484036106	0.00604659198798814	0.0107498234235293	0.0121536601506536	0.0124003143440753	0.0183751659460711	0.020055922803885	0.0161521658269608	0.0146337798383459	0.00303012902290848	0.0195271302022142	0.0149625445874704	0.00913647299257065	0.0165791614564381	0.0183358044703406	0.0317556533037513	0.0325293680286976
"SRR11292145"	0.122688603065947	0.137618782781027	0.192041456896727	0.206141980143625	0.183988080471239	0.107687170343824	0.120982020546774	0.214850343870968	0.062034721347675	0.101357165287758	0.0813093433296165	0.123185302136833	0.158174766787121	0.122215734374617	0.0916190363139757	0.109207583534353	0.0933469578439558	0.146569092617164	0.124558430189921	0.11306082603292	0.173881404479777	0.182271920343169	0.165767280688027	0.140452563123856	0.0720081580746454	0.199405847278929	0.181674271711266	0.056068674052647	0.151822250180567	0.140123928234277	0.0788711807513202	0.0952008104626846	0.173827349066929	0.0798576293171281	0.218774371559176	0.071412027968243	0.0701286685368473	0.0647434003471553	0.0758919650060533	0.155183060216853	0.0835618464966255	0.0896162741331435	0.100508971680508	0.0937466690675789	0.151931331896275	0.133855038695647	0.0843014034364552	0.132495982437755	0.15063968840048	0.103402766364694	0.0942002533154096	0.0887031585894997	0.052579376366345	0.0685118976546231	0.151805341384448	0.134175457440497	0.119020659681211	0.15917245093044	0.126582321561203	0.0383967961843458	0.135270684760132	0.0608872449114134	0.128223964822365	0.159531596406299	0.0651205398280518	0.0931156986876145	0.111255511312097	0.11408014189774	0.120554467517888	0.13177511099962	0.206580775425315	0.128090116538486	0.0681786304885681	0.114571324444985	0.129914493873967	0.081053802809721	0.123835436024343	0.124055397395778	0.17968379896274	0.173285270105697
"SRR11292146"	0.556349317393968	0.385394033292612	0.490458263605645	0.495354090809955	0.446385975949963	0.561634440194626	0.387595229114198	0.513907692070375	0.519662019882437	0.389359100553323	0.42997842595884	0.507328277379028	0.57024871281523	0.565960209324547	0.495187994521749	0.561570270926624	0.47739447323929	0.626163013286281	0.469486103517026	0.582059235762052	0.458301293546652	0.530862794752144	0.574774847270326	0.404133974110812	0.485158446322217	0.518426607623716	0.546726134976025	0.471390105188929	0.478635103240741	0.522464512073862	0.436368507122799	0.418792253118489	0.469732343166055	0.694260331959754	0.537765308845568	0.390357318811674	0.640988068689466	0.322146312831998	0.466351483273572	0.419934139823279	0.4618797757167	0.409384096328698	0.402363140566662	0.436267385491512	0.513637618731416	0.503145815523463	0.470659407229597	0.370513709836139	0.550399476119112	0.427280041827183	0.578280458721341	0.58800094864323	0.326061539669827	0.319309045076214	0.48735413475154	0.46352079591164	0.350449750615599	0.433313957729966	0.456573789445137	0.437379227090987	0.455549759752399	0.486909266325248	0.540539378826552	0.532907654376096	0.463529136209516	0.361156562428945	0.474503758428326	0.517638063508739	0.46058237931911	0.523581247312363	0.564877373759587	0.552466701186149	0.414621824961445	0.4265650245902	0.424190778807383	0.487522729517652	0.426436527536562	0.556914889195313	0.444547526437425	0.477692798130407
"SRR11292147"	0.602992855819674	0.707090298572228	0.737452129729672	0.627977779715194	0.551949763068362	0.699981982673948	0.529281700364822	0.704775985629258	0.719302784673401	0.411794612150036	0.519798999881474	0.563163895161101	0.690166379541448	0.676982364791158	0.684798003186891	0.63801508670362	0.672300846756566	0.760542421922391	0.658563841047122	0.705611662010001	0.59464440769449	0.701179360727854	0.807547703103344	0.51734779232041	0.542696501404109	0.752724188326822	0.763401909000917	0.502900086226523	0.569203147858027	0.628430276514219	0.4188984084281	0.505263217397665	0.658189471905514	0.77920764815006	0.77491491555515	0.562492253766151	0.758634620353497	0.427987756376808	0.483842702469552	0.599037194348812	0.634723522421007	0.405257911353414	0.500913830908023	0.520444313486835	0.630574942305477	0.527652044262526	0.527875097391415	0.499887604937134	0.640333534638883	0.580999153662259	0.734029676925573	0.778339478134309	0.297846886169656	0.385588962643985	0.602912116724703	0.599545394579609	0.453963174862311	0.711539513527204	0.624303639316327	0.38045953320946	0.592785516845117	0.399467248816189	0.651980600187711	0.671332861963693	0.51231781958345	0.439999601423981	0.567352505470479	0.588255652834991	0.52814149469119	0.689280865966639	0.813549716427958	0.665244252177431	0.389268875275632	0.569105160299921	0.554680116875495	0.542632600062452	0.527711190245895	0.625658792130007	0.619487746171488	0.741883952041973
"SRR11292148"	0.847997635155898	0.846879028663253	0.819278991078242	0.861413669802975	0.865262838301316	0.822686892022561	0.808938015811885	0.82692989118592	0.843773083594855	0.859350367764802	0.821342100205636	0.803573366683114	0.827090599812628	0.888865155312071	0.856401931623509	0.831049277176668	0.853956105880218	0.858035346716519	0.830448446295276	0.84709296356118	0.775281789912503	0.856829112535586	0.869274573617433	0.854637471033449	0.826332156193782	0.85688868065658	0.844850330472101	0.896430491821311	0.809189291560252	0.849170459152139	0.834814443505346	0.763784288885321	0.817962678699739	0.828098244064463	0.839847901099362	0.876354027350901	0.886567340762051	0.824610045082755	0.849809265558061	0.81077314234189	0.851710084990945	0.865961251690617	0.829185400307732	0.826606528075131	0.829972838783129	0.844467052707684	0.844528487395487	0.848742673845688	0.860130540412873	0.823868501537314	0.867188531212998	0.879762698346076	0.877451389644755	0.875449887489911	0.823370063203831	0.909848083829798	0.845989986124988	0.813409943497939	0.876920362094326	0.877867264157982	0.820187667749436	0.847569424288383	0.843810171729271	0.853710738126575	0.878561424438444	0.83004605820106	0.846644242128801	0.834192290664481	0.897140441896429	0.846367750501462	0.896237755435577	0.827672160814458	0.828963174320153	0.772243318692052	0.762831158681204	0.844922317021902	0.86009507215962	0.836652155000984	0.806987042424869	0.842673248059591
"SRR11292129"	0.885686062472092	0.914008234611469	0.878082504722561	0.909482672752047	0.911374428719469	0.873443874768201	0.871594293547374	0.922539309335931	0.877004163108409	0.924078719005539	0.871250085358654	0.891183447089975	0.887454744944577	0.890881668647171	0.897233059284575	0.900739443708148	0.916528024713729	0.874517218957128	0.911752661359225	0.884094886191206	0.84123007525489	0.914492103888946	0.915024414173455	0.909668764977629	0.864178138994641	0.923011843143737	0.928296376420508	0.927097155249769	0.889151994494494	0.917108000727835	0.900436308499005	0.822409627736796	0.901979352716735	0.871523473256624	0.908936468833966	0.915465307870108	0.893250702925424	0.879809387188758	0.90542282260124	0.858231284549381	0.914736365557292	0.91319849492666	0.887870317006792	0.887931676045002	0.893474288447969	0.883484901333667	0.890206022660549	0.905701089795828	0.877625578276859	0.880716211220557	0.914406767776445	0.913504967261155	0.92096926678677	0.932964201891115	0.87903923442371	0.933175436293314	0.897636079162768	0.906817431530239	0.918791842909752	0.900308081052752	0.882385850708332	0.899010935867619	0.885358372551168	0.90990279480234	0.916052489382335	0.885719670022964	0.895153430624711	0.895404063962721	0.905251016700105	0.907595637674605	0.94969097370392	0.90060682068332	0.905948267198851	0.862270145035973	0.881594148639505	0.888133148406668	0.916365245257197	0.870896176422485	0.880155254292266	0.917718288694608
"SRR11292130"	0.249545062880176	0.561438930103349	0.683558507650719	0.406177974821005	0.410904633954161	0.455613607233198	0.292269645246717	0.485903082228167	0.313416376451989	0.372054276276864	0.341214259208635	0.39827458258422	0.401609733987651	0.468822894086534	0.494116079241887	0.494397140089844	0.5043812282898	0.497120017419863	0.525822120555556	0.421509675446078	0.503045216224525	0.475301099304292	0.529738300211923	0.500746642704996	0.395504730465027	0.521432410620455	0.454132012359667	0.417821393496093	0.399718163322911	0.349046109287598	0.346327739458648	0.42399821459104	0.60658572286156	0.403370817602905	0.477684137864652	0.361765684794582	0.587432359186707	0.276783282811808	0.401935424931911	0.339172836745607	0.610181915766641	0.390975437809002	0.367753967485405	0.348201995962449	0.42121145744504	0.401985605442781	0.357171005295024	0.411296916424081	0.403475311117186	0.383445339397943	0.568599946516875	0.432718059050626	0.377161047560824	0.328263636485364	0.467856804980022	0.372544360025322	0.338222751956737	0.56438799122634	0.456295686754222	0.318221474811137	0.387032876487175	0.393832457297235	0.429211453328322	0.525384230806853	0.384229895196294	0.356059419255219	0.409776419584781	0.312550366134483	0.384698735182769	0.584533319522596	0.494072807620224	0.604444193114014	0.252036081457934	0.504516780304492	0.531321782921865	0.428780423308836	0.487780344312325	0.452538533211196	0.54285551219689	0.536478551850005
"SRR11292133"	0.32647380581055	0.297079167228427	0.349835265817771	0.277458461232016	0.20633899311454	0.179565821663971	0.269849123408802	0.29329433523163	0.202766891305473	0.171800762259701	0.24553634442407	0.258021846314986	0.187577909167688	0.250644365988651	0.230419853364147	0.309853903465113	0.305808508510804	0.322961876697681	0.173299916043821	0.374546601976397	0.332991352138705	0.285850142696399	0.34624658730139	0.310701776653087	0.130808752137333	0.342227598784512	0.203423747385419	0.210972452742032	0.350073936771701	0.243259621258242	0.219516443608342	0.159032657976256	0.210270105697921	0.287260578628197	0.412226635122259	0.249439764660565	0.353266450113733	0.0899231200303392	0.209970556468182	0.212059510399646	0.23741491317565	0.234247852910421	0.206997302896489	0.173438735104528	0.299562067353852	0.270969055058861	0.128752402491941	0.259327117449759	0.35603471108017	0.275371892224123	0.273190243877433	0.147184830987379	0.222906890357166	0.164592470180673	0.27900263747918	0.10520600237582	0.190853305047586	0.353718035516975	0.155767852343141	0.16759964350816	0.322702032763576	0.244594770092762	0.326650247072523	0.32565370612271	0.267729366177998	0.198370201110313	0.286991608187915	0.292312804578596	0.241122726039721	0.243057286381286	0.109334851305436	0.193129962790115	0.130147747061392	0.172921558825534	0.221503364167597	0.265629840941127	0.295334025313126	0.169030741275496	0.32540756656076	0.247993447801868
"SRR11292134"	0.0156207277462629	0.00449778204843053	0.0233102159712636	0.00664957358984176	0.00471545377385856	0.0176431719031283	0.00863233430846179	0.00595492464261372	0.00958839127297422	0.00149990403121009	0.0048320161303408	0.00524554246160513	0.0108249006184522	0.00703180979517549	0.0100080947437678	0.00671348590503882	0.00391847855390143	0.0125658761048284	0.00382056164167534	0.0120296541482625	0.0146249438429594	0.00783705295845061	0.0172548776257167	0.00583857404146788	0.00694577449968402	0.00847492900142085	0.00441416140072143	0.00356611191109218	0.00825419676516129	0.00572650921394952	0.00278755663750276	0.00909122656949753	0.00271596180554908	0.014273088855258	0.0118344617980886	0.00268598332783741	0.0265779014782871	0.00211426978802381	0.00277637701268907	0.00846542247739182	0.0039383774773471	0.00354913543800287	0.00377104728887476	0.00424972337043231	0.00626332118454881	0.00475568919722663	0.00348458310925768	0.0037841400850291	0.00966424668802322	0.00539030031757712	0.00778099011451777	0.0120773692989614	0.00261797858659563	0.00121738305014114	0.00657778018096672	0.00178689511605243	0.00219631559374858	0.00710780230632053	0.0026980809659533	0.00252755603484708	0.00669010431760361	0.00810730509806384	0.00701150503991334	0.00646750133964143	0.00493267316490477	0.00462358260132983	0.00498785324685044	0.00766927255486674	0.00328990617557078	0.00750560171478438	0.00413404487166183	0.0042757268709587	0.00134959842544699	0.00457444965315024	0.0032334589803487	0.00562043428548489	0.00492579137747198	0.0116713993546926	0.00780860521140752	0.00721097298342619
"SRR11292135"	0.0363511677820708	0.00938549699573508	0.0715094296592141	0.021985507753109	0.0145393160723452	0.0565227008836783	0.0197254173869349	0.0134414811153331	0.0293375206917775	0.00608493036811405	0.0184363412319702	0.0176875046995378	0.0311543761897994	0.0264121215351751	0.0368625562143538	0.0439855421203125	0.0174411368888312	0.0429040172683615	0.0170770990334279	0.0439025981127015	0.0253675188912439	0.0165555216797781	0.0400804381082637	0.0219558539427133	0.0309888623526469	0.0199412761650997	0.0117402051928556	0.0232062072424988	0.0314604458972347	0.0198515759239491	0.0165154678913691	0.0257737571904994	0.0114500504120852	0.0592768318971283	0.0215859543722286	0.00811181933481655	0.131041449828011	0.00643962248144451	0.0154664794386586	0.0173395137721855	0.0161913274315374	0.0174314895665605	0.0150367974856491	0.0165633259688487	0.0217873380608556	0.0211114989361088	0.0137623420005173	0.010704498840592	0.0340167029728979	0.0180296724868855	0.040432496764877	0.0470530618351062	0.0101568294429843	0.00380794288362204	0.022451257123463	0.00368829207287765	0.00609239904207024	0.019742156629769	0.00921435016442018	0.0127408207126004	0.020498392790354	0.0209359927263953	0.0228342087676252	0.0282714930950502	0.0291036958678687	0.015488661381439	0.0205956242264136	0.0244676309515131	0.0104001041342587	0.0343229636809778	0.00716931332138057	0.0233599678507877	0.00763663782069112	0.0142133773490712	0.00921328287509143	0.0263058150515607	0.0209146385115187	0.0451427809336162	0.0185479898932321	0.0244237304527078
