"Model_1"	"Model_2"	"Model_3"	"Model_4"	"Model_5"	"Model_6"	"Model_7"	"Model_8"	"Model_9"	"Model_10"	"Model_11"	"Model_12"	"Model_13"	"Model_14"	"Model_15"	"Model_16"	"Model_17"	"Model_18"	"Model_19"	"Model_20"	"Model_21"	"Model_22"	"Model_23"	"Model_24"	"Model_25"	"Model_26"	"Model_27"	"Model_28"	"Model_29"	"Model_30"	"Model_31"	"Model_32"	"Model_33"	"Model_34"	"Model_35"	"Model_36"	"Model_37"	"Model_38"	"Model_39"	"Model_40"	"Model_41"	"Model_42"	"Model_43"	"Model_44"	"Model_45"	"Model_46"	"Model_47"	"Model_48"	"Model_49"	"Model_50"	"Model_51"	"Model_52"	"Model_53"	"Model_54"	"Model_55"	"Model_56"	"Model_57"	"Model_58"	"Model_59"	"Model_60"	"Model_61"	"Model_62"	"Model_63"	"Model_64"	"Model_65"	"Model_66"	"Model_67"	"Model_68"	"Model_69"	"Model_70"	"Model_71"	"Model_72"	"Model_73"	"Model_74"	"Model_75"	"Model_76"	"Model_77"	"Model_78"	"Model_79"	"Model_80"
"SRR11856064"	0.716842466290572	0.801595621378676	0.523588156332765	0.715269301261716	0.838030010660257	0.833750935210455	0.593367653282548	0.725697111639984	0.583717647811837	0.562320432622247	0.593435589048593	0.446491872486327	0.677893056606332	0.363803176973491	0.500279849499471	0.683360791433067	0.664873310900553	0.615191890007141	0.754221121531449	0.599861500766909	0.405021246241876	0.676604592668046	0.526538382205358	0.523897752190382	0.474398782690793	0.626489420861248	0.76507876157365	0.600172487174023	0.287006156019571	0.642297535519256	0.554207902247641	0.651611147400887	0.504986890179962	0.562582921026382	0.61843013142247	0.772532984613838	0.376965015188435	0.4560055611866	0.549849431649331	0.532368248970558	0.637945176146411	0.740389028146119	0.451708140723167	0.569193379243301	0.491389669685169	0.422133270916775	0.566184239716726	0.553648144043292	0.642053959617001	0.667465883651231	0.361040575303715	0.589335973849987	0.557615536372595	0.593890307003229	0.604185253705729	0.589142802325265	0.56797174842131	0.70727431201279	0.922388830903527	0.73255883377021	0.553400045830041	0.514525039218631	0.729423681566438	0.506342115503413	0.5798592278135	0.473214836460156	0.53030382114866	0.547935897598172	0.372966739085428	0.498524473409363	0.705871969023047	0.554723775951172	0.576454023055383	0.887964771987761	0.646742784692986	0.775085177206035	0.587274449557654	0.635086586886899	0.731696840102346	0.605200200078939
"SRR11856046"	0.317056334924846	0.645361419527402	0.536457402618747	0.253661344496492	0.772023199255595	0.670624733863384	0.466550939127021	0.419218965829004	0.496836333747519	0.468279702660043	0.448414104999569	0.43286007375764	0.325702969742289	0.417815440707683	0.679811541663924	0.646578065287524	0.4163264474713	0.569346296278642	0.640255431414898	0.323814299905803	0.368445341112699	0.648250637478395	0.433673482286794	0.375209656598827	0.583117279156722	0.502105640998884	0.694380012102141	0.66162513148899	0.394581840783568	0.542628725046086	0.48448688654254	0.576454215093465	0.552878318932153	0.622685999928001	0.24458058032453	0.827994135381181	0.402571589960059	0.406232487212582	0.379005096187463	0.598240992688064	0.623694563773428	0.680782587834335	0.421857075240176	0.427511233300891	0.416462563804955	0.560724510643538	0.672613957511918	0.423719188361058	0.443664215055253	0.340298516854633	0.396187213534907	0.573374483281383	0.428545417100288	0.426397011260042	0.255885586452681	0.455584273361768	0.534583426355942	0.534604969795032	0.829073066487504	0.664424622174895	0.466723878179791	0.489276568678273	0.712219338974075	0.4079818586709	0.486892183768297	0.27446234701032	0.290095655033705	0.638825758924423	0.347785905164955	0.45382023707384	0.631225804092975	0.376157887679869	0.434712266586835	0.744452901715247	0.604267203625912	0.398829269807968	0.499020370454348	0.45920754388667	0.787582337560103	0.441158547317185
"SRR11856063"	0.084648440001633	0.437962766919661	0.14888254330895	0.103491168624901	0.263677809208046	0.136414127804508	0.215585694737212	0.0739469389032633	0.195928097039542	0.228612093860242	0.105264039387577	0.226848545883202	0.0523955030004585	0.249716824504099	0.339589211486293	0.38857468202781	0.0599446140692197	0.260551348010613	0.254801931068365	0.153713374319081	0.186386477946891	0.078126530544972	0.162614176337178	0.192294677298162	0.366860177576549	0.174845790599939	0.381777774616075	0.261300702554052	0.156265944579067	0.193183502103553	0.327393318380857	0.211792702008249	0.210971931938261	0.336897518560886	0.104758539866954	0.24894881333656	0.201060555176634	0.229613974968856	0.159833815732329	0.0750612574154637	0.103188979396625	0.341980839441554	0.270336192092838	0.129851915302891	0.213572762531296	0.18164704977676	0.422325882874727	0.129063386940926	0.0653110003966736	0.0408395962108572	0.185270582506865	0.264874611987569	0.304165672058159	0.0750812453966912	0.023079999447788	0.191936807739581	0.0506441699685749	0.170110652470102	0.37828397892417	0.240427109295335	0.217341793973749	0.118164685549433	0.326878042376209	0.15228512750193	0.163972535851126	0.0648518206399373	0.14725574508101	0.388106154732358	0.371092478013909	0.188615171760631	0.0886723343834441	0.108395821591804	0.144887816645028	0.210094220466012	0.328324556395723	0.187257743258755	0.224477207904774	0.0834614446670412	0.517108904680036	0.11513155739209
"SRR11856044"	0.213052813912621	0.622338561265747	0.298136487096014	0.209073619991046	0.65970392499362	0.43022189317474	0.356292307551926	0.276827619742545	0.38599442068097	0.465298397290152	0.377517358860731	0.509525752609774	0.231107992727291	0.572031988323327	0.55900992208066	0.615554620149928	0.327006416186827	0.53354472457084	0.435413325712977	0.32546994161432	0.348128210338688	0.51564799535876	0.452148987711281	0.169971937286092	0.41405177036292	0.368787616222505	0.727191506992719	0.521404960017017	0.4278420975768	0.340786327771806	0.404232014025362	0.404364017824638	0.510549366650705	0.437772184723369	0.276751288089057	0.574299374519666	0.396193416859851	0.379540017352365	0.341026430602568	0.396990676004749	0.246657191311519	0.558653907264378	0.43536362300179	0.365478897501233	0.427609500486023	0.399185257011689	0.613718531313596	0.364041161706935	0.216255444433324	0.280330727721462	0.443044851425142	0.512311495209388	0.393398786010004	0.326889053620486	0.148443769249872	0.361269798352701	0.197673330707193	0.354325323286996	0.76573606820987	0.532729870719558	0.431535371008168	0.246135277893411	0.532965003827345	0.38926408517304	0.401755434183837	0.212312368784509	0.197331248964278	0.549855822254878	0.470890523308597	0.398773188486698	0.375538498805185	0.340216586893589	0.345664926821362	0.659993996061083	0.531349131520041	0.541300230926	0.428388721763288	0.389166778043834	0.701575926660106	0.29223171464053
"SRR11856062"	0.31621958179969	0.487258720452054	0.256924296226163	0.273886157047282	0.454463454313046	0.384442697245764	0.404449597349385	0.141414541192064	0.31607803592219	0.209256822943889	0.339834788878077	0.204088809214165	0.31776589995878	0.219818736067329	0.290323637178952	0.355459448755809	0.265411317024817	0.747835830214617	0.440843398945748	0.376317054087366	0.255360962382885	0.316222852135576	0.186049195007204	0.217768562769938	0.373950703365662	0.30947884287039	0.30429168613669	0.266238348994697	0.269442910531644	0.325579638403269	0.288492406984061	0.191574935645975	0.16317245823663	0.378413495924287	0.386387897739872	0.214898079675307	0.206582207837198	0.172315988992941	0.212145863308148	0.176509513243773	0.225882604086503	0.430970696289097	0.30757424695776	0.243059542782676	0.207360216540109	0.248661316188441	0.298258414537508	0.187645056980393	0.250962742170056	0.252048203535103	0.132536099170911	0.266594020600554	0.351241877130634	0.20307330036747	0.283244823428618	0.432796169221826	0.263887987754761	0.205884976243537	0.449152891527021	0.440459643637161	0.283055209713425	0.228136347185765	0.338025383327085	0.266298326788909	0.217859709362738	0.252396704537196	0.276695612982458	0.285437998206917	0.21490044634035	0.131178727925749	0.416448247835429	0.252318326433525	0.258063320415164	0.380424444839235	0.258218908936966	0.281595353522804	0.203899068087391	0.414967559135754	0.360213245698943	0.238331009838505
"SRR11856043"	0.285796601909859	0.835029837599813	0.299547045402988	0.17454221977227	0.544709133568269	0.683810991827665	0.710372330401291	0.259392614450682	0.411040553822979	0.419648499143516	0.340165525272647	0.325388208749684	0.321126764535297	0.320061872199841	0.531649795366228	0.376824664953595	0.225795150796836	0.670073166987214	0.63273100213512	0.367033418775948	0.26555500946574	0.274463710659934	0.357085944397901	0.270382659541261	0.559148107101149	0.442206707658851	0.62350380838786	0.441009701192794	0.288029758151859	0.402991765198914	0.419814877224326	0.421091854357922	0.387140301612273	0.429576869736597	0.314594152571933	0.60535383843559	0.356100424425262	0.336287789124276	0.320483161382498	0.260232013981246	0.342742408475084	0.77322688615604	0.420527362226547	0.355852650699584	0.30562219870011	0.392954130683365	0.580213584611427	0.358491248270473	0.282349962075086	0.299445459219131	0.25767187197829	0.482091173003222	0.405064614557045	0.334079253131207	0.215473468081649	0.355775633332246	0.208654670064375	0.460203880626869	0.807886261830789	0.539365970967867	0.500763961354573	0.267263513498812	0.572932401770127	0.379702922592973	0.367046520285846	0.187177184622036	0.251037744237545	0.519676769294803	0.313172989183341	0.357837455229613	0.496177951845207	0.322410943692122	0.312616592043722	0.779668726476307	0.56137197116431	0.49475970228071	0.421992828699094	0.296756542054036	0.69413411177217	0.381575446274304
"SRR11856061"	0.486962133838289	0.643053778641496	0.213960615989913	0.520449515263321	0.77648073329591	0.505805416372806	0.593880282010571	0.267868791724252	0.271756340645703	0.41176477797568	0.397971905105392	0.260627339548454	0.334388885707747	0.126169763164403	0.260666852715947	0.489797010048042	0.54901758862803	0.554972270858111	0.424327954159905	0.349881159801431	0.170254875007565	0.856780445180682	0.436626673715126	0.191649999226611	0.262237301419901	0.309172064250812	0.691516620882863	0.251888171835433	0.114834344884458	0.42131687400023	0.335112680932406	0.309401930854505	0.197153284023731	0.278418611430555	0.488497142216211	0.276658337683034	0.208164006031477	0.176844151752253	0.331300251120405	0.172996668677173	0.27262672559593	0.383441914812126	0.201121430845678	0.473114219245035	0.263158467799268	0.238221838508235	0.279312598106561	0.26502453091913	0.386954423512914	0.289933067136478	0.157038176025065	0.306816550243173	0.386133859912556	0.309995057055797	0.420814249382846	0.437084094916338	0.209150093817171	0.366306014596835	0.725038560659669	0.630409424828214	0.278767398962753	0.264029014387942	0.390168706947588	0.293812384108269	0.247004594135628	0.297649054957891	0.376227167401558	0.26956231410799	0.256301533882547	0.169042174690768	0.590304343604245	0.324920294049829	0.243948454291983	0.595019114954375	0.351578375976124	0.553537606936896	0.184151852896865	0.503558556189744	0.383927147775002	0.349472668259367
"SRR11856042"	0.435286331353798	0.689354790194017	0.22537082982648	0.202061358933006	0.813640769579949	0.458745293024409	0.608115038440112	0.292954687525382	0.547824036248357	0.50351299636972	0.463100571534476	0.414497928933231	0.323086655756577	0.117227595447747	0.417697601041293	0.699553044040994	0.640773885839836	0.741639486872837	0.462658307811339	0.385533829030207	0.306748752651331	0.834818521944628	0.614512811971861	0.39862619992902	0.558597917367872	0.281105543650909	0.790585262399893	0.265577096370342	0.105940889778436	0.443595291954538	0.617982679152194	0.507482291210272	0.345742039519042	0.661111651082122	0.518106126928803	0.478975280657886	0.300113886956349	0.293008746748952	0.390496495004074	0.247248994153189	0.356368985733583	0.391306404915903	0.209640543371897	0.635279395942284	0.355145212637019	0.383882253991783	0.578409131596019	0.379699550440445	0.423297134637559	0.264687215081622	0.265546184988507	0.46444282256924	0.584468852708253	0.383223875799779	0.277045825577754	0.752935915412628	0.250933244091296	0.473089394840348	0.767213214901534	0.75289298592544	0.27841237481211	0.283015685398128	0.645571812288632	0.34633659607062	0.443247741370923	0.275028942931332	0.637606186790015	0.563191306582635	0.583058700333159	0.305425946905226	0.719442214484604	0.388010728353493	0.418162285616846	0.641808235522763	0.487006501577081	0.620172978653782	0.298175116773907	0.564885145705549	0.598326718974461	0.433225105381905
"SRR11856060"	0.338795443578902	0.648130560760278	0.325427143363948	0.281497859342959	0.804293622601891	0.491017711672081	0.481697308749824	0.209435870187843	0.248429781683295	0.472729492806295	0.331318271299939	0.307890580427956	0.192556941747742	0.426136588460216	0.333387710209378	0.522785828231011	0.326203462578143	0.677443177150163	0.501314028083316	0.402424751308629	0.168413229904194	0.582477108848902	0.417282920849732	0.174482821806178	0.272990174709343	0.268138042921531	0.821880095635283	0.40786133559409	0.131120946248843	0.251991560111275	0.283077873935466	0.266926282533116	0.246744770135027	0.219937588623148	0.703958223675168	0.317620540833623	0.230725126295886	0.167479932551605	0.175376320176932	0.259152126435317	0.253858191824765	0.519669711768387	0.330609331669896	0.39626445200539	0.276380755177579	0.24121918878804	0.280581941378758	0.183816694134621	0.157353594511521	0.203621504446926	0.271099845840855	0.301842676750365	0.282216676754197	0.196961391837513	0.151266466566858	0.343756336171844	0.156106104969211	0.273630764654137	0.744414306026097	0.55495865832622	0.393158300752085	0.17763483001255	0.359907408944704	0.216092534512407	0.248234065720169	0.198780736927813	0.211030652163687	0.274938843926451	0.352081424139067	0.174676555343975	0.474516539154483	0.223233381684072	0.207755371699403	0.421333598191273	0.304734109877013	0.578005201308205	0.201603631392334	0.366450812026414	0.541286495490162	0.248967868466151
"SRR11856041"	0.616039973128846	0.928091170384954	0.0656901377517762	0.112723351155784	0.489247234467012	0.396815492674759	0.755788361235518	0.145340074225288	0.319922426752692	0.30659206491315	0.177073220536886	0.283739246068831	0.271768764172955	0.10268705771663	0.249195769674402	0.546237910651946	0.345422011797419	0.837551150044065	0.337363961082344	0.647541928499591	0.184167965683053	0.201467796383931	0.344603942030938	0.145249058630965	0.34908920425218	0.340266007287179	0.389308944319809	0.156529687828118	0.0999699481888356	0.318659807580459	0.285973782673063	0.214552703903135	0.156746435214232	0.339868281013682	0.801626250761288	0.209850638440562	0.321981246036106	0.243427567347103	0.257667943278783	0.0645527738054899	0.139045619462109	0.508979329232796	0.364369318005185	0.301520815753036	0.29334123979106	0.124129532670666	0.338462902409607	0.218715856237333	0.133107448709699	0.13916157561331	0.175555099438434	0.29871498466289	0.352795324768749	0.180534707626369	0.125035470381589	0.265658226900343	0.089336720564574	0.176151570218394	0.817524077856411	0.464563451145763	0.402006848503708	0.175496026233595	0.48660185501015	0.322797015499705	0.183092374842728	0.12780536777185	0.186290736600066	0.422775705355284	0.409796830278163	0.195516397580023	0.404768287167248	0.266583513021578	0.174308840263833	0.74880524065686	0.460424489883192	0.837887915372623	0.166383576025629	0.214218809494987	0.670309274034093	0.279950683220896
"SRR11856059"	0.121212413942332	0.339009978709302	0.153809826940696	0.113834692078301	0.261236276468657	0.138884995640542	0.257225467692006	0.0897047015897231	0.140589031914025	0.166666395033035	0.0889525814733835	0.160916601435898	0.0625235250018741	0.128961668499394	0.23245374113348	0.264484995846122	0.0800375427829476	0.488566036499122	0.183437387472177	0.165910418130625	0.140002603787762	0.195222098599811	0.163813303790561	0.205923474446367	0.30660384063944	0.195427021788694	0.275953515478593	0.18793033418314	0.165042069824185	0.122720156900238	0.228237585624865	0.189535019640707	0.138401579706936	0.230711086102858	0.10998268727247	0.194087852658495	0.148881551706287	0.151078698551796	0.0972605414018911	0.116308914782226	0.17376702537671	0.163077351367375	0.110855016629732	0.166738490124908	0.162349150755549	0.191511381984832	0.244637474407245	0.0889393487595327	0.0854171366994663	0.043946943537572	0.149836014633492	0.156621719829588	0.238181486041304	0.0699198678748215	0.0275199369258302	0.221466771190238	0.0717690016913087	0.123526745960015	0.267035338190228	0.246287663621846	0.115580509778301	0.126566820375534	0.214836929814976	0.12730183369106	0.145277700724704	0.0601150176745593	0.133270892464107	0.216693664574404	0.275083821635408	0.143421406155989	0.20508420189274	0.0905006315106217	0.129831685039036	0.236434077856311	0.197940505700072	0.164191624374707	0.225158483322485	0.129775561930313	0.257362760517097	0.100084731854631
"SRR11856040"	0.228811482106538	0.663059417580177	0.509065467667711	0.11157493514781	0.360512678242502	0.554207188415111	0.765337954463504	0.385593950713482	0.358803804561963	0.63007148863656	0.278089942982556	0.256382313847654	0.197355577051106	0.456417300494019	0.633140665258359	0.351495147861638	0.142402361347544	0.335701104440193	0.636233329884134	0.296623926299082	0.234125280576729	0.378318450420691	0.489031774341679	0.254217578557611	0.586619407890544	0.349212883540011	0.775056804287852	0.623408070497205	0.346510019032499	0.248114125090464	0.342005787233522	0.447356070933115	0.312786551696079	0.456599742677146	0.402881758340094	0.444823261613749	0.288649254300379	0.309946692941221	0.183725648446724	0.539514113109681	0.515274829390148	0.785843704893146	0.43543323755999	0.487591055010725	0.301845558128952	0.588395386360016	0.492707266713747	0.219237814809797	0.317896106876545	0.170630357808785	0.391896742990292	0.437727115785417	0.269207370238977	0.21140390937559	0.112671327267325	0.215864570579478	0.367859479394245	0.481115512293057	0.667401174868523	0.444753434454615	0.538646984841268	0.426791419384584	0.388897069951295	0.279422794641634	0.282239353594997	0.217493346131815	0.192727216897151	0.416425064317855	0.297785459400545	0.350244073447248	0.441214112233236	0.189829613246116	0.222236481311685	0.694594273463719	0.445753148150598	0.556797133085319	0.386305727666054	0.189588925215213	0.464920127801637	0.258650419274613
"SRR11856058"	0.0603445124063568	0.315961693639318	0.0892751233356667	0.114633968547933	0.160527708356212	0.101787885399757	0.149486240454965	0.0358248670853601	0.109357594875191	0.155262367782615	0.046803705092705	0.113563875929209	0.0248852834212143	0.0933653514377975	0.140319802736268	0.359490427109247	0.0510286235297046	0.156849081598703	0.148642354995221	0.105050124022529	0.0909599207293077	0.110319731649437	0.142225153978478	0.138464674883395	0.303056750172717	0.133540995820706	0.344010867221254	0.13327652396441	0.100981759581366	0.082937669199187	0.12521199478363	0.112110971486419	0.0893907902394137	0.138772656404929	0.0599383683036957	0.10433606184306	0.0958542642393161	0.105602197065657	0.0696379496474874	0.0433943160031683	0.0788582339159001	0.152418747116076	0.0859011607186336	0.109882006890769	0.151834563377797	0.0731868814372301	0.19684917401599	0.0557692152636421	0.0227724308087476	0.0140948032540247	0.114271485016208	0.110269741505288	0.171333581203059	0.0266486735670254	0.00878177237487614	0.0931064309531398	0.0190448850009505	0.0649379123952013	0.183639435176602	0.218292453430447	0.097248581405366	0.0562288392018743	0.147440933030228	0.0760194343096606	0.0763448011153763	0.0295748857564791	0.0509129223072869	0.161156541220077	0.230430874759244	0.0811207681987886	0.145593070704398	0.0535771660436671	0.0747965852448884	0.140828990244974	0.174309504247915	0.130300527117628	0.158364056487524	0.0805717290593039	0.257560875648382	0.0593324487740235
"SRR11856039"	0.507619815136573	0.948467463886961	0.16327874573704	0.145149155896066	0.450265589501729	0.360795854403922	0.855235502507486	0.138615238348194	0.230827798653687	0.318364291729897	0.210175328423628	0.466394759501937	0.338660310729699	0.679383313627851	0.52396774906311	0.482010953355149	0.180391455285978	0.971008673860415	0.335297711933744	0.783490685103443	0.364039145676109	0.301152470800693	0.320000490097998	0.215862863143375	0.384503856970896	0.307586060502626	0.408169503369599	0.512446101601712	0.558006727771105	0.223348098176513	0.345498278716487	0.224760833579246	0.359888459622056	0.313140929322064	0.898580434215213	0.286243160340731	0.505986754836706	0.351345221590723	0.219736503881522	0.368606069622764	0.122500996716017	0.55277416632609	0.643788256166714	0.222782276974752	0.343251751524561	0.229937129295339	0.408563480316676	0.268734424061566	0.0503209006329702	0.256831682625262	0.389175672124192	0.354323536749259	0.424961285537248	0.259373299714642	0.0972426795038744	0.369307988324577	0.239127854771132	0.165394323166045	0.864685113804525	0.406350097417045	0.500437453336656	0.314765670938793	0.395585135412971	0.413437582181843	0.376495852638122	0.124152069742809	0.189022095483262	0.47403651008186	0.651660617097598	0.256209707527147	0.306787243735584	0.318098377518906	0.306605506591666	0.850730985685998	0.43083090876246	0.926432572822069	0.243813775324561	0.303707499969804	0.707496810486349	0.312994959100517
"SRR11856057"	0.250290564588152	0.369565932149637	0.698374357582863	0.423242691614016	0.595153892470668	0.712589429195555	0.349628324038444	0.492744667544603	0.58173026811146	0.779004278324702	0.642584848555266	0.48677856150028	0.350554078061244	0.527172325458358	0.621277036265875	0.639970601080213	0.493491488881337	0.229895537760422	0.78101833824144	0.274907167762626	0.487108433466423	0.489725551031412	0.732057800183837	0.362500136011122	0.690429752645151	0.52867389638506	0.905662052741682	0.662288355034111	0.512132158007572	0.533417968501027	0.491851109785915	0.558738003787986	0.558119779118799	0.605733889673646	0.219459987017307	0.595195475321961	0.423444340748788	0.51898404291085	0.498508676184055	0.484385733118715	0.566539763197576	0.814931033972592	0.457604614402001	0.704123262677094	0.553842186888417	0.59507363157572	0.691003877998326	0.497831051212988	0.550695610985653	0.37814235009086	0.562191579094266	0.676651792071345	0.483898036253579	0.425165928910714	0.416584293906533	0.371767463841488	0.363464025522234	0.653698878475824	0.539539194237873	0.680601838147118	0.634939421355694	0.46127751810794	0.578020912734661	0.483491090574898	0.440953352238607	0.577138565072312	0.38334972773867	0.600882946884995	0.444804792965268	0.54445640026583	0.698451098375792	0.439966734177333	0.435962497304248	0.483029021162836	0.670626088804379	0.294946921105239	0.586953607131485	0.526851633917723	0.636866471103204	0.470873059533024
"SRR11856038"	0.132018893307859	0.348610638992035	0.096947670284921	0.197185853510932	0.251713226348007	0.179149292827864	0.304271120336467	0.103816564050305	0.209852471564152	0.157750822858025	0.110053191556397	0.116701125573062	0.0954222833214519	0.108018870160104	0.18106553222066	0.316611531096823	0.132170441698585	0.18446099346321	0.193231571972308	0.179843238089936	0.0813281909414367	0.165185228472112	0.146632760816227	0.0809909329082027	0.211173311488165	0.157507984158678	0.281818318315245	0.163327434659864	0.0922498726353618	0.258128961281917	0.131510780812109	0.160851181920173	0.0970907664815761	0.206142668407241	0.143157699506971	0.200293621872458	0.102938279793016	0.0934305028037717	0.121925427348526	0.0944936407288435	0.171824782930478	0.253412533914854	0.131933220910206	0.162551676929446	0.147846588722218	0.154879857592403	0.183496757435981	0.0781066396570139	0.134346309330279	0.0573208753115647	0.0991305493888322	0.137465579021884	0.168025397171985	0.0808074965496771	0.0853177819894067	0.151778262073994	0.0796886745300859	0.161941639714227	0.255173833213481	0.283103965483522	0.178885223174908	0.132301833469513	0.192165375154224	0.121662860135623	0.0928485139432635	0.0781408875267151	0.117066016743776	0.172051706081759	0.130903499497073	0.0739435431904658	0.270909972949009	0.0991756743030038	0.093612972457454	0.257221808882683	0.170304773031222	0.191132203832825	0.116970904795322	0.167950711146573	0.21429102596705	0.112524252042752
"SRR11856055"	0.163514166132651	0.364986719911526	0.228794394057689	0.113456124214926	0.32959608307584	0.146049668762752	0.23723355951008	0.110811858384902	0.125123499198687	0.184705246224875	0.146663719120248	0.11071386073001	0.0844884184203088	0.105949779292918	0.234812626099392	0.309466966199518	0.11600565216191	0.424014162983121	0.30991804880646	0.184433101373774	0.128342457259291	0.24389089917099	0.130902891810558	0.125075508029824	0.28859559989178	0.133870211018897	0.275640381310836	0.21420804498618	0.222869398672447	0.164163847221621	0.143965753022999	0.124219123896043	0.0958145283812451	0.268910119125522	0.145491583918151	0.134023539076783	0.109892606937148	0.0980989194076737	0.0701371378021202	0.143124543813559	0.178489834364107	0.18799230906442	0.102296578495338	0.151929447558729	0.151207373016761	0.223598242719607	0.184211975482883	0.0593691731371944	0.0876171965451403	0.0553975160128628	0.132484074929244	0.14869180788552	0.165949024118912	0.0752951665696435	0.0539630473611929	0.168110832118739	0.137364240872161	0.112702104525022	0.280683618481613	0.272155882277422	0.093722385732867	0.13924595722832	0.157083979094892	0.117269391252559	0.0903686184625639	0.118770813489619	0.092777264151431	0.176708987585365	0.133340302437651	0.0631363220426841	0.175334972998978	0.082242460931951	0.102356706177521	0.211673961468419	0.133237027181049	0.147597042547438	0.0894444949862648	0.155765361373614	0.221547561231071	0.0899408333469561
"SRR11856037"	0.170613709702729	0.561964184636531	0.369145485508817	0.15530589512844	0.649183689913622	0.328374255100914	0.253613307067416	0.280040108838611	0.370571697359295	0.349648344444901	0.263650632857593	0.258980651731615	0.172422867685412	0.143481544597064	0.395009215046284	0.589451010779765	0.291744744258855	0.489853699631844	0.532703576554556	0.252976678874428	0.242341839773243	0.475633589595827	0.314399280748292	0.230954169525033	0.476567190935814	0.362546756572263	0.610177201600934	0.32067082377342	0.0975359003467876	0.31876262523436	0.293332739510323	0.336916066588087	0.27580908660684	0.476344056443515	0.252219438357731	0.445464508524608	0.2059706295398	0.211899622841791	0.19818452586158	0.235875335292827	0.449407911109625	0.415064914254483	0.20747475496463	0.337690027691265	0.258306994851322	0.340225187629593	0.435423923218572	0.192964303414937	0.168459199425	0.142806545683727	0.209216069019634	0.342099810181418	0.239663459006319	0.198701328195625	0.114426690701809	0.312113005080264	0.263257591965559	0.290009082947711	0.549410445485381	0.537181600043487	0.213193454917212	0.235560555957376	0.482153463112512	0.210700027699324	0.248164433301244	0.179363587907153	0.166400358014052	0.405551883375508	0.241734178449381	0.229308436512402	0.255816597834133	0.203650634067729	0.251575618762074	0.25915792304372	0.338066400423035	0.227332485845778	0.32854872256308	0.272630640027196	0.554131348594588	0.229767059688744
"SRR11856054"	0.365142796113043	0.615825000352486	0.134461058451944	0.514164747102085	0.558489382903833	0.50083296943875	0.416899242976916	0.163327181515321	0.234250631482302	0.269412857556958	0.295250330793376	0.157097480352477	0.210208047945634	0.116458946963184	0.323235052552536	0.498858262861948	0.252728145705537	0.527838025013397	0.456870841198005	0.326841137936973	0.1318049968147	0.517969838551789	0.179249478165189	0.136354435451172	0.351882574273154	0.375232377878214	0.389708245391501	0.22030940415633	0.148520373080244	0.384041873224688	0.266936270827346	0.214590639856129	0.165328654548591	0.485657452856464	0.490319383718803	0.255511684509104	0.156456866388434	0.148380270666015	0.176347740441514	0.135438955733228	0.198488706815165	0.633761607052222	0.295186771685699	0.23135951790161	0.235046541036368	0.24620917641791	0.370480018785475	0.145699297619882	0.236637370494919	0.157316548485897	0.112782702319783	0.30825892261278	0.335498667162442	0.180215543115925	0.191562000655511	0.283427129940919	0.165068716258703	0.234892629904879	0.767694455138129	0.51760441120153	0.375843712933644	0.248435085912966	0.452187705658388	0.203580942076871	0.154066511982402	0.172073162120241	0.192299737097152	0.37463756254443	0.151874609522168	0.122574843173989	0.449108080817114	0.185520002612185	0.157102230648904	0.649176703147106	0.308330285468026	0.487346168921474	0.189491000272051	0.297108775605311	0.563003145318932	0.228745537911861
"SRR11856036"	0.251942177904924	0.808071051979991	0.197956326096254	0.252209656535679	0.46381987344126	0.596936240648807	0.66417611316446	0.177988001003232	0.277587448423142	0.61196511892965	0.218712449185463	0.168042351003764	0.144379333297244	0.10282213650954	0.381397144589084	0.456015915447202	0.153109871039665	0.43557382838342	0.700340781268021	0.233822140437713	0.116601374790419	0.514157794907579	0.477352642089206	0.120212471802581	0.562351706983841	0.372602053444217	0.855993625209954	0.24370007044322	0.118069884146956	0.238051606220907	0.250902735608824	0.29715371625753	0.159263325737407	0.391831165767575	0.29407832234275	0.233415413452484	0.153160907107893	0.166784774814296	0.154305996057954	0.105276087545579	0.305567066285494	0.861395436975449	0.285270070994974	0.468395423422319	0.266115580627278	0.272501817711208	0.431152209422706	0.153276985052685	0.14426732611398	0.0887321895324354	0.167677072237484	0.354086568249967	0.302292201291739	0.114919874146578	0.0777048220339584	0.16859913776624	0.10041008918027	0.3591031809339	0.754037806161097	0.581761177227008	0.532776901323709	0.233962469284958	0.394769350077153	0.223843236205846	0.139999410723486	0.135014588493525	0.124786954064278	0.353995762234884	0.21162675238413	0.185674166492825	0.473483651778974	0.146604327908392	0.12554681410172	0.668013602547517	0.46819842486559	0.477471766077719	0.267626517468571	0.180595913580729	0.534070427016668	0.200580075056704
"SRR11856053"	0.382206714355997	0.563335235801855	0.310243468280757	0.317595668788103	0.787921432035679	0.509898112701349	0.566321607949334	0.278763522348664	0.500054897157904	0.491456121326648	0.539198123275616	0.504669668802797	0.499061068337978	0.39218382990649	0.564264559513962	0.652516631830591	0.537021145293559	0.857817764720729	0.546465869470044	0.520034359669221	0.422014986377946	0.679189101513435	0.494308742603147	0.297509549526261	0.496214313727293	0.354370307998794	0.715372437411814	0.329804692015988	0.254540647648479	0.390043101479836	0.490504334170097	0.413555658485747	0.46163938068695	0.582653669330983	0.60556543162656	0.363726242705945	0.430954476430059	0.341147714486531	0.366345853500998	0.380637582230202	0.294719158583002	0.555951614863749	0.487941149311668	0.5032455846476	0.365625248611748	0.516207484675782	0.558996813540319	0.42316979021317	0.420230672469805	0.492162844548493	0.319182490074596	0.506855560975486	0.464520921134782	0.534723381273634	0.375021308840447	0.626941308512887	0.390616403003393	0.388583805916148	0.81951362339344	0.707889032595519	0.449792644666323	0.33790765111904	0.520716064619096	0.42864558616843	0.512122370927953	0.33042297505644	0.406736870995965	0.525503675675194	0.480478958422023	0.312267980397656	0.673201509684833	0.46645321695258	0.473376777371565	0.794940952260888	0.421015941868773	0.714627793290333	0.320866914188693	0.680479119779424	0.597022443429236	0.461799974074993
"SRR11856035"	0.245857416626632	0.593806597412162	0.38645786222862	0.101475547802722	0.354621509035349	0.385495177705318	0.651546817163798	0.218454192933931	0.220971016076836	0.422974974059045	0.257006652962887	0.18163168075438	0.259100841910158	0.480376985830895	0.406133475416488	0.255248927860674	0.134576205883211	0.636526682323341	0.569233389072843	0.396258121582653	0.194370041005048	0.232185699946139	0.304340402435455	0.135964091174592	0.414260847128747	0.247949239965358	0.630784037243369	0.373288710327737	0.382328504641122	0.180350217206791	0.229451200726129	0.207052639400976	0.15909789108599	0.316087008758879	0.504262108631675	0.229024521865518	0.200995800518933	0.127678282139706	0.0936651139863641	0.291958838880238	0.345340564376284	0.711031990520747	0.404595803610928	0.410619234351544	0.199064431414699	0.438145565521434	0.28757791032945	0.111570284388129	0.155457614323124	0.194664513030245	0.239354073757493	0.25900116623528	0.289637693214919	0.186982652416772	0.128869697822096	0.35400871262986	0.254604331879422	0.265656426263603	0.651957002739153	0.402209444225744	0.468799476238755	0.224969436857376	0.264663899581404	0.230367119135878	0.18203842800864	0.181106406099848	0.231890217507004	0.273648908220861	0.262980539644587	0.123421944668247	0.412553465513242	0.154707300940488	0.181186525645121	0.758127074789254	0.223587990459204	0.645206581270742	0.172352374555151	0.293848612532117	0.316828097252404	0.172957810625272
"SRR11856052"	0.224616119591063	0.471443953379279	0.170755331738076	0.476829702833654	0.596202595856162	0.354921930372656	0.370044165376161	0.141114216552462	0.356577292067903	0.400107490785245	0.423057023822119	0.258176978668966	0.22648670845201	0.125353933846055	0.316162213650048	0.683762733912454	0.489369892138778	0.206626855371819	0.361874696647864	0.229855203509117	0.166748633833731	0.475286304495358	0.387472952967524	0.140871468905172	0.37359375231486	0.311248806024483	0.648671591035819	0.233924266310264	0.147659880286297	0.378097472612461	0.252484924650559	0.251090227322562	0.218678239710649	0.455193291424344	0.188508392682596	0.215601641632389	0.18682222786074	0.182667071569477	0.236156420876059	0.163892429836318	0.192083837112784	0.386121405326338	0.195813295501651	0.408469072049235	0.32415652508665	0.294953050338926	0.36655363459194	0.203434340740442	0.244725910818072	0.159074505314614	0.195595733580517	0.334856097320457	0.317974377197359	0.229346886179015	0.221512609328558	0.286877771885069	0.140478292166149	0.242972302347645	0.586998037250573	0.626780469523298	0.268295535359129	0.225499284735015	0.37414007308626	0.233850970442818	0.19212698731095	0.256416258509279	0.204668500406064	0.339286045760899	0.233874169870583	0.142727224599002	0.580660562573973	0.250564770201151	0.196216756007265	0.597745696232687	0.291641198987368	0.412000697937407	0.214079944182493	0.469278987746116	0.41909256500154	0.268782840586532
"SRR11856033"	0.265557123701835	0.65150313612082	0.189032875158134	0.171726481510796	0.415443580930073	0.551720997662454	0.502811400793319	0.19596268031643	0.231674494360918	0.460924715410665	0.202765333455711	0.150542934516019	0.169488057937874	0.118193414964965	0.357293796016759	0.448667073303897	0.151151159461709	0.326658772874195	0.603357222843345	0.233744819997285	0.122899296819462	0.20155703473167	0.329274603178634	0.124918626964907	0.485503757845371	0.31697115415649	0.7022156002961	0.199306487030596	0.106440872142363	0.247143887518891	0.222506620365954	0.271894705611739	0.144835764763865	0.409247102439186	0.292721219032459	0.264928333834517	0.152667634179371	0.149581929944175	0.128581066626362	0.120404959087103	0.312117447860921	0.775802436597859	0.292193989999737	0.351820759793097	0.211032034669104	0.291673642872907	0.387700404391672	0.126926231285649	0.183954751657432	0.0988873863555411	0.145872489059923	0.311295133429724	0.275063306773198	0.129050673184142	0.0889880417805159	0.188698740812734	0.12285597051807	0.311565975990072	0.698456238828161	0.480439748479123	0.462650291905651	0.208672444545893	0.399148205393826	0.203233613950335	0.143609858992441	0.12520669878954	0.132111542209312	0.350353809956581	0.187663262499358	0.156583948092428	0.431318940602797	0.134129660033392	0.132997250716532	0.649769856582829	0.375756062011732	0.493739356325913	0.191135726674298	0.185086606581098	0.534212289776552	0.176530287815074
"SRR11856051"	0.139367562768141	0.383113916778075	0.144093427911859	0.0158573726221084	0.335901953820226	0.181275281445511	0.308648177550918	0.0791097304027272	0.0509962276670837	0.177973623448689	0.0883672340485119	0.0674507185040473	0.0698456574643922	0.120713894370281	0.135092359077489	0.163200586210638	0.0757713466757874	0.644496861744781	0.202607902350062	0.163735632797	0.0659186596067707	0.189495287712304	0.121738849458975	0.165211814489104	0.130678107630033	0.0442527187216552	0.28255720889426	0.204588375043314	0.126205816696395	0.114730469050336	0.199775593879731	0.0874211722884724	0.06055156846718	0.149221821765139	0.162998382334275	0.0703979096485626	0.0985875422247306	0.0568917401364757	0.0532985424094659	0.113063311214896	0.0949543369483879	0.121106657339725	0.0640379028330923	0.156552625899966	0.0664333182461496	0.117544575929438	0.0757288907537047	0.0380061681378357	0.101489569030763	0.0586443963486934	0.0904724839209496	0.0804419380253152	0.213336494940421	0.0500357139079018	0.0668961407550415	0.325058626767083	0.0704528057040275	0.13244057987099	0.296213919824983	0.148343678492277	0.0642585199481631	0.0693576083601597	0.101961947620317	0.0690584361515736	0.0766208524966959	0.0847811222114118	0.327888451557845	0.0955676710857309	0.248882118190779	0.0390641277120606	0.155600896060268	0.0598605229795452	0.0703247157357427	0.24470626671989	0.0858227328019336	0.184687950716491	0.0406881236290478	0.0804761312802735	0.14454356092445	0.0804408174337767
"SRR11856032"	0.0998188569990023	0.417313038544865	0.157856052026312	0.0287217004483193	0.309081570718256	0.207462282466754	0.279511381027723	0.105465346745159	0.22237695100077	0.213161222512061	0.1127516723483	0.148635854609523	0.0824642666774262	0.193934748073507	0.286985724779671	0.327473198277567	0.100894114982623	0.619531745550598	0.244666933677392	0.185468512555186	0.143096600660748	0.185718367818246	0.186363193896016	0.294952731120682	0.395214670142015	0.164947673631606	0.313418803703181	0.226638401378012	0.0852151698940078	0.250029672190372	0.386127140338781	0.227939144137194	0.147106543422206	0.448618441631677	0.152187003503558	0.279025182016212	0.168987011471411	0.144046357835487	0.119788061439624	0.197772810807886	0.235131460296705	0.268544896879206	0.143238268956236	0.227654204119694	0.169212923360057	0.240011445232832	0.323549827612384	0.0914832679673079	0.166133366307868	0.0607101061967083	0.193202015294437	0.196264356176432	0.360915574138024	0.0867495121574915	0.0602244013816997	0.490468227615086	0.0950661897911767	0.260174571679804	0.484591506421873	0.282220122867302	0.162730194286048	0.105986534794306	0.367737381126156	0.0877668400074714	0.185348217056631	0.0770976082671392	0.465002450239373	0.353495547375134	0.43728953513782	0.148267612531921	0.262676530937416	0.0982173103960794	0.159538193905378	0.491921769762546	0.162890066051298	0.307821190959631	0.179780581978651	0.122340088976898	0.397637817554411	0.149332421763494
"SRR11856050"	0.262858502201242	0.798814572829369	0.681991392317201	0.225418725344123	0.47667408006621	0.800556234268956	0.784768673951367	0.516628422236778	0.463027887424135	0.765514039393188	0.411177588071217	0.531679174479276	0.288372419798211	0.581653063176737	0.640205245539957	0.376169618039659	0.201628401245511	0.323860943317617	0.855370878314626	0.275051905970895	0.357470853410477	0.466443169323885	0.622003940832062	0.330473223287203	0.726925557794507	0.619304804010045	0.897867869488398	0.692100749507449	0.538234851099387	0.342327098386094	0.461828156236756	0.552968279849977	0.466375696617005	0.524468043440574	0.29585927536207	0.658597535133315	0.351753916536446	0.416866139252852	0.295822325166117	0.44774095914596	0.571885032512096	0.933058251117412	0.591833249534746	0.618453885502908	0.413961450014617	0.580592688594417	0.673589871942223	0.354012669857186	0.447363751459126	0.289944694092592	0.471576336270802	0.619534915740373	0.435445442764952	0.329472332729514	0.192237561794356	0.288087880935272	0.325851002422365	0.647837703063307	0.740980277901469	0.582146376528383	0.724537744215213	0.41140076026343	0.580206696784628	0.425919154553715	0.49483442265266	0.339905171336251	0.275608333598154	0.590630006719708	0.352957907858581	0.627485726585821	0.589447757111716	0.290271469719311	0.323600966499603	0.707125279060225	0.68007823688275	0.427645342325885	0.488631408292942	0.275710248447412	0.698541056987821	0.375113172832833
"SRR11856031"	0.273345490376861	0.494654883491815	0.622693084576642	0.429285299556071	0.635116281157344	0.481338334253406	0.574999270506333	0.405821995920437	0.599016339631835	0.692247923077169	0.480689521992169	0.649928181420113	0.311459609627918	0.533895548534288	0.584280725114301	0.644951883829986	0.351256921181474	0.259732295624615	0.697364433008279	0.289191361808977	0.426852669996164	0.487352009680452	0.612374282178341	0.364982711231543	0.630375745287643	0.613713691008432	0.878537489357002	0.604578288967656	0.355537786844732	0.429692639993241	0.493308806678448	0.541705863783348	0.459132466644186	0.572902722303195	0.274167347683054	0.563240943958077	0.390429558886955	0.457419019604274	0.440347109428349	0.276024295948639	0.489704539746106	0.714993257856237	0.453209626199221	0.581324585207826	0.47670232576585	0.547031848132267	0.652412498381243	0.453451817846745	0.36080944255241	0.227180055875554	0.463922241493634	0.596903024549129	0.422824454805949	0.417407320737478	0.190628137358211	0.342210638015574	0.273581051092436	0.509283476824652	0.647150280151831	0.678251692682661	0.531680619281483	0.380797668372403	0.568335245179136	0.417838127242904	0.552780462078905	0.393139952569373	0.283693792882624	0.568783439322498	0.423581523339767	0.624863556360312	0.666603338295129	0.393159147185295	0.405976943798321	0.593769947555642	0.602044667815803	0.430047476225631	0.562562210580321	0.48336615439873	0.59251761863804	0.443349819128875
"SRR11856049"	0.129713998498574	0.267327168125352	0.07805167263397	0.102462559270635	0.193612718513439	0.181645339628041	0.263579198016634	0.0697877576129726	0.12844265665189	0.369035751235008	0.0729537591348885	0.10855399875713	0.0434332332682506	0.0414459376546006	0.160877949133866	0.31459901297755	0.0506864461420789	0.290313037096288	0.312299339801223	0.147809051712137	0.0556054366747714	0.125773478485966	0.354500153080078	0.0558976117777044	0.323647635377298	0.107258039535827	0.747659644835076	0.0915746492423105	0.0627768547441542	0.0783021607227875	0.111947014172158	0.164558464607961	0.0771521343044517	0.134082110789498	0.119458092437709	0.0922654014785944	0.0860660333535867	0.101508293779521	0.0669243877896525	0.0279361306905881	0.0958429266905336	0.312357056736014	0.0699069798466954	0.306668461998733	0.126142376082498	0.114056391732911	0.190639603822199	0.0614544504128482	0.0284197801362104	0.016575894517686	0.100553786260504	0.135969949806835	0.125145806576442	0.03184032674379	0.0136757852579851	0.0542631964305584	0.0144099431164109	0.125382249513971	0.262870317034831	0.300388905717019	0.11597290299233	0.0676461622983686	0.100781235796338	0.104874422971462	0.0627551539604587	0.0443073562037292	0.0295057358689242	0.122112736341208	0.173138997872987	0.0834304689445937	0.213546798729549	0.0571818480862278	0.0507139263268762	0.228046994320179	0.234409203794547	0.257196715312297	0.131165006684675	0.0707247026897645	0.16999731724155	0.0643495042219923
"SRR11856030"	0.164122947656792	0.413800174962975	0.0314853882565496	0.25753914703897	0.228954984046965	0.146434843218675	0.223645341734481	0.0457331376219964	0.0949757637833313	0.143441919148217	0.0755417615373652	0.10486736453179	0.0641360991421875	0.0392392407985433	0.118938534082129	0.344562076226172	0.0889716857787105	0.266404025255874	0.122906604350638	0.235467309044876	0.0558869928919988	0.111625993775587	0.131678134182342	0.0455295912800098	0.202301145771299	0.178019246831142	0.355416061766202	0.0579001328479871	0.0476132524253711	0.201194960883898	0.0964774653146671	0.103863800881846	0.0587048415958636	0.14307773508949	0.302661988281113	0.0889807456861962	0.0822517116681817	0.0671460073412758	0.101750476229021	0.0246463125344688	0.0838268543687539	0.242346188070767	0.106219691746361	0.12370902988172	0.12465731222768	0.0636017810029237	0.16230881402379	0.062182969471574	0.0490094200973194	0.0317518981491477	0.0552023704002777	0.10790137469681	0.170509248348763	0.0448628155839561	0.0411551642962526	0.109533449543155	0.0232147790063711	0.096103662498027	0.496911579149816	0.285003231068124	0.125980741142731	0.0633393030659538	0.175964715235858	0.106483578128535	0.0660813873369145	0.0390081022311343	0.0601834577041196	0.141060252180782	0.142395871019519	0.0550960292302892	0.217582316439104	0.0808459181227401	0.0668725119941582	0.468952385000811	0.18073375536912	0.527547842102429	0.115569311137795	0.139089120840749	0.253285591305148	0.0863547684506721
"SRR11856048"	0.246964951692659	0.655933173600799	0.200707885042303	0.324016987532728	0.38205772813977	0.511475359471923	0.423949447262336	0.189553034250593	0.285081817438764	0.291097322271754	0.282585061541928	0.278520545993368	0.162035979569182	0.273313625840689	0.497149947114156	0.382595523213021	0.193956883740173	0.182757662856865	0.302002225297299	0.245100814881289	0.197807374358565	0.257186375872211	0.220225920692754	0.17692424088566	0.363471867972479	0.467460756728304	0.402693412423234	0.475785074826449	0.330478911282598	0.413207139135185	0.294658728308293	0.30434770344198	0.343103395595292	0.359314077825161	0.251076612687799	0.428477437624015	0.226357288451635	0.3102374286038	0.293857559779104	0.299727424645319	0.230242280499877	0.590918803021643	0.336915914200708	0.220567372624515	0.302153380022368	0.318515123857619	0.508423003864931	0.249091726270229	0.2511864253038	0.169343819021395	0.2185401591283	0.413866698563386	0.340955080734133	0.17274976693291	0.161993799579823	0.170172252026015	0.194535742792172	0.314666696307705	0.520548024164549	0.367502684620027	0.411372275907925	0.302109311895196	0.509894446582941	0.270032705866325	0.241248106741831	0.159507614845798	0.162676423385853	0.46840371648044	0.239607764348621	0.32239639264583	0.380416446141987	0.228792495799715	0.206809161208982	0.388060185348699	0.469837329010535	0.258256697390575	0.473146945376878	0.222781190716571	0.651419876510631	0.24740207396577
"SRR11856029"	0.277991684305493	0.679692905213293	0.733188681977551	0.320889446742938	0.761906450577195	0.838565167750548	0.587877192662557	0.525840677758272	0.622520166680607	0.813439318674323	0.586640246623238	0.44242322782407	0.402243154068691	0.625981721121081	0.686427111173276	0.713921810217757	0.49504016067041	0.359195333347978	0.868761479389501	0.285686681233619	0.424607350969641	0.555563721195624	0.710985851510783	0.358517980716843	0.752958437443067	0.512612916403401	0.940055301987008	0.75198809911944	0.487615349250016	0.545042142057309	0.51511447783575	0.577130236673681	0.559155094129422	0.721619346616082	0.272145423440317	0.714226123364199	0.383292255608739	0.415335924675411	0.408925634003363	0.569636304776261	0.619269488947082	0.93760442161494	0.610417543633074	0.715705070599668	0.564893983749892	0.630778895060355	0.743092277144164	0.442937520377239	0.512990706418577	0.410386244347227	0.559601180272096	0.699290497684891	0.508330055303657	0.423829535270905	0.381421904636491	0.445325600462074	0.452188626402355	0.724139408755567	0.77135232498761	0.784702026177144	0.776933479210852	0.484308369217233	0.707665936421753	0.468603538594047	0.439015081200116	0.478798078340098	0.428009654605042	0.703562192832925	0.406779956831307	0.445581094142293	0.771991253039511	0.399555104372198	0.424060218109105	0.63991975145347	0.683324052656889	0.329174666888795	0.461217888226036	0.537270731772984	0.815757266351903	0.488903878393723
"SRR11856047"	0.245708830833446	0.425006701145735	0.13236304964941	0.0558854326167883	0.560168306478349	0.260984996085224	0.319135114267239	0.173442330691277	0.240720056322507	0.238708291463005	0.181602515664917	0.230923647506568	0.103962426891691	0.142873971057807	0.292758250624479	0.423481207824586	0.265808266512015	0.429660363545578	0.295911612434315	0.268694544537173	0.142610335773572	0.41811105561949	0.321532690315888	0.131137023202409	0.339897452185015	0.152925388305567	0.326609989734617	0.197397457177323	0.0722644213665235	0.2364523354275	0.239653090639415	0.266520777567558	0.186072196746613	0.201627349995298	0.318189844390915	0.260224970875514	0.133108409051317	0.180953757698344	0.187053593213381	0.123155091902209	0.162985569988667	0.319347830128061	0.176099600690662	0.291973961832735	0.19874876368932	0.233845790435606	0.342512378197066	0.170860759331819	0.151639250842098	0.0951236331918174	0.158604722717041	0.262962877065192	0.202256261910855	0.151413006510564	0.0798042527340239	0.156615228991787	0.0934355804059214	0.194112921478613	0.412571081876573	0.46254824989974	0.238704094751688	0.11272625705944	0.261964822349895	0.163029277271202	0.187471840302924	0.112766811639207	0.114291705061922	0.292376261886076	0.231570682957062	0.153607415855618	0.435943902691083	0.178483153571602	0.165769626440497	0.241224561032308	0.29371879295426	0.262412272280666	0.172321462900497	0.248936444257303	0.377170091145264	0.184164502595382
"SRR11856028"	0.430032955328974	0.547469066026577	0.514317841779587	0.132305736740057	0.84277689280093	0.698259830164471	0.53208576314208	0.528425580198172	0.603234642163996	0.594340290886194	0.610025511310593	0.497701589722795	0.525982648971061	0.619290066749592	0.636001876436586	0.699102393898031	0.689400190716281	0.646817167110894	0.628179402800866	0.400331513387167	0.427145887685865	0.735608543985989	0.544501591529634	0.405166200112539	0.581042630599822	0.394702280428137	0.724156883599036	0.673983674529033	0.526693015612006	0.540173755118757	0.57833347394843	0.561162222166766	0.574592698784415	0.728490053873694	0.429107527768102	0.668863178614529	0.441475824035555	0.433924578240231	0.484915763280226	0.662078802709477	0.457688758912068	0.710234864431446	0.524700872062797	0.590593114397975	0.486824493986703	0.635976305658015	0.673552182827023	0.518744151577573	0.646435711799597	0.548363723972638	0.495621868213045	0.63192608451305	0.452058908962269	0.62194290556692	0.516157997584201	0.604355307661482	0.533590430513936	0.556679736341059	0.671619836094368	0.740748921886229	0.613958962792489	0.396631884067658	0.693245536582012	0.439017019317902	0.543464888819948	0.437602188878172	0.493550983542926	0.652820795544275	0.383915101672315	0.443514374933291	0.762867063163749	0.518064189803793	0.50366952895064	0.469640240746429	0.549734317026208	0.284267603213243	0.487436266645933	0.616368235228186	0.712763232218875	0.559984049401285
