bugName	pval	pPost	sPost	Adjustedpval	AdjustedpPost
Coriobacteriaceae	0.000925725362168284	0.0009257253621683	-0.526420151843996	0.0894351213713557	0.0894351213713526
Enterobacteriaceae	0.00108406207722855	0.00108406207722852	1.09683914779998	0.0894351213713557	0.0894351213713526
Spiroplasmataceae	0.003893663304255	0.003893663304255	0.266405174529965	0.160794230343516	0.160794230343515
Actinomycetaceae	0.00483889453988073	0.00483889453988077	0.502739894431651	0.160794230343516	0.160794230343515
Hafniaceae	0.00487255243465201	0.00487255243465197	0.708026374162031	0.160794230343516	0.160794230343515
Yersiniaceae	0.00612214397855948	0.00612214397855948	0.51446858077621	0.168358959410386	0.168358959410386
Akkermansiaceae	0.00762957624610028	0.0076295762461002	1.18792434515407	0.179840011515221	0.179840011515219
Campylobacteraceae	0.00946703305134322	0.00946703305134323	0.347464823054367	0.184544176801685	0.184544176801684
Morganellaceae	0.0107116074309783	0.0107116074309783	0.586159789637639	0.184544176801685	0.184544176801684
Carnobacteriaceae	0.0114742137540411	0.011474213754041	0.556972157476646	0.184544176801685	0.184544176801684
Veillonellaceae	0.0123029451201123	0.0123029451201123	0.844815852349043	0.184544176801685	0.184544176801684
Piscirickettsiaceae	0.0166000757689183	0.0166000757689183	0.216361507040852	0.213632069626488	0.213632069626488
Pectobacteriaceae	0.0168316176069354	0.0168316176069354	0.519834694796624	0.213632069626488	0.213632069626488
Erysipelotrichaceae	0.0246759775952899	0.0246759775952899	-0.245992759469804	0.281422814906061	0.281422814906061
Comamonadaceae	0.0255838922641873	0.0255838922641874	0.172740762401495	0.281422814906061	0.281422814906061
Aeromonadaceae	0.0278308624855701	0.0278308624855701	0.364197131195822	0.287005769382442	0.287005769382442
Erythrobacteraceae	0.0305331493354909	0.0305331493354909	-0.179864147674669	0.296351155315059	0.296351155315059
Endomicrobiaceae	0.0357548392323426	0.0357548392323425	-0.351929990025714	0.32775269296314	0.32775269296314
Synergistaceae	0.0390788135377849	0.0390788135377849	0.485041839613987	0.339368643880763	0.339368643880764
Anaerolineaceae	0.0458994884980517	0.0458994884980517	0.187500094932403	0.378670780108927	0.378670780108926
Sphingobacteriaceae	0.0559437369644992	0.0559437369644992	0.370159902053363	0.379357951329655	0.379357951329655
Lachnospiraceae	0.0571970170317018	0.0571970170317018	-0.134037151263334	0.379357951329655	0.379357951329655
Verrucomicrobiaceae	0.057329716671066	0.0573297166710661	0.149634201985375	0.379357951329655	0.379357951329655
Fusobacteriaceae	0.0574525953351273	0.0574525953351272	0.722544001737853	0.379357951329655	0.379357951329655
Oceanospirillaceae	0.0592554014548528	0.0592554014548527	0.318531250519763	0.379357951329655	0.379357951329655
Caulobacteraceae	0.0597776165731577	0.0597776165731577	-0.228852377529291	0.379357951329655	0.379357951329655
Lactobacillaceae	0.0668801264452867	0.0668801264452867	0.387516550890607	0.396014928507277	0.396014928507277
Porphyromonadaceae	0.0672025333224471	0.0672025333224471	0.320593228875334	0.396014928507277	0.396014928507277
Flammeovirgaceae	0.072707844691398	0.0727078446913981	-0.164383116421603	0.400601931768796	0.400601931768797
Cardiobacteriaceae	0.0749865361376669	0.074986536137667	0.204068334610873	0.400601931768796	0.400601931768797
Anaplasmataceae	0.0783182851022232	0.0783182851022232	-0.130813649742183	0.400601931768796	0.400601931768797
Ruminococcaceae	0.0789906195105003	0.0789906195105003	-0.149086688777604	0.400601931768796	0.400601931768797
Coxiellaceae	0.0812346860342767	0.0812346860342768	0.0867930055999178	0.400601931768796	0.400601931768797
Micrococcaceae	0.0829351482276435	0.0829351482276435	0.324397228899038	0.400601931768796	0.400601931768797
Oxalobacteraceae	0.0849761673448962	0.0849761673448962	0.310101125828279	0.400601931768796	0.400601931768797
Acidobacteriaceae	0.0932987349902104	0.0932987349902104	0.0849741389894372	0.427619202038464	0.427619202038464
Alcaligenaceae	0.0994059589003244	0.0994059589003244	0.181705373336444	0.430679652573655	0.430679652573655
Vibrionaceae	0.100482063962076	0.100482063962076	0.204533158119855	0.430679652573655	0.430679652573655
Thioalkalispiraceae	0.101847706824057	0.101847706824057	0.232477406658544	0.430679652573655	0.430679652573655
Melioribacteraceae	0.104407188502704	0.104407188502704	-0.296302160996136	0.430679652573655	0.430679652573655
Paludibacteraceae	0.125636582700925	0.125636582700925	-0.144342917020691	0.499589878277331	0.499589878277331
Eubacteriaceae	0.127168332652412	0.127168332652412	-0.415928148965755	0.499589878277331	0.499589878277331
Alicyclobacillaceae	0.134986280119878	0.134986280119878	0.107496949072635	0.517970609762323	0.517970609762324
Shewanellaceae	0.148608952163006	0.148608952163006	0.133020462823766	0.546572407057343	0.546572407057343
Chromobacteriaceae	0.149803479863886	0.149803479863886	0.108468440995928	0.546572407057343	0.546572407057343
Erwiniaceae	0.159009752189858	0.159009752189858	0.316700534769194	0.546572407057343	0.546572407057343
Methanobacteriaceae	0.160955301567638	0.160955301567638	0.658107797293037	0.546572407057343	0.546572407057343
Emcibacteraceae	0.161390260786168	0.161390260786168	-0.141274227357904	0.546572407057343	0.546572407057343
Oscillatoriaceae	0.163643907209009	0.163643907209009	0.0487322310654677	0.546572407057343	0.546572407057343
Selenomonadaceae	0.165628002138589	0.165628002138589	0.270935057451735	0.546572407057343	0.546572407057343
Wenzhouxiangellaceae	0.178667744352981	0.178667744352981	-0.0529249471423351	0.578042702318468	0.578042702318468
Atopobiaceae	0.187531759951683	0.187531759951683	0.286060641713718	0.58507190769062	0.58507190769062
Odoribacteraceae	0.189477572672821	0.189477572672821	0.185137571930399	0.58507190769062	0.58507190769062
Sutterellaceae	0.191478078880567	0.191478078880567	0.431668448314811	0.58507190769062	0.58507190769062
Syntrophaceae	0.208667207412238	0.208667207412238	-0.0911263017778491	0.616539188956734	0.616539188956734
Acidaminococcaceae	0.216423408172795	0.216423408172795	0.171137720706607	0.616539188956734	0.616539188956734
Peptoniphilaceae	0.216618765954968	0.216618765954968	-0.312096187089745	0.616539188956734	0.616539188956734
Sterolibacteriaceae	0.217042576546561	0.217042576546561	-0.0530902459778194	0.616539188956734	0.616539188956734
Hungateiclostridiaceae	0.22341891795652	0.22341891795652	0.277468752977144	0.616539188956734	0.616539188956734
Pseudomonadaceae	0.22419606871154	0.22419606871154	0.184316755805686	0.616539188956734	0.616539188956734
Propionibacteriaceae	0.243194350565525	0.243194350565525	-0.269073353370683	0.649620410297589	0.649620410297589
Hyphomonadaceae	0.244727921744415	0.244727921744415	0.117564234854892	0.649620410297589	0.649620410297589
Hyphomicrobiaceae	0.250099974272679	0.250099974272679	-0.175817026132774	0.649620410297589	0.649620410297589
Bacteroidaceae	0.25197397732755	0.25197397732755	-0.0982447318926346	0.649620410297589	0.649620410297589
Succinivibrionaceae	0.262349798893587	0.262349798893587	0.0838374478684528	0.665353420500718	0.665353420500717
Desulfomicrobiaceae	0.267441533237055	0.267441533237055	0.212382226841773	0.665353420500718	0.665353420500717
Kiritimatiellaceae	0.275766684749348	0.275766684749348	-0.0865799120352273	0.665353420500718	0.665353420500717
Hydrogenophilaceae	0.282260577310072	0.282260577310072	-0.085979641835374	0.665353420500718	0.665353420500717
Chthonomonadaceae	0.290377522601523	0.290377522601523	-0.142874269341194	0.665353420500718	0.665353420500717
Weeksellaceae	0.290767142023833	0.290767142023833	0.134831604896961	0.665353420500718	0.665353420500717
Chromatiaceae	0.293970467733396	0.293970467733396	0.0903697896744845	0.665353420500718	0.665353420500717
Clostridiales Family XVII. Incertae Sedis	0.299005211770813	0.299005211770813	-0.0912380371727471	0.665353420500718	0.665353420500717
Helicobacteraceae	0.30059945084041	0.30059945084041	-0.0889668033327152	0.665353420500718	0.665353420500717
Bifidobacteriaceae	0.302069141963491	0.302069141963491	-0.335520772864349	0.665353420500718	0.665353420500717
Christensenellaceae	0.302575319550054	0.302575319550054	-0.176246771837357	0.665353420500718	0.665353420500717
Ignavibacteriaceae	0.309165928431948	0.309165928431948	-0.0768976276375416	0.665353420500718	0.665353420500717
Pasteurellaceae	0.312441540912916	0.312441540912916	0.329992433471741	0.665353420500718	0.665353420500717
Paenibacillaceae	0.31869246278616	0.31869246278616	0.145482116644686	0.665353420500718	0.665353420500717
Aerococcaceae	0.31966450518198	0.31966450518198	-0.0921597722979817	0.665353420500718	0.665353420500717
Rhodothermaceae	0.326292298151559	0.326292298151559	-0.122715034066201	0.665353420500718	0.665353420500717
Streptomycetaceae	0.326628042791261	0.326628042791261	-0.0528738372131657	0.665353420500718	0.665353420500717
Bernardetiaceae	0.338678017089102	0.338678017089102	0.0783202599083528	0.674465878710761	0.674465878710761
Leuconostocaceae	0.339276775351474	0.339276775351474	0.174461525539937	0.674465878710761	0.674465878710761
Desulfovibrionaceae	0.350893217199329	0.350893217199329	0.286073638373212	0.689254533784396	0.689254533784396
Moraxellaceae	0.35943564852669	0.35943564852669	0.191416623484959	0.694075924568532	0.694075924568532
Desulfobacteraceae	0.365068911420679	0.365068911420679	0.0279119632310687	0.694075924568532	0.694075924568532
Ichthyobacteriaceae	0.369949052476369	0.369949052476369	-0.0432413986865082	0.694075924568532	0.694075924568532
Flavobacteriaceae	0.377365624087943	0.377365624087943	0.127757355315599	0.694075924568532	0.694075924568532
Bdellovibrionaceae	0.378051965552767	0.378051965552767	-0.152086037487725	0.694075924568532	0.694075924568532
Hymenobacteraceae	0.378586867946472	0.378586867946472	-0.0602886998286838	0.694075924568532	0.694075924568532
Leptotrichiaceae	0.393882831159171	0.393882831159171	0.163129835012474	0.709562071108629	0.709562071108629
Fibrobacteraceae	0.398826928663884	0.398826928663884	0.107014418110822	0.709562071108629	0.709562071108629
Spirochaetaceae	0.401657200187812	0.401657200187812	0.0265882606239947	0.709562071108629	0.709562071108629
Thiotrichaceae	0.407229927173004	0.407229927173004	0.052632524400503	0.709562071108629	0.709562071108629
Candidatus Desulfofervidaceae	0.41201410171945	0.41201410171945	0.0688512707748935	0.709562071108629	0.709562071108629
Thermoactinomycetaceae	0.412836114099566	0.412836114099566	0.0843042603210021	0.709562071108629	0.709562071108629
Chitinophagaceae	0.423251690642354	0.423251690642354	-0.119993452917202	0.719964216041118	0.719964216041118
Candidatus Nanosynbacteraceae	0.430571938050552	0.430571938050552	0.16099053658161	0.722774707717358	0.722774707717358
Corynebacteriaceae	0.433664824630415	0.433664824630415	0.118226414537793	0.722774707717358	0.722774707717358
Streptococcaceae	0.441086192242	0.441086192242	0.2140939270683	0.727792217199301	0.727792217199301
Dermocarpellaceae	0.451453894467613	0.451453894467613	0.0462154799741547	0.732750746257166	0.732750746257166
Bacillaceae	0.452973188595339	0.452973188595339	0.12451112955543	0.732750746257166	0.732750746257166
Iamiaceae	0.466434482504664	0.466434482504664	-0.0425494739736068	0.740426932461285	0.740426932461285
Sporomusaceae	0.466693339248325	0.466693339248325	-0.137458783282974	0.740426932461285	0.740426932461285
Peptostreptococcaceae	0.473767102013671	0.473767102013671	0.131003409492244	0.740538080916311	0.740538080916311
Thermoanaerobacteraceae	0.475739615618963	0.475739615618963	-0.0571796323116201	0.740538080916311	0.740538080916311
Staphylococcaceae	0.493384182399251	0.493384182399251	-0.109954422755484	0.760826075662396	0.760826075662396
Planctomycetaceae	0.509480753676121	0.509480753676121	0.0350900217275865	0.769024513290817	0.769024513290817
Deinococcaceae	0.51265738100119	0.51265738100119	0.170732360167977	0.769024513290817	0.769024513290817
Rhodospirillaceae	0.512683008860545	0.512683008860545	-0.10586465442306	0.769024513290817	0.769024513290817
Sphingomonadaceae	0.525846541235919	0.525846541235919	-0.0545772525287689	0.781663777512853	0.781663777512853
Cyclobacteriaceae	0.539097367113822	0.539097367113822	-0.0267575666339593	0.794205942623042	0.794205942623042
Desulfobulbaceae	0.546459493326183	0.546459493326183	-0.0259091146506815	0.797927578750622	0.797927578750622
Gemmatimonadaceae	0.569334889113739	0.569334889113739	-0.032891201890497	0.824037339506728	0.824037339506728
Eggerthellaceae	0.588455262833325	0.588455262833325	0.107871605290729	0.844305377108683	0.844305377108683
Burkholderiaceae	0.594260171799137	0.594260171799137	0.109117117342457	0.845283865059118	0.845283865059118
Prevotellaceae	0.600701262691086	0.600701262691086	0.155611606697908	0.847142806359224	0.847142806359224
Prolixibacteraceae	0.607221626163022	0.607221626163022	0.0782790011544856	0.849081087431344	0.849081087431344
Rhizobiaceae	0.626132043657759	0.626132043657759	-0.0312876345594459	0.855572443135115	0.855572443135115
Ectothiorhodospiraceae	0.637583829914933	0.637583829914933	0.0698256634120543	0.855572443135115	0.855572443135115
Cellvibrionaceae	0.643634521179107	0.643634521179107	0.0156863450735726	0.855572443135115	0.855572443135115
Solibacteraceae	0.645555472879188	0.645555472879188	-0.0470399711276558	0.855572443135115	0.855572443135115
Chlorobiaceae	0.651007048989274	0.651007048989274	0.0319744769059698	0.855572443135115	0.855572443135115
Marinilabiliaceae	0.656571183214815	0.656571183214815	0.019626832322158	0.855572443135115	0.855572443135115
Clostridiaceae	0.657037217698545	0.657037217698545	-0.083253649007928	0.855572443135115	0.855572443135115
Clostridiales Family XIII. Incertae Sedis	0.665838362333906	0.665838362333906	0.0514651459421523	0.855572443135115	0.855572443135115
Limnochordaceae	0.674223543411804	0.674223543411804	-0.0979621230215653	0.855572443135115	0.855572443135115
Bradymonadaceae	0.676893908701821	0.676893908701821	-0.0212867029979384	0.855572443135115	0.855572443135115
Thermoanaerobacterales Family III. Incertae Sedis	0.682787098308693	0.682787098308693	-0.0491246692814252	0.855572443135115	0.855572443135115
Cytophagaceae	0.690005222843844	0.690005222843844	-0.03242282639374	0.855572443135115	0.855572443135115
Gallionellaceae	0.693463061398322	0.693463061398322	0.0258490330782469	0.855572443135115	0.855572443135115
Rikenellaceae	0.69519096704781	0.69519096704781	-0.0608935788913903	0.855572443135115	0.855572443135115
Peptococcaceae	0.702351914392829	0.702351914392829	0.0618868102433251	0.855572443135115	0.855572443135115
Puniceicoccaceae	0.704383811283634	0.704383811283634	0.0381246016122206	0.855572443135115	0.855572443135115
Tannerellaceae	0.705415844628395	0.705415844628395	0.0525592455384831	0.855572443135115	0.855572443135115
Nitrosomonadaceae	0.707315323824955	0.707315323824955	-0.057647750665876	0.855572443135115	0.855572443135115
Tenuifilaceae	0.733268307604804	0.733268307604804	-0.0220344263112546	0.855572443135115	0.855572443135115
Muribaculaceae	0.736479841869307	0.736479841869307	0.0843722085876925	0.855572443135115	0.855572443135115
Dysgonomonadaceae	0.736799925575887	0.736799925575887	0.0389647601403652	0.855572443135115	0.855572443135115
Xanthomonadaceae	0.737341562818322	0.737341562818322	-0.019995422610167	0.855572443135115	0.855572443135115
Leptospiraceae	0.740456758704042	0.740456758704042	-0.023167841686191	0.855572443135115	0.855572443135115
Phyllobacteriaceae	0.743214796578464	0.743214796578464	0.0293690786202309	0.855572443135115	0.855572443135115
Barnesiellaceae	0.750009893393825	0.750009893393825	0.0791144977214097	0.855572443135115	0.855572443135115
Egicoccaceae	0.750965724441273	0.750965724441273	-0.0313408093171653	0.855572443135115	0.855572443135115
Acetobacteraceae	0.751866692452071	0.751866692452071	0.0599618696550544	0.855572443135115	0.855572443135115
Xanthobacteraceae	0.775331868765444	0.775331868765444	-0.0381663077743553	0.876231221549988	0.876231221549988
Microbacteriaceae	0.780966995543464	0.780966995543464	-0.0178057725986992	0.876595607242663	0.876595607242663
Enterococcaceae	0.795922155447473	0.795922155447473	0.0149091230670297	0.887345646275899	0.887345646275899
Halomonadaceae	0.802647106431558	0.802647106431558	0.0140659753276932	0.888837399739645	0.888837399739645
Sandaracinaceae	0.808734045591963	0.808734045591963	-0.0131939767271045	0.88960745015116	0.88960745015116
Francisellaceae	0.820568740638437	0.820568740638437	-0.0241896971750828	0.896647961624782	0.896647961624782
Blattabacteriaceae	0.833962798087022	0.833962798087022	0.0233488746704918	0.905288563712886	0.905288563712886
Fimbriimonadaceae	0.877648036063137	0.877648036063137	-0.00808195650233638	0.94512680489259	0.94512680489259
Spongiibacteraceae	0.884185469986765	0.884185469986765	-0.0727220226041391	0.94512680489259	0.94512680489259
Oscillospiraceae	0.89477598661852	0.89477598661852	0.0130654465406932	0.94512680489259	0.94512680489259
Neisseriaceae	0.895656386701198	0.895656386701198	0.0245376274754565	0.94512680489259	0.94512680489259
Rickettsiaceae	0.905992724848269	0.905992724848269	-0.0127499228338797	0.94512680489259	0.94512680489259
Mycoplasmataceae	0.908334445924948	0.908334445924948	0.0258909642424631	0.94512680489259	0.94512680489259
Chlamydiaceae	0.91075855744195	0.91075855744195	0.00571079258715851	0.94512680489259	0.94512680489259
Caedimonadaceae	0.92951550168908	0.92951550168908	0.0048094710072262	0.958562861116864	0.958562861116864
Heliobacteriaceae	0.954691238394071	0.954691238394071	0.0200897161354438	0.978410275372806	0.978410275372806
Acholeplasmataceae	0.966727543314797	0.966727543314797	0.00195764114774602	0.984363220516462	0.984363220516462
Legionellaceae	0.977644422519245	0.977644422519245	0.0023442248105853	0.984363220516462	0.984363220516462
Vallitaleaceae	0.978903806987689	0.978903806987689	0.00946209038242906	0.984363220516462	0.984363220516462
Coprothermobacteraceae	0.984363220516462	0.984363220516462	-0.00254370576249365	0.984363220516462	0.984363220516462
