"CV_rep1"	"CV_rep2"	"CV_rep3"	"CV_rep4"	"CV_rep5"	"CV_rep6"	"CV_rep7"	"CV_rep8"	"CV_rep9"	"CV_rep10"
"SRR5865065"	0.992309460043263	0.994277132437346	0.982316883208507	0.997670883621939	0.995396681884726	0.991874632732249	0.998430579919954	0.988094764403898	0.974449095056384	0.989896757325187
"SRR5865066"	0.856844296152852	0.962178142649733	0.819674964218264	0.914902554957377	0.914783821830343	0.962821545433908	0.662801143184636	0.811618047099085	0.972860455978831	0.945060365888872
"SRR5865067"	0.145777561606283	0.0867013180338906	0.142219167432471	0.108779442743531	0.108530499708657	0.0526979722428146	0.208445635123539	0.0524846992338791	0.196467173771525	0.0455149021654874
"SRR5865068"	0.97439283697221	0.983111942567592	0.975105423192479	0.981419621134184	0.97683459183314	0.984230630974697	0.968338124735809	0.975584713741536	0.975051084373323	0.988996839254146
"SRR5865069"	0.607986523804203	0.584654297344586	0.733359161183016	0.464374996308273	0.442493374898487	0.773403656359983	0.638611158900315	0.823558283438789	0.711165444410873	0.790993840531079
"SRR5865070"	0.364137758770622	0.167809422011988	0.0688543106152709	0.213137750140087	0.144866126585509	0.17646713572753	0.274445501672601	0.233804743571558	0.346597909420643	0.0422385920494307
"SRR5865071"	0.899578048073367	0.873030038121766	0.86307098183516	0.571048526916401	0.574709772479357	0.666695980139771	0.753824183413807	0.549901818498732	0.797344501694287	0.858674987783114
"SRR5865072"	0.19069453380128	0.383684986953103	0.452557892798522	0.538547925938757	0.299070407496567	0.503075230627207	0.279422928559892	0.438299482361106	0.599423403396798	0.236792585072406
"SRR5865073"	0.261387360390655	0.101534601676086	0.0810603658153799	0.21148751764315	0.326472289543705	0.263255641193346	0.304252128914393	0.38451819188009	0.143952046073242	0.235460621913903
"SRR5865074"	0.817847970165391	0.893067153717382	0.928017925339511	0.910270290137518	0.869093032015645	0.926127874575523	0.939492392130445	0.910221106617201	0.945762359089085	0.942551010749954
"SRR5865075"	0.84250722444764	0.599369177793918	0.876233170284277	0.685211159424122	0.873492697934455	0.563608039638402	0.66299638736538	0.217547090406789	0.58075620300266	0.670227632856565
"SRR5865077"	0.128119733902126	0.130300616540218	0.256460690557147	0.150707144570417	0.180232216646796	0.435869260828449	0.18125958012657	0.224364439345907	0.214918489054594	0.203851004703451
"SRR5865085"	0.852400577480555	0.834901556107194	0.792267761088754	0.79630853053275	0.940660272622818	0.830626476677264	0.889760898281837	0.881216638473826	0.817443043806746	0.757764667379937
"SRR5865086"	0.787619103516238	0.973347854517035	0.970779154571182	0.957066358842943	0.936674045314762	0.930580731041717	0.959398214080331	0.936295939824057	0.920488698589938	0.950537867201308
"SRR5865087"	0.321939840600087	0.488978893405398	0.531483411973327	0.420549970784798	0.476686716075212	0.596592804680256	0.615159594042848	0.784741345021222	0.660350067675634	0.499091795021505
"SRR5865096"	0.99613657341583	0.998688516408024	0.998282490207373	0.995914736298334	0.991818289200289	0.997930497615772	0.997063559890639	0.995513267952013	0.996458435611003	0.998512995404812
"SRR5865097"	0.839621321757968	0.840489628823691	0.919715372040908	0.952741006736356	0.827060061817383	0.789815167240177	0.942778291609124	0.812659914723831	0.83281514674525	0.965699390365332
"SRR5865098"	0.938539189570654	0.917586786005501	0.969633745693178	0.933786532666192	0.976737647021275	0.860382699770602	0.961164368626692	0.941478667318962	0.941124891263906	0.939932968286922
"SRR5865110"	0.038493274160893	0.0349827960493602	0.0145238091240061	0.0601722028469059	0.172968064110961	0.057524101824737	0.0846621496334432	0.122921842128005	0.0522565698851535	0.0185357409321251
"SRR5865111"	0.180895753140402	0.0690218893819305	0.098364252528577	0.2655314903273	0.559404939757225	0.147640261123869	0.0958450111939723	0.408042801454584	0.284585485864009	0.145973186502671
"SRR5865112"	0.910236539132665	0.956106183411288	0.96031203383221	0.959193232613603	0.93444524219568	0.961755246470247	0.916830843288623	0.991638549300135	0.932002703274399	0.979732687088346
"SRR5865114"	0.063989808671463	0.101047605801226	0.121237214022984	0.112968246103658	0.189633323919194	0.105184350203658	0.095122793723382	0.308329879009195	0.0806468677139904	0.0186269600796661
"SRR5865115"	0.906959854830996	0.956661105729461	0.917918166187535	0.819442748700486	0.761600948522173	0.942392044682809	0.87567913358141	0.949969584273138	0.925226905486466	0.874055035671042
"SRR5865116"	0.987922493151023	0.992508457380666	0.980090986993202	0.987166217431601	0.99719474537239	0.99672896591279	0.968386850605083	0.993694061808261	0.997749066433773	0.998329828571896
"SRR5865120"	0.0880176288142113	0.0704869354093466	0.0215445144759938	0.0784244283873415	0.127808777386739	0.0377932691935539	0.110496014854917	0.0674905510910488	0.0464825001706608	0.0671536796260122
"SRR5865121"	0.254776170846854	0.131345465710132	0.162977287289716	0.224320637694521	0.242180672328639	0.17532956549821	0.284030305886664	0.160114047015476	0.167774762622092	0.227486006183587
"SRR5865122"	0.767150529790636	0.81304882191276	0.458653309039793	0.507913958632647	0.412310164300646	0.859016221025547	0.653693280437499	0.550429224740401	0.78769277622619	0.772295918927886
"SRR5865123"	0.717235086803704	0.76055553116475	0.558704533677313	0.681022037154527	0.75743000496235	0.632129461141177	0.723341869444887	0.626662995269498	0.686469134032577	0.67622076836683
"SRR5865124"	0.15598455029547	0.0487055968302703	0.0862507307781433	0.197393202401115	0.303647279904554	0.230154446279659	0.184217342378218	0.195843466134534	0.118756992923504	0.0360612672129844
"SRR5865125"	0.986019716674941	0.9368315947135	0.94743397181175	0.945460748113749	0.90777368925373	0.946649982416945	0.940822674118233	0.970587431162076	0.921219448133946	0.974254074860061
"SRR5865126"	0.652616058245083	0.913299833134752	0.955897943657853	0.78030014027404	0.952979026795571	0.819556856465883	0.903074347213754	0.869729771671333	0.73096452876966	0.911833242267363
"SRR5865127"	0.705027354489903	0.337167988580851	0.347730582403961	0.565629852853341	0.645440045675628	0.490973835148815	0.754384197979461	0.274032893722193	0.356915769979992	0.573167047834398
"SRR5865128"	0.323214943382393	0.196089702444356	0.525377455722002	0.312062095753687	0.0983786085212491	0.21469853261693	0.329646542940051	0.188316060057818	0.112469927331893	0.411595609549205
"SRR5865129"	0.0993207879782119	0.0269334143825887	0.0451871480691775	0.104918036484506	0.150668328774852	0.044973103210989	0.0756775760525231	0.0801441194713393	0.0346331966165353	0.120494394509981
"SRR5865130"	0.218302829584409	0.227997294695575	0.193660413656552	0.225295608890002	0.198109220913388	0.231429510898478	0.201448322926101	0.295176657497105	0.187708857642059	0.278927258625557
"SRR5865078"	0.658356902717562	0.762657157003356	0.822276359881357	0.831372804441289	0.765714279530924	0.869155149996737	0.699101399632134	0.669919268269386	0.885644361185338	0.716649161749122
"SRR5865079"	0.971113718275305	0.949826898938632	0.922567337345382	0.959543887075293	0.907981577077591	0.975861387544432	0.934777453205488	0.843928217231124	0.986350336981678	0.99000280990816
"SRR5865080"	0.899563503014834	0.676537069619717	0.926892525218691	0.610921867100346	0.897463456343681	0.663042896375319	0.98684163395759	0.782168994467041	0.728430878834732	0.809473822399994
"SRR5865081"	0.0149922898615712	0.0669559452417247	0.0480123689256844	0.0226669170613671	0.147028753563966	0.0103598152679084	0.00856493395403501	0.0638081164209139	0.0246191454326859	0.172089053806741
"SRR5865082"	0.995143479892689	0.997249865190426	0.993372323276623	0.991170204749782	0.996767832083352	0.993082802634221	0.998172088372939	0.984220484151386	0.996295442819089	0.998536996759767
"SRR5865083"	0.869773770513319	0.86369413682804	0.929843283769689	0.963290857088418	0.930478711871814	0.911413480382326	0.889201695841963	0.792592508368845	0.84563536768045	0.751314788172045
"SRR5865084"	0.472429151546939	0.418855365505909	0.679381314588501	0.219338651488331	0.349079730815644	0.185887316412356	0.653126036843462	0.513346029620114	0.501288613837291	0.295627193533894
"SRR5865088"	0.435049446011978	0.364963329158879	0.486088000879645	0.430254992634196	0.723968492454127	0.141575499264979	0.692428866520946	0.230304994251198	0.392509661389359	0.227663621924262
"SRR5865090"	0.894825821366978	0.948830070463795	0.88881027628091	0.728802697286301	0.966114727639021	0.800257774695159	0.826898516359875	0.90558934889864	0.858420641551001	0.602834229705942
"SRR5865091"	0.899603388199249	0.886112854960555	0.913604702711488	0.846313712124762	0.812592864958114	0.904773509501628	0.942904628341524	0.967610782697526	0.749887559680203	0.739022979782804
"SRR5865092"	0.998627748029697	0.999762487103821	0.998797017097886	0.997889779434294	0.99776298662309	0.998685451509577	0.998399217826629	0.995675489441433	0.998398092414734	0.996249489181316
"SRR5865093"	0.891348824148171	0.979047005405607	0.915709445231965	0.875372982480687	0.689670162821208	0.897508451346764	0.929485565998692	0.958778672164455	0.892854539751843	0.971002019086081
"SRR5865094"	0.907759952510891	0.936165661273249	0.938199951309592	0.922406873669014	0.904560443834588	0.919329589404908	0.951942526378205	0.920815563246512	0.892163421858905	0.916335975433346
"SRR5865095"	0.907841481168799	0.907147950524467	0.652882595236977	0.937060112166386	0.875382223132373	0.974511695903222	0.866142568335613	0.970757783171957	0.835076606927545	0.965431784463811
"SRR5865099"	0.690426710930781	0.900590931249133	0.69669861669106	0.616468310891449	0.833860506685549	0.73031533179457	0.831858838971157	0.60434108390777	0.722966655529836	0.850236697210112
"SRR5865100"	0.678951042162283	0.854143304458275	0.916742815591474	0.939133811393557	0.481697757621003	0.50330349966095	0.81304093893744	0.970391366635002	0.637259990398186	0.463738378692168
"SRR5865101"	0.862513392402706	0.966808140932434	0.976286521268575	0.903564432328546	0.88242265523436	0.970788384067182	0.990411060856891	0.957327641123003	0.845563219018197	0.94139078551451
"SRR5865102"	0.154131046990474	0.195617731242138	0.125726622705104	0.09622722339046	0.0525149421973638	0.124746131866707	0.0894177426513551	0.183189563726966	0.152470984879597	0.120948133352577
"SRR5865103"	0.950376650926945	0.950558738842382	0.977913320621287	0.986844968546877	0.998240627347136	0.949943374288201	0.906915176813411	0.988386895238003	0.820723528109293	0.995254156648778
"SRR5865104"	0.97695677395751	0.967768594629184	0.983484864059718	0.976402394194061	0.993447451182167	0.983392364702363	0.974758717152759	0.956125164902813	0.995631405785408	0.977042441422353
"SRR5865105"	0.20753002189202	0.117508000811994	0.117594734736133	0.0907122231375041	0.110364523546888	0.170324398717486	0.113701750948069	0.0778067763304898	0.0768807597235419	0.136146110574015
"SRR5865107"	0.954485290913546	0.916393428548375	0.898663285554774	0.924950673008036	0.90173968188198	0.960046030485062	0.907130941389633	0.762583863541503	0.887886958062579	0.922594087037027
"SRR5865108"	0.987213460452763	0.986867294752287	0.992425455925619	0.917718268924854	0.985436722530362	0.989512440848402	0.976234042377143	0.953855375443381	0.996079932714118	0.992232621551648
"SRR5865109"	0.861809908529595	0.816942976152134	0.848346765499372	0.817984795153236	0.799706435611397	0.774612015357179	0.765005856695485	0.815302568704851	0.721812807390282	0.821697915095763
"SRR5865117"	0.2597296979383	0.256171815293172	0.369676388856762	0.388190191193238	0.398661429730248	0.425964438431224	0.480403550604391	0.356732267559302	0.469349379380929	0.33732421379723
"SRR5865118"	0.859745662527368	0.982314577632703	0.969577400136173	0.987981047179003	0.951559950988495	0.984114982563269	0.980658167215029	0.983014634578108	0.992720483696815	0.913800644671836
"SRR5865119"	0.512149151383748	0.329381129238295	0.578477083408801	0.442408598180725	0.232975478415895	0.416158779924301	0.501804298134924	0.605237337258415	0.543635334614259	0.453066174720965
"SRR5865131"	0.637488525298552	0.746518544830435	0.928864743955612	0.771649493915172	0.740809043570768	0.93406073068015	0.586694736211816	0.772594412276923	0.54844130600706	0.876231429062346
"SRR5865132"	0.94618582849277	0.940203211096203	0.91850894498585	0.944300524859796	0.854321647556439	0.950110318724091	0.894397907941074	0.927769493093764	0.975360026542639	0.976065661329712
"SRR5865133"	0.294300280463184	0.307281921018236	0.503549475629509	0.407658552691821	0.335096249306345	0.166050135688209	0.365157295860749	0.174723921933977	0.209808508248353	0.188344674609653
"SRR5865134"	0.68769061245411	0.742065719241722	0.761319209458641	0.758988457701658	0.405829269390679	0.604418354647607	0.752086843624956	0.58527226961265	0.238062515052587	0.859178095475499
"SRR5865135"	0.0379446803955355	0.0172144086037969	0.0338237649970495	0.124766901152373	0.0044118174680056	0.0212501707809823	0.0442061205414947	0.0496277740940086	0.223088925338336	0.0226078717375864
"SRR11292125"	0.862083506660345	0.697470586242257	0.894061274792621	0.911191643858835	0.522168900724226	0.325402126910444	0.939507761054551	0.926532549611935	0.733661899693921	0.64129189558544
"SRR11292126"	0.489239297436665	0.830075999870724	0.927756685325887	0.930429398230642	0.967059199102176	0.831219652295878	0.796159153119204	0.949274652911418	0.956867116637066	0.923478331959141
"SRR11292127"	0.840021291242014	0.83122882226922	0.391735179293475	0.818513382171582	0.5144520644911	0.603556533977187	0.547053806338689	0.775149097585539	0.669889889786178	0.506502120099963
"SRR11292131"	0.983247551046397	0.995113703779406	0.952784367954963	0.985637648941727	0.995795625076269	0.987741150375852	0.99244026630716	0.965874262279561	0.994240008345837	0.979957924504283
"SRR11292132"	0.0659437331677774	0.0584765293568372	0.039153186980324	0.024001081583563	0.0399109815004003	0.0480921901013646	0.0929676019859856	0.0299041806026583	0.024424470172863	0.0319950401030196
"SRR11292136"	0.224873381577039	0.0959166804085957	0.207980488332728	0.182155997199319	0.18964638306576	0.0900974621698408	0.169965161891244	0.112806545314682	0.162318607371581	0.241896347283256
"SRR11292137"	0.966222690164706	0.849958044364977	0.583829021998977	0.913596701742658	0.63655449490413	0.516130715966219	0.88137935054628	0.687491807616811	0.727590648111121	0.949326698623067
"SRR11292138"	0.578306333485493	0.0582712504691495	0.696807668618659	0.652169678272721	0.659252610708965	0.567794665563988	0.694930553840292	0.722984403735434	0.526182138710383	0.0375899282186893
"SRR11292140"	0.685193443584129	0.821471500075724	0.767010791963778	0.757668571056909	0.510671377392728	0.91835446131353	0.922686755245825	0.735990708456259	0.888410142673957	0.70767029795606
"SRR11292141"	0.876624806812468	0.803570831896229	0.945875973186916	0.980764713397754	0.866124710568742	0.974135370368939	0.928123396919373	0.952723047619551	0.958539018761094	0.97014293887492
"SRR11292142"	0.517865387357707	0.175575807044824	0.447148182223561	0.250981140344277	0.11692752591831	0.17844738332277	0.273258003990855	0.235663626027992	0.141514947980464	0.163656772583988
"SRR11292143"	0.577458805088939	0.259913948874953	0.358398254822549	0.311277808383709	0.551125971940951	0.420325446116076	0.846561203623323	0.326684797409856	0.330614472520255	0.826735950072322
"SRR11292144"	0.19137001295969	0.255661995939431	0.316223287208954	0.194137415881032	0.679972360869998	0.272173769979712	0.240881967570868	0.264603604204984	0.583231199389476	0.451333595181164
"SRR11292145"	0.631645993652202	0.821035037219803	0.463447677311852	0.667853133880257	0.647300826928961	0.689657990445077	0.593569782640771	0.615893345464392	0.839133279972005	0.710704631661707
"SRR11292146"	0.898008684567936	0.884241686357996	0.903504328432459	0.94778955345832	0.85619695021408	0.946354682843989	0.946477311149617	0.988053549068012	0.868710540260989	0.958978615013474
"SRR11292147"	0.905885379321658	0.350360629101304	0.889053164403649	0.692845914233015	0.836879224187733	0.938617138297686	0.782524335971636	0.896722811690857	0.848692411134866	0.82142974866182
"SRR11292148"	0.966618618903961	0.950394343778834	0.962106169328599	0.913202355979274	0.955303724355779	0.936219346084554	0.937287282766437	0.987241461921735	0.899539286267805	0.962366585824486
"SRR11292129"	0.908617919489362	0.957342797438229	0.963336199540546	0.943412553155738	0.957652307693298	0.92788918165835	0.939726949211515	0.962016447433755	0.960657715075825	0.902697115924921
"SRR11292130"	0.785683820970343	0.868770332534415	0.584272488043932	0.89569345962988	0.581283565983667	0.874727687125435	0.93989061709084	0.664579063707128	0.917834827802802	0.955501772359875
"SRR11292133"	0.865727240623001	0.969278432409768	0.990480083174888	0.982389843804456	0.94954004619399	0.992834463548041	0.807103351612358	0.987499352584182	0.98977347493299	0.994993702440355
"SRR11292134"	0.145002363515499	0.121023704374152	0.00888548320151761	0.142847138922003	0.10225349542336	0.124351831171835	0.13891663991222	0.172846793532633	0.144162248559287	0.239650820349904
"SRR11292135"	0.0765516888649457	0.0285216610910939	0.150084388269799	0.0770575378444577	0.19202279505535	0.454879345685207	0.207921182595107	0.741520898545408	0.240960475273514	0.081047888744199
"ERR1624539"	0.333915807161054	0.269215643272306	0.151687849518102	0.15019519553693	0.26164054238671	0.232439608712546	0.0816337382729832	0.248490820904328	0.340347426523126	0.0764406642045705
"ERR1624542"	0.252937201772217	0.343495128610725	0.27890244962616	0.233045605696937	0.181174643887938	0.103557937403467	0.296843500120594	0.184464944056294	0.361040945056762	0.337916491972387
"ERR1624545"	0.991891663363401	0.98426366580288	0.994371461039596	0.891813315939473	0.958431937144523	0.981652295042971	0.995268285730163	0.965933341556442	0.977054124430257	0.949264498525281
"ERR1624547"	0.492387856247318	0.137225332237247	0.300061529958985	0.223826315638973	0.416898333853766	0.245808191564646	0.361289262648583	0.294297576123648	0.223333083857451	0.544068119210042
"ERR1624549"	0.482901934188129	0.224318336301073	0.342492233296651	0.368374421319879	0.652023662053024	0.324282926606601	0.272033243715584	0.359074723780722	0.723233010717349	0.681939740789221
"ERR1624550"	0.185144423315799	0.135175629067706	0.140405433649584	0.161266986766726	0.240259031886261	0.253699380271414	0.160831199408775	0.104790803061395	0.186346921220459	0.153162483749089
"ERR1624552"	0.532930080578606	0.62125626836062	0.385868758242886	0.789022025557041	0.70033292593587	0.479286324347859	0.553181467686655	0.738483110352196	0.58395856691531	0.586175939942732
"ERR1624553"	0.0368090820853124	0.0382886066656399	0.0138428614277306	0.0211150093869323	0.0285377060291442	0.107344371022465	0.021940611030134	0.0840607995357538	0.121280078447521	0.0933545101444971
"ERR1624554"	0.930612468821856	0.835994541890888	0.862553384928367	0.734482052402125	0.82119799586323	0.79736851281727	0.749529256155314	0.769833763359596	0.962410610367239	0.881250528221515
"ERR1624555"	0.0987244697942714	0.0507839261432774	0.202152056069187	0.106558572333542	0.0953221426805719	0.220776006470723	0.112511386416473	0.387548050302962	0.241063215393297	0.305727251316335
"ERR1624556"	0.882695282901026	0.941453271088949	0.918036615728614	0.995727552364614	0.790066411781288	0.657411298228262	0.559099837123811	0.74623521132008	0.958545530006898	0.763487464529894
"ERR1624559"	0.484209118276758	0.468299054338243	0.619291802399499	0.368616686172973	0.691013594111296	0.380423790576898	0.187567121131483	0.561870751619764	0.648774470282135	0.892717960858163
"ERR1624560"	0.970881633256849	0.983186839077221	0.965304114422409	0.91818627218998	0.970186959086555	0.889534317835288	0.940042107215822	0.836941773789067	0.993487566075973	0.942166666841683
"ERR1624562"	0.963358046919335	0.917621858612551	0.904216521329494	0.915137419817031	0.955355860534804	0.932004317021226	0.953643056384628	0.979331440860605	0.803525262054163	0.963716824247326
"ERR1624564"	0.993736093236241	0.990654207921269	0.984073215353891	0.963896917435051	0.99059135979669	0.992057604372471	0.995241195757817	0.95004454267813	0.994440710324246	0.996881303670926
"ERR1624565"	0.413647175315982	0.394786050901818	0.181822658356693	0.194102736227736	0.229962474109554	0.452251868726752	0.72513554275313	0.314276274187493	0.688161784375982	0.494176480164336
"ERR1624567"	0.830994783943994	0.821586156299305	0.702546859782522	0.938221775154356	0.931146835095273	0.835834535564906	0.928972059497691	0.808877778762722	0.907552423459379	0.924414163679375
"ERR1624570"	0.654364884502309	0.651759384533919	0.605925339056721	0.852320038447909	0.483928940054799	0.539026919727934	0.659417067762695	0.743523029132483	0.738763032535326	0.594881153088168
"ERR1624536"	0.0594245382269842	0.0215564126615265	0.0609477670686863	0.106297777767977	0.31288049715171	0.0853668677009717	0.0750532811664731	0.244673216009246	0.150591433758442	0.172161231404169
"ERR1624537"	0.0541948086373744	0.262024976472228	0.0149949446250705	0.0119448757648745	0.0903652279527621	0.0372362928031912	0.0400248063081035	0.130644192896753	0.0936369594729996	0.0212237211438275
"ERR1624538"	0.0150259374979629	0.00881756685124491	0.0780608762443914	0.0944798835902522	0.00237375142943449	0.0242771565239037	0.0205226864128422	0.037730365888045	0.000527933706082002	0.0259618046776554
"ERR1624540"	0.123376790590293	0.33095896099603	0.267208016098419	0.367375470110302	0.195229280180744	0.491318185556976	0.243690475272577	0.501617061445912	0.19198234361804	0.647607537598995
"ERR1624541"	0.0676420693129915	0.0294750907948354	0.121264422201855	0.0420131860466894	0.0253262869619661	0.0457355771744811	0.0354818268180249	0.0522588992150268	0.119872813102919	0.0553257984301984
"ERR1624543"	0.943717507056676	0.662649153965407	0.857466769951706	0.62654632019085	0.864145321364999	0.957242141448598	0.717267303610552	0.835780159032218	0.84116406163686	0.890040052531341
"ERR1624544"	0.886264208423481	0.843181205666412	0.812017737995141	0.777995103545731	0.782477482489975	0.867353286937581	0.596085703021531	0.154499471398106	0.882848458120439	0.713703241090096
"ERR1624546"	0.220127052617031	0.0852450490378173	0.25867208708075	0.32210399374943	0.368249330771612	0.391327991654167	0.339753565496209	0.162835716873198	0.336936309509828	0.363775258707787
"ERR1624548"	0.315366617884175	0.0121169165331831	0.0741931669869916	0.147052037575964	0.299318609193557	0.0599851919507226	0.0299230241820286	0.19276709417157	0.258102943560391	0.0940717088851427
"ERR1624551"	0.157888858877238	0.221571335438095	0.24853184565197	0.162862831284444	0.173241517046194	0.0739883952320532	0.206562789882648	0.108082319584291	0.179454180177049	0.096994816775986
"ERR1624557"	0.223336206720594	0.0300508940645495	0.32106002689513	0.160689802116162	0.116503820106199	0.23401097837417	0.339459931551824	0.0749308117845468	0.0127004974338194	0.37016945212104
"ERR1624558"	0.712068614672239	0.974566357137344	0.916155895258831	0.803237148346375	0.949314134519799	0.754380769782299	0.78945392068071	0.776992348515201	0.779666502099381	0.838819979199267
"ERR1624561"	0.278510539855606	0.438106174380649	0.284219354298071	0.36947777432344	0.0832996239262305	0.317148155119473	0.375658411149007	0.452298525158029	0.20795303459709	0.315683979170023
"ERR1624563"	0.756035855766758	0.424386972474628	0.508588020468047	0.56963177768453	0.180308150428703	0.7105810145255	0.546289814090937	0.618822257906158	0.56388788577472	0.765341796074137
"ERR1624566"	0.392146705341211	0.422553422596712	0.34132469086057	0.48263673142961	0.431841433687598	0.364186750051161	0.530612458588738	0.359555707282573	0.293549835237216	0.221661904702056
"ERR1624568"	0.311631500560833	0.555741972529703	0.324629525081358	0.265554662961656	0.308086058656738	0.238162173523707	0.386102518206742	0.411464880543881	0.188947985548845	0.205573498293556
"ERR1624569"	0.866200027620404	0.951723743447613	0.983624611905431	0.925374519137039	0.937874167117132	0.981844058089663	0.882869621219301	0.977619688971672	0.716378570614389	0.990267719933018
"ERR1624571"	0.980391467344807	0.980665924877916	0.959093036533496	0.995584021454558	0.971072445659055	0.982172278773336	0.990790731117237	0.972175662434392	0.990598423258244	0.965910813576008
"ERR1624572"	0.0281932219548007	0.0482275990030905	0.0348113647668565	0.032276413431705	0.191479227801824	0.0581085969444277	0.11008590340335	0.111781131851027	0.0356110079098234	0.304260794394697
"ERR1624573"	0.923645198473862	0.910803206887638	0.913528575417628	0.451244157995542	0.744686981720214	0.930044198680577	0.968395790388326	0.753198181803668	0.921638297507479	0.848540197330065
