"Model_1"	"Model_2"	"Model_3"	"Model_4"	"Model_5"	"Model_6"	"Model_7"	"Model_8"	"Model_9"	"Model_10"	"Model_11"	"Model_12"	"Model_13"	"Model_14"	"Model_15"	"Model_16"	"Model_17"	"Model_18"	"Model_19"	"Model_20"	"Model_21"	"Model_22"	"Model_23"	"Model_24"	"Model_25"	"Model_26"	"Model_27"	"Model_28"	"Model_29"	"Model_30"	"Model_31"	"Model_32"	"Model_33"	"Model_34"	"Model_35"	"Model_36"	"Model_37"	"Model_38"	"Model_39"	"Model_40"	"Model_41"	"Model_42"	"Model_43"	"Model_44"	"Model_45"	"Model_46"	"Model_47"	"Model_48"	"Model_49"	"Model_50"	"Model_51"	"Model_52"	"Model_53"	"Model_54"	"Model_55"	"Model_56"	"Model_57"	"Model_58"	"Model_59"	"Model_60"	"Model_61"	"Model_62"	"Model_63"	"Model_64"	"Model_65"	"Model_66"	"Model_67"	"Model_68"	"Model_69"	"Model_70"	"Model_71"	"Model_72"	"Model_73"	"Model_74"	"Model_75"	"Model_76"	"Model_77"	"Model_78"	"Model_79"	"Model_80"
"SRR5865065"	0.246599437595511	0.293749090990593	0.285668145741353	0.239890211890839	0.0696840019504413	0.465836791836008	0.352182787018891	0.462282083919018	0.501587025593138	0.899980196372081	0.750139895118112	0.34105086114033	0.281245804096417	0.358954678527301	0.887443681042162	0.652576086748993	0.706964861521643	0.290943196839884	0.123317424092301	0.0503661029126619	0.96598038571043	0.116309530401056	0.964838719022263	0.921867966951542	0.25138414368152	0.225150628814255	0.527970610012263	0.963692644821791	0.943247157863387	0.197079981305702	0.395998487044272	0.985193391050135	0.630960291809939	0.969605899311722	0.208164939680118	0.466650787377375	0.445454426486472	0.323564008009082	0.175128522980375	0.280634853051319	0.219179295163279	0.3107885614449	0.506522337299025	0.204566919417701	0.289911093613811	0.20103545409662	0.986049104689044	0.459101674527954	0.445809151569635	0.489788586532129	0.305325156142508	0.739651318486631	0.328377710166187	0.602940532874167	0.328847463938765	0.925057341439363	0.511179232672161	0.110366446162064	0.629260413302491	0.91532264313639	0.322421971933649	0.285867434801365	0.952287458911362	0.222145221551297	0.549986322543961	0.899573273159046	0.231016271192322	0.392642603901321	0.380591223110745	0.586524266371636	0.16521918574564	0.235183706033084	0.252323238381472	0.308159699834799	0.937489805539694	0.264478508582618	0.0981933551356441	0.453451152991187	0.91399492052063	0.423232966775908
"SRR5865066"	0.830747803384428	0.726467885839834	0.900485317840938	0.773088466980445	0.762075395026297	0.749763321105928	0.862027578361076	0.913842714751247	0.786613727671717	0.481850703606139	0.652780405213669	0.926330492410156	0.74372826265172	0.817321441999169	0.529977954405582	0.500988160448739	0.671966936147896	0.850709229361068	0.760038880710603	0.774626100748234	0.910843821051463	0.64791371600066	0.841762925249077	0.866734872829136	0.755090890224068	0.825254579102637	0.711919667649587	0.598821368988441	0.868439553986072	0.94594990834738	0.848939262990707	0.8727001232845	0.575918618530856	0.271486371388506	0.800468433042073	0.791025787162574	0.798930751833178	0.917026618723825	0.773033812636153	0.785162729131601	0.73629351638999	0.76824267136342	0.694038653004889	0.983043842492114	0.81155598696954	0.899097442941829	0.940929627928896	0.508961037731061	0.898888056129631	0.646745234804819	0.435077086370365	0.543639088299947	0.818435583752559	0.527645223972772	0.842385065698584	0.611231271829764	0.793183863888525	0.538415806485739	0.603043987802848	0.686866777243563	0.743568400450304	0.710468555783451	0.548011629534005	0.834242274897167	0.479127405323203	0.53582892366467	0.603952860119283	0.592094699691109	0.763944802328332	0.686915706657418	0.815640791902793	0.744016786408067	0.928685557681004	0.761953785794079	0.730763959539252	0.539122341999089	0.862874617884312	0.540692362200963	0.408079455913409	0.742879306487578
"SRR5865067"	0.0337229724078843	0.0529616370175953	0.0420044485097103	0.0338010981929086	0.0606548262194807	0.0363066927968717	0.0209731122368941	0.0787193611980658	0.0367859652198762	0.017840957966926	0.065396251322592	0.0696160677730721	0.0240793843615588	0.0186292039717236	0.0185466852392758	0.0673868578772942	0.021244755451409	0.0228489176931973	0.0495900757971268	0.0184180909003439	0.0329754418676754	0.00274717512303168	0.0405406199794013	0.10357565808733	0.0447401777399317	0.0292593628319693	0.0723883492416812	0.034406941347788	0.0612326769871033	0.0418841283132831	0.0468888680181152	0.061941098662854	0.0311837690437499	0.0148285955222264	0.0118188346848858	0.0497325509954434	0.0412343770660843	0.0271128792251042	0.0186913261150323	0.0344425951666726	0.0460346439063711	0.0449763930547566	0.0417620978158486	0.0908078658794127	0.0550150061271018	0.0166941756622144	0.0691694515222825	0.051552045332071	0.0261674169286127	0.0234141022880796	0.0251022162103032	0.0348608653320424	0.0399372302970108	0.0205117691294254	0.0267886169733283	0.0315373629907418	0.0453110626529296	0.0250543796862351	0.0333347333522808	0.0481795031855691	0.0167130939886991	0.0355000023066278	0.0260230861927786	0.0217769515087934	0.0250574397946636	0.0283654352717786	0.0120456894607124	0.0341971100973969	0.0301762912069261	0.0545529187705361	0.0192040241436106	0.0324610340920637	0.0348710817058406	0.0237722495130022	0.0671512076673565	0.0167991403682154	0.0181441641231355	0.0150332782854051	0.0288122104585443	0.0174752000013043
"SRR5865068"	0.963725885811131	0.834846558441713	0.924490322862342	0.858984499930584	0.452382568174815	0.934063234877214	0.968585449121588	0.948192740420163	0.919516391752903	0.543396754112884	0.916491402224393	0.937821498974734	0.81164121191877	0.907673707039121	0.860481866755152	0.880807591356329	0.768471582835926	0.913735591850346	0.718085976377445	0.863620505996103	0.909985314470246	0.814944487961344	0.701775656804634	0.889191230210197	0.8734193747239	0.880501163724753	0.901411432820126	0.786545203669889	0.634307560036346	0.893366738407403	0.858882118529637	0.823081238444401	0.833323634140726	0.618123887778036	0.886601039394623	0.865645740409133	0.840374894843976	0.922705080176043	0.834190951779564	0.875294861723409	0.56854272283068	0.864434089567252	0.869519052601349	0.946036258363751	0.930090351454423	0.933766014387359	0.957335021858114	0.767765509218287	0.952461508869493	0.958990859316295	0.860094652156916	0.871703709807772	0.93531403148315	0.847264904106704	0.800240275714271	0.382581656382887	0.953199058242896	0.616496648320059	0.884913488148715	0.794765399740065	0.931863401114243	0.821825045690311	0.859605622561489	0.920797951861458	0.896473006101434	0.668493779716192	0.82972083618702	0.827535354765626	0.934611554959616	0.885725342001866	0.752451462333942	0.842790894531582	0.941318749519844	0.841531986253935	0.840168957299501	0.895775301206308	0.828220011387363	0.886413431411252	0.788313625587898	0.903694307658412
"SRR5865069"	0.663843265426164	0.678728088798593	0.774111017758057	0.857846973704805	0.789881658685933	0.61654660315104	0.435269882797404	0.84213562034	0.772586278751368	0.576540105806078	0.356951197919022	0.755835053371891	0.686359118609853	0.517404392933736	0.399993427423109	0.484566799053174	0.550403982564553	0.576397331850409	0.765750366750421	0.706170508817621	0.763841236436793	0.575906517890897	0.814955171898215	0.737814389600057	0.593603215479132	0.665059656185638	0.838628317806713	0.833785350681652	0.874562578749147	0.826362201123901	0.872945134674121	0.794525461901583	0.462346278865543	0.239635956057675	0.762972024282553	0.574403244465189	0.82096422676059	0.85668959709988	0.569765437137685	0.690176886902204	0.796272486230436	0.894880281838381	0.556781024078761	0.784843467832826	0.697071901907931	0.691470842304332	0.534807296536561	0.51530943349377	0.637159027605195	0.420815250609852	0.431567768700083	0.402560963830324	0.804692374954884	0.463099851132293	0.725963163183341	0.863073077802464	0.692953743206994	0.572583515373639	0.528269805721517	0.617689903686818	0.515977577433147	0.525369205406542	0.498734785979542	0.735257353837061	0.334033652566307	0.81782406346896	0.497753917733599	0.518195780912501	0.654631614259396	0.782128472638207	0.860001171432232	0.636054226786418	0.722589711984846	0.788183816577202	0.753716179182783	0.714161019562306	0.816695706160032	0.40503410407977	0.558897322636982	0.500219125220811
"SRR5865070"	0.0851398167130833	0.108186431899121	0.0556679042049791	0.039296144115605	0.0528821974401611	0.135453571612268	0.0757412171264324	0.152464411321251	0.139639978195708	0.0376875203879595	0.228578450300172	0.101542091390676	0.0379811847752339	0.265475611768095	0.142061493980735	0.118093669036742	0.0824662137218772	0.0656341196805733	0.0572780995551675	0.186327356515621	0.156787713616291	0.0219545303575763	0.105614191590176	0.0879224733413264	0.103797336593338	0.132916843102866	0.0543746723884585	0.0760132196026086	0.102040296769929	0.302363422183158	0.115451539817494	0.260204179988405	0.220654600985553	0.0267120814823965	0.0837004326217728	0.0258892118296051	0.0961007700782694	0.231405128608838	0.12470069846888	0.0820770569847906	0.100442638559834	0.077422570750375	0.0900184598574138	0.152649801080518	0.17647458847356	0.324185631819447	0.404628856103557	0.156908709487365	0.121287188266007	0.266046992883247	0.0597720828552634	0.135033075290998	0.25902150949937	0.117086268259063	0.0839414285119862	0.0193272148255156	0.127576212618319	0.0512148128892829	0.187217297779878	0.152343625824561	0.0915456030772728	0.0677737453846425	0.124505150843865	0.13419685764964	0.0624346457889157	0.0559778477336425	0.0356334489270443	0.0918994075777476	0.11941881854293	0.111583443650986	0.097767838824379	0.0681162528985329	0.119315226762067	0.218620093575252	0.202519245979636	0.129808656986505	0.190378619985026	0.139866800562651	0.146855081113876	0.02767887226956
"SRR5865071"	0.984046793015979	0.927093655812618	0.962844163700897	0.973880940471359	0.94854477898575	0.937856103565374	0.968678205497988	0.989892729974592	0.972697952053158	0.939489761102629	0.844243737263833	0.9531014745197	0.921945644437259	0.939776475874415	0.902722420303602	0.892122568167601	0.909739548297976	0.965039228351651	0.958159908358063	0.985232309443563	0.964718636631943	0.975914449256437	0.972191605673528	0.975686140299889	0.92648312174492	0.916746063511156	0.940705700578498	0.976384239332781	0.983281360608815	0.948068873259005	0.984279054839244	0.948076456755522	0.895775416801574	0.875860268902644	0.975795759750458	0.923758700415364	0.981000939788076	0.965910734356846	0.962827325105187	0.9745985315962	0.962918157455952	0.973775108034449	0.913474995059501	0.961615039076985	0.982671243254062	0.981391771745355	0.920005686501762	0.83830566471928	0.913409878556119	0.766039314339362	0.93667379673141	0.872976203686642	0.980004701491695	0.951677603274161	0.960191874345075	0.980946283627563	0.943281922275706	0.930594412044989	0.916605151865377	0.925692452204395	0.839862380195412	0.9475262313228	0.942593543555113	0.92067135909944	0.932879838613162	0.961251285286491	0.926667194055342	0.907596635569192	0.968442443536568	0.972959637355317	0.925695979714477	0.936901215000942	0.960028461944728	0.978800394415888	0.927835016225868	0.989034525679943	0.969634558008696	0.942677090463117	0.946756726409901	0.950296646142492
"SRR5865072"	0.618327474774802	0.676511988687903	0.483457352300757	0.722142804299025	0.643389951921055	0.579642963906029	0.544388258369876	0.787035848375217	0.627580016323983	0.461442584302642	0.484763909768013	0.647801107579641	0.522163641925367	0.356451005880315	0.314426664157757	0.558318805816678	0.465551852724724	0.494194343035425	0.582296362781172	0.764289884929384	0.539250275357531	0.399164778870007	0.617840078558406	0.657941648233936	0.592637719186876	0.5955795610135	0.511353726640667	0.682659251262624	0.735387065081077	0.580463403333111	0.735831377987383	0.485581844737173	0.387179794127318	0.247481799340098	0.418254668896287	0.367587950371116	0.765685597588315	0.605700550489336	0.367240885648368	0.502537437724487	0.557112599040809	0.700127538381858	0.506753965771404	0.545112056466824	0.508381130531048	0.354359601066936	0.455159166379551	0.534572566619474	0.529415669990205	0.241498338583321	0.430762101805867	0.403028997131861	0.628832811297429	0.461006586324456	0.496722198068185	0.576078437028999	0.700413053604875	0.571406181251824	0.442543946546672	0.538170808914458	0.321594807896027	0.341922140104093	0.415417910861644	0.633810261058824	0.254798961373656	0.558309117994993	0.47423802663396	0.464583414994543	0.508508137270793	0.782621184345389	0.491555086136512	0.379311866589114	0.589107358542577	0.567259920255949	0.712563374992213	0.670228183367301	0.577673775047301	0.276371793354338	0.579276528616882	0.401298410584669
"SRR5865073"	0.150585223261473	0.126211482497229	0.0850611840213291	0.0288418230955951	0.0747596391925982	0.13084805537075	0.143681460417218	0.242241036361624	0.14407809180248	0.0282864000205751	0.320808126376512	0.109161405461907	0.078013755182461	0.081925079374706	0.10265509351169	0.262445912782332	0.0910644474830852	0.0571814788473336	0.0702579563626195	0.174643732359057	0.111746947484924	0.0384128636978969	0.070161724889172	0.116369806544378	0.0836590790701631	0.124650533469585	0.0727079865259385	0.164659077305552	0.20089735830945	0.0684194365864619	0.142543133538193	0.440786658969463	0.259352555265214	0.111196228315009	0.0653534843971376	0.0839449451843289	0.283260442073538	0.108164038376437	0.0610145060817873	0.1566802465212	0.127344346918035	0.0558646826353916	0.0935147664994806	0.324631419973425	0.0550091887805058	0.189344023028402	0.527950297992841	0.180007841493796	0.112053824154766	0.347125173285249	0.0292981292558324	0.157601550802168	0.456720254310131	0.323673709386365	0.0570034107975575	0.0666009192093931	0.155534720271066	0.052403038722948	0.249442617087396	0.209262693583136	0.0961919391554176	0.237989672547045	0.266423755861748	0.0490144144924087	0.411777096032523	0.0699278672687041	0.0456374237470276	0.141078929892197	0.079110317172643	0.0869898729370353	0.101654054356423	0.0749439654903091	0.0675926259116696	0.223334289279465	0.192490933772889	0.0855401912546453	0.0795805529171938	0.237717338846042	0.257351112922113	0.0510744848026281
"SRR5865074"	0.804082783360178	0.796544202469012	0.788992656914542	0.89733320231264	0.831426085351279	0.809384258067067	0.765235287726575	0.930921465683003	0.891477507467012	0.563977765830775	0.755636309895726	0.893406933038391	0.806773508706937	0.873596802294453	0.720152462229935	0.784710899874744	0.757799609218084	0.8514531111233	0.818923769293747	0.871100404650948	0.795460730700428	0.893343375316706	0.899851682286363	0.825117127633431	0.801630432520889	0.82487984676312	0.869421089442087	0.847881065196577	0.783672296203347	0.901874496090161	0.940452668759538	0.946407219204711	0.836835052602274	0.869745184541713	0.825035636779059	0.742562397205767	0.943992528794711	0.914748981602329	0.897640447167706	0.907671120984424	0.877188327113226	0.898692566615155	0.729643663292929	0.939628321537188	0.835003904326193	0.949887793971113	0.929249346941405	0.73771241978205	0.770291306404319	0.860886388983484	0.788225767499916	0.754098818794218	0.877927785249976	0.814308193365783	0.871836103048212	0.514495524208947	0.790238114851832	0.807771088831465	0.895371381695484	0.798038600392373	0.848747798028342	0.859395842515058	0.866386420356551	0.817521970962611	0.915939073252218	0.790253541067325	0.807780688110724	0.65737161636326	0.83267597285808	0.923526518885833	0.844305815046506	0.738073699915634	0.867980451773358	0.87202188167934	0.838433661135084	0.906273140186119	0.873833471659908	0.906971222296737	0.788456456256628	0.6638474474927
"SRR5865075"	0.00679557799692051	0.0415420702579751	0.00878531842807935	0.0256176592387617	0.0108485408795887	0.0246989425244497	0.00837933684841603	0.0505389238074719	0.0570011581190575	0.276181685540238	0.185269061200828	0.0221069292742196	0.0188092990799582	0.0497689233125674	0.287372861915899	0.127678960772998	0.058660751808117	0.0103206607840936	0.0129165661080277	0.0022862753586606	0.42111669205494	0.00255845775282558	0.682755454277065	0.326073925408942	0.0304468007812744	0.0148586268788386	0.0453750797304079	0.594005693525645	0.500033492329719	0.168905405595058	0.0395296008308466	0.778373803025746	0.0786600184914131	0.219997290021987	0.00863981437831352	0.00598047808238237	0.0544564621786481	0.0228549907891077	0.00770313959456465	0.0123617581612824	0.0284543967976078	0.0368040094329358	0.0356765268063869	0.0117265355503402	0.0298007319360696	0.0154842258662981	0.76344600765005	0.115083614786206	0.0440001952867095	0.0315335340960997	0.0281638089892238	0.113722900372703	0.0267574179697724	0.0343807102470389	0.016433672251084	0.297952361525336	0.0461801539634465	0.00947235839035835	0.0758463169463816	0.393747879093107	0.0127376687816221	0.0102678193434684	0.409139628096922	0.0357203193850795	0.016575050197616	0.412955977285356	0.00823265191266545	0.0333317124903371	0.0139269317452373	0.0826075773376496	0.0334821215402302	0.017986434607786	0.0164329329228716	0.0250119065056845	0.627991486656465	0.0157326033819136	0.0077353505909636	0.0176187313255884	0.331526969102012	0.00693276789895607
"SRR5865077"	0.490767208632638	0.450375110944653	0.58426427175256	0.740051075268635	0.799709325247762	0.657976043704421	0.343206364489619	0.689779630722943	0.552372107466011	0.449534550902288	0.235432780044992	0.559009707870119	0.417862716662597	0.655633842494634	0.167123023420619	0.18427792404173	0.561972497729097	0.587918261392646	0.625828179824406	0.683496103024176	0.669980402547453	0.194777160035947	0.832516129350767	0.566522357036176	0.477957793757994	0.573421778375685	0.671497140476009	0.774154073213726	0.923409510899457	0.841862194038767	0.847805740740253	0.927339909103004	0.290452207596511	0.246677981777025	0.538818456741055	0.316216487258428	0.844289748884803	0.844076326730532	0.643734046281092	0.778334114459959	0.731923470373582	0.829813377419237	0.380422175794316	0.844146556474131	0.728994181900054	0.63955083642826	0.716214583900098	0.272983544970376	0.430516241488999	0.422163345039664	0.443880587550665	0.193046121023045	0.74474028327539	0.174692233237429	0.729476921657259	0.805125173660173	0.425761822087399	0.567233966502319	0.645568819905301	0.469979896375255	0.578166620182731	0.346032114019625	0.62885640287867	0.729685478892384	0.747675329224541	0.73046558074165	0.296642731224372	0.213945674703576	0.561244523175823	0.706613061880724	0.530048714256342	0.541587664099866	0.722753466410758	0.519185748437653	0.720232440672968	0.625823530144017	0.724201500106083	0.511925525207329	0.328960761631024	0.315601479429995
"SRR5865085"	0.555776378235459	0.571573583581436	0.60790342273061	0.525955784613545	0.68637675832057	0.602932736422844	0.59800053613242	0.76924139679556	0.63540601975539	0.221240111616408	0.468382939366651	0.621940096229703	0.562696709265752	0.480855735029833	0.354036145798229	0.546475371310458	0.320674811488255	0.536782965054789	0.544753794588997	0.695644545497182	0.647600327395967	0.349622877101791	0.794543867641168	0.663637559270477	0.540860164780372	0.610359919432793	0.688539499715133	0.710138680713254	0.674323437616325	0.672088433220051	0.665694065908584	0.874058946496141	0.640402304264855	0.349541252139875	0.422013139957556	0.457937280961898	0.891846335348729	0.847461553780781	0.628492830831406	0.67355237892014	0.238640698564628	0.634724835679523	0.431011606990332	0.926800124349101	0.665105878635039	0.617923051422375	0.904709363659608	0.582928565179635	0.469950440063024	0.400218644491154	0.336743720603195	0.4728442170344	0.778623124327851	0.523470884608466	0.627685886756667	0.389533646127531	0.460604055982847	0.484892503211365	0.578283939681694	0.637453536602502	0.586786455504908	0.434522807603505	0.248454764814713	0.573484553767096	0.490947682908788	0.546783377363335	0.422706751621021	0.254566190965398	0.629233198298491	0.644406887486399	0.666376258576535	0.628994362485881	0.607140180595469	0.579682562128559	0.675349660907163	0.491066693355806	0.644206403022402	0.412839113722998	0.497259075873998	0.313258768113259
"SRR5865086"	0.872055173529017	0.692918977449461	0.566724598055157	0.670643493760151	0.539275961718847	0.649436630400196	0.792830247222931	0.899902205971271	0.806154440949004	0.79893519801661	0.663802269894885	0.736582269828162	0.679578666302555	0.784776580220216	0.835521212359878	0.660034995031068	0.778129850398098	0.835168062457646	0.555942667568162	0.819714249853913	0.894624495769259	0.85645300116939	0.956107054061173	0.935469371371237	0.513310077064712	0.714514926053638	0.750940221046432	0.900398689633294	0.955337944760369	0.816030754195606	0.821416821187564	0.945814669344035	0.751841229106828	0.79819848027014	0.657983456026904	0.422992031848097	0.740210093416005	0.882436889572621	0.892315489197429	0.873087042217559	0.778133199332738	0.762175854150042	0.566875565071069	0.903244060795463	0.857434908538659	0.89457878998469	0.940067305699926	0.485443932740492	0.775953600860403	0.51014399751742	0.64976406431457	0.674208921402326	0.842996316971056	0.766450050253611	0.796372520325904	0.9011123836318	0.685744667967957	0.761516344526052	0.609983180379071	0.850062533548897	0.708406533209546	0.668407173525466	0.883909288002545	0.680460181798694	0.586839353989292	0.928444674725113	0.697744947807172	0.440521354022378	0.816575722182154	0.793863959024579	0.761497592806382	0.768940502945153	0.871448055112288	0.760404810642983	0.854144836296779	0.864255805931365	0.721176286212184	0.658362836904854	0.827413179949837	0.445637367086073
"SRR5865087"	0.0123345312788023	0.0545978799034849	0.0374126359403329	0.0420331395873371	0.0243675641039236	0.0843307788969016	0.0150976671336709	0.0528760693928553	0.0775157290506317	0.483023711438179	0.332849915150993	0.119946914441782	0.039200651794813	0.0792207756342368	0.395276470966035	0.134428646685986	0.257141516653805	0.0141455454132585	0.0227524072602622	0.0059139899911203	0.665255698488214	0.00691762125999368	0.515848107880879	0.292994017462418	0.106808553244759	0.0443891324027322	0.0748261351148568	0.238636016426812	0.528444845596786	0.220468480540333	0.0765861458121188	0.622474655363212	0.188911574868656	0.285298515792643	0.0200950309640021	0.11191451399773	0.0199571269071335	0.0782162884740415	0.0103439260960429	0.0113678537339517	0.0450812706674556	0.0517966264462565	0.114070615910991	0.035701494012265	0.066445308037802	0.0136395263926268	0.848638614754112	0.247991722486931	0.0868369597092746	0.0884783224233859	0.0255559684651809	0.231513252543304	0.0343471651315978	0.0784750830492265	0.0373338617706398	0.379082287134434	0.0812274113206938	0.00820114593292615	0.0743571886737558	0.486759979380277	0.0197831584403555	0.0204362184555916	0.511784555479211	0.0761563834925392	0.00688432381012261	0.242468779065713	0.0241612625403828	0.12891822074003	0.0296433329272688	0.0473306487478484	0.0575365356199378	0.0149326205933078	0.0707679118705853	0.0478118202960438	0.591597843715376	0.011114501127147	0.0218610964098451	0.0138326382872977	0.362040900985152	0.0382278486159011
"SRR5865096"	0.950554431583602	0.870998749541871	0.936578953966959	0.938537944923324	0.94964447201401	0.915978045511133	0.926917756214846	0.975571733807773	0.947204221393338	0.903326479600666	0.812024468770256	0.95400241638655	0.868609714991981	0.891477274545262	0.754370729187025	0.840568278195691	0.86287100914859	0.960556045700416	0.88722508699206	0.947178095651617	0.936173718281024	0.917395706577219	0.966108652724983	0.951277632179891	0.923690160012393	0.897553243331567	0.972021027379457	0.95681702789044	0.987305656536856	0.949278747936257	0.964742406887458	0.989187029013388	0.808663527374505	0.82319553511191	0.882895535481077	0.905714232528985	0.961885038337898	0.987804294789742	0.938282150064758	0.966980341062425	0.946851078685296	0.96395978933528	0.79621488688965	0.987764027830281	0.967329307448448	0.93629817862257	0.977339053008555	0.681650228088092	0.889591834559822	0.855424977602574	0.849470537767721	0.736740056318652	0.972748294154786	0.875182298480302	0.949094783637477	0.961702760886354	0.888277988380674	0.933251632350645	0.899199427132672	0.873044440414827	0.88981542125933	0.823550969010828	0.955017780863287	0.928908255419519	0.930767714926579	0.954789705230926	0.776704486752812	0.671778045622386	0.929845243277558	0.932126657432099	0.889131992861898	0.884876005147846	0.958995950945364	0.865255492123156	0.92618556771338	0.954786787134466	0.939406931795266	0.846990422278418	0.875774244146283	0.835356135424352
"SRR5865097"	0.41384042056655	0.49234903448402	0.619351539115922	0.815256456453451	0.425320782427078	0.717643174040773	0.519033236456599	0.762966578460428	0.728087512338817	0.956691196661121	0.816973723367621	0.702847321228264	0.586628655764776	0.659336830212891	0.91502396590499	0.687838707532985	0.880007725375417	0.685867907815889	0.476950822477833	0.382383818880502	0.964584764169464	0.668448728722621	0.989793434212932	0.926225928224496	0.654340565854434	0.503195285835428	0.77749880746043	0.976170583815993	0.988838321326708	0.766128728456535	0.832956334866501	0.98230642222602	0.82865548641566	0.924740875041303	0.585386211929523	0.708411394663275	0.886828516441683	0.796752243872146	0.602328491391781	0.536035922633783	0.62615898044312	0.831033541422056	0.690046913269613	0.572768229401225	0.736077236698538	0.68434345067971	0.978998789835985	0.663387020526983	0.559674853424481	0.395592609899454	0.783539183590224	0.844798052187751	0.805983775956006	0.799324329262048	0.773990404321553	0.981726062534288	0.693543816540818	0.592938432691536	0.712523499729333	0.95283664233405	0.546492618326538	0.531546642508829	0.891961513506343	0.588244385921439	0.575760204460998	0.964215493086271	0.543267611594234	0.608356601046839	0.687759558803674	0.879010722456654	0.639282108013701	0.500575082316424	0.719402018460069	0.687865475775388	0.93832952892621	0.762105952115738	0.613863587462045	0.441998210383416	0.940503902258045	0.631864372019757
"SRR5865098"	0.26304344369067	0.396698830372931	0.439559887855413	0.649513367425416	0.467191336467406	0.567315851970788	0.221572336319551	0.662081316444855	0.70864271280759	0.758585162281876	0.57240809829058	0.710175569829217	0.480840257165792	0.420236508364682	0.685476284395238	0.568232151562989	0.771270720659189	0.228800201747875	0.374773778150678	0.302027843879722	0.867430437129079	0.560259437118238	0.941342844811597	0.732759343058651	0.473163606567493	0.408380738886849	0.6717891436353	0.886425635856009	0.937468179178953	0.786654108428626	0.824350223948137	0.916641687507318	0.75926643812785	0.839505998894535	0.355551520217964	0.445339616751672	0.76311629237368	0.724803978616391	0.50339535495112	0.417053373843755	0.672797077956262	0.803547373550277	0.511084821394464	0.496592907529778	0.809292845493505	0.488443600025945	0.909290147811044	0.675686317346215	0.377835604857105	0.42208720990073	0.50227273473421	0.644950080558859	0.6645433205583	0.555292441138633	0.626942303239748	0.935833304441157	0.364877246706053	0.593971606385766	0.612842198585523	0.833764512755016	0.298515531247528	0.332829477197401	0.636316512667217	0.53654352943927	0.305119847864588	0.884902530404361	0.532441092564613	0.401747853630595	0.40748633280493	0.702194812634196	0.655040674981236	0.210423444932553	0.568932691255636	0.5193610993525	0.830195155059718	0.590398793418148	0.461127212208442	0.468452253167003	0.766664800390576	0.359179168299854
"SRR5865110"	0.0112041531255602	0.0221147045955692	0.00787304609815043	0.00709530337822341	0.0180587428696273	0.0274516420637453	0.00518815247143768	0.030362874132854	0.0329651655530971	0.00636564400539621	0.0798898710858419	0.0207032256841719	0.0104047257954542	0.0120169613118008	0.0177314733779636	0.0299226686776075	0.0175457683970172	0.00333150949004445	0.0139526880225236	0.0312910140692548	0.0313636672602668	0.00256995311630233	0.0154844439974559	0.0139024540046057	0.0173769085393128	0.0282229910270687	0.0076414168430207	0.00855620050886957	0.0143090331022347	0.030481928741944	0.0376038393820913	0.0984276592548506	0.0402427418216554	0.00983109235398022	0.0075454044077406	0.00528258352633792	0.0141254890605435	0.0419135626970934	0.0136670467129456	0.0138290194991612	0.0262459502395383	0.0156584145538878	0.0272382315782587	0.0532899133291121	0.0161472631585727	0.0440421478326992	0.17287426319837	0.0623603156854191	0.0253871219305917	0.0741052698334631	0.00458330001730973	0.0301895881190104	0.0426232060323172	0.0152161685694462	0.00984221518818058	0.00546292733448322	0.0205837349604702	0.00922352223544517	0.0391363584384068	0.027484296001036	0.00958004484633052	0.00727715514402814	0.0337179881971036	0.0171630216273729	0.0112254974751079	0.00925335873050739	0.0089204395736367	0.0238501240832667	0.0125958597001685	0.0110459967452337	0.0273807784241039	0.00868718752543563	0.0134343817431457	0.0478442946187916	0.0550134587965746	0.0170687951354526	0.0307245436941695	0.0256976944906146	0.0148032353008484	0.0049570588453165
"SRR5865111"	0.0333364053347577	0.148722712148139	0.0506799830806471	0.0710396391133697	0.092462537737132	0.0661474208138531	0.00768243659608417	0.160244543591658	0.0956350051553844	0.0217186074033517	0.15166908346813	0.1811040367762	0.105382372296827	0.104354892151685	0.0935051995009686	0.210763315597569	0.0829992052563193	0.00520475218120439	0.0794647659353	0.0798443597350394	0.0942890956160247	0.0219979273240733	0.176674496299658	0.0539181703593757	0.121087637352302	0.116671210885636	0.0634791340199505	0.0382476993715485	0.0314497735495939	0.317575530722813	0.166880279596309	0.527257433997655	0.216919525665648	0.111229403207379	0.0212223794354556	0.0740793861094755	0.230902515969367	0.226408933326636	0.0513458117457682	0.104303636111142	0.127172973597981	0.0914570066095437	0.10954517694131	0.240866635242906	0.0974141824163711	0.0452493429916639	0.48191133559326	0.344859147439013	0.0749436284067259	0.326454272332838	0.0393825617322893	0.214060541886808	0.0488296616596873	0.0632600395222608	0.0307997947219908	0.0492135393971021	0.08668640414174	0.0581223579282761	0.235280441885775	0.228387211793389	0.0479563127547758	0.0374483608956174	0.0581083837165203	0.0842983286505417	0.0314182368119168	0.0992442957723434	0.0704827889412952	0.160093648017108	0.0483208946673138	0.0459781832756131	0.215561163509094	0.0364129715636224	0.0699539562068197	0.110505711777278	0.31340802981174	0.0376223694191447	0.0891662447559061	0.0729393378073164	0.126291718805428	0.0155142581680136
"SRR5865112"	0.887464755264794	0.894237282355362	0.934873124650813	0.949314788989684	0.937644190511091	0.946631861742721	0.866709799184109	0.972415251135812	0.906373374188245	0.1057744139343	0.864805071722558	0.945178182190854	0.908172223517283	0.928963939417808	0.454687492456305	0.878469846316701	0.691518231466008	0.884272863282123	0.917124699623658	0.951049636119936	0.888411037380744	0.797568078289911	0.957919866217553	0.625752003800361	0.864387366301272	0.908470914417758	0.945722062658638	0.936870889721063	0.485535548501247	0.97152036206435	0.942141946510455	0.980054039688393	0.877502498179675	0.746454713546758	0.841306838620513	0.871827829798515	0.975432367217457	0.959376858523607	0.853776021176065	0.950235798664198	0.905671621669844	0.93712151225455	0.84361253678819	0.979557402157537	0.876633827535208	0.891572906968083	0.967835923960893	0.852026861406113	0.875650122275693	0.890059815157308	0.830815730625913	0.865314363539699	0.94945021063288	0.893863814536432	0.902029114734124	0.875503414233454	0.911237018065657	0.832537440973179	0.957794113948911	0.919068894121266	0.895141510789664	0.874408579051792	0.295850114248943	0.90233975337141	0.924078515365807	0.528059309808444	0.849950346608662	0.8463053344752	0.8470549384656	0.948226145247003	0.933395115751585	0.875225622576768	0.928785149199876	0.881391220060028	0.921549733494741	0.864694628092814	0.903460705106685	0.901728909941575	0.885498906342054	0.85916145359294
"SRR5865114"	0.0144592071014158	0.10478471941434	0.0801218666857392	0.114033198062854	0.111106943661284	0.0935978723565384	0.0140076219440623	0.103784763045241	0.121826165171291	0.140245639409433	0.12290247269752	0.0887897341056118	0.140197957162221	0.025612089001524	0.12642193375859	0.0769288922825373	0.095420360275903	0.0106555291245721	0.0796394869967563	0.0281185279622653	0.295353076231053	0.0231678931918353	0.399208661574204	0.13414580705581	0.10892762247965	0.086442762324858	0.100210598943114	0.182057398051588	0.357933601744276	0.249975376466323	0.205227081220496	0.394395365057729	0.188145976162143	0.105162631576529	0.035807050241122	0.0633097175236605	0.222503356327518	0.178652986399497	0.0467055644763185	0.0424952106466993	0.175446674916669	0.207967705261308	0.112957417353994	0.17315497243089	0.233511045278507	0.0417751599179752	0.502738956842524	0.286331262542444	0.0603348671313175	0.0424847561722737	0.0726139335284289	0.128426274889162	0.078452516866779	0.0477682698601279	0.0743663591717526	0.472466769462792	0.0455157339783721	0.0784335083541444	0.0807101870576015	0.286327738862585	0.0274841740394722	0.0352752776707958	0.0495659943988067	0.104834791693863	0.00845723845103224	0.198079868180397	0.117901599455106	0.0780796970624185	0.0453081910544723	0.0975381923450816	0.189219995460393	0.0242534947594387	0.0650249760624847	0.0669831114286025	0.309929352098089	0.0445844787396012	0.0729373320919371	0.0508820305975284	0.141511073325967	0.0362419102843249
"SRR5865115"	0.825324082531734	0.685108526452083	0.873968655718244	0.0683860122564891	0.0253464638788996	0.742114874367107	0.537193485072198	0.911449313619795	0.847265344098701	0.70316329743992	0.499329624497141	0.942059161641357	0.729270951182761	0.751042064235475	0.649540563683099	0.622237755436292	0.668145644712539	0.767126229465793	0.602770812443987	0.466685216917549	0.936852205630774	0.395897885031751	0.939292716928679	0.951933882827685	0.601328800274014	0.729468646131014	0.158667628552851	0.509258286113394	0.978610898302728	0.954793078216022	0.17933003261456	0.856996631943749	0.492110083326355	0.291984712147033	0.675964448799091	0.746495557766736	0.948712892325493	0.653725765633899	0.377869490071846	0.638362302001836	0.316036636391619	0.153822588210291	0.0999477484482218	0.64224576153688	0.763356055572462	0.341640266976638	0.697312203709313	0.520180290883219	0.234632147573403	0.650743128467097	0.784094439498102	0.566199535850545	0.758150409384431	0.808914746561222	0.80379970293151	0.153697829741582	0.842469220711089	0.687735878087533	0.816545745175051	0.864155114158937	0.728516871079799	0.41551833847415	0.749445912296913	0.896738651263139	0.378876384311732	0.930824763576846	0.632981824137939	0.770893291927967	0.638517307737758	0.919183007734234	0.561925990892694	0.50622479739992	0.897435274648359	0.454204224731294	0.907992958318843	0.584492920857145	0.678053493907947	0.368090578604654	0.774006864238568	0.0276323257927208
"SRR5865116"	0.975337369670175	0.927023143153642	0.960094348547816	0.955838836134391	0.961557270583399	0.942932897909483	0.973865995132111	0.980288699569925	0.946233782381906	0.948554645937872	0.945757931529502	0.971554281974092	0.928732680374616	0.92002311208352	0.948652162548427	0.957891149425809	0.935663819383794	0.966670450214874	0.942262634787775	0.972736654120769	0.963359922429501	0.925008829587377	0.969174679440255	0.970886420174065	0.942292775856484	0.93770092633099	0.971539702566205	0.98364572244144	0.988228090913815	0.95775845701207	0.97615839344752	0.954574174430944	0.961034363096204	0.843084838345732	0.941686631442274	0.945742801839505	0.994254016307664	0.97920833637282	0.95900480533079	0.964674172466114	0.962657306789914	0.972953572331423	0.897426294392967	0.967794210470287	0.972623531619669	0.937495612292501	0.97077439588143	0.912646790741289	0.932030604858242	0.833843038766804	0.902022641433275	0.906875778424387	0.991619315087378	0.984029180422544	0.965033962233653	0.973031117297667	0.907551525001398	0.941362095828955	0.926973513931848	0.954894107591563	0.918827238331171	0.961138667882043	0.942603158611691	0.948880734499047	0.940929171688781	0.963637086580886	0.906035571625782	0.864346745361574	0.950085473483878	0.972517792300667	0.916841765251596	0.966270678082977	0.954821364721458	0.938389793844115	0.931234213138785	0.973273331425605	0.945748925559527	0.867055179339873	0.978753548465052	0.922538742867838
"SRR5865120"	0.00609372586373994	0.0500426585576398	0.0137867757795837	0.0091841033454168	0.0356371254099779	0.00788919930485983	0.00847221345051461	0.0208983893298565	0.0281121882715522	0.0105903145141245	0.031018588294481	0.0458692369620543	0.034860674313602	0.00205668947480209	0.0237172927724344	0.0539866020581023	0.015304477042646	0.00126384841376207	0.0177789173583558	0.0223139602245708	0.0407363108793706	0.00973571417128153	0.0286021005373366	0.0128293210491577	0.0304512320313419	0.0346662160758266	0.0231900070279703	0.019332390419424	0.0161928763199178	0.0508037591912744	0.0355488350653532	0.0842823180770199	0.102928159845759	0.0487560637428555	0.00435841390157912	0.0240893309548423	0.0372470907447106	0.0509188384888508	0.0128568425654394	0.0145794164728747	0.0428364405668727	0.032815655264149	0.0165500562518432	0.0329677139005083	0.034504279662717	0.0064978906295871	0.0981027153662356	0.192094071199066	0.0207939794581804	0.0396071123063035	0.00590139945598812	0.036322849580278	0.0323735199036458	0.0468465206876573	0.00911062235099073	0.0368345510099853	0.011597484507806	0.0386351375589767	0.0153887822850109	0.0821532822588602	0.0056850276402305	0.0239820903488094	0.010109129910477	0.0206503822102289	0.00065150793073393	0.0278864257726594	0.0222485220913964	0.0175920712074902	0.00671077694981982	0.00586962160978673	0.0795748802666274	0.00708439929337988	0.00736285547564051	0.0249571853131683	0.0813920966179479	0.00985374731733745	0.0163897842285249	0.0117741615389142	0.0665333310923626	0.00219092158086388
"SRR5865121"	0.0163040944496541	0.0281470354727559	0.00854650977044856	0.0113395355952325	0.019373385905651	0.0147625074332875	0.00647575827522447	0.057785876784243	0.0243441966397478	0.00660941595010111	0.053821740757233	0.0331619470618499	0.0151110016019382	0.0369023136269691	0.0206121433962039	0.0555239926187513	0.014865570430876	0.00555040407466924	0.0137827065750415	0.0523091701094432	0.0149079529944773	0.00476202419806555	0.0236913697424686	0.0285240292652545	0.0239540647686975	0.0258141134083711	0.0177642456024696	0.0186679292612868	0.0346027937311928	0.0397812827621806	0.042387380227926	0.0707154591810663	0.0689740426817384	0.0178557181498065	0.00843263266928544	0.0103568356690102	0.0602697936130608	0.0153820904583843	0.0129678687690751	0.0197935565364089	0.0233229544211191	0.0163831119055147	0.0178803672127022	0.0359439983810709	0.0175107806922008	0.0280123005643847	0.119238519404914	0.0740933286038543	0.016492546810235	0.0345825231018262	0.00868572752368303	0.0377205100742325	0.0369823931938604	0.0268841382972145	0.00907310762648542	0.0123944965847557	0.0261312687522573	0.011838393106292	0.0539992581549483	0.0484012001682236	0.0145961671388574	0.0296656034562785	0.0317362168965922	0.0101858007712929	0.0175113046100005	0.0102340502954402	0.0150213043285282	0.0271799066064171	0.0225522239543178	0.0328240011574884	0.0281371958432839	0.0111878263308779	0.00967163156753623	0.0399975308725617	0.0601072422305931	0.0155976431072817	0.0156943448471237	0.0257503398095169	0.0579390331456714	0.00228292558073994
"SRR5865122"	0.907641397586213	0.632137478378677	0.729525652871505	0.693927347727071	0.761167590026953	0.654962307591205	0.815262538354957	0.907258309877535	0.654346081683383	0.428519312456894	0.723002118924115	0.768145631430964	0.705175169937071	0.550181137478902	0.660223665184398	0.711027491200381	0.478311785849578	0.760056870419644	0.726020705696062	0.892781250587916	0.826582621332153	0.710915538638907	0.90539285738845	0.860691125183853	0.582590288665504	0.760849267162711	0.795746434201517	0.891983733663051	0.897036572880557	0.805812947342106	0.815774865531661	0.891222101775978	0.72594875516979	0.485305453702696	0.61180586802245	0.435763313384234	0.966411319360283	0.880338491173735	0.832021924298056	0.794727951376412	0.779072015506677	0.816271827852275	0.625174112643842	0.902682112335405	0.837158800514703	0.761844325581703	0.844565726804832	0.536109167986274	0.694132678984672	0.516938638098101	0.57213440218055	0.572570473518901	0.939640033428242	0.826384085171458	0.825245414184458	0.611636091150672	0.57937151427377	0.719317717529513	0.630169725428185	0.795968209090821	0.710652850961982	0.765692048152243	0.472536490254469	0.643696943593067	0.631908874467199	0.81015485242543	0.646250668454429	0.815574096154988	0.744270574853617	0.776550275575717	0.690381266252318	0.870678501053743	0.82002716047587	0.700191543622879	0.74835700931828	0.793868694332333	0.789790711004858	0.551529334487716	0.681107994416484	0.504327673819801
"SRR5865123"	0.304210854102654	0.339494691895651	0.361350999717845	0.373457471676293	0.380553001842212	0.38261864190181	0.179697530260344	0.635736529217908	0.460867023889889	0.0994090286928066	0.424551639533464	0.481538640606054	0.3014297626774	0.466983739625326	0.236308774972362	0.214923383132957	0.353051168371207	0.37643312586879	0.30348359194346	0.336616831285016	0.299673878010239	0.237307943464205	0.533989525541232	0.459338440263974	0.287386693738998	0.410450523610182	0.522015263916505	0.350837153957426	0.480869753857165	0.627001186384365	0.61016705449528	0.700759729995229	0.343901314624438	0.265383694890871	0.217713349601463	0.297058602362546	0.70786777484905	0.639171906745926	0.484355898857765	0.499096343052538	0.463556834864186	0.488183260472325	0.28555841654264	0.752510016834384	0.354059346598457	0.539117769877219	0.656906923369857	0.248242214442501	0.448765501697034	0.527293122962847	0.307803561854883	0.310638146795883	0.488281936264566	0.197439289700088	0.498798411101655	0.135632862406494	0.360712808891608	0.336721814302828	0.448676870687116	0.317095186961747	0.44089209989912	0.176024092195375	0.343603658149046	0.335173743897685	0.63125954996059	0.421459389666522	0.230032113792901	0.227383317726436	0.357789887056448	0.445467620336635	0.415728247864083	0.255615362350212	0.681151720983827	0.428804626693087	0.427963979054972	0.391135784766264	0.463077374854857	0.364775507309344	0.169880714580728	0.199730077336407
"SRR5865124"	0.0462254113288046	0.213401073934068	0.0831875920494163	0.169211356585401	0.169292738072613	0.121935006909296	0.0501073885344365	0.217619201999528	0.149622105636792	0.000187167183260092	0.238679886175061	0.187438643246675	0.186803833876899	0.158770063116427	0.00994266680309733	0.246353163996147	0.0088897823992655	0.0227802235204522	0.143181261338758	0.196471601296607	0.134285043025215	0.0393228438034564	0.19996068691919	0.00119521570764815	0.264652940248152	0.16439022493363	0.0783871109754636	0.123875435263139	0.000193564862895568	0.247162295678781	0.432444735803772	0.387677189088556	0.420214532249375	0.294342232721056	0.0643382740919663	0.194046442622313	0.404923653458551	0.235721268221768	0.164772121406136	0.138946987062934	0.238057529011708	0.171921683812489	0.162155143532102	0.195589808648068	0.135668582221572	0.161321337214609	0.346228151903367	0.458970390436723	0.103050330674592	0.372755236502411	0.112871793520079	0.205530611093321	0.223852003818518	0.26314221920456	0.0903751228642674	0.100774989281105	0.0727279017631462	0.223738952857227	0.509812305310554	0.293706921227076	0.0750985636733222	0.155813930383872	0.000400920831794362	0.0766491922972492	0.0983313120894954	0.00102242854223811	0.279904729310769	0.167332168437562	0.0841205589097265	0.232257463810414	0.290015475912013	0.0914691391253095	0.145870916225978	0.241030894553739	0.293961134430431	0.140434462021711	0.171694051997771	0.374475678049095	0.293385999416195	0.036402774848054
"SRR5865125"	0.700385823704938	0.536108392421858	0.640937102760602	0.398216659233833	0.580152754258763	0.806233077146451	0.65326307365572	0.767211569191059	0.778864398328265	0.27081924677711	0.57326688760374	0.734414596724739	0.574949411306635	0.546799176063202	0.367778287550426	0.618250221160316	0.446919177285049	0.550840858291816	0.539620470981793	0.62528641571083	0.608091739025066	0.30672237370177	0.650675063260875	0.645831756595918	0.632513332206562	0.567029712873621	0.889948677492949	0.549591457692091	0.470403748096954	0.527458265583146	0.606594229231906	0.945777609660758	0.674265400374486	0.70367115851814	0.593942343049645	0.740752171264046	0.51664149090201	0.856172113818369	0.536119581278432	0.833506288697645	0.695501239061468	0.577191004165336	0.527181229761706	0.890501194806824	0.531767702150712	0.529337738620422	0.937945386279868	0.528071888824276	0.484339732491625	0.752346452528029	0.191517422145197	0.559571965665102	0.726391969805799	0.538471879950981	0.499636040886347	0.319244789284742	0.544489445987394	0.335487373330889	0.845977184848849	0.570068262251984	0.676632664411446	0.755626819402402	0.689951205760581	0.614127138529146	0.801728609533432	0.426869228838243	0.417642697781665	0.468566505480184	0.686213342651698	0.508207543610613	0.732945185875204	0.574132407963974	0.496683498695362	0.563298594031847	0.681175509326122	0.454586360276203	0.598511055308372	0.72770655088028	0.530966596290331	0.555167296457036
"SRR5865126"	0.744051629705046	0.692013820765594	0.880911485022526	0.818053016713296	0.85507582784496	0.761091201356393	0.771580938275852	0.843618402821588	0.8614955818477	0.692505346444702	0.512275168348699	0.827926249256858	0.734651393648284	0.809821350818983	0.30215013903151	0.580000158452693	0.765139035172108	0.651699103515498	0.807790302161981	0.737237312168139	0.839396524922888	0.536441924209617	0.741096430961811	0.833118333587498	0.727572306874994	0.751148311503909	0.929875280807068	0.783709453554092	0.848239051681467	0.735050347158342	0.801448586273473	0.980853614217963	0.469290358691604	0.806477020501084	0.857815482904695	0.890379033694504	0.689796192413768	0.954365265850174	0.668229476276845	0.925742424850207	0.769602338995752	0.76277527221229	0.619333663751361	0.956010589922589	0.546728184422771	0.740084783039255	0.9400136870059	0.453795342069272	0.760357967752863	0.879640455331914	0.404759002185596	0.427145731383222	0.808326843128623	0.527654934193813	0.724130357551048	0.794967835665392	0.774990689752734	0.552081910605201	0.942132578140957	0.566636147302215	0.727001058355688	0.831385654907208	0.896991467104745	0.78981867910886	0.87765386641778	0.823326570886927	0.584273906718276	0.520796352658684	0.775021983869249	0.722400438530548	0.896316322788861	0.806452754814648	0.764914112532713	0.690760045647152	0.823410190242708	0.63047137641997	0.769671832169446	0.857792057956167	0.553171272509207	0.60443662602173
"SRR5865127"	0.758770301935999	0.848055983389919	0.896216656158679	0.954602588567593	0.902659987925293	0.823155093335846	0.568219394499723	0.957135217931789	0.860768266166072	0.750715891331515	0.916590413532106	0.919932831113905	0.903740184512167	0.829958009518206	0.86565950317219	0.878533028476436	0.839257710990601	0.706811430182117	0.907880060712372	0.898175103247025	0.807087657705707	0.791453289082346	0.893362445466149	0.826185264668595	0.925407532009769	0.855323447040797	0.922213432874416	0.873618654645977	0.913768530168813	0.943174344247397	0.975406959911968	0.967858367359109	0.941054940791413	0.879921874245726	0.839790383476248	0.912246477536305	0.917687333327374	0.91980517306835	0.799104253676189	0.869465069601669	0.872350578943387	0.940296440118905	0.827485764007146	0.95711895498766	0.898185915924903	0.941684075455147	0.976785376348655	0.927933076159522	0.732352571502596	0.88363854089598	0.857383080685731	0.870858124456938	0.888521839410711	0.925268799455631	0.817100623498802	0.689007139510399	0.783689055857871	0.645550857912449	0.942327535240587	0.920194961165333	0.844371628688622	0.856923249340335	0.874015152018328	0.776822218213438	0.907054739367575	0.903291203386876	0.884614473584217	0.823727945121377	0.856656160749388	0.923626658752183	0.946055313173025	0.83448003721713	0.899110038391629	0.911086127868601	0.868807760970337	0.887567956385943	0.92876888437095	0.823169658883843	0.938402409668838	0.716835551703014
"SRR5865128"	0.128833566770876	0.176564432581909	0.0909817250429299	0.0689718137689381	0.135002115694877	0.160904846856583	0.0954830723647035	0.250644646107554	0.101993468271049	0.034331393216727	0.22155545449763	0.151272049167186	0.13342839332073	0.0737023464592335	0.106951706222918	0.23051733338386	0.0422571196901892	0.0770230043515246	0.126400140106611	0.185867634370814	0.154037287700879	0.0274815503222738	0.144014878118785	0.200004127089394	0.0916609308242494	0.165409265313711	0.100505186264938	0.257948083364817	0.137395240479824	0.107639906834133	0.289253373314109	0.1490642368151	0.272805446127641	0.0349492032268546	0.1141044625613	0.120562386633668	0.568543447565384	0.0749107675412267	0.0846633510816384	0.105181365578282	0.185937736843564	0.156815299966528	0.0957315893157781	0.236404800864059	0.127612334528118	0.114160715764235	0.244425395797893	0.219138264932023	0.187703563551938	0.0395738850761554	0.027918481362619	0.09183863454972	0.387121365585826	0.23889442342934	0.0773872705087371	0.0623772069210564	0.0894408021970881	0.0858234342553889	0.165688829042048	0.236662639669128	0.099396163580224	0.200643221050312	0.0491679430428458	0.0958785200469006	0.0727021218533897	0.0504471190798292	0.144108766966089	0.0972278775833077	0.0924370646556192	0.242388386878345	0.130885607787759	0.215314620905507	0.0796504136677976	0.209926234553321	0.203414524260611	0.0758526391291304	0.10205837371185	0.112391458833861	0.279488605041312	0.0450728138740035
"SRR5865129"	0.0298557303258312	0.0320900537344778	0.0114909157449311	0.0207501154393047	0.0236861082116729	0.0162081441173934	0.00631977689360133	0.120835418807058	0.0346244035480602	0.00604060447303897	0.105763545737327	0.0924201231300793	0.0203499351255566	0.0493460660920975	0.0537712308655895	0.100147235251753	0.0214143950162965	0.0124015396280288	0.0248868903618709	0.0588897680277398	0.0289083520166928	0.0057385083456296	0.0297978998227749	0.0690562899446504	0.0242051150004698	0.0398493444076846	0.0255640268133826	0.0301007683639382	0.0187722764023105	0.0317397268130759	0.146952036494755	0.0616315224655818	0.109920654531905	0.0092762999614761	0.0155641298718965	0.0260872033015532	0.135659085482066	0.0202338242036154	0.022608455795949	0.0783933891415794	0.0259855114735792	0.0238636892710831	0.0300839652030101	0.0741931005236475	0.016091336756657	0.0513232196910487	0.164702905752427	0.122388665336357	0.0446800327455854	0.0141283475540963	0.0112002125591652	0.0516446383110632	0.0664306453458677	0.0570999134230263	0.0132487420333966	0.0069254889282716	0.0273326528345652	0.0124346083696779	0.0459059509902779	0.0920931829342157	0.0120606503917651	0.0484722340333593	0.0774929734278995	0.0115235027089448	0.0204028265151222	0.0110039425832103	0.0167453134008687	0.0517146687432736	0.0255773766754963	0.050330974425965	0.0255135046886816	0.0153437765953858	0.040143371387061	0.0675864160236483	0.0726524037473	0.031570905444353	0.0324252647757	0.0104704573093084	0.075765665473813	0.00336810699902866
"SRR5865130"	0.21340187519632	0.172149902412429	0.151596060646245	0.122102400154133	0.143960851083875	0.102916600245813	0.128208849133098	0.315200331495971	0.157290256510502	0.142537270426324	0.370715236733636	0.201354015704582	0.135514509248872	0.160386997110711	0.224221228552915	0.298662916571258	0.0964924889607454	0.079574546595755	0.129259819514997	0.292673602824592	0.206369102947082	0.0725080309039831	0.141932907489786	0.195680337173722	0.299604507374433	0.172457938847334	0.168573567655599	0.197233101335522	0.208832284053858	0.107641819402871	0.324353161252442	0.401340818510341	0.293157722837746	0.231134000818709	0.0700585806692313	0.304694233842291	0.640609538279663	0.23623456866865	0.0909223266404847	0.187324612769779	0.167278910171481	0.164187317063746	0.172902981263631	0.277284614200523	0.114078858709921	0.186994904134185	0.701100788193583	0.235762930160586	0.141660839971412	0.115578987342195	0.113353854992542	0.277593399513122	0.355480641501875	0.408955440510996	0.126438254598931	0.162353813383924	0.211734521416129	0.126582452547639	0.24349838020006	0.27770055443673	0.0856469117041349	0.260128005981988	0.208305099424586	0.085756489290612	0.168498732993774	0.155992451417415	0.119144366784926	0.187369215654312	0.222868649041275	0.250411023796568	0.112302509412518	0.140772199623186	0.128025381649069	0.172923979197537	0.278386906833566	0.209942402000098	0.167623289479316	0.0981459929047899	0.361545589836196	0.0701157141251434
"SRR5865078"	0.754234022164806	0.679656954416812	0.619766136480406	0.726686604786323	0.667986802573492	0.733036195556243	0.644210921723569	0.87113421447692	0.739737317466605	0.571508054536478	0.821879642838386	0.687774410267513	0.632563543113832	0.850937525882488	0.632903117596543	0.662249977820071	0.66269949350414	0.609969903854546	0.668716452289165	0.899441433032972	0.670861607246916	0.549747414633364	0.776461051294972	0.690554998468713	0.766401909819235	0.695038436682123	0.526879982767164	0.601596455781817	0.792235980625675	0.912289222681596	0.871144688843009	0.869203091837716	0.678390011000913	0.573751849415813	0.582657704680897	0.521351071093914	0.794736293175964	0.842551924998367	0.752780001313634	0.764073407430992	0.71574238482105	0.677441783714104	0.641637612725436	0.872232731869319	0.711580355624139	0.893598598576891	0.904035281284026	0.64780472339691	0.726546755328808	0.738737142246385	0.514563520690448	0.644128495698633	0.86780607432224	0.726349415944525	0.662109398106331	0.538993251802665	0.714653699098764	0.640055990455258	0.866650447261241	0.651394267364964	0.619367770913485	0.472331516711398	0.750890811893139	0.632320234669642	0.849930130675929	0.654364643670747	0.642201190380172	0.718832465603692	0.730626075236173	0.754865289874557	0.801295494397979	0.738429471578974	0.720044953082993	0.826463769413859	0.69002561384657	0.84091336500156	0.783632695456617	0.756083059385312	0.621217967951407	0.50293613248707
"SRR5865079"	0.705932082084712	0.590155219650402	0.611585565336868	0.650777304458046	0.543609775520208	0.772766242350015	0.741501532590215	0.767349230325458	0.772324675452081	0.60983816215371	0.742115949599502	0.585182479617929	0.524316256345596	0.760914976734534	0.556124084356325	0.573782873538303	0.440221778664354	0.703910768915616	0.543164258860185	0.566560548609611	0.565323958092131	0.502794770006652	0.55560659208163	0.671062671071058	0.678623834948206	0.463227075805756	0.726503424867983	0.715088973339269	0.559679552944133	0.658530457868114	0.709508819629631	0.739257895982212	0.375267344433383	0.571332651110674	0.498071517476197	0.35549038493699	0.649159146176972	0.771332360594687	0.630324351633529	0.761426686208638	0.659113599872487	0.752436800208767	0.564131478565672	0.711833101196196	0.702131672981912	0.78892790428884	0.786627235314984	0.402001718726665	0.681270409102898	0.595212381304029	0.687078883472012	0.432973559127044	0.768228387910285	0.510150860394152	0.637338670549565	0.395258644349369	0.571771694357892	0.633944467153278	0.845494617357649	0.39079733810872	0.46872053438264	0.561967685702171	0.801898582951302	0.561802456664758	0.871107999838258	0.745747556040919	0.523737976163156	0.479037149210034	0.634738864021829	0.859093354305515	0.44599443914888	0.693031730803638	0.62492807788511	0.504571615760046	0.573243733463898	0.782770939455956	0.546102995273391	0.822016171763188	0.469200071093164	0.620682375298154
"SRR5865080"	0.962443678379262	0.894488845347458	0.971594618245335	0.964826456197926	0.91934623973432	0.896545088026701	0.964338427158959	0.956685928145608	0.959905356520442	0.774594472299743	0.861075104649041	0.940114241542316	0.925052696707442	0.900020823170182	0.726462565458402	0.863801980550241	0.83964203737313	0.952187102637011	0.9116424647096	0.934530830799206	0.958801553979317	0.874195144643519	0.937038927699286	0.89560178705218	0.919939567728337	0.909771338393476	0.974543020003687	0.96523520008152	0.870398809932729	0.91911032210122	0.950362495483668	0.950517798773632	0.865548796364431	0.852313693189167	0.942112201152025	0.943936682151712	0.96125760622529	0.980151726096676	0.922601072976829	0.941411399555875	0.944586068867352	0.967243570296461	0.897861122597582	0.972534773897121	0.932250815867455	0.923603653087233	0.956448456865187	0.757309906382563	0.921093576026197	0.884608409357171	0.904413007306079	0.818644518530105	0.969122516294887	0.91599782264559	0.955770487100181	0.964331846111095	0.937734799300223	0.892641453708567	0.924832509566228	0.857205673250389	0.902180516296874	0.952977449519063	0.607671195387012	0.903474867319357	0.953727243879732	0.887875469077524	0.870513418496039	0.843308292566676	0.946788901264961	0.957039565694309	0.900911356045349	0.950808802702577	0.941095582786699	0.88318995650273	0.888067227455845	0.943935192275196	0.913694158662006	0.891230051838304	0.898116475835762	0.931283488669685
"SRR5865081"	0.252130786944566	0.376158210883932	0.238464962986427	0.414935798282902	0.541552243171822	0.446448941692803	0.14786706996246	0.731282950032804	0.331285887973806	0.0677112037002971	0.211131628588178	0.566507457949367	0.269452923850795	0.073224962344839	0.0686909981871008	0.172399983621622	0.23415633556206	0.176561992318274	0.451838378551887	0.457482023854978	0.293815249944112	0.136981611724174	0.413055478042472	0.356634447701345	0.290450813943899	0.454877712519862	0.372970894947955	0.495367214588949	0.609497061579252	0.600111780402029	0.543304483180313	0.423227672510398	0.267584227592324	0.129344717244373	0.171004601143312	0.177002469297419	0.835071040907834	0.299171579556968	0.126473701661353	0.219317203944233	0.459947188992657	0.501800206017335	0.260680276045954	0.596881587124007	0.222418498171863	0.164882153782693	0.250734709585645	0.379022142356371	0.183734297748812	0.104055496814809	0.131443664773699	0.212887433250626	0.575813357135568	0.232120024852214	0.322843848193655	0.258508294502304	0.322370283604271	0.330371649419072	0.205676026093948	0.396762226968479	0.181027128419053	0.173442355300605	0.118899680007944	0.479987621292969	0.16583547496402	0.298188778579529	0.162008458518719	0.191192343123919	0.226674914899286	0.43964166120246	0.393813797204394	0.129850618746827	0.395500097342199	0.363688925817634	0.557990295600516	0.312573687956296	0.293102233395159	0.0566842816638909	0.271765568900829	0.147657527447759
"SRR5865082"	0.988118184258866	0.969151377075545	0.985338070548356	0.994811804369897	0.984049555279126	0.991169479768041	0.981127687723956	0.991067071152822	0.977176686441041	0.982007356026622	0.959361298066642	0.990782639110777	0.980745110756332	0.988706484219501	0.929676123392129	0.918036499468544	0.983622479672225	0.992481541816532	0.983179390020162	0.99264609763598	0.983463732255845	0.992610193646428	0.98911697475316	0.974680332780461	0.982360783694553	0.980530121850849	0.9743661282436	0.951930881621705	0.991868600966372	0.991204046608512	0.992403566777489	0.988934586789941	0.925507988226415	0.944525928567082	0.975461082279108	0.979701994906505	0.992560949295841	0.997001034178599	0.988986090334417	0.988914205011872	0.98177226803492	0.990779760943587	0.974034640103002	0.994265287280526	0.986895440808344	0.989309429023998	0.985745831851306	0.893169523122828	0.982613184928587	0.955116921028472	0.966499209031111	0.932602672897241	0.99038929196154	0.961063243991156	0.989388226443653	0.976463033245181	0.978438378521713	0.983985407507762	0.984401857024054	0.942973263739093	0.978597607237895	0.944371091659646	0.977664023130356	0.987686148827655	0.973739195090471	0.978736901658065	0.982552536198967	0.940289596306829	0.983109172465214	0.987797995967151	0.974317133827398	0.989769651268855	0.993026713489876	0.975631552898066	0.967065190935056	0.990141370277505	0.990573945728488	0.966581810233909	0.926588854056211	0.985040552935127
"SRR5865083"	0.944551765367501	0.763696578987725	0.715359928809966	0.821545405467935	0.76061931959781	0.875071379255816	0.778124103622104	0.919234007338329	0.809608940110823	0.610579632476814	0.864764832309228	0.867572969342284	0.740944832623293	0.73278607166824	0.747580885991215	0.909359309209113	0.746433373451723	0.817874659440293	0.748974671431886	0.888065021122481	0.667521462861446	0.621040608998678	0.799804013987505	0.862064298160908	0.685051101997833	0.724071233805315	0.879792368336178	0.790605430189317	0.751517650928989	0.714611905757503	0.870268302308914	0.796269150978067	0.834848297777703	0.691032486640577	0.763876049622209	0.727770066189301	0.922400402754776	0.790026205505008	0.810649094955634	0.878006176518906	0.78379292696161	0.825870817445429	0.710112730735606	0.86116791293647	0.864263704812465	0.826241685115911	0.917799773452196	0.752619684677561	0.811242439541045	0.681907777974177	0.697615044527286	0.777945564481176	0.884332311501067	0.824009358456173	0.714525259646254	0.594725679644186	0.785093146057629	0.740072619816268	0.866624551721048	0.764495504871773	0.78189219784564	0.732051368249375	0.76108880203521	0.738889094212109	0.918913760572276	0.721223391787703	0.784416610712273	0.696823274524926	0.800584585667463	0.867522075082903	0.726722381047433	0.841617462295538	0.761721521888082	0.764957395259713	0.729306069850623	0.851038997374013	0.653333338787347	0.791004354663856	0.82723286964201	0.6896720318507
"SRR5865084"	0.211637197221418	0.178617296633327	0.106322135923777	0.0947938129594347	0.148064145534207	0.0974123171922994	0.0677254468280791	0.484303204097873	0.246633893333917	0.0332593503375544	0.234901312418273	0.140299173405238	0.112952343268899	0.055029122792171	0.0825342183042178	0.288165562790165	0.0798572413661456	0.0369887361260243	0.135832088594551	0.379356637440438	0.158815785425195	0.0590163488643699	0.118752366447784	0.198252484573419	0.091541437484746	0.199468282237338	0.0921515747890413	0.27130705279954	0.347778237533719	0.122456569594198	0.377714154747447	0.518768203245455	0.289128988890115	0.0473406509919025	0.125020875779978	0.0651505601627742	0.474616467264984	0.171866098932282	0.0505636801185946	0.134555449599503	0.183276089230265	0.149576020129397	0.111549395149507	0.361503612010053	0.0939501490540027	0.242302853059154	0.405574854178751	0.248831080720176	0.118606138082175	0.220256123611833	0.0389599011642949	0.141536966642361	0.466946998381061	0.378681734491815	0.0596220918259474	0.116032169304573	0.166267791166835	0.0405011541545252	0.198194704623132	0.247805697139196	0.0702460473859782	0.314288404928324	0.219645613783803	0.0648967397714108	0.2656138157668	0.101655966658	0.0625892529594184	0.138295824977742	0.10396649346969	0.150477710661361	0.250558415792935	0.0533894770177221	0.0630640657066349	0.505140160877789	0.310952287365056	0.156228530778468	0.177684879089728	0.203797168276964	0.311819189773345	0.0333703633766569
"SRR5865088"	0.909467880672939	0.867820556432463	0.900705736059085	0.946794249937044	0.854985289724688	0.919619259707481	0.842817846331218	0.95384659476735	0.84913168646878	0.755835783627486	0.903080378862215	0.933939728961788	0.880734026157758	0.939222095707208	0.864412860059088	0.806792128388712	0.864665081836334	0.876356505077228	0.900027341020882	0.960988599390474	0.895077457723124	0.709701400989399	0.887125585177216	0.811272750474506	0.896810317317747	0.897657357186984	0.776438256065347	0.683053668059182	0.808134179316665	0.898444688361747	0.945576898478498	0.955314839946291	0.875191514899762	0.743843628379658	0.848309802878291	0.867977928119694	0.872722213218861	0.959963656766616	0.890826955543131	0.906429633652054	0.879253440491863	0.880969549138818	0.850913802606287	0.959025065662341	0.872964367795492	0.950838355361581	0.969533428284654	0.835827226684179	0.897382838987997	0.91049704004679	0.807353180983077	0.845084301543377	0.898555621419174	0.886686472877626	0.872817306877368	0.68211180015561	0.891147267226416	0.773212137308749	0.917014808188298	0.867271154030578	0.899742421846942	0.779169998643449	0.892875797499428	0.855797870421201	0.833981453011157	0.763545060560694	0.918630838062916	0.830056632496319	0.912593815649355	0.914429809153187	0.853572841789403	0.859782519986298	0.918507845308783	0.92641726929542	0.876268068612111	0.897028541536608	0.926559127945229	0.897706311147346	0.851712781620685	0.795293555940828
"SRR5865090"	0.694120632995447	0.734710444195335	0.704245240428424	0.663491418130472	0.703000173362709	0.594636613555136	0.617509327445665	0.889539729878638	0.756745571794899	0.483599290200552	0.746381861664404	0.762680132703917	0.726774103241296	0.568774456005021	0.633680051472222	0.707565192907844	0.583410027449349	0.672770385684946	0.686722157100902	0.854111330983796	0.686951363002947	0.539945821762914	0.809727823538717	0.746860849108082	0.53422828384585	0.775282943197265	0.727373116402791	0.649085457758353	0.842662257866759	0.722304887122324	0.747686864823055	0.922343001404799	0.75154117803068	0.439356202048907	0.502316764619329	0.609824867715159	0.881531882349211	0.873776185405927	0.732833398178271	0.763937884897925	0.724139714643603	0.689381672484947	0.593776302299881	0.945814176294532	0.712663175392686	0.859078383112408	0.94365896661231	0.594919546068403	0.750476026130877	0.713986367937552	0.681007199212416	0.683873987770261	0.784787677101786	0.777868198721886	0.710281433933625	0.595275883456381	0.707728646157997	0.720694478270134	0.648034839913955	0.787254020585159	0.690648303633486	0.586282574044785	0.647577796279278	0.601572350184854	0.739150217250995	0.818841808368972	0.648390948810056	0.515567179651311	0.636156493323063	0.721732099906586	0.679360859831554	0.794274747858871	0.817501569406053	0.71264654912276	0.760654127350975	0.640629632684166	0.741072256013303	0.65372896070268	0.675111208995117	0.453941794024862
"SRR5865091"	0.613917862551111	0.506545702185887	0.605825343179993	0.592162454342061	0.640263473587879	0.418214778596442	0.506785942153999	0.775383337878366	0.636346796796288	0.380776948780714	0.591283640980153	0.625774348931586	0.577703604106397	0.262244864838336	0.354096500645374	0.579490819695267	0.26865054455544	0.389674037561717	0.52678686468053	0.701877841565572	0.529110244809814	0.0774113305042895	0.578524775340147	0.693116960037419	0.607742895822915	0.534485691504923	0.716142436570295	0.663124179533276	0.797055789105981	0.54316845792494	0.730454707774157	0.766861398242178	0.511711548854079	0.32403619207037	0.307528922052969	0.649389869549727	0.776449478844178	0.617837153906832	0.394134805651937	0.551609920304108	0.574991230877415	0.654856747223181	0.452621263925771	0.814376259108723	0.394967337635037	0.525952627581571	0.81807825151664	0.449627194259594	0.417059427414888	0.343469231662837	0.305938873289459	0.42442952584105	0.83404319828269	0.689931172201841	0.516201936989472	0.61383131151287	0.462394628052186	0.504738197272068	0.597346279110116	0.565425591573821	0.378962228887984	0.546124376073367	0.401502832685384	0.318029130692822	0.5773730291075	0.584495704376275	0.493096784605275	0.395006027347039	0.487285951660732	0.559662835515579	0.582245707617806	0.649544259829897	0.510578842333845	0.413599941312286	0.542320123989625	0.485056784292005	0.476802715597205	0.341319184441658	0.589564521749152	0.341797150623449
"SRR5865092"	0.936100402925396	0.853753795371651	0.94671238197579	0.953203059671632	0.91078358579281	0.947815815865166	0.932557732607685	0.953797318156708	0.960416336416701	0.93491961862414	0.878144904853093	0.964037743197071	0.858609759348853	0.965585323780565	0.874305670190725	0.854792240621708	0.943385061523446	0.962706739587655	0.894821660379178	0.926862324978933	0.906918145139676	0.955099153988374	0.960574590971221	0.938875464682811	0.947748818887072	0.875141320506906	0.976488386812504	0.929075295028371	0.970064510670081	0.954752005978387	0.947008244098444	0.971220078289788	0.84689882821195	0.911801236872214	0.920425074302777	0.946875011238219	0.935548433543495	0.987699242751196	0.957988113265335	0.969800897500523	0.947569913331696	0.956128630198579	0.88330425895626	0.962745375645285	0.970742183525605	0.949451776735806	0.94020137014317	0.677194079622738	0.892154963147641	0.930868199521495	0.947180478466938	0.867865040040696	0.956079063469878	0.840901815225016	0.952537139985446	0.919069509688205	0.90429203497136	0.933987918073501	0.959988808017855	0.833735772173384	0.931760529632125	0.903282527912841	0.952109263730834	0.93180199802511	0.964891718035239	0.964354500032802	0.827907292292592	0.816291224520751	0.944002355173347	0.964878974205861	0.881709505003066	0.959635569512451	0.959130840886743	0.874593650833789	0.894361226745753	0.95724674383412	0.938116298661215	0.923048787810901	0.802648861524258	0.934649035102699
"SRR5865093"	0.289777496431985	0.15461156445861	0.139224693334629	0.0718842983705006	0.0795253450216835	0.317848467071653	0.165440066386237	0.43241575251825	0.480080990524212	0.344939647714803	0.584485224247761	0.242378066011595	0.13965155995516	0.137318503912139	0.484733024445412	0.516247081513644	0.392745204029036	0.109611652963193	0.0940923139098729	0.0981849965275008	0.677869795511649	0.0925707862088919	0.669371114270695	0.605794750333266	0.152213980058285	0.148687276694243	0.343052455979774	0.762798911054501	0.815118294688604	0.154777422585988	0.329876223561811	0.927604451722024	0.412780034124475	0.787470693401478	0.13312919871669	0.131986232976608	0.333610034210259	0.158554483639285	0.0987645976988395	0.194141701966771	0.173925744322612	0.227227138646473	0.279594624327079	0.282945844004994	0.151500397727152	0.281390503227571	0.911103687239563	0.257500711454908	0.151626916563255	0.482948802698336	0.0793414820773522	0.440438013352534	0.495684581696776	0.456045246627969	0.152711857504623	0.641855036603382	0.283617074296304	0.0474256190334595	0.403448272856902	0.623763432511717	0.221634989192526	0.225331450052377	0.831651571402718	0.0987722466789501	0.618573508190429	0.50617041335349	0.0993890482172716	0.292467762393506	0.199356158200592	0.219670553895042	0.176133736725702	0.114835275759638	0.0889581537206476	0.369582933884988	0.653466886769005	0.2145810725495	0.12075986216642	0.332411711642158	0.654862094842346	0.229682551912897
"SRR5865094"	0.782860594786917	0.784351161431926	0.806343850775476	0.691018064606472	0.800067000007045	0.70135618148493	0.761872394491781	0.903813591518686	0.771839941824906	0.532934621192687	0.865406624291405	0.795305085550688	0.775103842833649	0.641903746573653	0.67664760023027	0.845901723157443	0.740247523226691	0.553118290692063	0.74719442673582	0.852781463529063	0.769099140062899	0.504897389117526	0.766896531097709	0.734424504444565	0.726750846147082	0.739184785013176	0.729051976270327	0.840620139946191	0.812015801878393	0.741635842657766	0.835099153607677	0.953829289933709	0.818396888163027	0.755860533119026	0.653559356067585	0.776349286442691	0.860816270043482	0.834941955408562	0.670917589599876	0.863762076454364	0.760474824804263	0.731264823250444	0.686388915877282	0.943156744548051	0.671812381391364	0.870539737001769	0.974705914456647	0.809789923567249	0.724699839020722	0.791277194151163	0.49761143724795	0.75748114743719	0.893659682198781	0.865175861036705	0.723655592521864	0.756634171203318	0.748289145599105	0.615956035170338	0.868576946064676	0.809783713570247	0.66448461531569	0.763001565330116	0.8177890827852	0.564288699393242	0.907749703994992	0.728194567241582	0.659991266527267	0.71964504433943	0.694265963726477	0.719154565108063	0.865663987592981	0.706462531205644	0.699024767652318	0.806714299901784	0.787387437686797	0.725016244906716	0.789043516239813	0.706532317520445	0.84262066286942	0.654597467944168
"SRR5865095"	0.80381641170351	0.72023625449071	0.838727608846152	0.835809895327187	0.684216806841677	0.83682009278737	0.671796214339693	0.939343400022251	0.768689890777902	0.583047025951937	0.768547477053306	0.833990187154306	0.742560507542002	0.863491066522751	0.565461692796138	0.522398096762782	0.7771662598459	0.829779196781608	0.73681695987884	0.789204049896705	0.634442061396213	0.791493603549119	0.871739567230835	0.799627874748964	0.741503872271477	0.723863306392277	0.848665682931127	0.649466620619827	0.904186169107114	0.856025741472579	0.878824608539059	0.956184955978305	0.621076138850141	0.668905661681127	0.667040295344177	0.833920374063475	0.829036550684616	0.932321583142811	0.877294108498023	0.914721840272047	0.835392932053349	0.805486593957074	0.702142903400995	0.970399696434156	0.856967876143455	0.939932406751786	0.933510821401732	0.452744650857065	0.793448432859596	0.874856162815386	0.804882225937014	0.597695942415123	0.860903197292319	0.573233932520308	0.854180137273305	0.734901908949312	0.744550752884649	0.835814625934099	0.855814895589748	0.664598181405277	0.824610604694016	0.490232057240329	0.864125464511265	0.652770541929791	0.970574176455818	0.88244660187768	0.673414710807147	0.704548351126363	0.841928623294009	0.75101767614024	0.829982875982512	0.85314241553132	0.941983812682292	0.821420061676855	0.71699638486524	0.83323752949147	0.82361904363942	0.821667834349111	0.442932506691619	0.706125409461362
"SRR5865099"	0.527096400737859	0.378169158695404	0.406061611893531	0.515485350766737	0.291917639685757	0.373841790017396	0.639378589026515	0.5671193375366	0.639202224258522	0.370689838832256	0.610006551838884	0.462873943897472	0.371825560410453	0.263350133602415	0.668056098996509	0.433470612812178	0.293827953973287	0.570162876308907	0.400923795655616	0.506163282473156	0.792217813025308	0.312588838904437	0.784870619526025	0.667902198797765	0.35490198543233	0.528941381641955	0.439160442690296	0.7294119148236	0.751320058747323	0.513713633487662	0.5231911508525	0.737615405240543	0.588987688043092	0.168942027190449	0.361428529370456	0.25594579252778	0.793191277896461	0.698594712608783	0.457412755042822	0.271021380668896	0.550955175417986	0.529041429150773	0.339748388241208	0.62501506853593	0.692305418441262	0.42746757927052	0.792567090561133	0.36803764868235	0.511369825726707	0.301873026497591	0.351620308760359	0.463717298850158	0.879064717442454	0.637999387675261	0.539326475280191	0.525633061072697	0.536924452753047	0.292035466262737	0.166075350316635	0.713964525502698	0.408942085841064	0.516460837766337	0.33097415597168	0.433143652960509	0.144496187094026	0.60916113923993	0.226233151216356	0.657734742006409	0.432807752407194	0.532544290084378	0.26708855123113	0.593734624730095	0.645236866536132	0.438697730282348	0.662568979910083	0.444423881889597	0.422371997956101	0.196873093662325	0.666323323344628	0.276743623573275
"SRR5865100"	0.0431249750758788	0.0833589667571193	0.0796306794509679	0.112392330880042	0.242300810042833	0.143416618415311	0.0279083671305751	0.150758028707932	0.249631414809411	0.080922771925899	0.101808517964464	0.179731115266232	0.0799313061321587	0.0231518876985346	0.0660163303410886	0.140803281755265	0.0811668802787606	0.0161560800819881	0.084514868651135	0.0721276104802001	0.146802026005643	0.0417946259493077	0.191010460632762	0.0922920548292291	0.172310708744284	0.0775444904482336	0.25126018689812	0.145399045545265	0.31611991200317	0.305326812166447	0.236563716563485	0.222590444067867	0.185927025562964	0.0981279582086843	0.0405508510515487	0.0679053037902575	0.145891881748377	0.253681364806069	0.0581433474047929	0.0574495992730517	0.25847634622289	0.294048392001139	0.0811010568682974	0.196416034482726	0.369570507752368	0.0472007312418596	0.27202328399332	0.240187342722946	0.0511637776725232	0.0471937786989284	0.0482415887225464	0.122257818587629	0.173931418401874	0.045447965859729	0.0808372419992394	0.238462884350056	0.0388486715321954	0.114257597652158	0.0903591355562996	0.147054999951001	0.0273370324072552	0.0320183097787389	0.0578818266670425	0.115185087899799	0.0126697663017268	0.192570880366627	0.0694871457980338	0.048496076566919	0.0543507774607661	0.0962976112293928	0.244386025756187	0.0405628420191394	0.0726296727300067	0.0725417029893058	0.182054895365231	0.0586647529993421	0.0867591176406751	0.0415832694189546	0.079635360400353	0.0288338523308725
"SRR5865101"	0.816087777880277	0.747763141024461	0.885029778915397	0.853097770691666	0.631749791612642	0.882200497727435	0.831079791818472	0.903456876090093	0.872843568037593	0.455678260486515	0.814012170470042	0.856648444585049	0.73136544779751	0.900549195580023	0.778387712390435	0.842590136372135	0.544350988240384	0.752091810773985	0.721810984520431	0.87635793949503	0.907091129138419	0.501127340934853	0.83245317557271	0.806991523888215	0.825448237668605	0.857011748091437	0.864532580093697	0.860258340282383	0.842506383306158	0.952988250690421	0.908160507541469	0.928467034669861	0.856790151030244	0.461550516327716	0.883496999715193	0.687443742106547	0.814320793922231	0.882281543636017	0.696385401036507	0.80580359334346	0.40567595698093	0.90759906327424	0.808308594185904	0.922533602337321	0.889383820236259	0.958100092775037	0.962333638030124	0.77154524784958	0.847912129174078	0.884210591743426	0.79515678431849	0.753696082210405	0.908967044155691	0.852961038098017	0.719208569566764	0.444606361812018	0.825476928785445	0.545939655366031	0.92268783753287	0.870571453232022	0.864795316999866	0.81132288372226	0.734564968082085	0.916484497057911	0.710437568516166	0.577336376078527	0.78709681815071	0.951089477218745	0.829900594017641	0.924341619861706	0.855232521990402	0.794033929688361	0.801528869317559	0.818375820834545	0.878377490823906	0.741350707573586	0.904603520049959	0.8569023145284	0.861311625554323	0.71537387453909
"SRR5865102"	0.0381611296304374	0.105580193031952	0.0596709973859991	0.0616406627517798	0.0854570519822643	0.0547062834169557	0.0357461478653493	0.148108112726962	0.115254351685186	0.0322802197790628	0.106439531598592	0.071572854243884	0.0607082076490441	0.0810195687798549	0.036884796177823	0.0556735926330891	0.0533370123288069	0.0371466921645004	0.0713187610196629	0.106697657229166	0.0816794380060238	0.0321879895874537	0.0920807715132761	0.0979614563485589	0.0637909517926444	0.107533195864236	0.0667089473965675	0.121604836419638	0.164067423937624	0.109307722507693	0.179846231813921	0.307849668518564	0.0818492095041545	0.0530583524889157	0.0396284533011743	0.042965898790302	0.223177987499067	0.104731005816428	0.064109458349789	0.0796724977502697	0.0940812533477614	0.101850884557934	0.0517700458731755	0.202430518012298	0.053779521634114	0.164517888245479	0.274765360103279	0.10205398601953	0.0817246625210632	0.145216677811323	0.0431564055874157	0.0498113711068351	0.169100961496126	0.0691960936705616	0.0738068639873144	0.0688811103560302	0.0894148648221222	0.0816216482361842	0.138157310130125	0.0996654772937657	0.0649123726721773	0.0529675482148783	0.121720596667433	0.058426583495659	0.141589368936915	0.0861115515441186	0.0572614894979721	0.0491512335344131	0.0607944955988167	0.104623564274238	0.103026440581114	0.063123238534764	0.0828716734916394	0.114519409190114	0.175202014920486	0.0830954684608075	0.0961801125774056	0.127340298168143	0.0967937573414894	0.0169528590370033
"SRR5865103"	0.00743442519979468	0.0352249950881539	0.019339064971901	0.0237529172102506	0.00939936832034169	0.0525006316473831	0.0139077777254391	0.0396715686628893	0.0176306402670271	0.172194956448029	0.179058043263819	0.0477618572630036	0.014765929316713	0.0552243565702944	0.24665462403887	0.152542559414614	0.0946626956100573	0.011124048030343	0.012392951872108	0.00145839733508451	0.24405479643794	0.00235914546749181	0.307248079546705	0.307160771579526	0.0378352858672257	0.0151829505347347	0.0922531595921954	0.340916098359394	0.335123491591384	0.0847525964005343	0.0452337819869321	0.393356245056186	0.0798634592142838	0.0529135895490735	0.0233732662150826	0.0856660080060008	0.0410839189373363	0.01928642316214	0.00463720551602053	0.0116987397462778	0.0309463387690809	0.0240639057399463	0.0186152323413017	0.0161663708836373	0.026116405472426	0.015682971114892	0.497829511741394	0.0566195995873989	0.0538037957545303	0.0155664061306002	0.0241802086791032	0.141035537752812	0.0229822495130804	0.0421933198232357	0.00810277820952679	0.381541024425739	0.0456668884340498	0.0101350456323496	0.043026287947431	0.291782107870145	0.0144150583560015	0.0296844876355881	0.263612732933978	0.0205301649992798	0.0123743879928293	0.198969564877241	0.00959475137594704	0.360228874195821	0.0127613130810306	0.0799874826381995	0.0169791680084128	0.0161711047851795	0.0437816567463996	0.0275082980267278	0.299999251935761	0.0069911931503708	0.00661763432177966	0.00795717108634663	0.277254044429125	0.0081911854356672
"SRR5865104"	0.937511920938571	0.799482870239065	0.845421901224882	0.923671594294336	0.88051815813606	0.852485626834636	0.835765552174349	0.929326998241895	0.906123523858243	0.821257710966171	0.721814122541912	0.884222629003172	0.796266067586113	0.92889449402319	0.714874253519213	0.87028526434841	0.717740259171703	0.898053107491108	0.817439727393995	0.874485356286156	0.852703125909035	0.799366918125285	0.864003697898667	0.916326166671555	0.877673925826224	0.755605402312211	0.965530394626204	0.924992486943125	0.830289421088716	0.884190714502503	0.951277449548299	0.922880071095082	0.759004790999559	0.77150061216433	0.842783656363238	0.862111358566067	0.949476601290465	0.946391944792624	0.876021497887186	0.949980863881794	0.903347635446346	0.943396840368395	0.718570314484103	0.887648987130073	0.8636839834613	0.884153796723047	0.907221620931277	0.681296111148012	0.71844084735457	0.69293509676401	0.788778505992443	0.653378790387851	0.955657117728812	0.891237969487585	0.873795327576734	0.782759062690722	0.804511726221077	0.81637933916645	0.92317168104894	0.730343126812752	0.712947945305725	0.907274307915251	0.909122504260538	0.807763839839831	0.895033365276147	0.874932842978338	0.837689898722922	0.658798479184422	0.870365028457254	0.952914412027838	0.843975643675378	0.874979081072604	0.832433265024899	0.789349940450595	0.826005745322616	0.946058403670948	0.8254854073913	0.860337171289585	0.878802474559522	0.684126987096946
"SRR5865105"	0.0711668074262844	0.116987835698446	0.0540527324751557	0.0532964381348532	0.0860663040221272	0.145495038986137	0.0362035521439941	0.277916264631206	0.175626367564435	0.0188407884790222	0.192003508874126	0.126283016781681	0.0559649137682618	0.192931578581246	0.0534280909949888	0.10341623001547	0.0805768887653923	0.0452620403063928	0.0803179829131669	0.153320831067624	0.0870902128517148	0.0156450680982504	0.153666705407718	0.108762981939601	0.0929800129666485	0.137559122264608	0.0668961685141731	0.0943199283671539	0.139199373596672	0.285999405026811	0.221899993941322	0.478291110629871	0.112126094372606	0.0339321066816961	0.056477945174754	0.0318805521896465	0.345022817159054	0.15524894287331	0.0889855579874892	0.145258975766256	0.124827822162263	0.0913791225132094	0.0906606212024562	0.329894333223048	0.0863652310308679	0.249086209990768	0.36477368780239	0.115890772814279	0.114043982479672	0.224467916065319	0.0458580072003204	0.093320440693481	0.180565178611301	0.0530986236829759	0.0832581144531828	0.0365057946016974	0.130868267856318	0.0642025951916717	0.174179135589033	0.116943636010254	0.0796945521060976	0.0337687749712385	0.15437694013375	0.0899915243603848	0.305675930432817	0.080084124947904	0.041588390742845	0.139368841695174	0.0950424456522376	0.099852283110679	0.136721761267425	0.0475082417469936	0.129349435292635	0.264458970821258	0.230323702405119	0.116325631915843	0.156754094583607	0.11497044844897	0.0726012800802168	0.0327681180727822
"SRR5865107"	0.726799143186043	0.608663825225955	0.64131517507858	0.645836051715548	0.689725678697707	0.7374959688523	0.695736312840059	0.809512068388595	0.665186028511942	0.451711023976454	0.759885738260085	0.774996045289797	0.564822385185379	0.555076683800581	0.572705473392895	0.608493944416185	0.629029625690417	0.618182562039905	0.657739878318841	0.858039789526799	0.741777304567812	0.783929202134779	0.661574708996873	0.610173957124818	0.611215895973037	0.710036133369241	0.518220253902896	0.602488217528288	0.750554637965288	0.72899587067657	0.700847555630101	0.76987336300829	0.751457453786809	0.51820284877752	0.516315590287457	0.50913973571906	0.831026242048509	0.844396264861582	0.655111631304184	0.530564013373546	0.720547761195587	0.695968600866176	0.587666580450447	0.807746080597889	0.723675272172137	0.718812614102891	0.854117049667751	0.660146809057931	0.6376920720507	0.62336816543668	0.448333185307202	0.64977190091052	0.90655716943639	0.8197255885256	0.709599232869071	0.446118511466569	0.672769507055131	0.567132562323529	0.6460625458186	0.683111567612032	0.595458566239626	0.583893817058806	0.507570214914799	0.710378779515732	0.484731769294698	0.520062096300622	0.533502146383085	0.466732993458993	0.652661805953092	0.700160395664015	0.587460024885684	0.651846150908821	0.655029101859371	0.714577195329051	0.662031778866934	0.755989741304408	0.690747918991966	0.541092222628924	0.667821862981872	0.510517994826245
"SRR5865108"	0.705898711786173	0.61456652969615	0.715535851611365	0.509869381529587	0.559097899025505	0.837417682184757	0.554228604460507	0.828426198127762	0.67306262530539	0.319010493604487	0.694642652724315	0.651873916377482	0.616001478772128	0.630031366161856	0.445128546513611	0.635700975883776	0.46813511007082	0.497146330143614	0.569310154015501	0.652667193375357	0.545206077440404	0.42305136566557	0.633311235806565	0.630616505267519	0.589940689189836	0.598833483972678	0.751201010858808	0.577920955897888	0.753672419215662	0.58287734107596	0.628404402541929	0.911740925058795	0.592248089046361	0.676374494865727	0.44548444206037	0.621797848703003	0.687024743770678	0.784454325260526	0.530852700294581	0.671874059398403	0.686788320816748	0.604959730593506	0.560173893296453	0.928987630964942	0.542670692716499	0.821445912619856	0.926971360175197	0.446435321909163	0.543054382762032	0.761022150027444	0.446067500611251	0.596566802798818	0.808117749193485	0.594238024874345	0.587373243356449	0.571614481609785	0.658371792437504	0.460179167778203	0.873865958649002	0.597280790837247	0.678482201380306	0.38961777399495	0.524394760142597	0.432841093851822	0.877376633684192	0.672146113345833	0.618242398577391	0.53920273523104	0.686696102840541	0.615871924484109	0.711914962506239	0.683952257414482	0.552019192455505	0.684519959606352	0.595791978084604	0.532248221970399	0.582476796230674	0.851526259825086	0.51548746461716	0.629220542489255
"SRR5865109"	0.510822184691134	0.475800228548101	0.501442935392215	0.330462891178261	0.374487363854167	0.664835162216684	0.39551846778824	0.705262546965213	0.539335585055841	0.136266121524109	0.686738667793303	0.455492872297778	0.401021125848121	0.467834616494805	0.379243980255783	0.548342675337281	0.248283177375628	0.252601803439378	0.457270337332488	0.546987869932812	0.382012584304452	0.126735895693475	0.409127624041818	0.395168274506817	0.393037870285626	0.457897434807143	0.482946944448846	0.333555330890192	0.327608274297835	0.270564314042792	0.411857671178178	0.913530643605999	0.533465982229903	0.427173021326483	0.346254058711186	0.426797499107277	0.508329144512149	0.645103357081823	0.327739531416131	0.555757962921545	0.453855933019309	0.295504248970816	0.405803213591188	0.882301956566846	0.310247716809638	0.709310814203154	0.940074160310039	0.429440556213278	0.444711825207126	0.789626966853705	0.242331992494805	0.534316828153048	0.641069696263132	0.497135655752935	0.31811845035258	0.18812502443425	0.576113260070438	0.212776371490263	0.792469845441901	0.52774673588663	0.475517326247616	0.191523418332261	0.429116360947878	0.318757438591636	0.841790903742275	0.35723412522158	0.368508094950682	0.453266557629926	0.462141725585931	0.443928759314841	0.470584200882071	0.488409139809154	0.313034199180153	0.546885385196748	0.537860446092955	0.341947739103114	0.407379957231407	0.804591601567171	0.476415832461003	0.367360572889388
"SRR5865117"	0.390785893651181	0.252571371320669	0.277487643515702	0.346398443595806	0.326838448500511	0.270632322971149	0.14860631556631	0.500981478496032	0.186792675906717	0.0988289913207253	0.417910015288559	0.325167704822876	0.245475494872569	0.215966856475194	0.250929574634816	0.485900043643563	0.191162131313319	0.181579144466957	0.298509263261058	0.346759968038895	0.254531062263499	0.0987692817798507	0.328390257216955	0.334288654996653	0.281102234200083	0.263417015335445	0.275945627078016	0.343250311439865	0.256358702453439	0.299479082747433	0.559452656452265	0.323086132797596	0.465454824641911	0.129854256534094	0.231888655628604	0.27703341958156	0.577738989694516	0.288533256100382	0.22348311164245	0.205044908708555	0.330149962497748	0.392684446853371	0.259136398112518	0.359088027196942	0.328215814334583	0.281303216930304	0.438922037806767	0.378331156046514	0.190894692411386	0.217532611978809	0.178461342618365	0.276493325878565	0.529867463077954	0.445829204247802	0.262333514435629	0.122360221644375	0.262795054367158	0.120034720950129	0.259293192106357	0.38648513633297	0.233461411656133	0.424004535103748	0.1274216895664	0.188773620693774	0.279710421365766	0.144539763850144	0.208503324013334	0.295105289745721	0.30773036265657	0.394575545494663	0.299844410351478	0.264293185163032	0.292858056872037	0.417441808627556	0.295812306814694	0.341037983128604	0.290052183633446	0.175507567593801	0.40938135863452	0.134045587118409
"SRR5865118"	0.84078328468851	0.878617946808083	0.900992745001666	0.953362966094005	0.949146109529128	0.893872719178252	0.865067284934997	0.940715113680564	0.889560742826809	0.900648218238789	0.850483521453606	0.899268028660758	0.942772363613311	0.826633613391268	0.793270939941311	0.897444495712152	0.886360221941647	0.916326611819614	0.927443416725412	0.916977657014518	0.835711958130712	0.773825051892641	0.944221690604429	0.920916583041004	0.901345252315533	0.869264240134491	0.958559274490531	0.867329536794791	0.964817079077656	0.951024384454158	0.939186808738079	0.909531748264989	0.938118992743493	0.908011419260189	0.881374000694653	0.903022111405443	0.92330448204534	0.920717067935774	0.91284882747437	0.927131964267026	0.940354140912934	0.943959394125691	0.864128591578523	0.962206952799631	0.930904409487523	0.910561334269371	0.966349473409816	0.886013498353006	0.783884044804604	0.599098938132503	0.886896082287233	0.848742700177544	0.867952419000314	0.880331773301435	0.90720463302952	0.875228995327408	0.792330122591077	0.901455878145903	0.892512570806304	0.859896025733551	0.849956737488	0.947009131350745	0.868639576764955	0.849313406388609	0.836208952871957	0.908588479534149	0.938762052609521	0.78211184229786	0.866097325234962	0.944025123766562	0.917876790151286	0.962477981591309	0.895520728776811	0.804668258531048	0.848254024106922	0.863888335103506	0.865266813534002	0.840287992365746	0.849257050612346	0.84164383475379
"SRR5865119"	0.482819856404931	0.222213906575953	0.256924954874488	0.222501970651885	0.223088082833398	0.252894379286397	0.346101674516327	0.554306029210439	0.417915179284541	0.132833040790887	0.345816992992265	0.182487487230424	0.249630896368949	0.220336906753617	0.226729632030581	0.338823190596309	0.154275000861618	0.190485122308083	0.226586415776856	0.492963807471878	0.277386680447243	0.139231729950688	0.279340723858564	0.36047785711989	0.309505029727645	0.25281063105564	0.257653864311541	0.355821469671679	0.541260116101955	0.262487819904008	0.49050376420149	0.491106416020137	0.311670842987164	0.402219900955264	0.16371972388169	0.138803493194207	0.523817151606424	0.329161996447149	0.265481001527568	0.266775865818391	0.312588061049853	0.317612710401323	0.292660872058882	0.383107778130359	0.201989278200601	0.325506949798345	0.404461243673094	0.195852561949164	0.139167057519603	0.390120788757469	0.121127235885812	0.26632395542525	0.610800760176386	0.422793160279042	0.253438684670092	0.240782135109921	0.291707154963397	0.134947464561276	0.353151787993959	0.254760223039089	0.267214476050989	0.467493041036274	0.370267957205427	0.109958685305117	0.440573897157707	0.243947804078207	0.23653750522602	0.236278918291961	0.45524486129943	0.406406730230546	0.277557128319726	0.261424813323705	0.148971288701467	0.425410200303064	0.279575477210836	0.490523462101025	0.240975874964056	0.437017819982499	0.290498772370976	0.173305014731678
"SRR5865131"	0.655511342236834	0.602478778649822	0.549629028169537	0.406851744062237	0.155407419870687	0.369174645494051	0.610237148614907	0.830400442879716	0.560526521327377	0.149350671529808	0.611969353462785	0.727775606245076	0.50999713703721	0.391302807785836	0.572938294388941	0.629165502333952	0.147460359442536	0.351025586794672	0.322716358981991	0.650430405464078	0.631250688842308	0.161799064621197	0.482321658458416	0.723201910877273	0.421452182749185	0.636127147916642	0.560930938731246	0.663768319652686	0.633571307364562	0.605616550647307	0.702908006725637	0.631524322293061	0.665140764487899	0.0452524510014144	0.395548690095676	0.488228245899664	0.794578458110436	0.565370088080733	0.357153600815922	0.574852400175411	0.197834442127009	0.60773917671102	0.403291388018029	0.700782864422008	0.718616115984082	0.60105165607139	0.844480167882753	0.564299952632938	0.752724764075739	0.409403347114276	0.411087436420764	0.505995178245868	0.807462957591917	0.719848923379507	0.27416174564231	0.260422915801686	0.641426417122257	0.336476010100226	0.419771772839779	0.711912061525256	0.473396404735887	0.647297103103955	0.354141156153099	0.566931062290637	0.233373585093897	0.336412481025201	0.437821672388419	0.299481764065096	0.498991696455437	0.629483670939412	0.505496428947072	0.642783910313117	0.614616768665925	0.531797957494672	0.688048733232906	0.479678630905766	0.532033626466634	0.300600680482185	0.716108664925547	0.149540528147884
"SRR5865132"	0.451114343797576	0.42829278638314	0.439523824516153	0.396092978227118	0.442494996351144	0.674553339909388	0.353572034289939	0.606642159743322	0.540077516317078	0.798539947919343	0.837337980759239	0.673529055534455	0.48684547775976	0.589534610110517	0.913938447418156	0.82441355466863	0.746636955450662	0.514095883587054	0.369506950424314	0.397567922860375	0.815520233263905	0.22382239607026	0.872098244301361	0.844542653820064	0.459912269719707	0.41045939769867	0.8108112423794	0.825967916920487	0.919672978238654	0.572231105727959	0.495421721451499	0.822101460621028	0.820243642278374	0.738325247379204	0.384527238596658	0.526756242920262	0.546137582807416	0.578586932475687	0.403128512274296	0.46038972517866	0.487942389697273	0.545357694044486	0.606423152728613	0.407202645826252	0.621049489894417	0.363766327532368	0.874679299987793	0.618048745612105	0.457215090168602	0.375866696366656	0.595881528247748	0.804784099217699	0.639709058021513	0.789742426241044	0.488923450215756	0.780580579796939	0.431224610292034	0.222600412146369	0.665659918139017	0.868201438796433	0.465659899836058	0.727177796089508	0.819293818166914	0.42205743879836	0.291384598148928	0.796790175391859	0.453407776400504	0.730394308602759	0.50221836411767	0.750459993435627	0.255462669388114	0.518003238547429	0.413984796475755	0.479041366055882	0.80461226052655	0.368282387502568	0.329091219935545	0.369800467601376	0.896052432139483	0.491381044236381
"SRR5865133"	0.289008151972128	0.488229207351827	0.570565250372822	0.60140183658335	0.67793825385597	0.523198988504484	0.231638256301464	0.703288031167317	0.600425253046563	0.17048642628994	0.309464347917397	0.61909383479925	0.483997839654979	0.619146925974797	0.174153114677676	0.198217280049014	0.358185783410542	0.283931100387192	0.550726529603447	0.553152201914158	0.61225685805265	0.176166441006694	0.85023016312737	0.51495136845554	0.486109103867455	0.586830211562848	0.583134739043742	0.613553080945852	0.733365747968973	0.929093455142125	0.729411828430776	0.918608022851109	0.269994577739223	0.136790907318296	0.353405305777761	0.224815500747848	0.691161055518461	0.832188490650427	0.464594901338158	0.583880449553914	0.614264393665064	0.733264244941106	0.382203715813162	0.897489452761242	0.577995163558928	0.589191931381523	0.80520590802221	0.332930075799739	0.445682400880331	0.434636083020945	0.307994838784911	0.270211547702753	0.581422786775294	0.162544521805589	0.610951101562563	0.572858289434726	0.428293474300615	0.415371546555909	0.548690244668328	0.481170010197992	0.433146134084409	0.210005806901009	0.173398469009292	0.656331404055771	0.483715243354798	0.639820598771866	0.298797826804264	0.315092440604988	0.440563383685231	0.504589158181058	0.737905713009154	0.375577994199649	0.621125642624737	0.511839327353255	0.70322806997971	0.378449211487078	0.707492149840702	0.309778865460782	0.275987616341997	0.268501134296094
"SRR5865134"	0.969951120776188	0.888948505242138	0.909254237110854	0.926848019261378	0.853689853085011	0.900757325647879	0.914691895545227	0.989270993336087	0.939272920229011	0.550083634325371	0.859847885003664	0.942301313625847	0.883199560537113	0.799601853282051	0.820648618069064	0.866612880043071	0.813314254399631	0.932046515598694	0.908185973479844	0.980985611183517	0.920996574873678	0.986777080298807	0.96329433531363	0.946862765386858	0.8212473852792	0.929508232306742	0.873491818359777	0.934378100086514	0.915446641738294	0.906393234306968	0.956958969844552	0.979921065298751	0.886078342475633	0.812332402696137	0.898715436632462	0.715229359078049	0.990743064310691	0.975926190857098	0.944618637157972	0.947587718012345	0.925439670430501	0.931164144932929	0.850427236943089	0.982245509977236	0.93340529475191	0.964969593967695	0.967956545017005	0.788806291666781	0.904802722773441	0.918259758282162	0.862249553478126	0.872522010544077	0.972999834182033	0.919594700299098	0.924151452889152	0.736437556253883	0.943216932539234	0.880625355811255	0.83674494289599	0.925189229188412	0.931433951964034	0.726201994670262	0.744666921106547	0.904792959754143	0.965403273045822	0.932102215919363	0.839007227095783	0.794882381058447	0.947611095934751	0.914636616746219	0.915316596252904	0.890138904382586	0.956832805976455	0.960704052996076	0.927419285266633	0.972950960414229	0.95088157524113	0.871025778962883	0.862449241314815	0.826274418391305
"SRR5865135"	0.00176389253092627	0.00519306974561094	0.0020710075480915	0.00325415070312038	0.0086472636272277	0.00256826424789934	0.000741068474569024	0.0078537511417724	0.0137513720045316	0.00320683088406573	0.0159977669481666	0.0135113504136021	0.00443614168465241	0.000675697902979103	0.00446993078418212	0.0170070583618374	0.00646494882993338	0.000265228690698134	0.0039654691913165	0.0048632572459783	0.0070130750059753	0.00094916210683015	0.00743603331598888	0.00756439391800489	0.0108255722018079	0.00562223908658112	0.00665532223022428	0.00511420891271567	0.0132031312832618	0.0192264629286223	0.0313070330257098	0.00997875811543259	0.0331008491000675	0.00599619367315694	0.00156454260708082	0.00447741365207522	0.0154889643796685	0.00697578189365763	0.00275170403461686	0.00195074328303819	0.0134515247312378	0.0148032846288245	0.0071001403167894	0.0073408701783671	0.011869427266872	0.00310738851193428	0.0187557843455281	0.0500567542988415	0.00244333774554615	0.00697928842855711	0.00297099140409065	0.00813159502831213	0.0140847895542694	0.00636396532690666	0.00242972206670325	0.00712311339116475	0.00191450730537393	0.00818233043765161	0.00494823417382798	0.0146134015799658	0.00103790613641623	0.00770430997242524	0.00290209882995103	0.00376651167456504	0.000799020661282775	0.00865514381229303	0.00306447763447916	0.00736000337051823	0.00179316185197411	0.00312662866043658	0.014421890879105	0.00143188140845918	0.00399577193213536	0.00738269179937739	0.0183358124578836	0.00416425600241855	0.00465700010464744	0.00223595086490168	0.00853202779423357	0.000573172691175768
