"Model_1"	"Model_2"	"Model_3"	"Model_4"	"Model_5"	"Model_6"	"Model_7"	"Model_8"	"Model_9"	"Model_10"	"Model_11"	"Model_12"	"Model_13"	"Model_14"	"Model_15"	"Model_16"	"Model_17"	"Model_18"	"Model_19"	"Model_20"	"Model_21"	"Model_22"	"Model_23"	"Model_24"	"Model_25"	"Model_26"	"Model_27"	"Model_28"	"Model_29"	"Model_30"	"Model_31"	"Model_32"	"Model_33"	"Model_34"	"Model_35"	"Model_36"	"Model_37"	"Model_38"	"Model_39"	"Model_40"	"Model_41"	"Model_42"	"Model_43"	"Model_44"	"Model_45"	"Model_46"	"Model_47"	"Model_48"	"Model_49"	"Model_50"	"Model_51"	"Model_52"	"Model_53"	"Model_54"	"Model_55"	"Model_56"	"Model_57"	"Model_58"	"Model_59"	"Model_60"	"Model_61"	"Model_62"	"Model_63"	"Model_64"	"Model_65"	"Model_66"	"Model_67"	"Model_68"	"Model_69"	"Model_70"	"Model_71"	"Model_72"	"Model_73"	"Model_74"	"Model_75"	"Model_76"	"Model_77"	"Model_78"	"Model_79"	"Model_80"
"SAMPLE-1"	0.996768697842939	0.941483774004048	0.978593196456915	0.985139432818336	0.951515234562647	0.955459374589511	0.983680703987906	0.987621189493137	0.996984057314795	0.995752940981764	0.977089376907433	0.997691771693327	0.909644333747114	0.974109995494345	0.927403886294006	0.968830408481946	0.962779518142691	0.908299075972684	0.997578724049477	0.938229436170197	0.928131644542543	0.988059326772723	0.862277893154254	0.993307530039863	0.960809132448462	0.967098776761598	0.979321744800754	0.996347857593104	0.952958551975196	0.998834913174036	0.993796029825781	0.992639299947419	0.98012301876223	0.95900167561979	0.990251475466811	0.981049945659734	0.990150193781499	0.97065100352477	0.976306761186103	0.974050650057015	0.946813313421433	0.660767147311572	0.955396136963856	0.993253232435153	0.994647599336349	0.998576760752352	0.897648270602389	0.927953398266149	0.803911632764912	0.835491551015034	0.958935884085695	0.997113729806363	0.982995912644436	0.950656263752775	0.990044700045058	0.985885035250761	0.990815374326394	0.99397872447548	0.97106615601788	0.975929594211982	0.978781231697963	0.974881796376197	0.981989133666945	0.982281218577567	0.992183282069215	0.952779220201172	0.996657881449829	0.995433979303314	0.967957089583648	0.990901638374628	0.992057606890368	0.990457711402242	0.999298707631402	0.961844620377689	0.992310654780478	0.992311202224927	0.979031373111361	0.998584126291049	0.982209750569586	0.998320785478275
"SAMPLE-2"	0.0926376673448824	0.304300922471372	0.112537691462497	0.573101399714182	0.118119308630995	0.222478588624488	0.431516686591743	0.187617261388675	0.358568889888825	0.430425630394046	0.374049369687472	0.255557022421242	0.246550671344702	0.179911345975183	0.0444849008477399	0.473321655256962	0.128604953020067	0.136443411222017	0.326025059188638	0.137544145562835	0.120180978446309	0.242946434293213	0.0690251004045477	0.51314739181356	0.250437510161397	0.0666839767990128	0.267963902272568	0.597826995864128	0.231278866787198	0.405010828726501	0.629616350229673	0.381390266300944	0.162148343281784	0.295214457386645	0.600142410346794	0.341245335303405	0.0918955740845756	0.305532997710095	0.22609769412852	0.181654148888779	0.167954157999346	0.139884974158042	0.143649916037987	0.267184293557905	0.595441498359846	0.231224758987672	0.0816292570241812	0.349241076117971	0.0663229345552548	0.0839399462211975	0.480031941019051	0.430679821916955	0.255169366737119	0.0442561927779789	0.708839144482095	0.386986892134716	0.329134091515368	0.576649797579194	0.154634269098888	0.218610229444318	0.268898655648366	0.12932332917837	0.240621542927651	0.480721977947713	0.230237356257081	0.422816007850197	0.544145808386789	0.46492650300908	0.299149001942513	0.149381384440047	0.225621389488304	0.177643475753526	0.511984074322623	0.121518856816802	0.405994570560037	0.281580970036282	0.524321220649557	0.223184973262803	0.414487242661716	0.470439153575308
"SAMPLE-3"	0.97539198721976	0.988660011973243	0.966176338583866	0.995088993642089	0.988691861626779	0.995228180315355	0.984564193273581	0.991038833376364	0.982043667439808	0.987416932975059	0.973216338018309	0.954374236319519	0.96615710428878	0.959719016013931	0.964818153894561	0.99125103334337	0.96955734677869	0.976373306312642	0.992654163404891	0.984236856400472	0.957707993469268	0.984571177466208	0.962533065636283	0.997098471883882	0.983624087502789	0.974432492110314	0.984987720342861	0.991698469619638	0.946837668376059	0.970782509505948	0.992387009197054	0.995298137618833	0.98655013023523	0.982180958984475	0.981402066384162	0.986459350374514	0.983207787503097	0.995041738255957	0.994360253565526	0.992536416165275	0.976792505085925	0.977505061645236	0.991600610868545	0.969827612630838	0.993341136290958	0.978892008986624	0.985226448419368	0.981518957351067	0.968999604716717	0.993258920491205	0.991610953562894	0.993785269784746	0.987606242872803	0.972820077897284	0.978734527797283	0.987559397110193	0.994118447902675	0.995146917589999	0.985439960441963	0.990108361080264	0.988738057586938	0.977753419336646	0.990404972925726	0.993374274805053	0.980273081302454	0.987703348506157	0.991593978393509	0.996867892575151	0.990587785854782	0.983329524635872	0.993127888142306	0.992786059971239	0.996230524597057	0.969074738201664	0.994889284780999	0.993899163162719	0.994723174838793	0.974282105535394	0.993820426565331	0.994380881475513
"SAMPLE-4"	0.850516976656503	0.932747690382345	0.934321996868946	0.91522496939197	0.801181637345158	0.987847912923282	0.973068226709209	0.926914836528566	0.977257333130339	0.994947160232323	0.919780680083007	0.974148688149181	0.979810291500252	0.892137695439711	0.741938543835482	0.958696170712703	0.888098850835472	0.531730084954571	0.97194040278637	0.572572388772119	0.730597293393954	0.98944755054203	0.572406544851081	0.983963303648968	0.975887818921873	0.916990952647719	0.957377067442789	0.970475924159806	0.919310687944442	0.871740413651325	0.981843801123398	0.983836093205646	0.971066862851473	0.964455581120844	0.880783158643667	0.869871151205225	0.952344740777767	0.959143861088665	0.95784723002012	0.978685321912342	0.876132921399846	0.889975683985791	0.902877793361626	0.962545587246147	0.985389103944355	0.944358456733858	0.842077349042279	0.828460833039185	0.821613643569737	0.94329936200989	0.971513214622565	0.982587337858881	0.984601542584345	0.550830382553483	0.98158897893504	0.972107593841391	0.897732750553515	0.985669544504448	0.883639513187647	0.798997837186684	0.898396634291177	0.66876049684798	0.949821196047098	0.987048319761064	0.908155879056501	0.95482363349748	0.977313151449564	0.939218788160938	0.971774549748426	0.981547743941705	0.970198157040723	0.899278449555783	0.997645285759466	0.564756336720731	0.590376170470036	0.99410438735043	0.948304410997758	0.985983556573225	0.902593201691357	0.977026241437558
"SAMPLE-5"	0.324959159102201	0.339734742917094	0.660662028199646	0.125539343571744	0.1102827847227	0.580329900404849	0.762466742665295	0.160212584419123	0.606121125932394	0.920342868947048	0.43015424703212	0.676419046878347	0.653211397968404	0.280906276005719	0.123286567849115	0.194213330683107	0.416155983783242	0.0928030353594718	0.44239031710964	0.051380932515496	0.185732963574935	0.607352609761233	0.0893612235529265	0.627202101343211	0.545561548577671	0.11993092864607	0.48670340805383	0.601807186197198	0.758194233702141	0.670483908470252	0.396538549599077	0.728601732389406	0.370327114877244	0.571603186288623	0.157895519892231	0.220329379625073	0.311941051977918	0.348935700025785	0.166662474681838	0.556953972423132	0.475857706913259	0.116574865955655	0.0776051938578178	0.718189720749792	0.465688303887363	0.510801368891297	0.381314119211951	0.277664716999157	0.0838727056420834	0.468918246772288	0.466349679724225	0.875506383702971	0.659279444879156	0.0824711227508636	0.886063379184367	0.280979279442269	0.503035264726309	0.583582335627359	0.491939502649901	0.157203302861653	0.650435820280942	0.152580367996451	0.395584643587708	0.692075668475924	0.489319654859483	0.80400889526878	0.709455628005151	0.279006716805451	0.614259918021076	0.26146527440008	0.509852805890549	0.030796957492783	0.76953434574729	0.111858214060664	0.2176059575954	0.819553764687697	0.16263210946539	0.686782619377875	0.161207783570017	0.566393803064267
"SAMPLE-6"	0.903126865306044	0.700069417975287	0.895984454534482	0.692104565725319	0.51554338116788	0.975639010199519	0.956748801724531	0.952407072397103	0.949299260318333	0.984930712261125	0.919535730881179	0.979648838502372	0.97718149156453	0.874512878875438	0.819176922936984	0.870231262124628	0.743086522262013	0.583439385372231	0.888993379222541	0.436266229257468	0.611185007876433	0.983566566398335	0.690753658319148	0.92863670192374	0.865033275239361	0.639381937178917	0.959484141414621	0.880159067215503	0.974041651715101	0.959855520118325	0.890101670869174	0.953747004051438	0.629680205478829	0.852986377646938	0.792184373142344	0.830607207668001	0.712861239985197	0.719533782992156	0.670925464747359	0.932261641726169	0.717779098206479	0.721606396569513	0.777192526298087	0.970651632393726	0.967743756383015	0.942277302541429	0.723999962886733	0.652900920784607	0.717059936207868	0.969886841696164	0.922451210424152	0.979028878326609	0.955002414813599	0.792394444510664	0.97373019308477	0.831445451957897	0.820401008104014	0.973155173861559	0.92571339047698	0.682696718331689	0.791303122056316	0.664145584582178	0.885083833693731	0.923848629484099	0.970545567055396	0.956489145275363	0.966382084587544	0.903937320318027	0.958650652182989	0.630256157129647	0.837067997932215	0.762811033570184	0.996893756551199	0.571203719546343	0.693656323318674	0.984443701851577	0.780067940949004	0.953727344910481	0.670646463545791	0.976556780324952
"SAMPLE-7"	0.989531163734494	0.996976014224993	0.993996781867506	0.997351881846048	0.996022474631829	0.997234216940698	0.997220937064496	0.998706576559423	0.996812029685288	0.999432384809488	0.995971944298279	0.991581958028222	0.994276306650845	0.979696349712006	0.977144881040873	0.996932413315514	0.983581140559691	0.968114141895171	0.998848993832346	0.993095198987306	0.964627103960947	0.998496318301946	0.983575492322947	0.99900730958037	0.995157436713151	0.989876406739003	0.994399998896365	0.998160901954241	0.980716029256209	0.997284235362412	0.999112563107718	0.999471905737824	0.996993486079042	0.987745481665655	0.996260823524156	0.992589347851618	0.996768970852271	0.998094068669478	0.998565727659505	0.999062277586555	0.987370134683985	0.983210842000916	0.966703161295904	0.994435953675198	0.999658228317968	0.997054488160445	0.998166245015009	0.992689084001848	0.980909356007486	0.993440218554569	0.998668964650441	0.999638000086804	0.998901727566088	0.990098492705697	0.996327371169582	0.997198478842878	0.998761088294991	0.996220873968636	0.994533076901162	0.995815624424694	0.99322972918927	0.984810061058822	0.988277991057007	0.998263050333669	0.995035095703552	0.996232841898386	0.998640031222649	0.997630278331767	0.995148117213046	0.997264963624336	0.999181933566998	0.998378625613444	0.999810485076569	0.982691708046734	0.998794800032772	0.998901611329004	0.998468928980684	0.997136448433219	0.999123702073575	0.999535878055348
"SAMPLE-8"	0.562848750819409	0.704413335566207	0.890299900503048	0.835225436529097	0.397800959628083	0.86830670815768	0.783705203255923	0.893884471522078	0.844960623084966	0.969987586137512	0.922934281709133	0.546780278837891	0.773203043507783	0.622790136382378	0.559702714271471	0.783835661052244	0.739995065414301	0.801687726583862	0.726190963415701	0.781449330960049	0.634677264958166	0.891218818348621	0.558977163248268	0.888099213720732	0.561418965256737	0.626638703822947	0.827486916516192	0.870274044355584	0.62168445335632	0.903922153680279	0.929042149791948	0.933331578675423	0.626278156292322	0.588742648485064	0.925793650630695	0.824688033266088	0.4577369752598	0.881489594777796	0.630766019087086	0.809984247579861	0.567606833900007	0.721086898878201	0.687154747628936	0.834184965269831	0.908041491849949	0.827092985085752	0.794012679194053	0.805649117794237	0.690798810468021	0.565970618486974	0.830793945587173	0.966197782447623	0.947763066867261	0.628123123294492	0.795366029401905	0.894781032016013	0.866699643354274	0.863662004935314	0.837808007432178	0.503648520655159	0.778379288056111	0.789309657288249	0.687530944614659	0.911055285784596	0.795180519452068	0.88606392049684	0.958254275035797	0.973746415362478	0.920111940989924	0.54686337241505	0.698408008519145	0.783017621956432	0.855013639351167	0.383707351941167	0.930369003822424	0.852977754053356	0.948751197119686	0.896746349865924	0.91689219835741	0.971686912307467
"SAMPLE-9"	0.67363793691304	0.831713076176928	0.664538897091091	0.914410334540485	0.856832656942627	0.925300585032363	0.879218360869014	0.926141142834043	0.814423440164857	0.922430761869085	0.86854998667534	0.77665424744932	0.890987953618407	0.804156313186691	0.800846727785441	0.882129144634218	0.756433950848936	0.649333899362148	0.73837969467916	0.771703192666823	0.763044729504694	0.949100230618541	0.678233057734411	0.875240697450198	0.657889766514575	0.893358913819347	0.880623892990748	0.854620282950148	0.691814956333832	0.779186351738925	0.938532947708342	0.934933069167587	0.695641545097218	0.777384636524332	0.88316436303268	0.896890214788392	0.773145790612202	0.964557177413865	0.933989442163587	0.792131684916942	0.759497714697231	0.880288189783803	0.897922347295384	0.842282115629793	0.935498616231131	0.904841017313392	0.686207052938334	0.86797145162559	0.908390285000987	0.895232525547396	0.929050547158512	0.938358040799899	0.909181967890053	0.648733494114848	0.919827360599454	0.835203796846038	0.816411071802415	0.945104691280008	0.754496992910928	0.626501364117285	0.581211039247753	0.645532233603403	0.924193985310078	0.936023194586878	0.883100736894853	0.857461753801763	0.86616284792081	0.809251675463858	0.918449925846912	0.863947062877235	0.813422329615073	0.684232727860198	0.932305686686644	0.787871631048324	0.641712416575818	0.903713225211362	0.893495376761073	0.837202843454535	0.931267394612198	0.948833320806499
"SAMPLE-10"	0.383793565613024	0.376864428624192	0.794250120520511	0.686588831211295	0.94962078092681	0.378422740005313	0.740409223793659	0.00899513383684009	0.614616615520319	0.89729723051644	0.724915775265587	0.626811939728883	0.509905979264386	0.647355182159051	0.0554419542488415	0.746923273395707	0.344159627953635	0.16351313687283	0.181395869645072	0.113248401330082	0.336098117484769	0.906325369634021	0.0545225521919482	0.308776090198246	0.2485543129619	0.811266182448837	0.59017097033834	0.832825976439844	0.457810952048253	0.559330871851456	0.416467805078796	0.290549663033989	0.67610002789664	0.530443708544862	0.571651171665528	0.0668810153120461	0.774608403761085	0.926983943360022	0.793730900855451	0.317892467211649	0.73284052543501	0.455458924996646	0.628879089239982	0.707235764920507	0.758306033167688	0.633430186232885	0.813544070019078	0.548750629269513	0.222204865324253	0.79751346855023	0.570109601068514	0.755269725439442	0.328359287196973	0.0139995905299787	0.81093015135507	0.212812227596605	0.427357333626883	0.64460166589948	0.861871491174013	0.148291109817405	0.280141025874814	0.933812189689274	0.811687043242777	0.906467439510744	0.0607684033913601	0.549762358478369	0.262467128460491	0.576476060284343	0.848738899041806	0.689847351603231	0.308501307014062	0.0369821056135663	0.490070975960258	0.601043235256577	0.219308476398597	0.814829568463704	0.135354161577297	0.715271086341119	0.119223623283244	0.081110691860769
"SAMPLE-11"	0.990157856870316	0.962445556786409	0.99475185615522	0.880525844162213	0.99637875489639	0.981212279427256	0.985029754627715	0.813092958980107	0.979771041713269	0.996070190825137	0.988473574663503	0.960646745366578	0.967676224033115	0.985274796995484	0.774122358941583	0.962022737831453	0.939770411828148	0.952167597721387	0.936485008979812	0.901575005398866	0.886335520063798	0.993223901978643	0.744719150192293	0.979289544963465	0.973226272043745	0.964713913527819	0.988827664900393	0.987305819865393	0.972984189600998	0.983253780537652	0.927874435190981	0.979683801626749	0.975770273770368	0.97310246678478	0.97837418738693	0.785073346577361	0.986617851172229	0.997126006418917	0.957373225353738	0.979963209966438	0.982980911235869	0.918911135135953	0.973948099998296	0.985798796963716	0.981947590722278	0.980239795958617	0.996181225185319	0.964514035501675	0.806098252146431	0.998345538131454	0.97540608066626	0.989005353389469	0.953921055287131	0.613753231040702	0.972409892188508	0.922156607831236	0.993008404206199	0.950836826323207	0.996942125466209	0.958178007935841	0.972931816783895	0.997406663606074	0.976100926126711	0.99409458680661	0.932558364063882	0.986786095960014	0.953188523065949	0.988452496004241	0.99029699650779	0.962530156625595	0.961231998600147	0.814161415934054	0.96919875521334	0.962391703798429	0.972520914503856	0.991318846325642	0.898365795953309	0.982616898359893	0.951551640059786	0.916259620472799
"SAMPLE-12"	0.0128352967120757	0.0113423208713458	0.0367522670595932	0.00669555354616928	0.0393563592349703	0.0067549734736746	0.0585970959730819	0.00387106680614186	0.0557308414928996	0.136174836921633	0.0416589491688666	0.0512335968525717	0.0342212871501817	0.0181409058743263	0.00968110128463575	0.0127373514384431	0.0741064221574785	0.0313618798928562	0.0128815291460417	0.00857660876282063	0.0407775694510124	0.0279297270187889	0.0469102865286409	0.0146867050170803	0.0142222914678181	0.117624042091784	0.0286917275563778	0.0293158705454008	0.0361824829551678	0.0520474863568609	0.0317927169793145	0.024775398165347	0.0168893895080731	0.0229294756365736	0.0332371302200701	0.0223075865896736	0.0662539777450795	0.125252259924257	0.025631942224963	0.00394632900646629	0.0256932263838287	0.0107983549574481	0.0257132715703609	0.0612339699811127	0.0550779003489954	0.0183348304667654	0.0041194738115339	0.0506403377589714	0.0132455483285508	0.00640419403252095	0.0266569064258295	0.04948452452287	0.0169342022167712	0.00993137247589918	0.108724749425956	0.0225314498036943	0.0122427425006534	0.0487003908314586	0.00589202628944024	0.0158019835612897	0.0201519263146004	0.00892559717474812	0.0154503609750826	0.147651739807445	0.0160030895484802	0.0214706173111109	0.0208147799862982	0.00201916069000242	0.0732021022645702	0.0563378392941188	0.0823525612779879	0.00285725010001972	0.0252287063385034	0.0224779744597496	0.000849407659398246	0.0306560686126747	0.0112253694657145	0.0514252398273703	0.00862471390717373	0.00800948752058056
"SAMPLE-13"	0.946690482042793	0.930834759139131	0.970994237857334	0.961467430223474	0.993839510641933	0.904861713382266	0.964460152478187	0.833445834201032	0.874531960377863	0.993939316093675	0.96570787119722	0.86347889664751	0.882959159312526	0.700928392013507	0.706909736857206	0.938140165393076	0.832685097200088	0.93442720824815	0.842327318174647	0.874631889664817	0.755731001406401	0.965755541821636	0.926364203264781	0.921085406877757	0.842369996833516	0.990114848763076	0.982344189452473	0.769805831536075	0.891083410330825	0.971983591377054	0.914813287384608	0.974901665459656	0.972615959378079	0.873623309206717	0.931408713799744	0.669391491272387	0.982855924765271	0.990487696275818	0.994846035543727	0.984181021708808	0.948820431520396	0.756873666019031	0.937638111395574	0.943346372720039	0.955953620103588	0.8016623901337	0.985361800465768	0.856507190810272	0.778825117166303	0.902694641313529	0.92066085570932	0.980159553892025	0.943077283694905	0.82194198983073	0.84979514502167	0.919546462613687	0.952336485169357	0.95339022998165	0.960695632516418	0.975992904490606	0.929918881235696	0.96945819598787	0.66819849058885	0.964888338385297	0.856444350649118	0.836790905848063	0.935952970180457	0.985564479458638	0.982826489631668	0.894571604269275	0.983726015125992	0.821939071342139	0.890170152696129	0.928171956067779	0.976741341693969	0.977560373721616	0.595232765992877	0.969591254317171	0.989142642068973	0.964044850290374
"SAMPLE-14"	0.365737216096866	0.321181841208008	0.332894040027063	0.253416619187257	0.0982791391431248	0.289479521022136	0.11462847241561	0.253568022261845	0.388083941209571	0.298251524923116	0.21917377525243	0.314810547862223	0.194688067982284	0.328303132877943	0.245578116730092	0.0862884413336928	0.510370837302579	0.278842932827968	0.406895763749065	0.23283873649151	0.403155611682476	0.0557826748233086	0.333992752132628	0.272670302765195	0.313768558370814	0.329374782297052	0.401757311084557	0.316083527277483	0.336356124271699	0.226593315741753	0.295143248791118	0.401687593321041	0.118460067162198	0.327737941825435	0.540701578473728	0.293074788060426	0.11833447385909	0.519281031729292	0.0510889022045042	0.0568015327491767	0.202034417273099	0.164542069018677	0.299005503197683	0.30377315975126	0.17536297830386	0.439804053843165	0.0932842856931381	0.368026798913626	0.238086476289238	0.165701244729105	0.16832592205834	0.114289039642513	0.149689213861435	0.258828084671483	0.164870489996906	0.234354413365477	0.214883092926763	0.0443055382458573	0.0381793090338858	0.203395815073449	0.355980466175652	0.0985102393126836	0.230198429801403	0.190513042486091	0.246190373712942	0.27053442031161	0.146454990343204	0.124180767429965	0.579746786338014	0.707139878963015	0.404621201057812	0.267065087651024	0.441869398051167	0.060902628987974	0.0469147032776698	0.209621996101788	0.310140981191568	0.327232618959411	0.21303924600487	0.143325799586794
"SAMPLE-15"	0.750745828393955	0.628077093497158	0.308274568663177	0.682241564761664	0.713953590400058	0.64198249115609	0.575657336976782	0.747746302244062	0.405451864506919	0.447681573287778	0.790715799157899	0.467688707710425	0.683345626864758	0.713852782994183	0.300606349621777	0.38516244891819	0.470695383295666	0.399733581331525	0.336497773416336	0.23468492421069	0.390376102039325	0.403468757779894	0.315703790797749	0.55123460942111	0.5934196058704	0.30190331473823	0.610832554451824	0.521577944418257	0.603355000258658	0.53678845409107	0.428472425057034	0.71321602697167	0.374961856694353	0.646029027256281	0.78773315894534	0.616400603059498	0.634384902453663	0.741327138239688	0.664329063454355	0.317355315930987	0.770218497477518	0.49995509764318	0.744867961449673	0.484423167802186	0.303545591937474	0.579523116890815	0.484211568169677	0.725607366402716	0.397870962806502	0.75580783709042	0.475662536760742	0.131702571267278	0.510650326598118	0.18571037049681	0.421470693892649	0.57751386189201	0.610197004902085	0.15919376713225	0.432724569389136	0.639007901268699	0.572905210353443	0.567538564579053	0.65446675003583	0.507222057530652	0.509717503667303	0.605478749543491	0.237692043707829	0.490459426899249	0.478347999210254	0.427312689206855	0.482917687787865	0.58516708761059	0.123966476942866	0.383280960070917	0.605842634994902	0.416453058863812	0.684284615873931	0.52421456101062	0.950891988662465	0.457486913013904
"SAMPLE-16"	0.960808589257498	0.997537713772568	0.998550734610575	0.996360375973398	0.99875310772352	0.999271915407639	0.996471990956106	0.999392596498255	0.996235710835285	0.999458091680469	0.995710852594045	0.991054615062776	0.997922831806398	0.985050387514413	0.987412085938321	0.999306272156781	0.984377285285641	0.976556345724338	0.998241875386506	0.995060727443332	0.968218862803295	0.999803315364063	0.990148113459582	0.999460038310527	0.995869869991487	0.986693364063118	0.998374129204842	0.998748249887703	0.986195258050601	0.994954282104634	0.997640788602587	0.999601825450548	0.998721552841979	0.995640429029678	0.995779764657189	0.988549638838047	0.999772648123605	0.997456773362725	0.999888700519985	0.999999021617747	0.996602528564923	0.995572293921094	0.938978803722684	0.997034011099619	0.996650410852886	0.993341140936785	0.998131166694637	0.996387214637594	0.98899155636853	0.990082223364892	0.997838577464598	0.999969450048101	0.999841364712253	0.985377751017609	0.995223568129648	0.999400208566385	0.999678371899204	0.999295647383855	0.999664200522142	0.998377383060511	0.998063219968611	0.983702520437331	0.996682699373075	0.999499567280641	0.999592144724761	0.997152689318259	0.999835596089488	0.999492725213873	0.996104047653457	0.998430567816847	0.999998022134225	0.999236826879416	0.998777066428383	0.984946308856405	0.999361571118276	0.999841488171579	0.999175071005593	0.999299679450776	0.999786239678115	0.999640048543731
"SAMPLE-17"	0.999407041195309	0.997982981322862	0.99688030085259	0.998446102485766	0.998333674010888	0.999533362004095	0.997998742373248	0.998956471977215	0.999624699884372	0.999911427119607	0.999126599261274	0.999305607130954	0.996989805701244	0.995559098126611	0.981863464839784	0.997476479725409	0.976366521685592	0.976298600129436	0.999231633195412	0.976306309555205	0.929666580630053	0.997940635795078	0.903000836114071	0.999190616305258	0.998898295027511	0.994640307181082	0.997082723515154	0.997621253790521	0.997100191360686	0.99966326522513	0.998502224654418	0.999637504154716	0.999067445040761	0.994407917355862	0.995618805087159	0.985463458403677	0.99888501294909	0.999290732396897	0.999292689992646	0.999225275680329	0.996260665101427	0.9793772914316	0.976079661534571	0.999200814536464	0.999716321323461	0.999360130637138	0.99926064695286	0.994966392908688	0.961654565938281	0.996367106161642	0.999142534407781	0.99990443023706	0.998747485979275	0.956875169580553	0.99841660750466	0.998633376509342	0.999636282449598	0.999195845465311	0.997718966284664	0.996909013501154	0.998212439244037	0.997436823572012	0.992657084990544	0.999436003401632	0.990069411204865	0.998481359507162	0.999468443384857	0.999846567899809	0.997703504653384	0.998164995283044	0.999343756529468	0.99928963639295	0.999986486124647	0.995632310275829	0.999191758357027	0.999594095012361	0.997195963731721	0.99932792928019	0.997957285401416	0.999182778695644
"SAMPLE-18"	0.562631572991177	0.399194469210636	0.361397516109245	0.273124576013259	0.726918507747727	0.403990931772347	0.257242492303561	0.194300339113366	0.26171318686891	0.453155109245586	0.307846021030228	0.369574545230263	0.27142290808358	0.383257545887318	0.342955243995943	0.24698908515795	0.518215697810284	0.256977479754242	0.395850749082153	0.261204409281709	0.512605363001947	0.110468048154734	0.440192805618867	0.255653677280081	0.366253118713657	0.707854752570411	0.50815397895026	0.341344555475756	0.362035017532543	0.315886274335349	0.350607672930836	0.467128536961965	0.221293870437179	0.414697915274761	0.543897630053176	0.172275397098431	0.552864557130116	0.735756331995428	0.526262220061279	0.197521646065854	0.323290760180133	0.232556072093223	0.491615136316392	0.368026621413479	0.398636707469056	0.547763810508225	0.0825896131939663	0.379268412215781	0.274102088419445	0.464424584590794	0.20405050720585	0.194809988306582	0.172669388673536	0.168639196274426	0.328123008026437	0.193287557151608	0.183251939056942	0.162271524042208	0.250363545841492	0.104041930221997	0.237488387249229	0.349100945659605	0.364897386394081	0.494332104558771	0.152676072038597	0.367071863569184	0.215902348719108	0.16188336832709	0.5759895363578	0.64513686089406	0.59004458055493	0.187140014721958	0.343889379535363	0.408490325364797	0.055125709838081	0.247625421240561	0.233862403380115	0.318063139190403	0.168932163429278	0.148327123828394
"SAMPLE-19"	0.989258453924521	0.977124057698281	0.962467124265781	0.986099752756076	0.996706497079509	0.984732521324234	0.96563207614149	0.972727400914875	0.972746417748761	0.975773899510748	0.945484357188234	0.928180712471888	0.922775349999196	0.926463837400277	0.962918406520383	0.985139995779712	0.915237570629773	0.920119016510892	0.974209313803611	0.979486393511473	0.924949593800727	0.988947158996264	0.960312597363416	0.972182640325068	0.973294209954595	0.981348270875983	0.984516469686375	0.97098644278034	0.928222228793879	0.986899644443588	0.968573917195074	0.986150024458005	0.98385476594899	0.952954566375549	0.96770359982501	0.957857409826463	0.992932751195343	0.985697451461735	0.997858045664874	0.994050987573364	0.984916816085987	0.911229953701543	0.972966230051119	0.964451410757658	0.984184969216742	0.980526780015879	0.984587637326633	0.985039327034053	0.962927333178089	0.975383570636662	0.979695916177488	0.991794525746205	0.979504152214256	0.969498459514492	0.90434664142634	0.975432292119066	0.990522606003991	0.984143218926503	0.961757430107568	0.986147751394183	0.973858233789229	0.985457397580441	0.940894656731641	0.971370213989809	0.964988457968815	0.953510562661029	0.986980050097541	0.993609529929766	0.99106956906461	0.982622367310587	0.993030102072665	0.991769849007308	0.990620287836204	0.993410658959621	0.996515721701491	0.985292147018983	0.970384618761061	0.97793090859406	0.981971658479986	0.987748242881364
"SAMPLE-20"	0.97307435627003	0.924514875186925	0.791959039682473	0.831937660874512	0.997992166788237	0.729350325266453	0.917551249475202	0.587943990480905	0.939764490921497	0.975005079402319	0.844776938877549	0.900839970863122	0.676194876139654	0.716229791216535	0.6832939272322	0.922082770163707	0.748867722877038	0.531174792492978	0.790503985398912	0.759696371754173	0.773614931766738	0.910678024003651	0.89362841309323	0.677385123518495	0.843462935320943	0.984802264630107	0.913430201626473	0.832463183542689	0.729852396693041	0.965705755135792	0.809225440414647	0.878482154639855	0.948677419744468	0.696512081599524	0.843695771761415	0.599186311440643	0.994252286343838	0.979113161004887	0.993247715974276	0.968584481992108	0.856584815162681	0.552277894584293	0.919649754657326	0.946136325757014	0.940484976874588	0.928675408266801	0.925052725308105	0.90068420643709	0.694251445068412	0.853388743003131	0.935255793003085	0.888808673090239	0.774228737444316	0.740554441835498	0.780892004145049	0.756275366429752	0.885226892220977	0.855999520559648	0.754695404011488	0.879030772526331	0.76277764912972	0.889635189671759	0.668890151049569	0.941015509078572	0.705304283120108	0.572944550865463	0.802603552252159	0.843584615917529	0.910938950711487	0.959382337699698	0.990902081769164	0.799992133394395	0.91043770087766	0.954915801002164	0.800496958609965	0.870856740812488	0.571894829909652	0.892000297146805	0.961209403441969	0.835559948661601
"SAMPLE-21"	0.775816969303917	0.435028585139895	0.421761433767689	0.348156476250635	0.329559835702343	0.373350682010498	0.644215007204277	0.637460335539509	0.842434798188383	0.733631190680719	0.445153510052737	0.870746988312358	0.532071851155964	0.232638078462885	0.349480952096566	0.252484282076361	0.325624031009054	0.10873033717919	0.612698490666953	0.0746667185682078	0.153867624827338	0.473047200984817	0.460721478807925	0.285353334935477	0.546951055945307	0.682756726969801	0.333488280385135	0.224660975677743	0.656195442352242	0.684315268399868	0.47091110886785	0.512900064524944	0.446560080566904	0.349899426392383	0.401598402972345	0.540998580355586	0.783969789781368	0.67348139902324	0.437096605908987	0.184998454251281	0.447949690068419	0.13371734202813	0.273253474895746	0.840805505429414	0.403375858371835	0.644130376120672	0.101435221856814	0.437910248420602	0.121498401565222	0.298744398484183	0.440307373088834	0.532189196104837	0.375689055520899	0.369063229888512	0.621961198950127	0.46814838780927	0.366593232725613	0.285402780665359	0.358882774903658	0.258310256415727	0.284395245218143	0.154254033618126	0.0790581567206568	0.689106072463157	0.702046831336629	0.322731308570973	0.314979043994008	0.376354487677221	0.363671969215425	0.418729244483091	0.771337279909897	0.646969800253893	0.841413605281405	0.278605469035282	0.252283624705509	0.438425279641175	0.260200341863625	0.789600534205583	0.392430121993951	0.787716165326139
"SAMPLE-22"	0.93303137255547	0.981928659978577	0.983287449254297	0.972273936276063	0.983983582709857	0.941821292559239	0.948412102724873	0.987752428874471	0.964266691427749	0.983121586239581	0.974849129130874	0.976355783875899	0.988394087897666	0.944434600828851	0.703445897652354	0.96799774925896	0.939717560149672	0.885029577305919	0.981084466534185	0.800267806384908	0.840123213209761	0.991111552137316	0.931752014851874	0.955699485039841	0.894508199763502	0.981274942979763	0.981765039251424	0.939596395505925	0.9531221989119	0.935093651457473	0.949066841266626	0.976084728534168	0.943738858364289	0.918738040716518	0.966196537908528	0.802242813740893	0.986488222115943	0.988464320378857	0.993587987122464	0.950072366967696	0.944221468227827	0.838767693309388	0.865090311829218	0.977767883921523	0.919533833553736	0.970706250525492	0.974807864241845	0.949243652323749	0.731791742920018	0.909825758844976	0.971413210775966	0.966049155155155	0.976498595644811	0.903712207639885	0.849927550118428	0.946053884530428	0.834062898437471	0.952403995561558	0.977492922909388	0.937775780484759	0.933391923151196	0.946365008962066	0.942660949602493	0.987094823385139	0.953910507752021	0.954630310132999	0.958581834521315	0.965764920982021	0.899055013944253	0.974150560606373	0.963791371048049	0.954196041862258	0.879848721846541	0.91687691352983	0.96224676255145	0.991654578355438	0.8693690859505	0.979485469728697	0.99337119633318	0.984462538622912
"SAMPLE-23"	0.748992615470471	0.337145192593746	0.305465638021864	0.386665072834922	0.817440258662472	0.3052696564034	0.574031377536235	0.149276954934402	0.421458474583823	0.820378173889644	0.348559493193849	0.682956250644821	0.27143512284716	0.159063508640762	0.258678714744326	0.549510835061374	0.289119293430257	0.189171308925143	0.417667685406491	0.218667006712951	0.224038593012017	0.596648248788506	0.621235518044968	0.154258742371771	0.461338270011272	0.918184619010252	0.54282143253788	0.0733551166533044	0.401594652412612	0.797745986009075	0.307931445230044	0.40726091591527	0.605008494601539	0.355457551635948	0.265727422143405	0.152824617067129	0.740113613147694	0.773420021749952	0.774083335781694	0.623450242561333	0.661754280447757	0.190741391580646	0.403356702095404	0.732014490794062	0.311996084628458	0.550597388479852	0.204521375760752	0.386292126669239	0.191572463096505	0.26178376451713	0.315697986188201	0.413108507739352	0.421365220056167	0.148116810973258	0.381255412437731	0.275378223569128	0.396511235981862	0.372401332861603	0.163640717384408	0.301662452458208	0.350718104854633	0.233569235888352	0.129583608090213	0.701994431741178	0.23884802998296	0.201914216445757	0.533643231888499	0.359790167540658	0.528819496141104	0.459581684455031	0.901152678170213	0.18477212002297	0.387990433732346	0.375215652832233	0.240964730323533	0.412224833937155	0.0699172350568372	0.738728174995247	0.502552229225167	0.300971819954754
"SAMPLE-24"	0.159088491853544	0.15535840176758	0.0405172656309122	0.20253389988448	0.180839145924193	0.254417347171333	0.194837267197604	0.125237417082097	0.0829726153390495	0.0338645148728603	0.148468253817988	0.0808892022684831	0.113772105749832	0.104570525695707	0.316566407178327	0.13207218177608	0.157759094779079	0.205344854458227	0.0792022276645983	0.189908022049957	0.14080338032964	0.0488633904506703	0.184161047996342	0.0689563910671641	0.0866367068542655	0.16389064128713	0.319182909308436	0.0929315849245957	0.174493071421411	0.0653129416088169	0.134167602581688	0.117580332620052	0.0652269725084792	0.261133328902202	0.224726310928638	0.228111812155705	0.122920496762745	0.171630630843729	0.180601107555417	0.090133438024463	0.221641199392425	0.148847061682183	0.577430096733996	0.0978002586259273	0.0572601526208636	0.0893201237100009	0.0158956384356507	0.396169874420292	0.157374163272493	0.201643340899475	0.0987258565121359	0.0616619324822436	0.139039651125803	0.0664400583381064	0.100088371043414	0.174675594903473	0.105611785217066	0.173174537843732	0.0432278729641002	0.0829069148610248	0.0927121603453437	0.0721473626747353	0.114384642314093	0.0908568814807077	0.102743465465143	0.112568656728783	0.101605559832487	0.160413177442849	0.104203134828566	0.244141842605792	0.0499518467916866	0.0754852006641121	0.062011010419683	0.158069639412845	0.0988159481285395	0.143097679156376	0.0865786554117131	0.0458704315882659	0.32514801462783	0.0938510017547372
"SAMPLE-25"	0.142844314443577	0.0756016533974682	0.0368167107012999	0.0556202645156164	0.220658063792565	0.0874657402020258	0.0747722813117155	0.00392585819995857	0.150276472214118	0.0252134870390232	0.0684768777895671	0.0550371807960719	0.0477880485610555	0.0627181719718862	0.083182051861696	0.0830388290364552	0.096818251955509	0.141225392512966	0.00987536234081132	0.0781069160141621	0.0975923227313502	0.0160835834893753	0.0655581617849309	0.0191278040754239	0.0780418207167385	0.302424434318532	0.0976100184113423	0.0670536438890444	0.0864347630488026	0.109666836527561	0.0296616029293809	0.0212678669348978	0.0730244252180115	0.0976647226174036	0.0899920923298735	0.0234580676909123	0.121582425869064	0.163954655139809	0.233651416493706	0.0165346696611065	0.125064241961792	0.0882508320439541	0.15089742351499	0.0980198740853962	0.0228594673567878	0.0614003319591562	0.0363620088846978	0.103251858985868	0.0870459124829326	0.109368024879387	0.0715278298171564	0.0437450884473777	0.022494210606356	0.0109798625473362	0.0672385769009249	0.0226989896557165	0.0804663085204389	0.0701744984314177	0.0363203099945872	0.0257645139362005	0.0676846831982336	0.346540821969449	0.0909486903004701	0.0776640606113973	0.0130609347360817	0.0432089300096142	0.0278909888630933	0.0941920679496316	0.0554071617455043	0.0846396010671658	0.0190384129125531	0.00713515470665288	0.0118819513698581	0.24841553398212	0.0477319357931414	0.032356220732368	0.0197379843159797	0.0439855877332345	0.0646122356671048	0.0049974594841089
"SAMPLE-26"	0.972720838288771	0.978603110895892	0.967415163949641	0.978619888476831	0.988982104170951	0.983100255682354	0.984506455474062	0.980132198813228	0.99040987138589	0.997834705762616	0.976187877232162	0.970697504914666	0.991466786549953	0.900182137115387	0.877217462914414	0.981709496975626	0.904364582927643	0.802353822536677	0.926625734761908	0.937199059655762	0.835507335777844	0.997760986238008	0.842560693668349	0.985115917568405	0.953450712918557	0.992436304355996	0.992880987456773	0.939596183825052	0.959625384844297	0.986753075903338	0.990228095497267	0.99027851670405	0.988956117328382	0.950834201244905	0.961297392352523	0.851864389930873	0.989077698002315	0.993342730416976	0.997341505269076	0.99437173906172	0.918604579316826	0.813543596636052	0.887535705111362	0.984001726010558	0.992696740082103	0.96923995361783	0.970335008241861	0.962643366207345	0.868305905636069	0.965820872868997	0.989670161287087	0.998260652194476	0.996189451502968	0.866539426655617	0.943438185801967	0.987775585449328	0.991253030513554	0.994366288265992	0.958862202191535	0.968530179176341	0.960379166393966	0.937490000117146	0.960608668385744	0.99330529182736	0.992470498731127	0.948233382123255	0.996354669173366	0.9858019495992	0.948724751409796	0.970313313845116	0.993282092921061	0.924217022111498	0.99529649799361	0.963843617008968	0.950184061209628	0.997393767908538	0.914298133195632	0.995912998875292	0.996110866751967	0.997640172690048
"SAMPLE-27"	0.998147838911606	0.980663075138731	0.890163980317407	0.969708554471894	0.966864508246434	0.995268861282614	0.982861643107813	0.990597596132982	0.998119653804477	0.997391128801539	0.953980137530667	0.986049178226222	0.957083105561805	0.785965754597676	0.922353318415542	0.988777672463547	0.803080440529636	0.915832564125832	0.989375822918375	0.908934047949979	0.652172867923604	0.924796927939012	0.816677344229858	0.998053151513816	0.997377944050297	0.984017631185332	0.987872191935428	0.956718529069868	0.949139675620526	0.998604989699037	0.99033490041165	0.994533215879001	0.989988662961731	0.968035010372527	0.992586746024399	0.959371232137183	0.994688076380075	0.964761271909104	0.994700397465967	0.997518210338407	0.886019355139918	0.814740091108446	0.939282653345579	0.98798303181868	0.984597782330644	0.981702866005586	0.97491556731141	0.965039553103234	0.833377003522532	0.892276610081511	0.979471263578479	0.99932542484553	0.990352336176412	0.879703402188716	0.965245220996128	0.988057138178944	0.993678057597512	0.996050632130984	0.975410893711185	0.971191072475695	0.988635725591402	0.994607306991537	0.837615401603849	0.986840859479022	0.983116589246054	0.972242680667674	0.996825850154156	0.998523979917574	0.977035309133183	0.943005387988534	0.99761196169997	0.985847060842746	0.999478522659948	0.989306222499693	0.95342186858084	0.981823593296511	0.979839207603985	0.997148379758112	0.990884513825636	0.998099044669614
"SAMPLE-28"	0.773204703495662	0.933677015993203	0.878772625100308	0.788450228848126	0.779832234561986	0.94158648275172	0.968246335466084	0.833492997320966	0.949862085367931	0.99176936306069	0.822404286847656	0.928735680611842	0.927609659659967	0.748942290505441	0.697771802748119	0.813508786590184	0.88535853066334	0.560537801330411	0.936741451409218	0.610042081693932	0.731762806356773	0.967423325051051	0.736391671546472	0.971225303081861	0.955540883339932	0.876817801142578	0.884324709009367	0.949608268811899	0.919143841075727	0.950854496849877	0.895567565853923	0.982832782447083	0.892884016218994	0.93565134071864	0.616975626994266	0.754247489456215	0.939696923638262	0.851399385472277	0.974090027079505	0.982168247328171	0.91739528967434	0.627268225098884	0.428302214723492	0.944860582050975	0.95477601894025	0.927120879594664	0.877428430025253	0.816462576549057	0.693096870436955	0.897169714114787	0.926455814218395	0.993965668859041	0.975892915315056	0.667924472126154	0.978371784683397	0.897947184942479	0.925472647580173	0.967764562389219	0.911375537932178	0.673646102318473	0.93178468566906	0.720524517996619	0.905026883796827	0.983526210353758	0.877009060059252	0.970171713683947	0.981142446172202	0.884554511509501	0.942551341812285	0.957907549369043	0.991339228911873	0.62245930321111	0.992983610469643	0.563083631042421	0.60298075773863	0.988969464145704	0.803015419301602	0.972524597870344	0.657710482441636	0.959019953968441
"SAMPLE-29"	0.999585353381459	0.978064961598176	0.941464897208264	0.984615320522571	0.998700616903545	0.673541093466472	0.885564872758826	0.971399998663614	0.977948839265585	0.997301507782609	0.997389693759325	0.966027743738924	0.889357969735308	0.8424638580491	0.977421448524313	0.0679385346751173	0.945987558397461	0.913667145576728	0.729435019564385	0.906183002593287	0.599350897948568	0.993435449418972	0.756046813333605	0.934531430775111	0.956756666235487	0.999958455467179	0.794930354250822	0.0543082180851566	0.962813823329581	0.987181366968777	0.902869388833333	0.870048844885543	0.983431683624937	0.935595466943713	0.50448428338014	0.741139572935927	0.999625715878471	0.99933903169071	0.999783166928222	0.870998536093641	0.955980002883415	0.277846364380927	0.909480790842286	0.997477309888501	0.947302412189382	0.887793608718405	0.935156282350372	0.79739399157573	0.967609922973765	0.991317421742575	0.967939916154999	0.966337592689785	0.87537025143249	0.960178143525315	0.716305932334899	0.893516686948962	0.91736127824899	0.884635589052793	0.969822619652273	0.933171722758353	0.933230202956257	0.999744371045127	0.534185432079131	0.969358967595073	0.935083307847522	0.814705781228672	0.979084080922151	0.992715200578172	0.91313467911111	0.909682855575219	0.99530387202806	0.882141848449193	0.999659441346755	0.994694566021867	0.985709506860975	0.99085601122843	0.963933288350667	0.999764684803918	0.978608666403199	0.984407780974382
"SAMPLE-30"	0.913361740835631	0.162168869926902	0.120608337805415	0.643393020731549	0.990093886659089	0.0169510218219197	0.120344558653357	0.309453158227223	0.080914336542721	0.798348858385274	0.911877632140959	0.207021253186419	0.113275590305005	0.121255338952128	0.284859051532556	0.0714299880148126	0.386709034951287	0.0488504175931896	0.0624393814387236	0.240297125183389	0.263086892167094	0.789636555254633	0.671986562261582	0.0901304296772468	0.242540712947439	0.991958495920355	0.142671701991705	0.0346218999176839	0.37714995054784	0.479598169537241	0.1699734089039	0.303639770581123	0.313553545094631	0.238957621114295	0.269614260000461	0.0647534267583951	0.987386233339511	0.993602424612169	0.99433645520876	0.1294859414926	0.101342227529385	0.0891794832524358	0.143544479839729	0.778645082833435	0.347677887318562	0.230289955025462	0.0770158569121255	0.0825735239109653	0.285199216453019	0.609358399598989	0.160811570045654	0.212882370454737	0.064782611506411	0.508006005866064	0.0982495390582422	0.0247336152292533	0.0347567713422247	0.0735869197818865	0.678119547693164	0.0227708103781678	0.22327923201762	0.977786322117077	0.0766062814872863	0.722355496797886	0.127647984572465	0.0823580339468109	0.206624592632369	0.277602049264248	0.251862597869864	0.248115919501671	0.943173716761361	0.0129368576615446	0.425895167234965	0.391239925906239	0.385187327601134	0.676132386914738	0.199121100357627	0.970104455132881	0.875964736959772	0.495684125787944
"SAMPLE-31"	0.0754936689042838	0.110727243306592	0.784094107699643	0.222325269036196	0.314172521502277	0.0798833122017702	0.744329588584833	0.178897428724055	0.902894361271153	0.990711584846326	0.895919207404383	0.647049986129246	0.425810726742158	0.363603798697392	0.156980047055931	0.394134527112439	0.250361804095485	0.125633759821717	0.353527373406543	0.249674254604681	0.280589608127664	0.961304314425296	0.347903422023535	0.18188102672868	0.103044826854393	0.833946526377898	0.729001632345101	0.429740105151591	0.440601298638651	0.866736511869399	0.669731027411832	0.43981676851836	0.761785564870106	0.409826038308853	0.719222714869115	0.248792624924656	0.522992288634725	0.86076066621987	0.447090535741622	0.768102395120655	0.314585640825138	0.0582730244718508	0.103677094015217	0.808259286507774	0.833801659386923	0.558073446047317	0.0508351348319856	0.185178636690573	0.150862355802874	0.181413757823795	0.248227620777366	0.933107272080391	0.672534651406403	0.0926478339431354	0.87746130753255	0.835689352177609	0.634470510379753	0.861926440358337	0.783253833790846	0.0889501455144842	0.318928755968241	0.517535098243501	0.332174639093179	0.865897276784419	0.635608613686779	0.201721025794093	0.972059340409284	0.877216352396716	0.635126552086828	0.443024185504522	0.788965260042641	0.320999456838741	0.883637525190539	0.262829949398688	0.136190921646079	0.880147527738	0.476283963732741	0.960883759241925	0.204074934957121	0.925829603615845
"SAMPLE-32"	0.932802575359474	0.979602905409578	0.994023784130423	0.982396238582208	0.998798777649862	0.985265609935025	0.992381323489772	0.886997871061988	0.970301755449469	0.999795205160298	0.994349759003475	0.979171365952488	0.98908590054064	0.967065724788939	0.750781465862207	0.98505560027677	0.903147331195853	0.768702719035137	0.961326938538577	0.932633437200266	0.856415188509714	0.999464126093667	0.831268909813497	0.988979743832507	0.921932357511275	0.965694616921351	0.997351011290573	0.996484939343255	0.982682351390344	0.992570473281107	0.992342804544957	0.993057045023464	0.993511007690789	0.98006338946817	0.974785659906138	0.921407664440024	0.999690826810513	0.99458916735258	0.997237571270434	0.999995364949146	0.984494312789547	0.905962696947947	0.976671460410291	0.997389184068704	0.998396758922329	0.983742805642466	0.993158117170896	0.965127806557675	0.624217980779989	0.988768525660366	0.992008552882082	0.999849112462521	0.994636250951411	0.527895587771	0.996781927402869	0.990757643603591	0.998696278230902	0.997018477403133	0.998956730725432	0.983353493565245	0.976164263846629	0.935964032697976	0.95259013506141	0.999054153711919	0.991995650947418	0.985509140965855	0.997669005436176	0.998892023728108	0.995922403190785	0.996103908768375	0.999995975933759	0.931145636074944	0.995336081435663	0.799305083225514	0.984248307666446	0.999541131423824	0.985094204307624	0.998726193753663	0.998044504146446	0.981751737095858
"SAMPLE-33"	0.234507824056345	0.111819400309721	0.163207662912756	0.257612518173265	0.483921115895523	0.0972914547403208	0.23680982527767	0.0163986299458811	0.203455865321501	0.20236432953006	0.136519008612567	0.180911169211465	0.0911337139146271	0.155770150083401	0.053827460710519	0.206163506699138	0.136562159374316	0.0489496345642253	0.0508748029411992	0.0794882855683923	0.140747427457671	0.15570801235376	0.0642430041100372	0.0680419397953865	0.181180094702129	0.366984899385328	0.151048095402321	0.11777291299995	0.111612321365926	0.232742313198703	0.102838998460962	0.0663042749185251	0.230616210809402	0.250686559270416	0.132586095646776	0.0802651106290614	0.399050841188553	0.387748868777538	0.320701931204182	0.0578955290066034	0.441144418926429	0.101002584012114	0.362023382589319	0.256606737662814	0.102738911999045	0.210638746845756	0.120060983013747	0.271669132946823	0.0633583853218245	0.1232876249358	0.106457605628482	0.122183375330928	0.0883396685048639	0.0210959031321647	0.164524213897563	0.0953098380965721	0.129148710271179	0.161635311465968	0.184645253107168	0.133265629871108	0.17345493651567	0.27500345491863	0.196547813160481	0.216452887779636	0.0566062928006257	0.0849092110499847	0.0631113290939773	0.113639456910405	0.24363796389325	0.142569038135089	0.155395058331253	0.0459357945191376	0.0537774460299526	0.210278687801431	0.141702309399306	0.154896333452333	0.0573092742750058	0.270396641025169	0.214774779697201	0.0491512868654694
"SAMPLE-34"	0.0833125341093453	0.143893946996344	0.052413639070926	0.189131618494428	0.0999421342046253	0.191816122234525	0.22460150108539	0.0783912578498386	0.203877355327259	0.287110320272988	0.193530286828657	0.12667948476404	0.181332826651832	0.0947144190006138	0.072926074603352	0.120779775125909	0.172056536150956	0.184528153299112	0.0309198637398765	0.0842172804991544	0.193526975773393	0.141277779623802	0.0869143683629916	0.206556122668007	0.214262462359113	0.206401032767048	0.111241271259063	0.103715382163391	0.119904758976129	0.148694160276123	0.276691418798272	0.294140197235819	0.127387838943754	0.13938489029514	0.140002662684993	0.178720562665419	0.108452415405379	0.409833581268125	0.142910299584563	0.0815188242790998	0.164754647863199	0.202734249646076	0.134463748023163	0.196216245367037	0.282973134780517	0.0803450071158151	0.0537497496267214	0.164215333192254	0.137745831803055	0.0589614957878139	0.166337445197164	0.211827393971755	0.144490228445765	0.0380267015134756	0.265280740311211	0.107868582961817	0.157087423197578	0.230800732643883	0.0457665248982938	0.139236034993065	0.166524309367217	0.0562170011715274	0.130408355313885	0.282559925377197	0.0951839006513529	0.145036322371025	0.175149355847116	0.107152731801282	0.267012334545067	0.0831661264948707	0.2015101756433	0.0444393892609392	0.328204349365736	0.0692628160990442	0.0615365984269171	0.161444249377757	0.150904696489145	0.222788092238701	0.289705704323	0.0876222406466694
"SAMPLE-35"	0.593573054318379	0.815391962282255	0.875514193345675	0.692286215666832	0.955038299507374	0.767441363225394	0.772934262471375	0.875341758817532	0.395894838561539	0.638306579942761	0.814198603655552	0.675485561585923	0.81697509216203	0.846537483687553	0.783904824022454	0.789129653171333	0.823032799772234	0.931874401363755	0.904817873355441	0.90872181430216	0.832243521747695	0.863471372095461	0.913110064357896	0.930158704802006	0.822773446547642	0.810528726458951	0.912635098569504	0.795661115708733	0.697647595892531	0.711728559903125	0.719936568247712	0.95565423848365	0.690807082187819	0.913185151469255	0.73109573143719	0.603690691253228	0.844268736964335	0.921940504516782	0.98151651907139	0.928131801471581	0.928219791221011	0.741256841088962	0.677452622800378	0.487676463094847	0.688607290453065	0.744699094907976	0.846060974249608	0.831332451694712	0.846638483068925	0.813569225333357	0.708344955409119	0.558034572963578	0.847437089771844	0.624006768374339	0.802091323173966	0.806652335370542	0.844166567015891	0.713407101873303	0.882605827129802	0.896842853721815	0.795019786630925	0.918289407608798	0.954828165203369	0.875016611230207	0.483383473454849	0.892384428662452	0.946199396441835	0.45111277836632	0.779574493394096	0.920277399040995	0.926925630900821	0.759874379890085	0.425679735381614	0.905231397900125	0.439313498031067	0.797995437869547	0.794502807111349	0.509591791528814	0.517444711109465	0.537519972012725
"SAMPLE-36"	0.043467533487901	0.042347063991998	0.106682980149547	0.0224224192050183	0.0800825008135814	0.0488821042668886	0.048619885419575	0.0119910714892483	0.0561993886403081	0.0409459325816019	0.0407277118432178	0.0420800072989112	0.0712899565250973	0.0960803784815352	0.0698117903000065	0.0160241893724457	0.126954178354888	0.0565975760761098	0.0114675783429974	0.0642682980216414	0.134215985601957	0.0430286775207948	0.0326074732329826	0.0236279149037345	0.0658610397887377	0.178275122194159	0.0396810310399423	0.02906436609773	0.0730273149058193	0.0266783617390821	0.0332439411563284	0.0424603075014175	0.0316173960077748	0.115860691723681	0.0246792686834002	0.0251999870635769	0.0458072800202023	0.375913016296957	0.0414419324813229	0.00448278067625778	0.153482035111262	0.0771389219971935	0.0465575533274311	0.0608658149926242	0.0412958766701681	0.0392778002262927	0.00815418202215696	0.0670164727124083	0.117811767504786	0.070646342558912	0.0263777975002636	0.00846037020170425	0.0178200473133955	0.0150042240210173	0.0962139616414328	0.0453958797420079	0.0506845379074572	0.0295976492349477	0.0639090268433784	0.0258152332419855	0.0269805419838113	0.0628379721348447	0.148013647788689	0.0864954427371137	0.0312042100593989	0.043776927679107	0.0166741652609955	0.00423740246773771	0.0743504014088485	0.0582568262054406	0.0193275420349508	0.0102398931180387	0.0222822296262017	0.0677108411225026	0.00480602712775051	0.029554227801342	0.0193431101584581	0.0466238177790585	0.00682411428590763	0.0104457035816131
"SAMPLE-37"	0.0422265946321107	0.0103671477546689	0.135534182152367	0.00302592092241207	0.0680032597122421	0.0205933102495128	0.283350848489903	0.00823710988914853	0.0316480711558299	0.250910056115835	0.180511498396359	0.26398314969809	0.0333913096188213	0.171347272663338	0.0115575827764167	0.0418358874716827	0.0839472916075756	0.0353268029237707	0.0250710661819865	0.00705260530208	0.156683938032327	0.195885644778967	0.041733569403652	0.012452204034942	0.0214459705862902	0.0243809253380749	0.313703120616033	0.244756225331602	0.188916840738826	0.367299633276183	0.0358608791312493	0.0261125565277275	0.27364554721509	0.0750379982235475	0.191292908005171	0.0299098599863188	0.039295671891676	0.0355958783547727	0.0109221105665368	0.0808477423805416	0.192722404573792	0.00770811035256513	0.0736657765614846	0.251167716244203	0.0272776029049027	0.198515848226321	0.0743146700877421	0.0353279810186339	0.00412521308246956	0.059973763811439	0.0166442704047198	0.125301187355855	0.0243041046358591	0.00532449664631267	0.481508769027466	0.0251478128368699	0.0347632300697781	0.0950615524663048	0.0228924864512294	0.010810273475835	0.0446858867957812	0.210878086109991	0.0790915406318519	0.0715616869835046	0.0171623715887249	0.0422855385459331	0.057462969972299	0.0452183656184951	0.248880454864038	0.0405314722515343	0.0385966153409846	0.00165963218755071	0.0307171746081725	0.0685255653589766	0.00957351211569724	0.0882740838680798	0.00438120620970882	0.0824303526951217	0.00451243123068749	0.00906692222954985
"SAMPLE-38"	0.0366043211822836	0.0613883500245959	0.487973162279444	0.0564288393249378	0.895774915529425	0.128593033655794	0.866546748933556	0.00357904432563127	0.348680858709144	0.939113022531626	0.707601102793782	0.499440319993504	0.0517737754797463	0.46203330317783	0.0279293580897838	0.291446971177113	0.266935332899209	0.214973890368326	0.580176996288742	0.0365278969574799	0.227396994514168	0.841874469965579	0.085462084619675	0.0290155441881624	0.0198670117251549	0.407340689844301	0.323460154209995	0.686449141337588	0.16220138323438	0.508124526745016	0.283322994560789	0.0542136805986486	0.991826887958783	0.461208987909666	0.363804660981721	0.0457085661939572	0.869713727628473	0.364727377414067	0.527698290487953	0.999659965800419	0.619204186748435	0.108713947159831	0.194647627715678	0.721179141119384	0.527285896637283	0.240417346390875	0.333579833830162	0.0488369735938038	0.0362247820878607	0.216084851111251	0.05497068354899	0.976288172876005	0.245807987768106	0.0125998011999839	0.93068139197649	0.378894957531316	0.635437096025012	0.907517600612197	0.975689643919711	0.193768251697316	0.319556567823464	0.609658631771714	0.624289277058003	0.364339074474149	0.260190354544071	0.0687003891714499	0.631648076550857	0.728158016094113	0.567484686250393	0.606158260262361	0.996556342345003	0.0810975116326858	0.163385176708621	0.109171953692982	0.18929886849304	0.565809489194542	0.0984496933291335	0.879085507929006	0.45354387011305	0.198031668619315
"SAMPLE-39"	0.956308722135286	0.65321097712485	0.861854105927142	0.887103690873094	0.962064179693415	0.975825428931719	0.951178679423437	0.944982000140497	0.957997418113845	0.998513279726217	0.977023470161679	0.94613719208673	0.877511715456504	0.868515415273714	0.958066132450691	0.887632521139424	0.955859668696157	0.945125154012692	0.983088222950912	0.962488829494602	0.925777423782813	0.97482073891509	0.966254529934441	0.923965352496758	0.599079514201513	0.975437949637425	0.976557296612962	0.969376091020697	0.927014833085785	0.98369561675629	0.986895701244323	0.984060140353367	0.993503648710116	0.926985588404864	0.952211133593539	0.913516619491435	0.935337771756893	0.959017858988425	0.979176535173849	0.96340488482781	0.868556205859568	0.655725621285087	0.874967475556104	0.97200837060708	0.993771180497809	0.931055393716751	0.569973875865207	0.755351179393611	0.914960989131563	0.762229560021685	0.824464604046645	0.99855975210549	0.989719473838774	0.96587308085752	0.981196007772908	0.989222084987879	0.992948108761641	0.996269939417935	0.9063717837453	0.875718573634561	0.940825351034744	0.971825965402163	0.907160741351714	0.929658203778627	0.981323785840561	0.784505259590029	0.996197468398994	0.994643876723263	0.982308773481484	0.927848931728693	0.991110052204592	0.899721145935101	0.995906774826059	0.914804878667397	0.955016424129216	0.994910994962541	0.845569944718638	0.993830769704324	0.897351955473331	0.992676060967008
"SAMPLE-40"	0.44617649735273	0.0802107886695061	0.114712484194983	0.0691593888744476	0.26509688611614	0.230373385984059	0.128629769632217	0.0398551331132206	0.0952273886899358	0.16903073325256	0.121356345380149	0.152728829810426	0.121048302196905	0.112635733552899	0.0996993488812953	0.0681011018760343	0.163677898037666	0.121472418525572	0.0434820069709287	0.107348429473595	0.194492539897614	0.0390807761032723	0.125621334796167	0.0499789561531203	0.104997329081963	0.184508729438534	0.192613216933941	0.0589588148813886	0.231298276252149	0.302675969594734	0.0851690966075182	0.0875988117571811	0.051600513763024	0.0910963160172257	0.153361525211413	0.0519550627721669	0.181446096989601	0.312628909295696	0.0821898762196161	0.0205875260136077	0.130079986181281	0.0661745203949791	0.312090059574253	0.231290311540347	0.10061898039534	0.164312135625538	0.0719035442347478	0.125032882775023	0.0414304341210532	0.204108239394982	0.0489268557084727	0.0577980155515112	0.0441389076429379	0.0485057227927009	0.101066367544142	0.0374542310596805	0.103124505058815	0.0712961409694572	0.0667463079965755	0.0822608260697879	0.119839158850942	0.086553026759472	0.0900001189206581	0.172434347886721	0.0842794212613525	0.10382663224153	0.0519242903893079	0.095456081164604	0.226642558529805	0.0623045069860893	0.117424812524438	0.0150243786713726	0.0306983383600141	0.126786404321963	0.0951649483794628	0.0513032165298038	0.0399070896891361	0.0981884242429453	0.0737853601212975	0.0261607342721998
"SAMPLE-41"	0.0569601638168737	0.0242364871211228	0.0115363603042107	0.0195869636360873	0.0128625957067736	0.0256871786183535	0.00906551568330629	0.00665037637303472	0.018942529906401	0.0087717334348099	0.0343986489495426	0.025793742888246	0.023224041371495	0.0395554070324882	0.0448410656654509	0.00657991524395058	0.0434961358379538	0.0350951463051103	0.00719246201894788	0.0230045479072214	0.0401261370109708	0.00339654042787184	0.0245302322505694	0.00742524162925857	0.0174984479408218	0.0144392436274289	0.0131951189904892	0.0334804935132987	0.0555793957396026	0.0168697218120703	0.0205232880424901	0.0152116755567984	0.00619855078402536	0.0305952129441813	0.124588155660612	0.0447985788167695	0.0060083191325808	0.0253840842119455	0.00280841622654033	0.00183128127473084	0.0189651937610112	0.03537433661224	0.0570020916624412	0.0246888294081931	0.0172269480490451	0.0231006526004222	0.00431214703672273	0.074936576404633	0.0479690337967052	0.0224054369802285	0.0159896080353206	0.00248268663151219	0.00603093438559543	0.0124199538337899	0.0413254534349884	0.0148585744287143	0.021041970888966	0.00274823891907473	0.00589188345935004	0.00969123727749926	0.0172832416234116	0.0264617292530679	0.0213439169581711	0.00602865677068589	0.00941277805462923	0.0283228780348668	0.00732959410917701	0.0123319360321264	0.0679606292175262	0.0355187497392472	0.00596969187849426	0.0062002397208861	0.0135836811143178	0.0294526271410758	0.00559579358271884	0.00405882588908902	0.0218571708803517	0.0189791739881274	0.0181405672767004	0.00335668574181572
"SAMPLE-42"	0.623290279940247	0.583824809129205	0.619953970240785	0.632958926816185	0.962269814657382	0.473394448824629	0.746507966176967	0.0594845832492042	0.729920909894042	0.891923005513303	0.677802338322042	0.423285500799477	0.248456967240722	0.266262473052609	0.166490648840442	0.611250719562155	0.367191246781776	0.321132797395603	0.196913425546355	0.34204808340467	0.384045793927029	0.775356608210377	0.474168394884052	0.181006154909615	0.345290227909774	0.943271185910905	0.527913600331406	0.316626306820003	0.324159485876701	0.589831342168221	0.289437110290851	0.348526626213265	0.971337838101263	0.448213334785059	0.329764147249534	0.113275840752032	0.903549606677074	0.928856715089673	0.91225853729967	0.737729728905592	0.773412830238355	0.356853449069055	0.726869250199227	0.740960826418259	0.505435859224257	0.342882721201485	0.573817082752887	0.598235301775166	0.22996669618525	0.542453778281642	0.4558065517292	0.460253754472769	0.472957262498854	0.0867914381463977	0.431553416634596	0.538802227147698	0.572779137120048	0.438350385670974	0.786664350616792	0.550441369124237	0.400457918880172	0.704068860882243	0.286251902668215	0.836592289574857	0.140452982613663	0.268906376786073	0.539207730631271	0.816055222794776	0.562414429862185	0.617482763715116	0.805782059582187	0.392527095253222	0.18851026726057	0.309451136056697	0.545045417850644	0.549896182234521	0.17869350784684	0.798623367330234	0.729923553863381	0.38945915518645
"SAMPLE-43"	0.756037692586596	0.360239471808675	0.423882301942839	0.408438525356754	0.325321131269814	0.265253673820901	0.230159258592187	0.282076050565825	0.650056154646154	0.166548565727378	0.223317204407031	0.469748631045299	0.371925048861659	0.617442794480362	0.0979423555722456	0.150177836345243	0.529521028076487	0.325837836831661	0.525064217674863	0.0314266410169788	0.267701524364969	0.0835182853596042	0.108735529257525	0.392690648626767	0.519008237139914	0.176428014417115	0.41864319895839	0.433572262822512	0.478435200605468	0.396202997757933	0.337709999115877	0.362482417918857	0.0739884326765914	0.447409712588252	0.420084282502469	0.107964950918207	0.549304690412739	0.472090716551069	0.306094418803571	0.107261342394443	0.399724315901782	0.190184432627773	0.565032273149212	0.392141333067974	0.11188315361333	0.562460375350571	0.019199916979275	0.317560978802447	0.15808084541931	0.597739196917484	0.1378299978238	0.0434938933755847	0.062472615860142	0.0432900024484303	0.195772595122565	0.251710098811879	0.029493529969575	0.172311478164793	0.208879885310317	0.190131080384442	0.178537670106995	0.556318294085986	0.552426048750781	0.253309511401323	0.116481753689357	0.545941417624234	0.212267340251588	0.101259964951825	0.390612050939015	0.511571460505703	0.123256474046948	0.198223411010741	0.310188463339884	0.323296132261246	0.0178889605270584	0.282692973585075	0.321662536448862	0.343531180388715	0.0559891942604784	0.07356679024549
"SAMPLE-44"	0.978871990084212	0.947351322183278	0.916544522099106	0.949180780199525	0.976554097934464	0.918060365655126	0.955749512402298	0.9841891337476	0.98050842419808	0.980917632592301	0.938011871696927	0.968442094657682	0.928451448592613	0.86192253882313	0.811281531074104	0.926782497338714	0.844065684459529	0.907417636306953	0.971051881410422	0.869541436463986	0.830955203730462	0.921576973775134	0.947080675950439	0.931236550352757	0.967986811215179	0.996754676782704	0.967020646234122	0.659177355444073	0.905207259708699	0.988067284289773	0.916535447937756	0.950263746971503	0.968796756670325	0.868782277297203	0.927025252762176	0.757162282392359	0.986775851671127	0.990625843012244	0.98273736297753	0.965146907479244	0.930737387164181	0.8742186265551	0.852901511583157	0.971836726573743	0.959077291274536	0.956025570154009	0.970025184980029	0.805316328211907	0.930034047680344	0.929084537601484	0.939499173226938	0.969820765459707	0.894605031305915	0.917415082513032	0.887932750738638	0.905284852662816	0.927520500625294	0.956616927648915	0.949657106557942	0.988064003315882	0.901239768486282	0.922501155581226	0.770804296762751	0.962999472365858	0.953941726761859	0.842270544098027	0.939169204039322	0.945082526651092	0.943972223295511	0.932279639243163	0.989266929094551	0.952888146710272	0.97848277295404	0.938180393053484	0.936660842721238	0.938163515356753	0.803391298100942	0.983349159759762	0.973894199995663	0.969685157444784
"SAMPLE-45"	0.231870522430759	0.488682253371831	0.389305587889052	0.426204564110409	0.196220821419305	0.324601564126368	0.375214596455731	0.893066394225483	0.533123318252237	0.602204933066911	0.313103414875404	0.596989951458723	0.556683860293227	0.265947980719709	0.69149168162003	0.249211950344654	0.521993473251051	0.308496532007441	0.706307455345567	0.533340596815214	0.474334132801165	0.215520821692928	0.605016363409686	0.46110596198732	0.563744904559058	0.927985950046476	0.517009095836849	0.0823742748704254	0.42674495646436	0.544948773548491	0.645405987274773	0.755789246496502	0.384779797878168	0.553189062418326	0.429843570659895	0.434425296283572	0.355568301967608	0.758486242172355	0.41399608988386	0.290358395653445	0.316962417185771	0.221849374673674	0.154926740606867	0.38229675962261	0.360345359469985	0.625365766297784	0.142419398692566	0.227782622834479	0.646641766850294	0.373661050055492	0.382005965988488	0.547248716175869	0.437565028998084	0.698954176020854	0.468179428106673	0.532692296711685	0.399946368738736	0.427474634898085	0.440381747009186	0.4944304997758	0.337825499665414	0.129847694564166	0.331992375944589	0.434318046064985	0.762546717159351	0.388439837183608	0.604138463515216	0.143964393037804	0.519586673122504	0.552979975247028	0.744828417892964	0.450049663870623	0.873142644802274	0.27309883729699	0.218147112339964	0.366946489963465	0.326974351079327	0.719590622075929	0.744255213748915	0.731377749210943
"SAMPLE-46"	0.773281762447493	0.155098260054244	0.736021443965161	0.206388223708074	0.523835537925107	0.232482255106237	0.299536637924038	0.278035870897211	0.728657246227674	0.808339927617555	0.562910012147166	0.713214226158815	0.308243993931001	0.301841757610251	0.221905293114747	0.137572456447408	0.310174332103949	0.212975146370152	0.264212930956972	0.135064704882759	0.267002924916851	0.327588662759901	0.351433823203548	0.122348848331438	0.338186132880193	0.921078584069355	0.653194849421923	0.0698857186396245	0.547987645897682	0.783366433433109	0.223095765823815	0.28629885810842	0.315692151677778	0.282096486535847	0.473952254406571	0.0904704894736958	0.711178962409658	0.872841233357953	0.370847909603957	0.12550718565358	0.358519897561185	0.132818042543631	0.324881370507884	0.7753180579344	0.182827931083932	0.617410337466415	0.206858807675031	0.234626896656173	0.169406126649528	0.378317497809241	0.122292452849368	0.313263677711014	0.188759950071816	0.107495773172361	0.249625204026304	0.259045060601114	0.249633720856426	0.13653410670002	0.409866237619865	0.226352498781868	0.203487445630444	0.649662797129938	0.129666093306253	0.480583987582803	0.36213491640659	0.197434882837701	0.444607925629118	0.39250816878865	0.571136503084965	0.322193078705196	0.487457376668492	0.180960654548855	0.509246000091445	0.389675165340466	0.094626244089433	0.354174764869007	0.104500443177512	0.879382999325548	0.177993857424704	0.306499805188463
"SAMPLE-47"	0.704150596669511	0.623879709127597	0.478187055396833	0.829569876662681	0.910477571150543	0.461663374452285	0.56130475197878	0.792936922264352	0.515080750175849	0.911779780043063	0.914613765358662	0.400886495053127	0.663609168987466	0.452769521375084	0.510960335717646	0.367413892111491	0.559500561729292	0.430499259814448	0.501055748937106	0.647764832012651	0.538504434670125	0.768567070771256	0.538310726008524	0.752153655422824	0.491184597118616	0.775301534966182	0.561078782933364	0.468814058237501	0.594172655907103	0.645228786592451	0.652064590578349	0.702632120981132	0.614193834358783	0.6823996828813	0.608272234405949	0.422980529585191	0.947850749773009	0.763347077333388	0.92179055656795	0.720653184815746	0.603046453340352	0.353775789035404	0.750424949633647	0.661318640046409	0.603381380793421	0.477059169526868	0.531715167093547	0.498040224505968	0.581637725542912	0.784378867908877	0.659606420995382	0.345423552310731	0.840794558154442	0.617825746125736	0.501888180245121	0.800920838454913	0.447202186827866	0.405324403708018	0.87892959829681	0.546986849859887	0.468728669203824	0.978184344047893	0.514721185057502	0.558959013249162	0.571313424195711	0.526767307969872	0.875079814901901	0.914823878218611	0.585440935843596	0.565389622689761	0.733450934340822	0.812088193395251	0.321013927911782	0.857160687831275	0.858274805609028	0.777621512511036	0.877604319516021	0.942817606110737	0.910424536703468	0.851888077206474
"SAMPLE-48"	0.638540440780148	0.733686368671281	0.771265257285062	0.873956783201845	0.915657804487249	0.704176402944607	0.797685526066284	0.501819832188478	0.79249330925745	0.811765040086862	0.695898457290949	0.534801299076333	0.482509874043612	0.576499409447873	0.60012058952623	0.701575369429702	0.710773112627258	0.786600748894848	0.529217068694445	0.80895579239389	0.753908916785725	0.786007218517921	0.854744469148679	0.737825926978876	0.788789266077323	0.948415970506016	0.628650842667392	0.739807167834019	0.434307098557323	0.712984266508741	0.586860872548334	0.701068451676308	0.859971125355769	0.793784052762207	0.662513806218435	0.726105064250695	0.932808386312048	0.944556528025527	0.858363865893381	0.591742746273795	0.908066902657541	0.770779393389943	0.838033707455148	0.747920953921921	0.72938547839766	0.562505403987873	0.705474435749602	0.666955591876283	0.822324126225121	0.607587351317205	0.804332153885255	0.563314677910429	0.631665583264562	0.683621362929966	0.730621763340145	0.749515317620611	0.773142524028807	0.664308542730344	0.859716092021356	0.774275848847417	0.668643076938026	0.915650149337286	0.688992926176583	0.825309752177836	0.517387873977148	0.498279260135959	0.529578949688266	0.820625963664549	0.848829829316771	0.854035859299903	0.928735777022084	0.820454252038885	0.538599097281742	0.721995457040934	0.777627310262391	0.782477613556526	0.756214277622763	0.81788117761702	0.790163308196591	0.578035551132798
"SAMPLE-49"	0.055927555667193	0.138581438056581	0.207727080266455	0.237318541313392	0.161009674552555	0.222619329282417	0.363233642405563	0.117741355911128	0.212193871249786	0.658198239907707	0.194074490307911	0.177081548351628	0.208259287201258	0.123340584299735	0.0616013438787425	0.295352747450806	0.190609081331852	0.0795662631679129	0.0731456122836237	0.12323528360582	0.246861363800863	0.461222777669027	0.259660096945651	0.105405878500749	0.107856235022987	0.503861382715432	0.239988844128801	0.139749082559348	0.117296587136572	0.372226813674206	0.356748057767327	0.272373203806275	0.219570360509468	0.144957175475577	0.264878691648601	0.206166012775031	0.156470744740053	0.759751954043981	0.433111503550384	0.0837213674426886	0.194144140129655	0.133289770224239	0.110290445580158	0.353746628345857	0.446881644309629	0.255191244866261	0.04371253043299	0.222626103558466	0.107285834232522	0.0401564039581175	0.178748811284577	0.603810371372348	0.299685959764533	0.0857470176836405	0.329989963076343	0.169735741958576	0.26685940403842	0.570755121132265	0.0627890695224826	0.0868085254943433	0.198530834819675	0.0425614342270785	0.224454483295626	0.674079400392526	0.323569406842613	0.127514047227322	0.308742542454265	0.148924494622529	0.339280723111146	0.180422206122305	0.480669731668542	0.0524075814695324	0.192417542296578	0.0410144629059543	0.246983250817723	0.39237594712406	0.120857884083832	0.325536410373378	0.463249866218741	0.367376395398514
"SAMPLE-50"	0.725046461033514	0.874902454091072	0.910516767792059	0.954088851507033	0.881177665016655	0.92238936570288	0.938539410749499	0.932418327960311	0.881528293233681	0.985502438123081	0.932357267709706	0.908188888200744	0.958947227455288	0.838956065076398	0.751780409742551	0.930577485293682	0.874507130932793	0.844331814206164	0.959386908494993	0.893572840269274	0.863327107210608	0.970890600084724	0.845124888860955	0.964855737035616	0.811695419316062	0.922488067910679	0.953006237114402	0.953200767261872	0.863530318775715	0.930498963923538	0.943501878270166	0.978774855137731	0.898964919676192	0.900872934217468	0.788277225824911	0.840135265540152	0.894488551843922	0.930804749459316	0.96576101491627	0.937370325858048	0.86331696035593	0.767574775447682	0.776820277100884	0.875884391653137	0.939170166906367	0.934341032917396	0.684118296424569	0.807127414399805	0.715165755555271	0.838226129715519	0.897804033796029	0.98177155196354	0.966068661340613	0.814136016964074	0.949415469962806	0.944668665029182	0.963119511461974	0.968042479816416	0.932419738778958	0.918951016578559	0.909415225883564	0.813419997965132	0.95539707255799	0.948899285394134	0.948985400113714	0.908148652910549	0.980865488302795	0.976002685465979	0.919388613326091	0.951516827544374	0.926894892681245	0.835538399785602	0.938854729360497	0.80430882488206	0.983762418553542	0.981690815904067	0.778204479211251	0.95041269958704	0.976211723674557	0.976032270535573
"SAMPLE-51"	0.756084468617954	0.956091544410323	0.651452431699686	0.899356472241879	0.958613555831531	0.947339135882714	0.95421743980057	0.968280223193699	0.894896445040536	0.910426189998494	0.877140335344572	0.738988524515861	0.731281518240537	0.8221317817501	0.92102784469095	0.964426905525208	0.798360418611369	0.904254777055191	0.971239898413689	0.960720026176908	0.894429662263712	0.770418034361972	0.974974379441249	0.915858549647529	0.822385601527063	0.938903149045752	0.839482226448072	0.91094431523802	0.649847165502245	0.939482174736489	0.891853692620085	0.936406613982084	0.982856959317192	0.834488157533143	0.931575713745753	0.871297540091688	0.899536532780871	0.888170482043877	0.984206842814169	0.973311782907605	0.872277748175596	0.926934875548882	0.750117950267386	0.725588608238711	0.951986752779741	0.916428371871378	0.951769348794233	0.756454925682838	0.960868587269525	0.813007143799895	0.947815313894113	0.98135547011871	0.946807867845605	0.981950608990443	0.909700672087346	0.885466778892282	0.950645997252765	0.979808154814359	0.96762760610069	0.938701111695173	0.962422085326651	0.931887448318162	0.939720509143404	0.868834878290348	0.926303582023146	0.820199287260327	0.943848345744893	0.963622586419851	0.854744597281297	0.947797328376139	0.979936839421354	0.962097390451599	0.91501702973022	0.973623888543993	0.989440820423302	0.859566231260984	0.887547271247354	0.763965871543598	0.982259778864423	0.963953318940824
"SAMPLE-52"	0.140129144098546	0.155434521154017	0.0994771334502984	0.0827959174440169	0.145968333715884	0.109631405707292	0.11989212425923	0.0393710407191604	0.139649908505531	0.0744896573848038	0.096531866830318	0.145746940928616	0.0828286918136238	0.130974430379283	0.110442380589852	0.180838266909031	0.176837131189725	0.10040837700613	0.0948745907298512	0.104323234911663	0.187384862878026	0.0290056783880132	0.144599323549066	0.0848329261987178	0.14265065008331	0.308239298509823	0.150719407217623	0.126281624042336	0.126834065441805	0.132968118385166	0.118105892718551	0.120771061693803	0.102145483544839	0.146302372324712	0.189636141774304	0.0773413458975545	0.115974111417771	0.18446506012674	0.115291134931022	0.0441883268694524	0.112350933196586	0.102019475266769	0.178204851719176	0.124967199246653	0.0955519171831691	0.135193038898567	0.0641358112662047	0.109501959698785	0.0787980075224249	0.0968727729385922	0.106505508314546	0.093835520218787	0.0559217234879497	0.0773239202504458	0.0944121556213404	0.0458962977303782	0.0460539580682549	0.132810710712382	0.0383202993056978	0.043406855615888	0.150833374418959	0.152130837778752	0.198744464851407	0.137526317242052	0.0591597848733788	0.093857975715876	0.0639388662537245	0.0551527282408592	0.164517706195729	0.257581593947002	0.13751465568437	0.0481948430179471	0.0848158264113442	0.136911602622318	0.0316904077442942	0.0859443586166572	0.0930857836690274	0.098747758772206	0.105934814685689	0.0385234675228253
"SAMPLE-53"	0.205388279232939	0.474563714705289	0.464494748474284	0.575933828021689	0.792093014243239	0.70420012883684	0.668894084485535	0.331141410682184	0.326524391332323	0.839666805873961	0.609952022224935	0.41466281206234	0.566078998023963	0.43368087123945	0.173623542030776	0.553898946422764	0.575295947898075	0.428728895467201	0.437591040310761	0.229469749511291	0.505547145462988	0.740263226842051	0.537406678549388	0.443338368019036	0.252954282717218	0.793761053417743	0.653804841531716	0.727741243950733	0.424922039806451	0.514810162481773	0.712209220065937	0.579215957984334	0.427042749264746	0.407884257695768	0.586239409665279	0.245074421111273	0.694004955439979	0.932214236072594	0.873845326649216	0.281761198509417	0.459451181058464	0.671088988156569	0.330205572265864	0.590438003993907	0.765217822453842	0.511224443725728	0.366110800511127	0.693556169213892	0.579629498724709	0.7544140305996	0.606001065197103	0.847226906710961	0.596167175061033	0.136320084966749	0.808192315147432	0.550044703810704	0.530772478360138	0.680406750162263	0.252530532704154	0.251500396532822	0.366278055631385	0.272955782755286	0.621886203750947	0.908845034406288	0.3819490446304	0.530357087248097	0.566631305001444	0.588122323250649	0.791681691923747	0.718541320511	0.707588149870931	0.134306056244136	0.575499869446691	0.46718970784956	0.378087048253789	0.769740098872458	0.437009083236608	0.359148139754528	0.49487468537159	0.356464383083278
"SAMPLE-54"	0.0468581896137676	0.151417085327512	0.121504665778378	0.204685542794132	0.0868684745264569	0.127806483904825	0.116474393813605	0.378752830059883	0.0317070775003643	0.0504466116488396	0.130803774245337	0.11071603530507	0.196802923786258	0.181507818236312	0.094519840502664	0.0885453547531599	0.205099732650604	0.178418863400044	0.238515943415555	0.185855760234565	0.244208438201592	0.053476377450838	0.317522376756992	0.087450510879302	0.106729915026711	0.148268432540901	0.176158136090991	0.100273598795965	0.153663397040449	0.0652887130396025	0.0994543575265977	0.169815801866899	0.0515026595115229	0.164655310825109	0.127480964612892	0.242968249715889	0.0470293636567318	0.301372341924141	0.125364009828738	0.0244822210853093	0.128280494149378	0.166019475367471	0.0808618296226683	0.0699175116321539	0.0387677435232661	0.194911921343249	0.117920750409795	0.213585469781142	0.122858954046345	0.0749062855905682	0.0849675003594219	0.0403825689455484	0.10239253590026	0.214806469374139	0.196226020258937	0.0785189129250875	0.109002232945427	0.0443623741874069	0.0624955190013907	0.135903199361356	0.204838769162025	0.0534095316958795	0.184903384772199	0.102071572719082	0.19489222563665	0.165947256405849	0.0542407852750311	0.043617345137176	0.147957276985652	0.144900981253464	0.0935660497784045	0.103942878482539	0.0125158038114903	0.0934689540776137	0.289009001421428	0.0443124946785419	0.172710172869071	0.0350088791255549	0.387669248317085	0.106631617343124
"SAMPLE-55"	0.0397691849860856	0.00586588869289811	0.173998419732414	0.0669039783680323	0.0670171771991381	0.0314906168434943	0.0903041124359607	0.0037500197117643	0.0343231237041035	0.571980307556656	0.0820916870752629	0.087124613329457	0.0398891178162563	0.0274229849836075	0.0241177981799254	0.0322719287819709	0.0761735626041405	0.0333651523168988	0.00908380403917683	0.0152621167543384	0.0993424168583945	0.0782921064650762	0.0723138698050436	0.0152964406014001	0.0789983048209212	0.437801679414393	0.139900000968363	0.0153798334332152	0.119964453809136	0.10567711787857	0.0151314927419019	0.0523715688559784	0.126296317154688	0.0607665498205815	0.0029208106959992	0.0359564854870659	0.190615823464525	0.349970960013367	0.0432557466016019	0.0741901197168417	0.167961918994335	0.039900406742028	0.178470202640204	0.1511469543444	0.0344185593905332	0.0760764733110667	0.0205768269412064	0.0402936919760192	0.0263273457758696	0.0324430030616993	0.0113987168803314	0.115766825080961	0.0400268387563883	0.0330994082492053	0.0445244553921324	0.0851830781726547	0.0573334817717913	0.0427144144614153	0.0738395319103088	0.121152994919295	0.082652471110785	0.0725303156697518	0.0164980691711708	0.280522902122221	0.0967723821062099	0.0145302615011649	0.0685968285887229	0.176475838729147	0.263002935450687	0.0301441456524815	0.334078699946508	0.0889567952977628	0.0711479131792738	0.0272382022927521	0.0263668515451848	0.0942644095820638	0.0282640691972837	0.321127892617379	0.0610583181140651	0.0460495588764354
"SAMPLE-56"	0.993301476174358	0.99708783974058	0.993556034436596	0.997614417874033	0.999330886745356	0.998995941248355	0.99479848753835	0.997089504824045	0.937863879636137	0.997693705712871	0.987451284219845	0.964189893602613	0.983022580729781	0.971399261961228	0.989127707960727	0.996029467233325	0.984156042395672	0.992515121408702	0.997772329281713	0.997670561837605	0.977818372449431	0.995803735301766	0.993670585497196	0.998469493721584	0.981891789220142	0.988114811111612	0.996800475992515	0.992869923786344	0.979723297460194	0.986018900284398	0.988037788309654	0.998958296820827	0.993317094772518	0.99095121834635	0.983903648866119	0.98883511508156	0.993587531492781	0.993776137246681	0.999611863418957	0.999704823643586	0.995405788070717	0.989871076898147	0.997256928436844	0.979415401805553	0.996011900837299	0.984147265785639	0.999123298995453	0.992299197840983	0.985927228008986	0.997762437699677	0.993919847489448	0.996621366829003	0.997843244100394	0.992340118224241	0.990007796828855	0.990773417279691	0.997395666690804	0.995588355244721	0.997040117483406	0.997530149667142	0.992904748519829	0.996671324627136	0.991800361549181	0.988682386848736	0.979323897624614	0.995355004974887	0.99726494055327	0.999175484647674	0.99795950588758	0.994600667846767	0.996739453132809	0.996782601158629	0.992247895147537	0.996443229426362	0.999607039824331	0.997314459966904	0.983011697305172	0.978329692789518	0.998687270299154	0.998257672274662
"SAMPLE-57"	0.698513502090101	0.424930519881031	0.656281211933944	0.461309257600705	0.846427589293527	0.640618193556552	0.740785406512781	0.205921965401972	0.514046576144847	0.885550604561918	0.700438753230603	0.62485153335362	0.450505744605432	0.437860743751427	0.328928988091865	0.503765701201315	0.589916430355922	0.236824022134252	0.365006387090699	0.0956047621262337	0.46216847760652	0.6530611404829	0.528233648021713	0.208122968261154	0.232242338963058	0.649876836654566	0.707353747740337	0.757392598081079	0.690053181474485	0.523735798730724	0.426020591631181	0.4376793045828	0.537669243003175	0.415017349223579	0.571818320673197	0.486302952524228	0.817491478717899	0.825523511948784	0.431648765675195	0.308392603272625	0.728769395628906	0.254732676931383	0.959441508843376	0.826270668557839	0.652458237635916	0.620810208714078	0.529488119348561	0.533031092014916	0.212554503246313	0.801268243387782	0.547174166585566	0.478892278741771	0.352856006743942	0.255356216755664	0.679980244717188	0.349376459915571	0.335904704548875	0.537964434195677	0.346942239829788	0.311538963152714	0.50544696495004	0.159513246684786	0.33860763200225	0.834866205716423	0.272692857310115	0.362764968592786	0.124170840370251	0.636648975259413	0.863669299664281	0.736691971659311	0.757540907595212	0.237868629820358	0.347304386204766	0.1874677057131	0.296893930668808	0.717553948177447	0.39810800174027	0.453093042897322	0.636392877484879	0.205347245850472
"SAMPLE-58"	0.988443148995812	0.983831827658433	0.999189793716664	0.986399655754432	0.999493565727441	0.971525777143044	0.99101892594492	0.966781992809137	0.970010462024753	0.994673876415393	0.995212273896029	0.990764059185324	0.985726904394733	0.990741837242629	0.912717927215733	0.982962377606016	0.985890553612772	0.965824003074035	0.99107743337878	0.893701748989613	0.942156120520446	0.998446609517365	0.983534682131357	0.976179707458298	0.958594090296342	0.994594823450753	0.99808324453567	0.994669834892609	0.992321064631837	0.980285479871479	0.955644392340178	0.988813069051753	0.989579424555765	0.984310438204052	0.98608003193419	0.892254974447716	0.998658011635197	0.998874791606406	0.993536321081192	0.992988099817375	0.996526056987042	0.905476884087056	0.989113999031624	0.991946728652278	0.975097487958085	0.987747312447393	0.998733206064516	0.98657220486484	0.874072266409908	0.998343313831822	0.967216664648068	0.98416114727195	0.975963290404202	0.925300649478854	0.967654756767403	0.960441210547317	0.974258766688198	0.91625068715543	0.997087286013667	0.985075565941933	0.987388500451176	0.995857423049407	0.981713702433682	0.995287932002082	0.944153519494485	0.978975343626603	0.952550333471586	0.993838471783241	0.99299380425304	0.997310734509703	0.996127095308187	0.974573150256553	0.972011386695179	0.98353783075096	0.984183118966501	0.999126952702957	0.960685582702087	0.985618815854284	0.986172354205072	0.952489091594378
"SAMPLE-59"	0.0594876794172049	0.0384622771758506	0.177333710616725	0.0104290330469744	0.309693432985211	0.0146727944236539	0.13186277060459	0.00216484956623372	0.0202246642675543	0.0335698548658539	0.124798756186114	0.0657543229943313	0.0652004624999188	0.138719082861183	0.0175667171295207	0.0248737094301913	0.0508589813263619	0.024836823276233	0.0132657155355651	0.0162694246269046	0.0694744707865977	0.110304392021662	0.0543812573248935	0.00983744621512747	0.0281765885988271	0.0893035935961013	0.121494679929429	0.0390146935257546	0.143028947323911	0.0382770868585668	0.00911496974284155	0.0259184699481409	0.205406856169669	0.105424927362061	0.0265601058391628	0.0111420944696274	0.0948601364939956	0.1651184871612	0.0933969157425818	0.00929858313540036	0.1712303370971	0.019262654168764	0.0830997623351399	0.0825979098942607	0.00642825956773628	0.0228785776225487	0.0386943676648216	0.0356247240447955	0.0139671566922068	0.189107904083735	0.0254764645070833	0.0050193846189692	0.00562720833176925	0.00943746930307911	0.0949554459066526	0.0140397278695941	0.0156233620836893	0.0147297911323047	0.0875230949179356	0.00787322363230924	0.043065909593956	0.0957361796737857	0.0544848440332389	0.0962848052522612	0.0175629113793801	0.0434069680497592	0.00978988620615669	0.0155556547778565	0.101862767389421	0.0779977771758494	0.0551992528433191	0.00249850230847962	0.00207336629888353	0.0377295444644527	0.011548634432992	0.0302984379011493	0.00473360407525071	0.0379904817445054	0.0054358537358777	0.00360254318616228
"SAMPLE-60"	0.0191660340202474	0.0263473254511463	0.0205643251463048	0.0348593831271647	0.0331773081028524	0.0265119669085414	0.0383278211212619	0.00480663480721284	0.022192250983555	0.023434140071445	0.0145867059557954	0.0286112869328163	0.0111888738588032	0.0323369803990233	0.0224048275454299	0.0175629590030675	0.0641714397912681	0.024554372900238	0.0174666934213857	0.0348950162373655	0.0624777612782427	0.00919262936422825	0.0217058081209869	0.00932357982420112	0.0326015330042076	0.043510290735287	0.0146281131670227	0.0131836613433643	0.0281369593578669	0.0268671568998162	0.0271918241340739	0.0115693492991072	0.0212393983437674	0.0485504090971568	0.0155946438149589	0.0183354841330309	0.0228841975784092	0.0852773248630324	0.0301496032861506	0.00394495119538264	0.0733750385183354	0.0296334233583504	0.0497676216550071	0.025985070625285	0.021376018328857	0.0266180521330153	0.00843550248678999	0.0640199727977987	0.0117244635094448	0.0302290040205215	0.00956877933886043	0.0119145100868543	0.00911236929197611	0.00858496611025758	0.0484058964446283	0.0146495447951158	0.0255775811163381	0.0320013704667287	0.00962830283898732	0.0348521824663251	0.0368046106888667	0.0131956050666763	0.0448904037995476	0.033923686630384	0.0115816877628355	0.0218850624368053	0.0128223772574037	0.00652168447881049	0.0467528477289418	0.0322427769463914	0.0193363797019756	0.00495643069846978	0.0154757068307551	0.0238252274303537	0.0210249983287024	0.0161168280010804	0.00806715122530027	0.0145869840509834	0.0174607628305387	0.0039879681668712
"SAMPLE-61"	0.977317191239893	0.983396052728234	0.901178271223807	0.992967197825669	0.991970158932777	0.988127848652929	0.988487037210971	0.965838430670338	0.957548220162825	0.995122137732959	0.985997534660171	0.88711206065846	0.897412801991795	0.881434193606508	0.905620343166366	0.98051632465059	0.829955340605953	0.927364739153238	0.980671524653634	0.951200080325806	0.810960356224	0.960372097569553	0.887606810841698	0.9745104223164	0.914419015240827	0.966759780842706	0.982217928013117	0.926925346632225	0.925165807714173	0.978909504610961	0.959614028179638	0.973982424776207	0.995826777683851	0.963255374607722	0.932945807832689	0.899428125530508	0.982115479256858	0.960255776738116	0.99255847009628	0.998149677267226	0.98415181910744	0.921798901351806	0.987957776996035	0.941695952076354	0.957272817295404	0.880791510902507	0.993245657214286	0.978667956398005	0.870682710329916	0.991533028796952	0.977744932498858	0.986360704087479	0.99098711436152	0.912538381224335	0.915154483924672	0.99379171137183	0.991176982779396	0.947454417634357	0.994690315077939	0.975579177069545	0.974947635474705	0.995998597097392	0.909302754663154	0.945081890625163	0.885222901787335	0.956502364271951	0.99217991298457	0.999550753466854	0.960720714461631	0.96205845560809	0.983487447022425	0.998314552639317	0.909996599845515	0.968698848360642	0.998200125112589	0.9765367169435	0.986284125274143	0.977924283229637	0.997213029302462	0.996467495022652
