"Model_1"	"Model_2"	"Model_3"	"Model_4"	"Model_5"	"Model_6"	"Model_7"	"Model_8"	"Model_9"	"Model_10"	"Model_11"	"Model_12"	"Model_13"	"Model_14"	"Model_15"	"Model_16"	"Model_17"	"Model_18"	"Model_19"	"Model_20"	"Model_21"	"Model_22"	"Model_23"	"Model_24"	"Model_25"	"Model_26"	"Model_27"	"Model_28"	"Model_29"	"Model_30"	"Model_31"	"Model_32"	"Model_33"	"Model_34"	"Model_35"	"Model_36"	"Model_37"	"Model_38"	"Model_39"	"Model_40"	"Model_41"	"Model_42"	"Model_43"	"Model_44"	"Model_45"	"Model_46"	"Model_47"	"Model_48"	"Model_49"	"Model_50"	"Model_51"	"Model_52"	"Model_53"	"Model_54"	"Model_55"	"Model_56"	"Model_57"	"Model_58"	"Model_59"	"Model_60"	"Model_61"	"Model_62"	"Model_63"	"Model_64"	"Model_65"	"Model_66"	"Model_67"	"Model_68"	"Model_69"	"Model_70"	"Model_71"	"Model_72"	"Model_73"	"Model_74"	"Model_75"	"Model_76"	"Model_77"	"Model_78"	"Model_79"	"Model_80"
"SRR5865065"	0.844725896896425	0.925108794132853	0.796703351545389	0.748677639892506	0.858695858082398	0.877604206691096	0.862046483051337	0.825409993330025	0.801802345490341	0.858815115853814	0.794772465759467	0.759585209620765	0.868685973364487	0.869880471206105	0.906811916711028	0.840393673691729	0.829761784675216	0.954125656480577	0.873649319541664	0.750164604163493	0.921547817586409	0.820729805391054	0.768237033366573	0.86956942515572	0.748558343732862	0.780855516342648	0.870239216919659	0.889934662816141	0.729203185226803	0.891475214547768	0.90560913372073	0.839961977553355	0.91531048797355	0.754718822859306	0.809602937399904	0.914508449936239	0.779659886713606	0.830619524067212	0.83467363130997	0.820849436199781	0.895613657222729	0.845552143268142	0.867352675090743	0.886179952950428	0.908410818719908	0.877772426694644	0.809838961803273	0.766548598006226	0.828288526545068	0.858027860284316	0.822391993999031	0.865377192991611	0.778091336670418	0.847244420037497	0.811160353982679	0.81489833383551	0.836548392286661	0.86298683398085	0.869175728483846	0.832414188499253	0.814660962804746	0.890770883942015	0.827275713291236	0.879104481484766	0.851647514107114	0.872338612533276	0.916930902902562	0.77711688874705	0.898942640361397	0.855070185032207	0.818750874485863	0.91665236823228	0.685467485808178	0.817490095164986	0.876268072888411	0.820399842364924	0.858191859597375	0.833650133506452	0.87931929145113	0.865278511590116
"SRR5865066"	0.38675847398288	0.629507212484687	0.425887223630085	0.460496559849119	0.487467715174175	0.53168348989505	0.533759250534192	0.450763973949524	0.432270328322699	0.557518985915805	0.423688663329602	0.353119182426352	0.484690243348743	0.522427107783161	0.523022468334774	0.607457688023109	0.315853913156605	0.678684590076499	0.604087700855654	0.393289410485749	0.612756329167228	0.31328723552822	0.360942947271943	0.563937220392738	0.35826822782209	0.397220663691188	0.615505694365936	0.598715529793442	0.3386113335048	0.581645883370743	0.559503620812506	0.44858160128916	0.647541062938128	0.387361597176108	0.512695991856552	0.408462369133177	0.378187853482395	0.217793176166372	0.514588981000054	0.55359279864387	0.61911876005285	0.497770037700965	0.536134811900546	0.587309927883361	0.677429768597314	0.49085056404724	0.413644446242064	0.364368318397733	0.455697744765726	0.570724867811709	0.507827560278905	0.508636781102236	0.489471328008222	0.447831135546529	0.32998255849543	0.43008620688554	0.420826862187503	0.446875281222689	0.548838088178015	0.306857111881581	0.399917799031832	0.565629353342603	0.366403774069283	0.509772070873254	0.5834523916603	0.492918958226008	0.606324312572716	0.411714508628709	0.509051477596355	0.378560586073114	0.412861714264577	0.620440222315908	0.293609490598285	0.407717693964482	0.533141121846456	0.47449969665144	0.510925382645014	0.508080152291356	0.476059133198888	0.413597872717114
"SRR5865067"	0.0610093098567735	0.0875686529464439	0.0930184712694858	0.0513554618466641	0.0773805144291802	0.0610094648304187	0.105153354851089	0.0696427351197252	0.0413315502885162	0.112536491003215	0.0966658213261776	0.0749894878354524	0.0694787874092535	0.0848885577280436	0.0600883543161745	0.179481025249847	0.0347764141861135	0.0704826158988398	0.0849249578279176	0.104897327085711	0.0544341048852978	0.0516722375283083	0.115767434734644	0.102199309504764	0.078016694922432	0.0723393402341983	0.142526183363739	0.0984576208825746	0.0924513321911998	0.0940188973301851	0.0738741088476743	0.0783511180750176	0.09885193719371	0.11609119317215	0.132005478179908	0.0359093432136759	0.0845622507144988	0.0448659249256451	0.0936292468680724	0.0975405439684894	0.119723449321023	0.0936081403062037	0.0981902864903458	0.110473629888439	0.141295906512359	0.103812541687926	0.0759026566362125	0.105860531257235	0.0770054036328679	0.134031385879854	0.117475741686823	0.0737594592538585	0.119201042934522	0.0623768945634479	0.058190562238792	0.0702801941607483	0.0854736013820769	0.0510609054338958	0.120451227242317	0.0358764753733523	0.0612277047305442	0.0804521172078322	0.0454854125142844	0.0687393007246188	0.0529364851046882	0.0615657161006334	0.0854486014059195	0.0896140072954754	0.0745746224070034	0.0593373525009732	0.0718682101689726	0.0660708664634819	0.0776603814087422	0.0774991581759457	0.088591906692455	0.101259793353463	0.07885049927025	0.103128195254531	0.0601809269452618	0.0453500548335522
"SRR5865068"	0.864611945346906	0.914843319504305	0.727926824901219	0.777402580340574	0.830410012558149	0.896986905296598	0.866539692579808	0.86375979168933	0.856792042491294	0.859424270760172	0.75888099453256	0.810789031904483	0.87323126184034	0.896011955202586	0.932431383225701	0.848516920907184	0.854215927397292	0.954831525373184	0.856182501211187	0.793131862074761	0.937749144811832	0.760251519132517	0.703616684872047	0.874304377411086	0.7751819407133	0.773250568581316	0.871658176711614	0.911030212756011	0.767300026268497	0.910343206066464	0.891596397886717	0.850895544187836	0.910552007634251	0.778828388381215	0.759884644323178	0.919752594161869	0.795903480761953	0.767122117021596	0.815935112078296	0.79192761083759	0.88739272035519	0.803915137447341	0.897498551691409	0.867128149262563	0.911802193153931	0.83973231842056	0.782585210925175	0.711811505198511	0.850362396207274	0.8203106850422	0.835111387227811	0.879851371229669	0.780351463922392	0.80678925911511	0.838871763175205	0.790601000985418	0.780650859190474	0.830393028931028	0.87951858682261	0.828922176436789	0.727756511252912	0.882452640478579	0.88146421940515	0.875148935925554	0.876344086510959	0.862068586327229	0.934988060879102	0.813012931350083	0.874281847041017	0.851380447418164	0.860346982099607	0.927043631433313	0.677114710405999	0.748395827116777	0.870533051194592	0.858736250617161	0.861934048826847	0.805654371596187	0.892301305814595	0.836585936764875
"SRR5865069"	0.12402882474324	0.17553065674594	0.324461291667424	0.206165897394137	0.209203854775656	0.0743969158876435	0.197035597360809	0.0998818930960475	0.14104998384661	0.188404242709085	0.244676885971618	0.0905225506009391	0.17624551248143	0.121797111003528	0.0850671881458573	0.179713111034187	0.0938993452943029	0.105932910045831	0.201533336249532	0.118539944171413	0.10702543395391	0.315028614395486	0.410013703891749	0.145355243617095	0.152210642970857	0.154528119152436	0.180770342650218	0.107394785960708	0.131831266251232	0.0952209167898765	0.196751621846294	0.177150914779212	0.177402389446935	0.162562541424893	0.283185145586592	0.0853035289883152	0.156114011109044	0.142729120241005	0.176506665363645	0.393532261627745	0.194768360255869	0.254668061891364	0.114976651716203	0.232282854230112	0.176483716626452	0.357340985509813	0.18738951977877	0.367529931202851	0.108164720702576	0.302746683957371	0.172467165394748	0.122638602170364	0.166432075718446	0.255880745047282	0.120070619106936	0.211515759534753	0.356882026604446	0.212458983160377	0.165673428888555	0.063018902189386	0.196731826671598	0.143978682640413	0.0455668468370464	0.140599220239017	0.177187211912672	0.145769143511735	0.0857934671011418	0.11314928083103	0.263097804747357	0.169930860229625	0.0903719071164959	0.0981328096345882	0.177531688934089	0.229564732050091	0.208943938403925	0.111788829084664	0.126987952312042	0.23471107808693	0.120525203368941	0.158779118621199
"SRR5865070"	0.289592052646358	0.358123524491457	0.25528358111349	0.310446162160824	0.295920866618962	0.39907116713189	0.363438575647484	0.406796399202914	0.314840973355935	0.407856082281672	0.307398695386811	0.332805039301282	0.34230819814857	0.37335813143016	0.41678060394156	0.491330820003338	0.27508539400299	0.363919561510216	0.379618044905849	0.364027800330605	0.433393619422647	0.187831152350552	0.330505701455256	0.375039100416713	0.313612714394446	0.321456927472172	0.444680028140408	0.475955864285994	0.32676474516708	0.409117949180759	0.342227541844065	0.338874947466473	0.404116644144825	0.358251006353101	0.36676402697129	0.244892073339459	0.300667675533696	0.195151095844824	0.35315278713196	0.367480985826754	0.375336673171124	0.399682493670347	0.417957528744963	0.372122885452565	0.452503042931836	0.287395834607259	0.306715777720874	0.271995511992971	0.345681670558193	0.341950607506487	0.434050225727129	0.369963823437331	0.385543871306423	0.299100436811808	0.290951267830967	0.293947594708107	0.250435074559758	0.284985072466285	0.408766986685451	0.275084291799051	0.247725075777656	0.338424848273097	0.330600175576331	0.339179737176441	0.349341201832194	0.286275979332274	0.449251646744079	0.332901522548739	0.289862517468746	0.263495374477131	0.345959359455524	0.410147048764258	0.265816232499825	0.285208448309378	0.341562920756114	0.388283125264799	0.354547073808261	0.31624300397824	0.337252944828827	0.255348367194408
"SRR5865071"	0.728309096782079	0.79064593803802	0.818974703412672	0.786999951620527	0.802597255293434	0.71726313692334	0.710288520874922	0.714224254601496	0.759297043330276	0.730292330349418	0.809408630305372	0.654162961778364	0.764394727561746	0.681376307886241	0.759973492113375	0.703750347010437	0.752267944471616	0.759467351552837	0.810475131058038	0.675301976758066	0.792125408560426	0.841917139078551	0.854794267158821	0.6787427035285	0.704205178765645	0.762667377442717	0.686053923939492	0.729577786636824	0.72034611748991	0.664585277232931	0.806953033944603	0.751450655393118	0.73537269578786	0.742030334755455	0.822068707930135	0.8394239580546	0.716901088659626	0.771100070042648	0.770423034456097	0.827023651365957	0.730142598145678	0.871026565237772	0.698023219756114	0.780809885234952	0.694541292343132	0.822197367365923	0.835455689916885	0.803011182487066	0.670924741477796	0.763049987608046	0.737949345769884	0.697617781087202	0.684678624072619	0.849895375601382	0.74385002235637	0.789492121381868	0.811542095360304	0.867555683229712	0.749029396190707	0.822870358859824	0.845781892205259	0.76162309046136	0.679036355158383	0.766170787411302	0.714238747391502	0.734638487413461	0.739119883598058	0.637506180856947	0.826328059263883	0.800900550965009	0.649961097690901	0.71021723169698	0.753952083182999	0.84772291772902	0.746921673706162	0.617323542977556	0.739130600041979	0.745445340077515	0.734149433803295	0.810565782931384
"SRR5865072"	0.21680412663335	0.291228880984905	0.360228901758532	0.262767569855032	0.327308227290963	0.225023986427217	0.30796015836416	0.238991816118227	0.214875542151036	0.324545950220869	0.333660406735726	0.194141887111905	0.310042739509044	0.317104975803752	0.24692050969757	0.331724218410476	0.215976317046381	0.223004040143109	0.417986284870177	0.225593141946184	0.309665522031111	0.301638668762809	0.4304346535863	0.26196259910396	0.302847529920539	0.274879255683239	0.3109292234824	0.304652238753044	0.228538676267706	0.223261132867049	0.322767531826845	0.300466305277733	0.315184981092271	0.265215086687687	0.391317159926713	0.175140337117193	0.238913878250096	0.274891170187796	0.305092445331176	0.472707915084462	0.301006289805487	0.443820577062776	0.352196057203777	0.341289024052127	0.318362309291375	0.369992385556569	0.299451162774639	0.366657395449989	0.229722051204248	0.378813670872882	0.323673703657336	0.279367382222029	0.290844312475338	0.379270310584489	0.200479745899383	0.366979831507948	0.353937990008031	0.428839223025628	0.311105573122876	0.187359557339842	0.318958882069147	0.260506057175292	0.134871661648024	0.260846771854006	0.282976122753655	0.243993634411062	0.246268702498388	0.209123477959729	0.333719634412014	0.237101346528987	0.187278042235336	0.268624345458258	0.267997363412184	0.346850812582748	0.31610349552151	0.217500956423205	0.259832824464044	0.317246639037538	0.265137334476649	0.357272005926078
"SRR5865073"	0.432699427684949	0.592576015274984	0.42303651505863	0.256322903435478	0.503002590840668	0.477521067064844	0.482751329075191	0.427779901878309	0.298502759169345	0.501493361410874	0.484508695404231	0.366910368973277	0.42163318008685	0.545171301141166	0.538460740079377	0.633559220924617	0.281147660373066	0.666959864445607	0.476543557108057	0.466116218284378	0.488083969432707	0.345367885989436	0.509053806965265	0.486696491628681	0.367176469405484	0.374680911103167	0.557320486657168	0.619936777561714	0.445121694652826	0.55193313139049	0.547610764136583	0.454221746441771	0.537199161348098	0.533822925457198	0.57372862322367	0.55397650433851	0.397554177208762	0.333863772463331	0.470395395871118	0.407855235591534	0.577306017301954	0.525025643997622	0.618524281598133	0.534461377941184	0.625866780674847	0.554509818723407	0.496908946182374	0.426077478027513	0.423903878995035	0.533637454743099	0.523776046603679	0.418345936861927	0.429028262967181	0.404410383937594	0.391525929272168	0.392860254683481	0.416014770920236	0.452866324885408	0.619736279896072	0.377191568432255	0.35219228473705	0.530998352927627	0.397475394394785	0.486687931629862	0.280857989483093	0.385757246920038	0.669864300879442	0.390092586250745	0.520471558823165	0.468378262820422	0.376894678333699	0.484362950214807	0.384027301911802	0.422249510293716	0.452989906004619	0.413968329055933	0.47835224834322	0.43846394179925	0.435253050059582	0.394151304282435
"SRR5865074"	0.733056217892249	0.842955066087579	0.69034297061697	0.774033080598239	0.786515015422253	0.853351001796963	0.752932183126513	0.803612038092096	0.760812975129445	0.809668825608048	0.736679982156291	0.710292321033311	0.783685282597734	0.786606874690097	0.836210464365189	0.81805318538505	0.760022515587546	0.868157022560864	0.877397614475992	0.683765446634401	0.890837791243611	0.685133344315384	0.774038408338774	0.79454144786699	0.713719108923153	0.773356972898266	0.827191233830428	0.859498671362115	0.650307000558435	0.823408020621867	0.837978280836478	0.73904640803551	0.856383403665235	0.681458761184485	0.782092269560942	0.777423316023435	0.668669436949228	0.767986853274805	0.795436388132003	0.79430226872849	0.796781407930928	0.828754945257671	0.827699906412016	0.82237116143447	0.830575055033363	0.755988154065955	0.763048063143471	0.683082898830069	0.77244209323692	0.771441002579903	0.802726150766247	0.824089144445683	0.756772204042417	0.809831662546286	0.72087425522242	0.78319790873086	0.725683723685201	0.850520028052913	0.797115308377872	0.745843620832614	0.726850313520099	0.806750862627389	0.760797307392683	0.821370390503171	0.803166938752981	0.784813979179327	0.881013976664946	0.680822755756891	0.791236447027684	0.734495162871239	0.739087302287967	0.870886354695464	0.648609497276037	0.702936655585447	0.778886627944513	0.745276253481921	0.802967736527542	0.744549523633892	0.802004904291902	0.831599392272131
"SRR5865075"	0.217262929248104	0.350716142063822	0.257445159808566	0.335885607359134	0.277152984416986	0.249975366276076	0.332156366599516	0.252011916699467	0.297338107895839	0.365993280461171	0.252085612914683	0.191423021733161	0.296408682615184	0.294796544417853	0.251705405163322	0.393427260368613	0.178909188210258	0.333839752403471	0.400198166006075	0.196715794104479	0.333445660146588	0.239455899596512	0.398334555580499	0.332124578747769	0.231024793382928	0.23558668791249	0.445938287230058	0.333363447599213	0.164537627834413	0.302568326996985	0.344892879036842	0.262431756932319	0.408204574433526	0.20328726873034	0.31453783709233	0.137467042670495	0.201290682813917	0.224475705029256	0.278441270195619	0.45018154922369	0.362030028719458	0.331744425698741	0.316716476766965	0.379461844902794	0.430405396679407	0.377332739320613	0.201580146646294	0.316213748357333	0.252762749105661	0.388687108394479	0.335830940218777	0.321276365137427	0.298131378185395	0.288459460551369	0.192061614604832	0.280124601398525	0.342111359991896	0.270232367885034	0.313950436639386	0.128939228178192	0.221866479065338	0.275329190097096	0.134194033795934	0.288520946867019	0.399449800363071	0.267870514694961	0.323920444192405	0.207687394996985	0.335139147392097	0.214189466960891	0.217420851207763	0.343210591363304	0.169021313144245	0.244847202436821	0.338499178487995	0.279147247212457	0.263535532414787	0.312292542647223	0.269092936346688	0.261146575961566
"SRR5865077"	0.154879472031109	0.271057175223533	0.225051951398138	0.224901094487181	0.235567370188532	0.262631938175703	0.280068668341732	0.239291535613776	0.174339348187308	0.310236414391545	0.222540982685119	0.18076791752853	0.246850440777359	0.286477487227609	0.2319327156458	0.359266960626774	0.154929358226416	0.244368877485835	0.360811136961041	0.208870002781531	0.310734074501276	0.121037221534326	0.188011991476925	0.286512751401441	0.222409909212304	0.217745955960698	0.356330276884204	0.31690088311481	0.176249362129169	0.275451073029748	0.248175833688727	0.228397255029514	0.344520134178495	0.199770349469721	0.291748751215719	0.108479300825335	0.188497705826782	0.173832163317786	0.280729366876384	0.342572582915274	0.30387813410777	0.293897858697268	0.308307114429287	0.301546945879702	0.364616614502188	0.20465147036553	0.19954202252682	0.18552491946884	0.228982871183107	0.309421458413398	0.295043626149339	0.272456517923519	0.297749669518683	0.24110965293721	0.132993210687611	0.252939251884126	0.18471337440541	0.253951876890595	0.260548923868667	0.111447073733565	0.194002313240241	0.254203822383237	0.144001662241452	0.223752934531004	0.295050788822395	0.223334327368897	0.261359567873385	0.213549677131592	0.20630838725357	0.13346885520161	0.192370624732099	0.320224129076969	0.168349945944219	0.198605611935857	0.270256576126636	0.245595582326133	0.250855534369147	0.270536121356796	0.232383669674672	0.241710147334212
"SRR5865085"	0.247148247648814	0.410075480938567	0.345174936133419	0.212533040214392	0.351337867485317	0.257822490121922	0.355299553969509	0.238088492532777	0.197622296110967	0.361306424872048	0.329170015891055	0.200857419328707	0.301588968848427	0.355949779423657	0.283416013608279	0.424688005894139	0.167563061718176	0.409605256687833	0.401417640059536	0.252135041944278	0.32692674561252	0.270977056501101	0.386913989969736	0.336701012917627	0.252017418041096	0.243896222385977	0.424619716188247	0.368789684751977	0.234028001539306	0.322735650230166	0.37790773649413	0.300952890144866	0.413517541290547	0.2933057037919	0.410283702817338	0.246710787933577	0.248793063326124	0.225490771194141	0.32469024782087	0.386529845407034	0.418675077677977	0.34937538147135	0.388460652908174	0.403495431575755	0.454074645852387	0.431100238718469	0.296506905321777	0.339775648297874	0.257428888474521	0.437161561528278	0.344045378506723	0.290787659913161	0.304016900685051	0.311908606547972	0.207507087292655	0.30873665232155	0.354077797694435	0.336183962479419	0.392636921382702	0.141465712016118	0.236180363661106	0.344452268539971	0.160442739017606	0.306592536818614	0.25129931067851	0.276617554202179	0.367397894585971	0.236261489783122	0.383440144635747	0.270580019220179	0.212812246135414	0.320278811206674	0.227783837309764	0.267457419831759	0.347621016125756	0.260445970996221	0.30063918813951	0.347638593933646	0.27927769676976	0.297398891898601
"SRR5865086"	0.620015657992941	0.768626490593132	0.64622171585734	0.600373685786867	0.694417615240368	0.734277393363518	0.704197729659282	0.677139079921013	0.622070611138604	0.692583773351587	0.64191378935914	0.594513129196314	0.708201224601742	0.758269089398246	0.786639523971146	0.706610368350056	0.638937949127181	0.810013841911116	0.718522705632841	0.633468842385015	0.80337483229131	0.513865711682993	0.46802528145235	0.687271252000073	0.606235078701783	0.599916347944268	0.696577790286093	0.781027335686488	0.621301425122605	0.72379193057377	0.725501357169301	0.697143488954884	0.762146095875113	0.642968590685149	0.691843123285442	0.752530467547798	0.621400095982351	0.619300452888485	0.699540708088949	0.691457659648312	0.742956999253334	0.722140774735137	0.762319480991049	0.709528036403837	0.769544547903539	0.626583142016377	0.68723218191276	0.508945775226015	0.637123649437064	0.682285997059505	0.677857925722916	0.680022381896839	0.636285761883586	0.678628617089503	0.565344370772548	0.656688949153163	0.553780815705502	0.73123546972052	0.735493929279555	0.62958935098964	0.633379350872437	0.748139434347996	0.662493463851449	0.684824598354252	0.694121099827648	0.66627009630072	0.754018371094779	0.628595401318176	0.687606057971176	0.619845015612506	0.61781551298163	0.774361213689988	0.543154622578277	0.651147668080867	0.701044318803268	0.627135958142066	0.707492392685532	0.663494363257364	0.71867749726027	0.716566440466874
"SRR5865087"	0.517580371092696	0.671997229191303	0.499120078629746	0.468820701760722	0.568611870872184	0.566663479376422	0.639723511757964	0.512491386561557	0.497698076357163	0.632611488417264	0.477378105145393	0.39550958980835	0.606120049619259	0.63266187913567	0.589665735111188	0.608295692544816	0.445583942269898	0.737060516750107	0.638011724211356	0.412077719469827	0.678878530574111	0.524146689678249	0.530156087166781	0.628752762831113	0.44670533205732	0.44884922773227	0.688491705918299	0.648324239055222	0.359165809192737	0.622935825227699	0.687116221853406	0.576977833070524	0.720377197590971	0.411070883038685	0.523147231067664	0.442675914584235	0.444791404574191	0.350057618593678	0.5370956666855	0.653911995501129	0.676326242194053	0.590281925094819	0.614110911126928	0.65313401803477	0.737601069555695	0.671765673566244	0.426043013924969	0.526830699539576	0.522360401168582	0.647914710716407	0.559763162543249	0.612291287533961	0.515532333777206	0.551834515499276	0.449551911682631	0.518887394807826	0.584144086321571	0.535636981653271	0.60489461868045	0.367068452859536	0.511182186494221	0.614275584049193	0.40478036955293	0.596913447641621	0.661514345485242	0.587395297697864	0.645243700979036	0.463421195218918	0.646377792302584	0.512503813911647	0.48528836619733	0.6951195018715	0.34453994439063	0.536279484306907	0.647757149416421	0.543809374374493	0.563511430788875	0.577418751351901	0.609100551747396	0.525307413309546
"SRR5865096"	0.607269578374003	0.814065040278915	0.640018523411056	0.584537248542854	0.733825957087924	0.742247731896825	0.711402870349568	0.656592688171929	0.603989254203006	0.732258300578711	0.654338564609262	0.494045386815494	0.709649404017686	0.77338537006124	0.773366564599827	0.763606818879891	0.569476415490098	0.857419259622435	0.798749642146492	0.560717886897598	0.829777925187967	0.559343507028486	0.647002660491096	0.711127346661248	0.573417916436734	0.594266901184537	0.773671441820702	0.818134642598518	0.521574895009785	0.740985576836526	0.797230988855997	0.684581399824392	0.809685997131532	0.595628882015688	0.739312209892053	0.715180889448369	0.543606209254861	0.614640513737927	0.7039718655964	0.748497442972749	0.777420801940417	0.757267809523591	0.803023751397908	0.762576782294885	0.820662091970475	0.72983974594518	0.673223966768053	0.577365325679708	0.632739949211125	0.74328841999545	0.715650783842659	0.705352599491529	0.631985235755886	0.713744458202519	0.533645304225748	0.68115243372021	0.63837571456721	0.776919501366515	0.761104855810846	0.533921315739388	0.585906048118257	0.759649577030149	0.558473109365173	0.729835007248495	0.696229088014179	0.670552696385449	0.820877640495155	0.545731523148869	0.756581270502576	0.628762518414771	0.553271340865295	0.803595253419411	0.496260007256774	0.612686554234967	0.719955089900552	0.590329651640726	0.709831777778769	0.674902150517586	0.716973963502718	0.748798559018545
"SRR5865097"	0.814532571232743	0.897119949385195	0.783035767008648	0.838977630922172	0.857133595702697	0.851833748607188	0.812080724952474	0.811525144528534	0.843370069023738	0.849510787364316	0.799732862982381	0.707446234503878	0.842182938793263	0.847725163552023	0.856779388393632	0.834479310031317	0.797759098699609	0.915452478382503	0.918889995096692	0.678430570049291	0.910598052229915	0.849544528884269	0.898459017772373	0.830232074794507	0.77494627899965	0.803972402352591	0.871901274919275	0.870082738236078	0.65622808496848	0.839293228869121	0.902059054860793	0.798753214887979	0.897216456073274	0.706355555286937	0.830696051370608	0.848119419586961	0.709683987873121	0.849445936759592	0.819632508229019	0.873082937306237	0.849829306221472	0.875710850676898	0.872216132471512	0.877316322981102	0.869538362474992	0.888181874605823	0.80501052494356	0.821403877071203	0.800846309168953	0.835701483145937	0.833395565865154	0.866110165369164	0.766441205312146	0.873595776545361	0.791430259412051	0.856559431952613	0.857409756905924	0.916441166831705	0.822497682005687	0.789253540026179	0.808173472882544	0.845520737333	0.742532962410501	0.871288657277946	0.858108561086444	0.838650986897392	0.907879796243369	0.68487512797742	0.892502694013106	0.828010990513604	0.75663599486996	0.892113424561739	0.688114407945374	0.793436905360946	0.845207291989083	0.761654391764239	0.832779808325738	0.806685138629198	0.852150003903977	0.901774032032105
"SRR5865098"	0.78358355324896	0.884369783661896	0.782169307623284	0.839086165682426	0.837739811284755	0.841094948622462	0.808391535686237	0.796478125146792	0.827168077152021	0.840861517423267	0.785397502301483	0.684444158593106	0.825920234082566	0.790433679588311	0.809802832008553	0.81766045342105	0.769227397152152	0.902377618801021	0.900178657502626	0.659165603723515	0.892777878112848	0.834463032379439	0.867123646096211	0.824188266871172	0.714260550704371	0.7887344046865	0.854879736508762	0.851514366685627	0.635440777970833	0.827984512533716	0.89291966459467	0.789806940390132	0.89255336758608	0.68043885778925	0.817985110051713	0.775188809711214	0.700259828821344	0.814192194092603	0.814581306715175	0.874381674800791	0.846123661216308	0.876388405516823	0.804789825653798	0.87104428422512	0.864126151204517	0.87192505316375	0.790411668195459	0.800716162918992	0.779571060449928	0.840275343679442	0.814368959160046	0.840209636387854	0.759216068869554	0.867041884298674	0.765396722018398	0.818507474064275	0.852484914576392	0.875670731364837	0.814834213858848	0.748976644595164	0.826165906085758	0.841426671808465	0.721639703910398	0.859694326169758	0.869318939427983	0.836521507233658	0.880546977814144	0.678601574477852	0.872622181043815	0.81479829941938	0.742943748680189	0.883069597258069	0.664973653293375	0.819536152951425	0.842318126931313	0.75067491887984	0.817102222433436	0.805686490513378	0.832675010608536	0.858316632366876
"SRR5865110"	0.241317898990957	0.319874865659688	0.206523248483576	0.222412689774037	0.242756703931941	0.30010187346736	0.316633925788457	0.279951839416051	0.216068023866493	0.334640913353442	0.228823486976047	0.258403179630354	0.240324104328229	0.356843726450873	0.262609936721839	0.425016318598365	0.154338101079423	0.350781845648826	0.30874046664763	0.298363705748663	0.268378597866919	0.132478289104858	0.1868238795513	0.350285369723317	0.262421181382538	0.228729924486833	0.401003559022784	0.379665493555936	0.253176878356313	0.380622106977554	0.258456532138215	0.246074808913771	0.372241661188063	0.27807946682199	0.275312737923282	0.159134174182726	0.253464790641325	0.126750848686273	0.286613575700007	0.245110686077077	0.365997560905644	0.234938662894339	0.40226898155073	0.325627427105741	0.429217852992355	0.239989296530972	0.213101899618173	0.197455686375343	0.295555214145081	0.312476043334888	0.320058547769993	0.320861130603401	0.323499414265074	0.186876779034829	0.214309098133227	0.238258560733786	0.197199968492449	0.213000147525597	0.364058565970242	0.154811846963416	0.192973130141919	0.302977364618949	0.256140154140402	0.263417446172992	0.276999472191611	0.25375544154799	0.376650980807918	0.297710427341718	0.216274181672312	0.199830295463831	0.296640677920987	0.343844169979072	0.183488701595387	0.199377344193153	0.288761469623499	0.354290793093606	0.301017713266203	0.282220102294317	0.268175922166173	0.209314190073774
"SRR5865111"	0.280631867706298	0.417727206869132	0.388569050627596	0.202510553721651	0.342697815271808	0.270173123659786	0.443424906492862	0.26236844695137	0.206406503864984	0.382127646551123	0.314844815643778	0.224015178647215	0.374183051584421	0.36298692095731	0.289418479851406	0.358648501342191	0.227276256981786	0.424728106839742	0.318671039379342	0.269506858448813	0.337472746622686	0.307201935892961	0.249532948006496	0.37877091778849	0.255281604146766	0.24149285526351	0.4021886887711	0.336993470609689	0.256877209921241	0.348401268450681	0.386372906159789	0.379202937879706	0.441187797626408	0.281557376553378	0.344765029259528	0.212426532125017	0.312565211877813	0.259812550708164	0.332341838983137	0.412268189218479	0.460038531459999	0.350816583034612	0.306542361482525	0.416089818100646	0.486148295477909	0.423045395224057	0.275785359803645	0.325798600170187	0.279177419927973	0.453692670082318	0.322105180961694	0.313135629434581	0.313593034389493	0.33839954460179	0.233992961686302	0.297718868420091	0.375496779873834	0.273953016730802	0.366507333452529	0.143103298969183	0.306806464935435	0.37913990493181	0.193988104149924	0.312011582497606	0.343837473470772	0.348404346807716	0.28589529807666	0.303172630905567	0.389056331803225	0.292116821191122	0.272236000519001	0.379542976695561	0.224119467814004	0.359063570211661	0.436208720951082	0.320167692418973	0.314192487969054	0.398960497547531	0.344943250447689	0.278353633018411
"SRR5865112"	0.712196895430931	0.858425905270699	0.711197215802006	0.65747222388824	0.793747783541913	0.753331764939288	0.77040376258195	0.695137478964781	0.695519068925524	0.7837620988283	0.709193617128252	0.553489471267989	0.784588566931099	0.810785878688658	0.804841726517939	0.770430023483226	0.669747691736299	0.891563327963281	0.853953636254225	0.558545376962348	0.862773827954848	0.756742114985654	0.805797488428448	0.758569197151292	0.648817532265095	0.656445523983508	0.804192319554701	0.82747450083471	0.528039311239474	0.767489759059267	0.861792440398766	0.745654827752563	0.849416386937942	0.605984857784204	0.761946193659272	0.772951197196084	0.595365105366327	0.738398448714311	0.724915391404545	0.825786487915067	0.813774742696731	0.819828174404164	0.832942568664654	0.821375370084258	0.846893731942242	0.852381549094651	0.697850931196271	0.734637065326929	0.687746953887769	0.805585612871935	0.749517867732549	0.777064279711621	0.652409385457365	0.79729989537361	0.646143822387603	0.76344226802422	0.798144501996324	0.845756172101344	0.790987046171448	0.642991587136085	0.703628572587107	0.78420148334991	0.565197079632795	0.793579280144741	0.776822325392685	0.748560564334003	0.851183259100274	0.566542502758921	0.854962159182016	0.744397666640531	0.612653070003952	0.838056504763227	0.548614520925167	0.729515327070793	0.79501444765939	0.643141096348992	0.740433617204167	0.735197417864101	0.782094711506777	0.824769336231111
"SRR5865114"	0.27958245626622	0.44564465008726	0.43006594870302	0.22974740814621	0.361001005520992	0.290682661329334	0.447193216809994	0.263261618447905	0.205546641542772	0.400779372057105	0.344000951642623	0.241280361482648	0.371083305993977	0.307495642457399	0.258251058019476	0.375172251510561	0.22149858054236	0.437400665931747	0.345666193595055	0.27965052584293	0.331435171862663	0.333421950468975	0.253087692246022	0.408460773562611	0.24172037328244	0.275187939504466	0.408637608435424	0.309556206519791	0.265972128762133	0.366666177091122	0.3989313553302	0.368910991978436	0.466328613792229	0.285361170651072	0.377312063836952	0.207768484771416	0.332304342223654	0.255048855147341	0.375791108919715	0.42610013250984	0.486079373882898	0.367977817429017	0.238286500648956	0.452408702647771	0.493753755084899	0.430299002935892	0.305824267658415	0.34299706106514	0.294921855234863	0.475171728952309	0.324534700302674	0.31584571319302	0.349305538960068	0.366433093211513	0.243853912881204	0.301923201508803	0.394989276369223	0.264658740534307	0.336726193469745	0.156342905002905	0.369021238778317	0.414716127349229	0.20905018972038	0.336540059088976	0.371587432258308	0.392068223225384	0.279887723918269	0.323935434844642	0.395548999368662	0.296592191319526	0.29186528159214	0.390186606139041	0.240773985872658	0.398328900927943	0.451393690626668	0.339869462118043	0.338777862664432	0.438996794186941	0.338160758929554	0.267795500022705
"SRR5865115"	0.158790172865347	0.28699350400231	0.30792274806903	0.381986831211119	0.310450616418734	0.233970518545974	0.268314126117851	0.242056513717548	0.309726036851696	0.322430918935304	0.332000041126167	0.148659150230225	0.26514180143376	0.275110479271038	0.248107350573055	0.417105586917294	0.145105811450073	0.228122002325766	0.452353151252579	0.206583792826272	0.358640551511664	0.212652985994845	0.50937274085509	0.229125825586688	0.216663061698383	0.241030356613641	0.357135233880168	0.373059562696491	0.197146430040409	0.20888342961128	0.34532549161719	0.276482411276214	0.296157782604054	0.273383448598246	0.468399054507179	0.145976293472239	0.173148985547015	0.18677326924509	0.298114970144528	0.569916524701646	0.29207266846621	0.507850434930253	0.336714391173308	0.327595725695051	0.348829281557665	0.349494129710986	0.315999562569682	0.326488134098606	0.18653981481424	0.362705535159241	0.372376425530097	0.219464198168632	0.274802706705163	0.357531813638151	0.146275233078223	0.292610425402644	0.288824901384604	0.370358229805841	0.326536511771479	0.134954303317769	0.229803315224854	0.252108744775238	0.103316260963241	0.258499516922195	0.331021533907313	0.175590101427208	0.308212562844259	0.153320824050496	0.311207004113422	0.19611422977935	0.128218992066459	0.248069561476085	0.232666924284764	0.296348428059128	0.263356705560403	0.160942185669667	0.239589017764685	0.269045972082596	0.214615335625195	0.26836798491124
"SRR5865116"	0.843350354969455	0.915451289912099	0.863453742698436	0.91534866819794	0.904784953431651	0.881224744411481	0.834081267035027	0.85017241518346	0.914872386113207	0.871075565136907	0.881128782120647	0.744416058841274	0.87810070277249	0.86013477085709	0.899752148947237	0.86764419720374	0.848609930790231	0.923677147892563	0.929993399024741	0.749667815312022	0.934858949586691	0.904047888374192	0.947276593449694	0.829188003557902	0.8047320270662	0.856519120055783	0.866838648510375	0.907995975521479	0.759588723241864	0.840579554272879	0.933156093207502	0.858931797655673	0.89868963763429	0.812444039434146	0.908340125861837	0.915250818240196	0.764048806144626	0.878934917420976	0.867791076771922	0.935114974613817	0.865390085143857	0.932551154794879	0.892538165482351	0.898252220548661	0.875050714631358	0.922859867836752	0.899449361223342	0.88217201980503	0.813065079624152	0.875879571994576	0.877872716243094	0.860216616801271	0.795820085837388	0.927781234968304	0.836124002399519	0.889778711246157	0.899783096110887	0.94971031612611	0.881895120123618	0.841563573679027	0.835871482479205	0.879161060420271	0.783821944236343	0.901289703317503	0.89630275109202	0.848337966377635	0.926364335631187	0.705226608428721	0.927281603878561	0.889941017794056	0.75375182087957	0.892463627083147	0.807345234374885	0.844968848514897	0.864435881523004	0.739030974427157	0.862829911198683	0.837350761817982	0.871849233899725	0.922496913553777
"SRR5865120"	0.141116896600896	0.217858107649427	0.3570334925834	0.166915626838772	0.260163234177476	0.114945981587254	0.236518907004904	0.125436285497948	0.119625245954564	0.228862976917496	0.284286167299595	0.114000624232739	0.187961278297393	0.177987695571647	0.08617431754404	0.244254527916896	0.0827643170632118	0.151319835126527	0.266773763849897	0.155995641863736	0.129475125306128	0.2758939078046	0.357067300736861	0.186604059583687	0.175589799710686	0.17881380717053	0.22328679833077	0.14876596125201	0.166156184224246	0.138270782859108	0.241543308446933	0.212685170957763	0.239473056335976	0.20646528469263	0.350955400114002	0.0787882308388406	0.182184849459927	0.154024514272838	0.232650638752724	0.387415082040047	0.257905567510098	0.323784185224205	0.156705494318142	0.277589949561882	0.244382036465382	0.353917241900642	0.242683053163738	0.333514405586495	0.136820905090569	0.314239734068084	0.212914556916064	0.14890812585638	0.207351557165117	0.282458969648571	0.126379840086612	0.244769877652306	0.300863260394248	0.265520258890562	0.170220384175717	0.0689833411265781	0.260911527245253	0.206133613465928	0.0670493495424598	0.177438749476019	0.176720968119005	0.176151394546144	0.130069266879153	0.143736101239835	0.254657371307193	0.168629791389596	0.108913591951144	0.142566551248939	0.199572204401682	0.295513746758481	0.241455804172332	0.134333793091383	0.174421232845154	0.273792709353917	0.154452043915616	0.203447347042813
"SRR5865121"	0.0889356527687071	0.139666786165792	0.129202679600875	0.110815250465901	0.132502203422068	0.14298126122248	0.15676247774733	0.147654969214644	0.0837227609439736	0.191674141849207	0.14740269710903	0.11740748603665	0.126166376058309	0.173296265343079	0.126384336405584	0.287050266053675	0.0728587934719869	0.111910456379967	0.215227469807564	0.154487341782305	0.151919824885712	0.0626021581585601	0.171708928528537	0.159337104524381	0.144811897645598	0.133677563558904	0.241090478990771	0.219861140248291	0.130707011919423	0.154079070232689	0.133008515609079	0.131625657837088	0.181998818690956	0.161186183812764	0.218031396145584	0.0531427038389392	0.114652656331608	0.0887809834324138	0.168784589104274	0.190719174462881	0.172900598473194	0.200629198127572	0.219597616601428	0.172923328565223	0.22219108412357	0.123310771507061	0.133378382693654	0.128037355860525	0.131439666270295	0.184495640897419	0.215267545533986	0.150243428163659	0.199996562657085	0.126092949667769	0.0823070232922087	0.144593807068501	0.105485766166989	0.138360103138459	0.191930590231172	0.068782189574995	0.106385902905629	0.136301028979162	0.084392390597753	0.124979222941782	0.115802572602375	0.100646736102974	0.168415649199769	0.129904706079432	0.107700499380531	0.0794749851812793	0.110565229447108	0.151997289472246	0.114529499404252	0.121734488828351	0.139031096190719	0.149009516215803	0.145965132775608	0.151967805583978	0.118579982968456	0.120406548449426
"SRR5865122"	0.561697490002778	0.728917503024	0.633093341683423	0.628446268899159	0.692190104982628	0.676163251725763	0.609234851867561	0.598202066895002	0.616935762263329	0.646070461687953	0.663235049745431	0.522518796469414	0.602338466330429	0.696307573614597	0.688356518830911	0.72318002358746	0.495644116018632	0.754450542517991	0.749779207893582	0.597537649077184	0.72669704832857	0.509429938588856	0.615871911482646	0.618496039062388	0.568286637039967	0.590376023560914	0.65638109304264	0.753499866746547	0.593061836522989	0.658729236694084	0.698971122759912	0.610348031214924	0.68490876801597	0.651226444566948	0.743565884812111	0.711257279837741	0.551673598958865	0.551826661957998	0.679850825296802	0.688338516140802	0.69238834240946	0.722534479495337	0.756663330435712	0.684263971082138	0.710806513811915	0.642052057733673	0.711903630132423	0.545704511934212	0.577295838768724	0.664887125493638	0.662174183660533	0.606204380428687	0.60362387114297	0.654865535249098	0.521042453693963	0.643923162108857	0.551846967132405	0.754932800496418	0.726456649605894	0.584205252686024	0.590131625983231	0.703326626304542	0.577039935480127	0.654539155238857	0.610934304121429	0.579269525915858	0.762339608391215	0.534702928187899	0.657752107855792	0.600021211655305	0.515011160918572	0.673712335492152	0.560183625694503	0.59798105767959	0.608372882470535	0.526937553941205	0.667067349492918	0.613946758114924	0.619854027742347	0.693857257795463
"SRR5865123"	0.234255868226363	0.364144359129625	0.235033613000925	0.225238962231961	0.270324776129793	0.26064967367207	0.334851130475213	0.245726465928814	0.243577573361994	0.334545888433993	0.254044227590443	0.202836112026629	0.264636436217175	0.348426875884057	0.308135495195683	0.431162537840568	0.149217724420775	0.413442138700744	0.290799953064015	0.26413603331139	0.30384440015418	0.171077730576614	0.269196815366149	0.3269915945354	0.214140308401953	0.197182180879959	0.396193816806694	0.384518903826386	0.230313117557407	0.352728801707544	0.317378605888047	0.274941690249674	0.379697635845825	0.286772911376038	0.319640138514754	0.224832274892947	0.228681838007518	0.176634257980702	0.267859139526775	0.323132113630745	0.390218253028607	0.267605298288033	0.382744784956078	0.342864049773897	0.46129402981642	0.337278724160035	0.226658351291276	0.24793495201938	0.253332641033816	0.359390025066809	0.325092279188289	0.268852538377202	0.27746791659284	0.211587977678861	0.198298311029344	0.21791235639661	0.249144490863809	0.207445236304706	0.383162104309979	0.13594202924647	0.155108018108061	0.305551355703399	0.185501870326659	0.270018469412149	0.284593162018357	0.230411968000057	0.39671292530586	0.242738826547692	0.301035769957233	0.229912790593349	0.22903319683419	0.314748445134333	0.184369685186883	0.19878094475653	0.303839995746973	0.285080745126457	0.271904253754311	0.281585739057997	0.260312895414325	0.198454512008039
"SRR5865124"	0.461277591206369	0.592630243832988	0.582707753556836	0.552586172074748	0.622355415081899	0.522842006443103	0.497047407937788	0.497760129223319	0.474623507269695	0.580538882034132	0.609289559601549	0.387926437268988	0.502657856641653	0.544334213456225	0.446103628035044	0.633730309682668	0.381331547234265	0.545274902212015	0.744046666360924	0.43034278689598	0.575076723128116	0.575238643653169	0.773535866777488	0.500657990509916	0.509912290332401	0.551358251540444	0.599390813873791	0.620889517707723	0.429683451555527	0.483667739498965	0.645176650976672	0.501814507762954	0.601413431883479	0.509057873549143	0.69802356286987	0.408524048921498	0.419433029824744	0.52345122288169	0.581650765370619	0.687821858822618	0.557721251329335	0.732095158229565	0.638297539652385	0.626775649272213	0.577244519551734	0.662946503229861	0.615934758500331	0.622585853586039	0.465742818026987	0.616651472715695	0.604112032874667	0.537268436477305	0.520769995751849	0.656580019245754	0.448999365774089	0.628038856742029	0.617914307782627	0.747514177000701	0.600168004243332	0.421926056100904	0.585816377943714	0.546751788184199	0.355040983303704	0.577207637893521	0.484209195042816	0.481364756675995	0.629266969414214	0.369912180887369	0.607523524303325	0.527295039261649	0.37849927605706	0.535598140847244	0.492847397747693	0.588331146388238	0.528178636162288	0.401692796011688	0.539580317345206	0.53923309579679	0.501375314054861	0.657787352551388
"SRR5865125"	0.331992379647275	0.454111449131891	0.376679467638864	0.1431236812694	0.366950691814708	0.223339918300841	0.416734048423672	0.224915965217911	0.18113126021315	0.348039576810651	0.339685391077797	0.238387408654221	0.335917476124804	0.419750274548486	0.338611564611057	0.384663386421525	0.18954526811325	0.510622931950928	0.282885295107617	0.291224219279166	0.27866224067452	0.351867410641493	0.363474824372964	0.353800214277421	0.264882948111877	0.210146852607547	0.376214132748285	0.347627227094546	0.290391891792057	0.355962933405968	0.393687421369805	0.35787386314108	0.414528380042868	0.349992366488599	0.366140553505091	0.394384285868294	0.314495348209088	0.248312852681033	0.290833628543059	0.321130004414678	0.467931055486025	0.316409819929972	0.417618521381995	0.404599661956522	0.482943386363751	0.527207649826462	0.292669024095798	0.383417076838945	0.269688671270062	0.458768923829552	0.30916610702502	0.278004081024848	0.265239885676772	0.27944792990118	0.270877381541234	0.284472492721924	0.409593426307014	0.288100182397371	0.440786068122183	0.197436438266184	0.270068174407291	0.367862348747852	0.190902316900264	0.305982550811601	0.211290733958971	0.297730516535389	0.374919179485161	0.281483528252018	0.458618812695094	0.365991649361313	0.251978308149065	0.301079788547137	0.248724606297413	0.345020130926892	0.391629809447098	0.293671728051964	0.296695927799949	0.362030127993691	0.314251800566315	0.269685641796489
"SRR5865126"	0.25725706702895	0.466521495949181	0.37024018569347	0.192199168183417	0.361291083127091	0.236812521665612	0.405232937255318	0.223804667119474	0.187600752078614	0.381837078078559	0.3212891571977	0.18340841215332	0.340408799894802	0.335469731497914	0.288505707567531	0.403137287038205	0.170014188574163	0.48680028930641	0.361549820756435	0.216226094729434	0.327470260086296	0.335791771557008	0.400726802365681	0.366788959697833	0.213854252126745	0.220771706921351	0.430334802697811	0.338797790811201	0.196086400016163	0.335144864824353	0.429476164733457	0.324116189169987	0.472240484154171	0.253952025186174	0.38712897401654	0.255578684262993	0.244929521920507	0.223929326312393	0.311437004566126	0.431195066369698	0.470217365607194	0.354460141290559	0.323161576615632	0.444452341955482	0.508366350193376	0.520201474508457	0.261331644497355	0.381575348845994	0.251206468507086	0.494845685430946	0.322768644509446	0.289464947669522	0.285449096305529	0.329218238844828	0.2060721053887	0.287651881594169	0.43547699781512	0.287055437637374	0.380054589626804	0.132526576558021	0.261461800045478	0.362323285356648	0.129974761808579	0.323114444168889	0.29876664425674	0.314272066156318	0.345279478532542	0.226205807575701	0.464034431141048	0.295142702900456	0.207873147661848	0.345244854361541	0.199122315216069	0.314549436085552	0.406042815606702	0.264623431188515	0.288784693156657	0.380899230761532	0.292995217720962	0.266207284661201
"SRR5865127"	0.854047811514598	0.934272206773508	0.841990184570356	0.892575665313981	0.897710332178005	0.925147144928735	0.873852180720094	0.897874402987631	0.894594253631236	0.909310817434054	0.859374024476726	0.788996701883157	0.912793927409151	0.852770435880668	0.925195725921052	0.887617398585162	0.897002012293761	0.944696069763572	0.951525288006341	0.747273231698715	0.965622445646441	0.893413978791934	0.930478558591669	0.886579611902116	0.797254556725966	0.881361010898547	0.913957037951888	0.920446410753002	0.721518858495624	0.892865873993583	0.945438800630382	0.875302947432252	0.937128672923368	0.761211442335591	0.887740684634439	0.890828544069001	0.773719390450946	0.895072414965011	0.88848272455288	0.932721446909387	0.893394212277285	0.946166782898255	0.857411622434633	0.921696629739216	0.915201399239486	0.912785406799899	0.872563483006601	0.865386809260374	0.861319393644573	0.883215287294445	0.899686069137958	0.908713962433391	0.845583447591703	0.936529069217046	0.851186807274873	0.887664673310861	0.899448147511433	0.932785298823641	0.857659748664012	0.889291099362119	0.891876000021561	0.90020276267256	0.830130628053988	0.925332969949549	0.92567436989422	0.899543927980514	0.938598499803729	0.758592105268104	0.93092478096665	0.875221930557166	0.830066498850764	0.94462655544703	0.763446329828817	0.891202693041774	0.903701711194675	0.82930290682398	0.889240023932139	0.866411686355591	0.906486271279417	0.918842368660663
"SRR5865128"	0.12117638957028	0.214039094962069	0.257828599044028	0.288555249891333	0.234696418896583	0.162180746581805	0.189646437017274	0.162963932796489	0.193960577299659	0.239673989706499	0.270637771311667	0.124829268307304	0.164210594888791	0.176366806946315	0.138067448989129	0.345464664057266	0.0874688733917509	0.156048517602802	0.312352415201833	0.181616184156028	0.17645725912651	0.159758960374664	0.378533700579153	0.185541120147201	0.172001067840893	0.200554878723933	0.266822826592339	0.242790496867275	0.174443388462271	0.163948040635964	0.223530985820715	0.175127353919843	0.231423214365316	0.232243525533841	0.388856724624864	0.103563975277143	0.151566753403716	0.126069826514819	0.248163549149365	0.388233852725936	0.230824353812444	0.338451065543293	0.228293896825668	0.259433524499321	0.251525363030567	0.257139024446615	0.256251528648604	0.261430308554805	0.15043086872236	0.292618084158323	0.269029717261995	0.160669730722924	0.239986253770521	0.240803025408297	0.117755545582546	0.222130467572723	0.221824456730008	0.257313264446364	0.251323919704824	0.100364472827538	0.189929874000171	0.19752887249426	0.0873730462358132	0.186665983669492	0.207199303997997	0.140373760207335	0.209574936000866	0.13748685758223	0.208807960987813	0.147485019876244	0.111082860752823	0.156246476153419	0.198053750598098	0.21194497764513	0.184356167734168	0.140355295244552	0.190360467244383	0.22439792992568	0.137853860380861	0.183648699752221
"SRR5865129"	0.110436567155519	0.180137864355361	0.193663643515887	0.211670825442515	0.178691458827106	0.17093154747339	0.176604184927684	0.165230534077645	0.132738553841944	0.22025242300487	0.208405857364776	0.141289965515361	0.14513446802429	0.167819379534758	0.135450206015136	0.321542508460162	0.0884777836217598	0.136254010166712	0.254554410111142	0.192863353245273	0.163760065212289	0.0965769637426762	0.217315265010885	0.188730698646896	0.167051691323952	0.183438948517067	0.251070405894229	0.227941522307662	0.174776314763343	0.176921556444681	0.163691280475201	0.15127921985706	0.203838086178721	0.2086658104223	0.295753186930286	0.0823644899282328	0.152715190247059	0.10887148296332	0.228318751866759	0.25519003176995	0.209720194349086	0.236287880583068	0.208511131772654	0.219172256703962	0.236811462725424	0.159587245828072	0.201373093100664	0.172578837448064	0.157322489178348	0.232404110246697	0.240260153284287	0.165772044367472	0.245844066492628	0.173519818738773	0.108736125435358	0.182669194735102	0.144805820070372	0.182102234350817	0.221952513918455	0.0892726663041893	0.146463794777443	0.181573252255731	0.111279300383283	0.159293868898515	0.166250562820026	0.135330551087718	0.187001612178145	0.161168367984575	0.140226813157523	0.111091778031746	0.134360617529816	0.164078523002687	0.163851055458204	0.150570727529049	0.164308470526528	0.169567506735616	0.18568567843321	0.199891604648804	0.133422333082176	0.148896166334636
"SRR5865130"	0.4120180952058	0.554062884234032	0.497180290794632	0.336170725506527	0.505410124720937	0.500485910938043	0.484950885584687	0.447748527422762	0.318675975564946	0.496357858172367	0.503359485858469	0.405281929788701	0.456543725660198	0.516501794198165	0.519062903826155	0.568184335688178	0.36818110872992	0.561431988874785	0.537034304281603	0.491505393231716	0.530505394821048	0.344977228015383	0.372971120430426	0.485045483113259	0.430042167449248	0.44142253341921	0.49995933768053	0.564614639909112	0.488193716658465	0.510606449918172	0.492082977293071	0.467536943181803	0.530624531922015	0.520200549101337	0.571033693410927	0.518871662916794	0.457204868929922	0.384769446416394	0.532314025218037	0.450724265841436	0.547973831537073	0.531774629487331	0.549686061457285	0.523686843783986	0.559228321157912	0.448610457213464	0.540884212259241	0.390354026300593	0.439347417785356	0.514374491974317	0.499713722672754	0.447696556231676	0.486923241975246	0.468259484872901	0.386318310287328	0.464427220744512	0.388125649374002	0.520664092116253	0.561377693753082	0.416396628610001	0.453069357280023	0.545514064134256	0.450433738289608	0.469434492962375	0.362369790046454	0.441445859448439	0.545190939892715	0.454403620746321	0.464170283403022	0.42752822050759	0.420418183580563	0.501792790381429	0.425680294065459	0.46161473967876	0.471837828527701	0.439400927792076	0.510919707041778	0.487647983356556	0.460343056190837	0.475171142587631
"SRR5865078"	0.747892239396558	0.846962163192041	0.69376249958796	0.796196929014643	0.784229109423925	0.820826472323139	0.753540587733099	0.774400892176161	0.805639425270925	0.791829227120432	0.72860758133246	0.682808864850744	0.769323737044882	0.803668861110464	0.82601695199354	0.804589241545258	0.720161225846326	0.879207844453731	0.85781240762672	0.68066840943881	0.863064684315896	0.702549970297286	0.765112178395043	0.783568525084622	0.709962111229425	0.737132867288426	0.813757113397746	0.847273519930273	0.654645850610679	0.81323973824567	0.83118417857568	0.734661534674403	0.844442350953107	0.691147696832619	0.769506435273419	0.806401570218453	0.673697670499561	0.691271898580233	0.772493402032143	0.793443697643874	0.803612115242498	0.812783216426137	0.840314264809699	0.814305249528444	0.830147867172752	0.782779234410084	0.75262592450931	0.691192069573035	0.754550928614092	0.768444515329151	0.78003792345704	0.807031538467395	0.727207928198965	0.779510461221131	0.723279264719201	0.77122522577209	0.735698725928208	0.840633244078336	0.807422178242451	0.771278613350947	0.749061582944716	0.804320966005617	0.746354166788767	0.808434257535644	0.816612051548939	0.77028240225972	0.875317756398009	0.675377533714253	0.80258765225033	0.753267342727894	0.727370114522826	0.849084919784807	0.628512940934384	0.736115954962674	0.773532315811024	0.733443265289095	0.790791219345388	0.737944948518076	0.79072902978682	0.814927317350213
"SRR5865079"	0.725579274920271	0.801900008125374	0.602661669845437	0.720968365248921	0.699121477759865	0.786656219584856	0.7167108802464	0.749138644965029	0.764729920066171	0.743520337663823	0.663673645110969	0.703058517214889	0.713888895698994	0.732021785158406	0.811363178567917	0.775737366401192	0.689097674279125	0.856887526911128	0.727352839932216	0.694267889244331	0.806179872321522	0.610450084640198	0.66838227671865	0.752031330570385	0.631553282073023	0.677099468593188	0.774710658084088	0.806353079679479	0.669068010113316	0.804443067489043	0.764230055195351	0.69319361417457	0.782869347360893	0.6936075230547	0.688840574130382	0.79723968788012	0.666824505226532	0.672682233264127	0.710876981835527	0.671475475579994	0.765025264075824	0.714710333806565	0.761656488645774	0.755720935053758	0.797941885780305	0.709567540750896	0.691748322512287	0.613345795428685	0.725773732502473	0.696346453357515	0.73879531509323	0.745329489830956	0.683948799787562	0.671112215827498	0.719955525556975	0.645271525266776	0.644689740991369	0.68330750079302	0.773370339875574	0.734183799887776	0.631117105756719	0.760066964842982	0.769058538524603	0.757219530857674	0.739646912645725	0.715700230379829	0.851875703309753	0.682668187351983	0.731975808101375	0.723106252103356	0.736561614771132	0.799856846251473	0.592144942042166	0.645869215800964	0.71962962375969	0.739371128846802	0.743791310016582	0.673505226896964	0.743463629030717	0.677056690263921
"SRR5865080"	0.751843900169943	0.863241408260491	0.767758292420018	0.715949697548301	0.822438432627218	0.798428901795225	0.76483657112573	0.745325955850413	0.737569929056873	0.786168258180619	0.781436084296932	0.656368137015026	0.781366336408318	0.803825754152532	0.828000016482638	0.800525596251181	0.71305212563874	0.889329542081521	0.841613916621538	0.683887630102178	0.854994886880901	0.770159714802282	0.817474519987213	0.76659060008115	0.696991412432161	0.733020519848747	0.797826188796346	0.841917334931616	0.682379780693169	0.791189662820562	0.855739673769474	0.764740991345278	0.83693197185735	0.733116524486943	0.821680912365477	0.857197109187513	0.68900941846599	0.755358448905634	0.785130832676698	0.802910899356164	0.818316488344293	0.829590162217334	0.83464783685295	0.825621611668932	0.829594795022188	0.836571346615921	0.80649603131891	0.74698613050418	0.727984681781613	0.802463248365463	0.779930147079761	0.770667625758544	0.708334415084246	0.817372856987487	0.721001083281101	0.78328627369703	0.782583372799488	0.865696435576678	0.823445712935755	0.727701467383741	0.728144976411517	0.821700242281292	0.710111781570588	0.813136243988316	0.738883049391938	0.765641577555125	0.86767964102889	0.65524171976839	0.845744078627764	0.79304248749189	0.680165507164505	0.823928022620776	0.679315132053646	0.736576472788478	0.783890973888693	0.67990075580475	0.788023729404474	0.757784024460887	0.787334456161985	0.831409553958375
"SRR5865081"	0.0876331014715091	0.148060438638319	0.203577453622973	0.128661806445821	0.170447351834376	0.115644520946234	0.171296860787723	0.112187334272207	0.0904905788178549	0.183993999136759	0.191311692563202	0.0928889434889297	0.146823759849752	0.133389048849616	0.106231887299647	0.217283571887328	0.0797600361063775	0.109684412843755	0.191242612731049	0.12400917857995	0.134905999193454	0.124598044369625	0.228613651272275	0.152335964568791	0.127873143525827	0.141336809480097	0.200397586946011	0.150581557620558	0.118966455052822	0.132490163418335	0.160979277452869	0.148382623832245	0.17562207470829	0.14791673619933	0.242685494475335	0.0638516973351146	0.12142679343537	0.0988682839406009	0.172556346468161	0.279359212870435	0.176280771609147	0.21764144511324	0.150651955044379	0.195568731461912	0.194215971637107	0.1912368040513	0.149259413505858	0.196291138914043	0.120243244088915	0.259005566012657	0.182950621230982	0.119615187046909	0.173415354166876	0.19228016713209	0.0810557201160334	0.16124574885925	0.177656115111274	0.164774240576649	0.162642728268545	0.0453965854417819	0.108945795411678	0.134553149963902	0.0534906508161999	0.12318505675232	0.133170080988017	0.122877162785154	0.124088923780202	0.111465335107605	0.157946780115789	0.0989660857988579	0.0863932105906404	0.131201785221034	0.161880372205865	0.130768730324383	0.165493052192273	0.114499306565105	0.126101209852658	0.181456022184495	0.109994948078487	0.121054297798343
"SRR5865082"	0.884827368928473	0.940420452540008	0.839866367263098	0.928121252041128	0.909137886583729	0.932370251623703	0.883372171696237	0.903582045659418	0.938133780987627	0.907725860079499	0.864167481873707	0.82261293271977	0.912185984267566	0.912065360755215	0.940032725115	0.895380597434059	0.894841638326939	0.958038622965429	0.949468459928071	0.796796359526345	0.963047332762004	0.881703106043965	0.908161328801937	0.896058375817765	0.846307668335895	0.877846964732128	0.912563329212334	0.940005163513787	0.778435046974109	0.914339723390133	0.943881249251305	0.884630495349476	0.938739809866859	0.808618390481398	0.885115167775415	0.927579390204969	0.808066329312293	0.836129455318525	0.890532595805105	0.930056814154943	0.905615350030976	0.933337056428108	0.929045194475189	0.920380612131208	0.923551476854533	0.911778056138247	0.882549795648773	0.849576316719666	0.881913379885356	0.888548669944829	0.899300165603486	0.92024959196017	0.846254425619998	0.924563711486705	0.871464230238563	0.902609506319583	0.889199827515719	0.948138653180661	0.90529455821003	0.910685565041681	0.881015687595059	0.91269996770525	0.87437982422345	0.926517174888373	0.942748858762725	0.902814164272241	0.954518593765675	0.79946492257969	0.929652372053517	0.895033591142509	0.856172840186893	0.949058603090898	0.787458339528504	0.876435330337039	0.904303544771919	0.851047290521626	0.903970949056036	0.866368639362217	0.917792237245865	0.931198077836413
"SRR5865083"	0.810501010416087	0.891386904737909	0.726811684489861	0.830872160955196	0.829209143140251	0.890166700591229	0.822881207438459	0.854373883752551	0.863400692053012	0.84777217868194	0.77473426685337	0.764407968568394	0.845747078901571	0.867147283433553	0.909234834392707	0.856157149700515	0.823042792885273	0.926445378209494	0.885717182782116	0.757613667979049	0.931378954272514	0.729263348768875	0.788123182013523	0.837608354278584	0.757871928063796	0.786970517423836	0.858636543309458	0.909944171085178	0.731186647156831	0.874977095425219	0.884833187980101	0.821527922947103	0.890538712621652	0.762630414216288	0.81106524792764	0.877709005601446	0.737356350990733	0.814757456124701	0.821966311631037	0.843469490693868	0.853717652697845	0.861349561701866	0.888508314070292	0.854028508339498	0.886334620437804	0.815205913744709	0.807902365107477	0.714220873121874	0.816324907328946	0.805545228975807	0.844444872806188	0.858398065175179	0.778863424362791	0.833066448774872	0.788472351988246	0.804541783407615	0.759136732471863	0.868870394146649	0.861633205219388	0.824128083873466	0.749464026825427	0.859459242103774	0.834467164690795	0.863617273734058	0.874295611628765	0.821012762195665	0.92484886859699	0.74796977703237	0.851130733676678	0.810872836021816	0.797989741087987	0.908715196723314	0.685965963398546	0.762457275626594	0.833951541231686	0.798250652496818	0.846232015503424	0.78057252848702	0.864037058756159	0.858887261910198
"SRR5865084"	0.184799397043898	0.304815502398347	0.326679745842561	0.172258900649025	0.321809658896556	0.161296218515801	0.254878514540759	0.161723686902645	0.147599526878097	0.277808796155907	0.327145087480891	0.127964504317132	0.215308026473646	0.288022013007414	0.182270008613058	0.37101225138318	0.100656760632024	0.266197340487729	0.349569839654846	0.191896433040035	0.199164061349944	0.274573432640431	0.512939440865487	0.221939926164525	0.216983945175555	0.199014903423948	0.309987606290618	0.293464952188746	0.191738872348665	0.199676643348184	0.322275130459593	0.234997654013551	0.287454579246247	0.273381878838839	0.433481152591347	0.183542972276945	0.180259529275009	0.178602701405696	0.256103066387597	0.387807919421752	0.310226341635029	0.375328579006473	0.365344400265215	0.326169143530223	0.33042258899307	0.44288255629503	0.288412122742978	0.374546140413525	0.173624439860411	0.385813622362249	0.29324829899454	0.196266672863446	0.227864203373136	0.287996098666557	0.157173153303452	0.286479564999498	0.347896003144191	0.362955504819827	0.34182084435093	0.112440040489738	0.214973033739137	0.245192191869572	0.0867351502491164	0.234639324251944	0.156312468768857	0.173834160442337	0.288110329516364	0.146117215792682	0.345301485160335	0.235265862107599	0.12041120356168	0.184837865419548	0.224319818174687	0.262729064584605	0.24869808903929	0.151563697502833	0.216797959732794	0.269693112631209	0.186755519431549	0.267682925685353
"SRR5865088"	0.868094293708648	0.922521563772811	0.816037044029825	0.875487225775276	0.87797206585498	0.910202031236849	0.869267761264768	0.87832785651924	0.898201687979748	0.880291994278934	0.828533676720731	0.810110535166772	0.89455090624279	0.895263227232443	0.928254315764198	0.858759409900561	0.881973854106526	0.945098861404653	0.914533574438374	0.792472778654203	0.946593207368338	0.843227832794716	0.816401452504123	0.876576406738468	0.824429168128472	0.843300303370076	0.880129964965543	0.915961093678802	0.7797445750495	0.896969007690872	0.915858075516604	0.867404777488921	0.919618629824829	0.792087478874219	0.840506748399085	0.918948703265685	0.809759676751724	0.805314004040692	0.865066181083171	0.883863620121004	0.88831740818366	0.893872442620938	0.90295406774549	0.893857264641264	0.903623743318431	0.87325563228629	0.853102671453318	0.796584781544828	0.859883790072396	0.855301501801879	0.863895420748693	0.898428518693041	0.820532828478398	0.890618473088618	0.851291255440363	0.870337341237135	0.847260579218634	0.917610274974564	0.882537554056242	0.881430600747746	0.853282632977841	0.896341117103829	0.873193737995229	0.899136364477809	0.913028179304434	0.885663526537758	0.92922428599431	0.806924441507704	0.902091786238973	0.871172225880793	0.852746676683347	0.932739093939297	0.752420284325896	0.847051668587034	0.886733217057832	0.844997924178216	0.884062701482452	0.845697926988713	0.902349494351622	0.903708293742195
"SRR5865090"	0.671309824221636	0.833498853521118	0.660219398994037	0.499890302779437	0.750089693032606	0.76330678893354	0.727209590533984	0.675976618188139	0.548647351120712	0.735276489283588	0.6781397161344	0.572848234063544	0.70833956853888	0.797359870095706	0.794033931885532	0.777025605955633	0.592239434947755	0.883937329775937	0.775285749552131	0.638896717262944	0.810171018552678	0.57640866114786	0.600202094475783	0.741005913795395	0.614188778176262	0.61932900233017	0.76148036332085	0.824597250382245	0.61051978788186	0.784587378445509	0.791457267575567	0.695444807391718	0.811134547222586	0.665132998861828	0.742270161743703	0.797859737342633	0.617602240920478	0.636064300872253	0.725642533291968	0.664020295801559	0.801355370701642	0.721935050540321	0.826446495620444	0.771914859395293	0.828418393431013	0.734484227188752	0.709445454248235	0.57910802820631	0.678451081979313	0.747307507349737	0.712592291344324	0.722325533659847	0.656243357323063	0.69010153581847	0.602681733241272	0.686771730989533	0.635864414625548	0.772469873586357	0.794735386468295	0.609288857275431	0.610609746669862	0.791729987856277	0.665198185969442	0.745701537555181	0.628956195942842	0.703375215702116	0.845543722964183	0.623414939770292	0.759155665763026	0.683372904671972	0.630758434785002	0.806194987976409	0.548091974455296	0.621222970492309	0.727708158412746	0.652000920377591	0.744290621683314	0.695296911441875	0.736899812120938	0.753476803389823
"SRR5865091"	0.46544402723827	0.69028757329012	0.596961774503537	0.42653720474084	0.625592125437431	0.562395839189775	0.566032911222481	0.493645864432338	0.417889156632659	0.596558575512112	0.607053436568101	0.386125532815517	0.549149430965536	0.53635282512208	0.589857923923337	0.665494057624178	0.391750872624832	0.710850732389312	0.638137370793661	0.477373285619138	0.636067504172507	0.513572548316229	0.644451649885018	0.557177904024771	0.408328116468051	0.49814085674417	0.618654570692663	0.650095751716345	0.46853731186321	0.573113047539661	0.674268249680631	0.550018108403183	0.636990645317096	0.552049698555925	0.69987644578529	0.609593839582212	0.457182663758743	0.433603663343167	0.60129992853311	0.634401302764191	0.653073174549584	0.693750051248457	0.569415770094859	0.651580952768787	0.676773074958285	0.66085108812117	0.625345212735346	0.552536135267363	0.472827977484585	0.654781961616336	0.596553157445339	0.487829001632846	0.520289840618353	0.614393789158565	0.43213782638081	0.521228267801703	0.572470284849698	0.606653617870796	0.637736219974645	0.46261940847764	0.531723235095493	0.632699920157691	0.405021252444603	0.593867105653678	0.462864303559487	0.515441517187419	0.666452049634835	0.424073805335763	0.654466628415845	0.544796235044191	0.402747197934179	0.584536704171456	0.470892506313692	0.580699742621442	0.572060301167617	0.433412090907155	0.563665495367203	0.569841751219493	0.516302809365578	0.524272901724497
"SRR5865092"	0.73726410010257	0.802248058173039	0.638905203016412	0.661646075544607	0.732210625400731	0.72727897630398	0.710272684034543	0.697037376151524	0.722124327336561	0.729495610962882	0.684975717310727	0.638733288856575	0.710614430168941	0.766190947036292	0.782715422822435	0.75396117806245	0.65393910061647	0.85182999053186	0.755199752303866	0.64437402540885	0.775069199533474	0.70680366045383	0.784583630859599	0.72100160131229	0.656432765548037	0.652526905919447	0.759395915422799	0.791506453775067	0.63248755903128	0.763081463345515	0.7882106800818	0.695033607009329	0.774983699514124	0.68186738952234	0.70895854380142	0.802208442882812	0.639655809497672	0.704660999695914	0.680453993709032	0.695191504782942	0.757096351908857	0.742736691022558	0.810006247095019	0.759892975014633	0.783617979544616	0.795320258117749	0.692205432716336	0.698763334975237	0.693468329026557	0.722933590986152	0.724851783122876	0.734840634993203	0.635337703667523	0.699018194282889	0.715767417125451	0.693520731460763	0.726686899811926	0.765937903701781	0.782283513748388	0.723034085249189	0.653725826128469	0.736709734375469	0.684038156179537	0.750912576049047	0.67413521625787	0.69263205867302	0.846836807989342	0.618829473379675	0.785157711160603	0.754955385656805	0.675703007926077	0.762846054663182	0.59767618577678	0.680314251988442	0.720324096696691	0.680929475276945	0.716161239803651	0.669174164601546	0.73526411236342	0.73985230902163
"SRR5865093"	0.741459697491437	0.841263604907888	0.646976454624476	0.527387136800603	0.729567805968383	0.747212949007277	0.756994162145264	0.689157294161771	0.63529451056266	0.742561954719846	0.671635841207001	0.635994035369032	0.736530195954274	0.763698006093627	0.819329725110894	0.760550786949784	0.65532416020162	0.901624362969973	0.686591888787624	0.662037775321289	0.795925062443687	0.675028574903475	0.668301308356234	0.760406693515485	0.593100996383432	0.61587087464326	0.773250120325421	0.797645450755159	0.641224594710036	0.807523330064426	0.802111082623137	0.723538739774663	0.808731664385014	0.685282549976344	0.690323388951447	0.842061878131494	0.665176887550962	0.660276150419968	0.690211793919875	0.639461136254887	0.808282899298998	0.694317099803451	0.769798071146199	0.77718675334035	0.833232239201915	0.793161433455182	0.677881605312081	0.65100569283556	0.702507636919096	0.748442582278322	0.712430327486502	0.721243318792115	0.637184792253534	0.672193493561244	0.704486938653701	0.630413327295841	0.707454887182912	0.670640199566321	0.792228041319982	0.680047728549138	0.605755665122109	0.782043908128419	0.71065989791831	0.759747432523426	0.647453361332559	0.727799842138621	0.851547581214671	0.660904695791964	0.79978708526257	0.758796044128816	0.700949430107126	0.797792025213181	0.564702720865952	0.65522615105629	0.756559515631988	0.712457768259195	0.730009312520636	0.696406227952	0.752073800458814	0.66725431983049
"SRR5865094"	0.778192670534552	0.8876531527803	0.741687355983468	0.741166999665182	0.813731261398222	0.806328194175691	0.806128071937102	0.757744758223586	0.769444932045644	0.822299535388705	0.740682244422641	0.645549428422095	0.819842104650736	0.801163098552213	0.834971561946641	0.796126745607557	0.751433631759359	0.917101295051379	0.868446840800456	0.62300031701265	0.884106725351309	0.813675090490009	0.822047104362782	0.816238441364262	0.68257086205773	0.728767991612633	0.845934404874749	0.835393492487252	0.590178913468486	0.825073765421965	0.881216809274941	0.771896198660391	0.880897589745789	0.643113552189044	0.76876510939413	0.821937311746188	0.673123179848429	0.78727206074555	0.770228237566057	0.828095960101727	0.845667872132891	0.828482137401699	0.81099057077565	0.856957521651167	0.868328863554067	0.873049961443232	0.728545530401776	0.776283531262506	0.758754328178949	0.83007254956355	0.781290143335115	0.825356305177955	0.714673771983643	0.823383606045745	0.742110517882916	0.782270119174678	0.840487638509837	0.838251728580734	0.808101625251668	0.746649570374845	0.772136293251536	0.823810963593585	0.680781832549518	0.83847710610921	0.826122481760501	0.818599507604647	0.876544773248122	0.655566615192859	0.878273202462026	0.801358829201994	0.723917281972612	0.873036738906478	0.600224976679847	0.776713871689913	0.8343528041884	0.74119010552267	0.789070672843965	0.783066735437187	0.820593406576579	0.8302599747522
"SRR5865095"	0.625520917868744	0.810238401508623	0.519474756356335	0.370402730004769	0.616716977583331	0.700740290973691	0.717244349915895	0.618519007761983	0.481614821128527	0.688005855273029	0.540759685963979	0.535763703775274	0.654459516579832	0.67723499636261	0.77400470187714	0.733128768981915	0.512163493771141	0.896592881658795	0.546135152983407	0.59178060857306	0.7427980582591	0.459553038982833	0.406722347140344	0.733478023604002	0.42168412137302	0.479259322831696	0.744831254403835	0.753164829703336	0.536905923613657	0.795489372431344	0.728696647321643	0.641222244640237	0.777714898771014	0.588744539450929	0.585307520228326	0.758608132428794	0.572230835602069	0.471860441872626	0.615898372576408	0.509267731010871	0.791933869538721	0.553524199364857	0.652098872131986	0.719240835032868	0.835135654314148	0.676732276444447	0.541524786649915	0.468391305555899	0.629011793478633	0.692668898372354	0.633373695520012	0.627686167518484	0.576292216420853	0.513480742143671	0.564810665656504	0.447845794961994	0.549925117674962	0.424415423472923	0.731797682486048	0.507939561962539	0.450327466745241	0.745209667068607	0.635182356133171	0.680807881332461	0.580309163894775	0.659740625864516	0.809743247956552	0.609984138487728	0.70268690564129	0.627176092038607	0.634117713700958	0.771256483558635	0.409517191188428	0.522285954456414	0.698415827570277	0.67321426664505	0.660896942257433	0.628216610918787	0.669282115326307	0.456899987947105
"SRR5865099"	0.509625443673062	0.681070460741391	0.58086430124946	0.574444544286199	0.63792842896268	0.638460247916078	0.587370163976887	0.574860074241312	0.578139730161972	0.616460411435702	0.614650547739845	0.472779809199555	0.587512618498679	0.655756484448777	0.677886894155417	0.690013687719675	0.463479033849394	0.707309895609191	0.691574721108355	0.555140274661856	0.717209391348475	0.454676652062464	0.583849485867163	0.574051848281049	0.512813425835462	0.537474611693307	0.618915070867987	0.729260795881655	0.547486562740654	0.614385292914675	0.666618445195277	0.59736839869321	0.641807972179022	0.609711998540554	0.701067377825847	0.648703111198944	0.504842722829802	0.387704235057302	0.62932701106975	0.68075351281326	0.649757369712515	0.707102731682332	0.706111877280032	0.638717895130698	0.685672566025222	0.597802198556702	0.658851998840463	0.504146183711259	0.528159852974653	0.622909097900392	0.638247307346464	0.554835081907127	0.560370403663016	0.62165575312219	0.471954337187613	0.582030608616427	0.504827144486315	0.687540602746596	0.684030249675852	0.512204830270944	0.522941098733648	0.652294719657673	0.5200206511319	0.609128391467039	0.594449597846432	0.523591521597756	0.718446323223088	0.490774493649865	0.619733338162444	0.546939533177644	0.469312068918857	0.644023881549896	0.511096548415679	0.563851193494823	0.580461884607839	0.48753785541498	0.614337467303116	0.566370657933062	0.579826639017499	0.597751997935206
"SRR5865100"	0.221886840227062	0.357922875628151	0.318132339749516	0.234004098272104	0.314149282191923	0.25146717300684	0.339502488730448	0.23065122523681	0.200026507763699	0.346910777163875	0.29753773615523	0.186454809405572	0.265457624510418	0.314617329469266	0.202921024420369	0.401719949112527	0.140464696809096	0.349444564398976	0.363186387443364	0.240211450279355	0.262210780505598	0.231970101153666	0.324065133093532	0.328963400824833	0.230938741361125	0.233908934984558	0.405447186145825	0.338663612969344	0.21796580368214	0.311145995254051	0.339902238369951	0.278682673468959	0.390549845477843	0.26441375709876	0.372368992435783	0.142000488417966	0.237936672455617	0.203928491460745	0.313244791482396	0.378860866362269	0.397031240586372	0.339171993531273	0.330960605899085	0.380948252084677	0.434002690936347	0.371399461584402	0.266187331957293	0.29771195568562	0.247760749901879	0.408726821482256	0.322157359305427	0.279454679515743	0.302813746988496	0.286672973684351	0.18897241409026	0.279856080050152	0.31459158130483	0.285064142158644	0.353548694870252	0.11493925244331	0.258811951644687	0.325838202637292	0.157256418017575	0.284263586596693	0.282152749290991	0.270088236378747	0.316751695120238	0.235802967654009	0.308951668691583	0.234513206769322	0.212782480003473	0.312519600275196	0.205794180424379	0.284665147019371	0.332263668587579	0.262880571939052	0.286348604985355	0.334907104330169	0.262331006068708	0.261141199245051
"SRR5865101"	0.764108260091836	0.865093828215814	0.696127971326607	0.84549532116839	0.799882536211641	0.871595344664452	0.795192783747837	0.84128394110771	0.858922492894714	0.843274222114491	0.748255183379885	0.712771945638039	0.836740549556794	0.804768591793872	0.881382838206025	0.838538058573561	0.808824323277063	0.890933751016002	0.889884468358683	0.682098388665496	0.928472971106072	0.741895571751984	0.844221220195821	0.812720349277408	0.714895627353909	0.784846093722505	0.856973327011919	0.887702360933036	0.64247683435307	0.837176133799858	0.879910740010663	0.794217058501158	0.877702247613254	0.686643909233627	0.794724565405798	0.792526961728768	0.671673727664672	0.754631281709078	0.79883039531713	0.87272574358752	0.816530882355882	0.877106857455503	0.83104150838965	0.844936224893675	0.863523787456107	0.811625398495022	0.766508009941656	0.737785923711886	0.785503195780869	0.791765799213184	0.84086264267812	0.845969432025859	0.764216118912925	0.847298748121985	0.756354719466841	0.78991510299813	0.780545684401686	0.851938667276089	0.813832709074427	0.778867531192698	0.741210225145279	0.817099209632005	0.762590244839517	0.852433046073921	0.884918423725797	0.799857898085572	0.901111997969222	0.678731433837157	0.842871065954537	0.773603795391917	0.755153261358487	0.89762251957005	0.642852371703019	0.756929966662679	0.820433138744615	0.764099039956965	0.812275565601376	0.758804428390084	0.836129306632844	0.826758450469975
"SRR5865102"	0.123285013977429	0.222116474638606	0.179118286350936	0.140481729173688	0.186008291003941	0.198014719550993	0.220418059856146	0.188620788988484	0.107928912764858	0.259477506240447	0.189513113476566	0.139008908931148	0.180910830253249	0.212874166811766	0.174194171507282	0.346601857663374	0.101970172509629	0.195386359878798	0.320822975311274	0.180281761009883	0.242226724869739	0.0975830839819395	0.201774872868062	0.229916670928949	0.167095472770341	0.17341820342389	0.306709673625745	0.274522239787891	0.149878001688592	0.219969007647261	0.202720544900638	0.176140412619005	0.276832015922755	0.183714224372261	0.270303687391495	0.0826639460875466	0.148506255040738	0.121085215225353	0.227226885842024	0.256498812891495	0.254546332613587	0.258304424577288	0.246801469217301	0.251832357879245	0.314621939125946	0.185538839648105	0.169717296743521	0.170309261526042	0.177109556586355	0.262891423370741	0.259960022019696	0.205864843267675	0.251442912768906	0.17935529666597	0.110340747073906	0.186140569621628	0.160706373337597	0.17658007273302	0.242425851655824	0.096034637594065	0.159648254727287	0.202821027035021	0.110147453280958	0.183474003608658	0.179969810067042	0.159702555261099	0.235120473567149	0.167105974051715	0.169931963529313	0.11497660151765	0.149256642032564	0.229651222827638	0.135249386535839	0.175389934108526	0.206203544620014	0.198378952164864	0.199812069283774	0.216358439061006	0.167862804262172	0.161346491150984
"SRR5865103"	0.122195798576654	0.186736411749257	0.147653214035789	0.103275669063156	0.140789362497553	0.0951024563924992	0.226674413586778	0.111193282849279	0.123667703142016	0.190860641440174	0.129932243321289	0.0936471828617341	0.168219881040033	0.222114413704878	0.146590583858144	0.216687488742856	0.0778786454467811	0.19264982663694	0.145949170378148	0.121517307505535	0.138661035863443	0.11501050618353	0.159994126370259	0.177295506704993	0.127950838632399	0.0867553230362562	0.23423104244729	0.178416761559811	0.105517322056996	0.161712150149642	0.169955851486171	0.172226645284911	0.216364067773413	0.134597247435016	0.156043457640702	0.0803811131181252	0.124705066117098	0.100811945252503	0.123291490779139	0.231898575032078	0.228801425634234	0.163505055455783	0.217535543366481	0.192925451110688	0.284807241230122	0.237469224918533	0.0910804968623376	0.172999335061958	0.121457515588147	0.237585808678019	0.168418813801303	0.145985406867133	0.14162203555539	0.116611581992497	0.0929044070656463	0.127678253158523	0.179731384082753	0.105090725721754	0.201209359914118	0.0647882254599867	0.110938829408158	0.141532534831841	0.0585112734055487	0.123375431271335	0.17224195705389	0.120723657968834	0.149921127950664	0.125733770336459	0.189693812942939	0.1150337887823	0.108825060258005	0.156922509940497	0.0883997106007464	0.161286654715494	0.201210291700394	0.153404908262479	0.122528583993228	0.171516845152721	0.144582716952744	0.10771562390426
"SRR5865104"	0.667632995512115	0.790390048219953	0.719676339431071	0.766491761040624	0.770789858466911	0.765104382171609	0.687835749354131	0.734492778054494	0.731838479741503	0.758362261956855	0.753347358647958	0.605794708797935	0.739502489373381	0.690772225933678	0.763427876655142	0.772654017133354	0.692658619993024	0.78177290863121	0.849287381010316	0.614054856682981	0.840186754547939	0.742142534322009	0.869481387175896	0.697079701391736	0.653795853427305	0.740173421904988	0.779242323954943	0.799056086595676	0.610739636710288	0.703436350819243	0.819440918762554	0.708066625179922	0.782969142345304	0.668770382028213	0.808442462908948	0.733911453971171	0.608378567894832	0.723565998771882	0.754099308787436	0.820674001818515	0.728448890654133	0.85546543226171	0.744890201598749	0.784811642824005	0.75283787308859	0.786889819391281	0.776850667444477	0.745288454957654	0.672187708135881	0.748766320375578	0.777744616268508	0.731061939030699	0.691931608779981	0.823020260532518	0.672942491528078	0.75917143998783	0.759068817121285	0.84727892186466	0.748628086159103	0.699482517021283	0.721103461053949	0.742146443632818	0.626144150427132	0.776943386717177	0.717255081997716	0.699899243977381	0.814867021584852	0.567191054644768	0.794697147979581	0.725580803182809	0.611440002326183	0.772514389912341	0.656758681027063	0.727779522536636	0.724219924885982	0.613342470381374	0.732687151037577	0.703096448581021	0.723086902856586	0.791245735046573
"SRR5865105"	0.150343283602183	0.233762809653664	0.145169952359264	0.128214964596255	0.169303452060889	0.197823045973421	0.245414959516071	0.180787294931517	0.127881952667583	0.249318780505333	0.158661362131933	0.155000059273328	0.179786259974739	0.258254829389742	0.202566110486599	0.328124150041132	0.103298038920483	0.262062485940498	0.206055111204531	0.196442341273073	0.197746204597407	0.0857006955084467	0.133369568252369	0.258290629701316	0.165640015515768	0.143124930639529	0.307011097290928	0.273634165474863	0.159359282767422	0.281050176925993	0.188654238422186	0.17995051362162	0.275609948086551	0.187314891328131	0.197443924914656	0.106884363824778	0.164792295352346	0.117604482046545	0.192563372378647	0.195460212622488	0.279109495178314	0.172659779631497	0.289966646656531	0.23977989266123	0.350065317388276	0.183960877191554	0.129917594459648	0.144111003550459	0.200392232417438	0.258457749668212	0.230966139492572	0.21252959220738	0.225529153590058	0.129030335567601	0.125544743456317	0.152658740556999	0.143295696695683	0.126783528068643	0.261956792241874	0.0883757884142105	0.116209539113753	0.204132829158672	0.134252079731777	0.173382636409001	0.192940879917819	0.169730365249679	0.267091411292143	0.196583651535223	0.165169167913934	0.124539717884594	0.183384504284415	0.247305110239001	0.126457453740172	0.137160773786094	0.215610397159729	0.242460002105984	0.194014971008355	0.203267381173238	0.182409212754257	0.132034229327638
"SRR5865107"	0.659844500875797	0.778717811690555	0.648157613643449	0.737241706806108	0.733228451591606	0.733951296669569	0.668027362041375	0.682304871059499	0.731834461699746	0.728630371450028	0.695215229346506	0.581416163290899	0.687943405189524	0.701714542864021	0.732884499054985	0.757476381164519	0.60392205354277	0.802889631266829	0.808815507618699	0.590161013253951	0.788296855962557	0.67995126713362	0.809861622369672	0.696130525651576	0.622338579435877	0.679214126975296	0.755751490367456	0.779236879341192	0.571679958823473	0.72287286841726	0.785741611769831	0.657190103094831	0.778392416295332	0.633616719569288	0.748029331444878	0.715279611359609	0.578479609994436	0.545040170912247	0.703634963265934	0.768078658300116	0.725437575508684	0.784387448967017	0.765040922852488	0.760522608281725	0.756164029973149	0.764989179167749	0.704992354914949	0.691553396753303	0.664122696226012	0.727860738295365	0.73100651131921	0.712450285197239	0.650710251365891	0.744225875738982	0.646460585492145	0.708133449997668	0.71512428331356	0.795543358768073	0.742829380204362	0.649773000939033	0.654871225641847	0.717420327331685	0.607860484669112	0.743849785739326	0.719853647877666	0.675782959215305	0.823596897655734	0.555391703372383	0.760644818512568	0.695706266371119	0.60638479636309	0.755662094802186	0.597595473422555	0.66011627105944	0.69397475057804	0.620088005584073	0.70311780152204	0.665100158073505	0.687076706569071	0.724380265345924
"SRR5865108"	0.650464685729245	0.797525324835944	0.578310474784557	0.306421063510307	0.646262927431094	0.637787958207444	0.714403140004187	0.570592802190064	0.432459532844533	0.656481458089716	0.570612343725339	0.51613720567395	0.656641101571661	0.723045304764999	0.754318568789302	0.682538316131587	0.516406270977986	0.880666989234746	0.5448465929461	0.586086693343617	0.695073471750515	0.541430945679185	0.435473925797439	0.698971987725272	0.481356946277263	0.465663893911504	0.691955904717885	0.720902866163966	0.560925851745703	0.752966391483759	0.719837960643321	0.656071766102657	0.754848682704554	0.608405958695417	0.592231089706354	0.791359222233245	0.595521737355017	0.521457140884644	0.59747624898293	0.502876582539557	0.77817608000737	0.565868968713119	0.705588180063764	0.703876115130885	0.804363072185983	0.719570602977994	0.566983144086078	0.521547362242456	0.604552835406904	0.6965478690286	0.598242073809714	0.612826256012509	0.539003624307198	0.534300951210265	0.579821455343016	0.507782184460308	0.596689231507029	0.522608929408288	0.737195260498409	0.539848329875495	0.513769236396966	0.730852253221747	0.601343754948658	0.655954317100161	0.508503288005287	0.647084354780862	0.772741019881726	0.599264371980484	0.727990934955413	0.662323247654443	0.605663358935115	0.725334675303025	0.447048885294379	0.583057240483523	0.697033841379677	0.633960357910051	0.644089385694209	0.631984486076627	0.671743459539579	0.539996757429005
"SRR5865109"	0.655159411601975	0.817058794315483	0.569334211369588	0.318656956915487	0.652533932137266	0.673774261133066	0.728121286373601	0.593645057675154	0.449087739022413	0.682478149323904	0.572540825146208	0.527861069737959	0.670070322886101	0.717877727770938	0.774275958288066	0.71551014105159	0.523543573054414	0.898430736099241	0.561952050165935	0.592865629507918	0.729008308284319	0.533787813487305	0.461015626288816	0.724161064610102	0.462969735301274	0.479404280417123	0.727684555929657	0.747148741232542	0.555754379282727	0.780846596552088	0.744139126218356	0.664294004228522	0.774702614658581	0.610075475317	0.605739917198596	0.794091346757764	0.592805708321455	0.515141248096185	0.614730091014907	0.51671440762939	0.796310757240713	0.581851703634413	0.698647927166604	0.725466924468656	0.829066650496343	0.728424326593326	0.569837560460502	0.522138411717431	0.623950453079713	0.711924137480808	0.625579241032166	0.629495177757574	0.55958343916702	0.543949181499653	0.58702276437137	0.495931004374623	0.602637075527382	0.500281121061369	0.748379172197365	0.540922797152893	0.50334210974831	0.749002407719671	0.618103469724181	0.682689982620774	0.535622286711319	0.664557835250751	0.80345677595339	0.606596697714234	0.740598184480661	0.667911962344275	0.622011195491672	0.755967633789059	0.440828529504558	0.578661010866097	0.71176462185441	0.655151372904292	0.661275337055607	0.642612041371653	0.683414356150693	0.521124667654781
"SRR5865117"	0.327805889666382	0.451061664635001	0.405966152835391	0.359409083655114	0.420972568937519	0.394044906183253	0.405794037082846	0.382575443146122	0.331421089698752	0.450423456519249	0.428921194748671	0.317177344153839	0.396858964675542	0.395939999103327	0.40618015442489	0.513628855366464	0.291104976672333	0.424739564036671	0.491162555354028	0.359099868876075	0.458504079602902	0.343565079523737	0.509501201997279	0.396644033082327	0.348381759570364	0.381286430810819	0.4710085644225	0.471168454424396	0.346464345187669	0.394948752505744	0.455683810514393	0.392148888116335	0.459348488112318	0.401551846638788	0.509239890716517	0.331055176994843	0.333486749698167	0.306294666245753	0.428133741372938	0.500689602831596	0.4416067852733	0.521554313098854	0.432895546378496	0.465501415622011	0.480701799218537	0.45443751020894	0.425685359171688	0.41835195784435	0.351175674494034	0.451776478007937	0.466853137121466	0.382169147829814	0.408346304163882	0.441099312164528	0.320386821306013	0.400917386891189	0.397338345117563	0.448545597663208	0.435559010869721	0.300770629038826	0.354165505862504	0.408914759520598	0.284937974826961	0.407158334569605	0.36311768466599	0.345418616226096	0.464304972489423	0.318729602733488	0.432693678325523	0.349783043915067	0.313172847590048	0.412443643217652	0.34393709246548	0.389881121221454	0.406553255908385	0.346976486485275	0.396411073254179	0.403054070559514	0.368601567837904	0.380033543950038
"SRR5865118"	0.703872895942879	0.801981746428761	0.707072829094337	0.728609014107181	0.787469583534071	0.790510214615374	0.698856243632717	0.735008340753599	0.707502292852186	0.760372624457431	0.745568910284652	0.660103756483013	0.733292130306052	0.77389124005104	0.771763801010101	0.774458685639918	0.696779968348075	0.815220697928379	0.875773059570859	0.64092884864256	0.83168924213513	0.716144406292032	0.818750981326276	0.731305459009111	0.717796058537736	0.746543083888559	0.779273761456832	0.816488515656369	0.631346956669869	0.756755660493853	0.810326710178336	0.699209446765308	0.797180290857297	0.674688100959609	0.786761952428533	0.760763493922175	0.635448034325316	0.755704528571996	0.761301804276855	0.774663930480172	0.747992810218106	0.846919283528311	0.836987556646951	0.790218006982633	0.767101068300829	0.771081666095998	0.764781983964516	0.713281676319645	0.721107477745469	0.758832461430519	0.764229014991504	0.775843800083577	0.703265651975239	0.802649269314772	0.686974067233236	0.794266326728571	0.73654471770428	0.880174799363309	0.776829724456531	0.776438384187123	0.785824199939337	0.759788289271453	0.676975274136083	0.778919356448086	0.706141857712162	0.732332641379977	0.847514407328038	0.612395073147415	0.779766939848554	0.725912476512184	0.65713159432887	0.804015975765145	0.673489499763536	0.765550314178972	0.729991228210833	0.658553018041039	0.75841457428233	0.711162118951316	0.751486883405508	0.843515381657049
"SRR5865119"	0.437815614612526	0.53025555037425	0.476445941056243	0.247412703285775	0.48229217951674	0.427981996864109	0.466573641883492	0.397735170043839	0.287642381828126	0.446184041871013	0.501351930206152	0.424430596093906	0.417450204015298	0.502093633580366	0.517858886050706	0.546679951202155	0.324151965153532	0.571687597795724	0.381548106527413	0.510910888115093	0.419332942335627	0.366639002202994	0.420335472772566	0.43906276011831	0.392867488565609	0.38207521670887	0.450397535320465	0.532234419139739	0.527773024342001	0.48977665381381	0.469179514718815	0.465968804428721	0.456258394308034	0.575722401366917	0.550393298719568	0.601490651694632	0.465074683652791	0.344147803717659	0.466886959107451	0.367717428160645	0.527987305821505	0.491222083867622	0.539628361004971	0.479365973057956	0.53121388044897	0.493955804966469	0.534831949917635	0.41484167735419	0.403200621025939	0.487898015712324	0.470245783409901	0.368693378787052	0.418516922472603	0.401930763039782	0.416652121192785	0.389819287714252	0.389061371157993	0.435302697388186	0.578756457782485	0.42980608704328	0.395914564226456	0.510324433986395	0.444633971399875	0.432896662184832	0.248870994162109	0.379057339961977	0.547255097140907	0.43834010782522	0.475073631776004	0.47826418706401	0.398233945887248	0.406503963088753	0.444540477040842	0.458346812401425	0.43312353069543	0.408353514825187	0.461062647430364	0.43910536262108	0.418834522485964	0.376398256581603
"SRR5865131"	0.2411467954561	0.446265173916305	0.403046098313301	0.384865320296792	0.409169397343557	0.300047954065082	0.385011839076104	0.278910134615629	0.333360791791871	0.414827542162094	0.390881509781383	0.189344953047511	0.365372747863683	0.357444551281494	0.330782213436271	0.470910278018165	0.199498688155088	0.417966732085967	0.524385571506083	0.242810782741865	0.453338555670599	0.329410097140077	0.519999103254622	0.343748692669327	0.254201952271053	0.286588578151777	0.4403356929941	0.430339338355682	0.227083940256594	0.315417900087108	0.471723277546139	0.357559381466907	0.454413973823488	0.304117560805467	0.507466967885427	0.246894267920589	0.238721890287471	0.255955023406017	0.371965703125855	0.61209348923467	0.436433056006744	0.526750396713699	0.38833591550295	0.453963377525626	0.488673488601129	0.498991618468109	0.359157174796707	0.410416683180129	0.25914973839603	0.491901045923012	0.408911121023839	0.306465466891849	0.330098514544603	0.432896368010748	0.207171152887362	0.357842423053928	0.422550224464893	0.422628080310399	0.409976857772358	0.172791425544018	0.309046757752009	0.370360882895189	0.141693770347603	0.358754483489953	0.427294590435739	0.291458576963113	0.40232367640638	0.213722728246512	0.460418793550635	0.29260707201104	0.190653802042902	0.365944524209931	0.258474942001836	0.372511298437157	0.39046974312369	0.236009318388798	0.321757680562526	0.379466913346159	0.308113707702111	0.344775715417816
"SRR5865132"	0.742648638613154	0.770559144661082	0.706535588334328	0.800253862902943	0.742027562722339	0.667606415167104	0.704690456926474	0.678924272533106	0.838374314621704	0.712073035281163	0.734188572095567	0.640361274156051	0.740006041317462	0.700558413974864	0.775161414612103	0.701822631552854	0.70736222540278	0.793190216533682	0.709352415270359	0.628483385259877	0.763882694724897	0.815858904474966	0.876866826192586	0.662867572115693	0.648743418079534	0.670965857554012	0.722341322849665	0.738314149618013	0.65448995939178	0.68230464123766	0.800235645111865	0.733108858107465	0.724373039306378	0.704198285973558	0.737238827009329	0.817149350111393	0.655259432723167	0.73470283348221	0.662850010701629	0.806678260644251	0.71175125177987	0.797196354896018	0.729768332262094	0.746536932185008	0.721673211060402	0.843268731860158	0.733759717622799	0.792709704826261	0.649405553072813	0.725052356061307	0.729000100787375	0.680422387559656	0.600299928534679	0.77085307113158	0.749095304141425	0.700760361592976	0.800336804066658	0.778136917747009	0.751017637282882	0.718878046135298	0.667354994466861	0.695962530842041	0.631823031607547	0.741177592581801	0.740169682541109	0.669400903931282	0.790214441381183	0.581579146106465	0.825044065056025	0.798986524586134	0.635979956751562	0.692620043572438	0.668263904647876	0.730532623347775	0.725265972740355	0.622577541907425	0.674192614079684	0.667595610602306	0.718810749209412	0.718610525415336
"SRR5865133"	0.193158456009387	0.353123882865851	0.242921040709564	0.210832365683749	0.248092860905747	0.252509623548117	0.372291833012318	0.231461110913328	0.209535782420698	0.349488184714978	0.210347813214876	0.172047428320491	0.312422954477369	0.312033270184059	0.271542578039123	0.349379619856602	0.172072978232289	0.372869325600921	0.312046963956242	0.193763837788911	0.34726813966064	0.169563323320607	0.180144204815596	0.345368888634537	0.192552740558929	0.185991618332738	0.399020962556167	0.313473261027346	0.15794260421119	0.326366315204654	0.316673644196765	0.284292496758628	0.415996971014008	0.182570012422002	0.25476523901164	0.130533528762781	0.206281865885125	0.185192737632465	0.263285282774686	0.393208690974698	0.392182913431278	0.28231685925582	0.272118561146156	0.354475558964851	0.471148567081443	0.301903038744689	0.166359110663462	0.219471921532785	0.240981440693548	0.370748053126446	0.28770135730622	0.291822872448444	0.277674563177434	0.245784856826571	0.152443573972411	0.225061918089277	0.254897652978685	0.191039461568796	0.272617565133096	0.104111745869507	0.204435880746047	0.293909843717711	0.13513138207487	0.254918362296542	0.398837601236116	0.277083394777437	0.276223698166005	0.229951980799016	0.294057165238593	0.170876630754249	0.217450149542662	0.381361250821115	0.139190341372123	0.243033488308664	0.361372407928663	0.285907160003068	0.253473739483465	0.312995385005863	0.281418919566839	0.208266815899003
"SRR5865134"	0.774023524599116	0.886502437900842	0.772796741952167	0.588367710962634	0.826518735169162	0.825113413571019	0.805567492433156	0.752770388896584	0.649905765312991	0.790366415811424	0.766385272680665	0.675897003631839	0.80142417699222	0.858747381325488	0.866769240688228	0.800297460603505	0.732293301191601	0.92413175235165	0.813209094710957	0.733019909203688	0.867754399109806	0.708069192052549	0.624779482530612	0.803131617287534	0.713747575861628	0.707987994292505	0.79064602207836	0.861489243529539	0.727268715072486	0.838178867298404	0.848751597914371	0.791698375937783	0.861653412944557	0.75506793575114	0.79889169986029	0.896506754543056	0.738632598423597	0.750240744263663	0.800158981179167	0.733185975219781	0.856934019129899	0.780083072855429	0.867303160926572	0.828601032173755	0.864616563411912	0.802917929731658	0.803759220936803	0.663063215103948	0.756789840486396	0.807301337105703	0.761308793376268	0.789039402984165	0.721970292563148	0.783686015356435	0.716210163684381	0.775222031003579	0.726293068063617	0.849720499526219	0.847681669347801	0.724799056919024	0.719897627581043	0.860595769591817	0.77915635019898	0.812478035257946	0.718312582446758	0.798371549807133	0.874820938838649	0.731008936822551	0.835590128076065	0.789007622189321	0.732658182318531	0.860213006171183	0.662520848342419	0.721843449465204	0.80946651601783	0.731819073663883	0.817549168269747	0.780162627407535	0.822663187323619	0.838243695759808
"SRR5865135"	0.105507564540156	0.16291117996446	0.184963250280999	0.129744911596506	0.16800772527488	0.139758547482133	0.174751243081284	0.139558743627837	0.0899313941155392	0.206954892945634	0.19374198336769	0.126623707615189	0.123620232753506	0.149208858504126	0.0852787048640935	0.299955469365432	0.0614283267730896	0.129230674013268	0.219638367384753	0.165672492631558	0.116631672009966	0.105940846870283	0.243274630037041	0.17718512325079	0.137507287993822	0.153695741640855	0.24993201688183	0.200675166220859	0.149648371009884	0.163402298615463	0.166254133919665	0.144974094651558	0.19976041123506	0.189128764864612	0.273983132537095	0.0473475981272996	0.136957044158722	0.0951234630608364	0.196739953694543	0.221990501298418	0.208764664129648	0.231386037982278	0.17829004088592	0.213479490251527	0.238059642825375	0.18688695201669	0.174062367593571	0.185159591163648	0.138021105248524	0.237820422726441	0.220652796776066	0.14264611321478	0.211176260254248	0.15869424075218	0.101327722102712	0.154845802867087	0.160479479153335	0.146763098405974	0.209338094037168	0.0581647854093987	0.145051049493422	0.166255029664336	0.0859071582336739	0.148649064963922	0.119565483208452	0.124191973777831	0.171575570321978	0.138665612283933	0.134008272833706	0.113036944272321	0.115601401536947	0.142500059193801	0.144712095587658	0.165059436764677	0.161955286259049	0.151116616542488	0.159960688619902	0.188703612024122	0.119729004959092	0.118723514771387
