bugName	pval	pPost	sPost	Adjustedpval	AdjustedpPost
Collinsella	0.000537510567246269	0.000537510567246274	-0.558668874768454	0.0411477408353511	0.0411477408353515
Veillonella	0.000548636544471348	0.000548636544471354	1.62701155338221	0.0411477408353511	0.0411477408353515
Ruminiclostridium_5	0.005269930269171	0.00526993026917093	-0.813799614077164	0.155107678380533	0.155107678380533
Akkermansia	0.00576484894631502	0.00576484894631502	1.32029088447467	0.155107678380533	0.155107678380533
Escherichia/Shigella	0.00617161637231145	0.00617161637231142	1.25389975363205	0.155107678380533	0.155107678380533
Dorea	0.00631730579844791	0.00631730579844793	-0.581749759742271	0.155107678380533	0.155107678380533
Campylobacter	0.00723835832442488	0.00723835832442486	0.356902966388465	0.155107678380533	0.155107678380533
Granulicatella	0.00870391180049856	0.00870391180049858	0.655591781659372	0.163198346259348	0.163198346259348
Oscillibacter	0.0134130673647548	0.0134130673647548	-0.722475420831323	0.201928054736026	0.201928054736026
Intestinimonas	0.0135196922767364	0.0135196922767364	-0.375242008307046	0.201928054736026	0.201928054736026
Candidatus_Soleaferrea	0.0194412507195398	0.0194412507195398	-0.357794187954264	0.201928054736026	0.201928054736026
Blautia	0.0197645130809899	0.0197645130809899	-0.320816074792867	0.201928054736026	0.201928054736026
Hafnia-Obesumbacterium	0.0205421216363333	0.0205421216363332	0.618655300066056	0.201928054736026	0.201928054736026
DTU089	0.0210058807161746	0.0210058807161746	-0.430248336846174	0.201928054736026	0.201928054736026
Anaerotruncus	0.0210090919051794	0.0210090919051794	0.426112753197857	0.201928054736026	0.201928054736026
Negativibacillus	0.0215389925051761	0.0215389925051761	-0.729052862187988	0.201928054736026	0.201928054736026
Fournierella	0.0244249212417331	0.0244249212417332	-0.439141459709482	0.215514010956469	0.215514010956469
Anaerostipes	0.0277926549576215	0.0277926549576216	-0.735435009976279	0.231605457980179	0.23160545798018
Lactobacillus	0.0365182554009038	0.0365182554009038	0.51301243544232	0.271174896097709	0.271174896097709
Actinomyces	0.038355921350073	0.038355921350073	0.396223223684144	0.271174896097709	0.271174896097709
Klebsiella	0.0391552897965441	0.0391552897965441	0.801519854298011	0.271174896097709	0.271174896097709
Turicibacter	0.0397723180943307	0.0397723180943307	-0.241287601010998	0.271174896097709	0.271174896097709
Prevotella	0.045867150076817	0.0458671500768169	0.36525341255987	0.299133587457502	0.299133587457502
Ruminococcaceae_UCG-013	0.0497384711563358	0.0497384711563358	-0.30418421547193	0.307832811510072	0.307832811510072
Holdemania	0.0513054685850121	0.051305468585012	-0.477465098030047	0.307832811510072	0.307832811510072
Ruminococcaceae_UCG-004	0.0539585425146207	0.0539585425146207	-0.17229561526443	0.311299283738197	0.311299283738196
Paraprevotella	0.0615286722115571	0.0615286722115572	-0.595995544080332	0.323155094936545	0.323155094936545
Oxalobacter	0.0622067376012294	0.0622067376012295	0.327623158235564	0.323155094936545	0.323155094936545
Defluviitaleaceae_UCG-011	0.0674691847152775	0.0674691847152776	-0.323183343026314	0.323155094936545	0.323155094936545
Ruminiclostridium_6	0.0698094061549415	0.0698094061549415	-0.752448803249947	0.323155094936545	0.323155094936545
Butyricicoccus	0.070974122520712	0.070974122520712	-0.279415561219061	0.323155094936545	0.323155094936545
Fusobacterium	0.0715918409592831	0.071591840959283	0.693104784278574	0.323155094936545	0.323155094936545
Mogibacterium	0.0747082806630242	0.0747082806630241	0.470664299773998	0.323155094936545	0.323155094936545
Butyricimonas	0.0800651013569458	0.0800651013569458	0.485647445102338	0.323155094936545	0.323155094936545
Roseburia	0.080867453326172	0.0808674533261719	0.36795157671904	0.323155094936545	0.323155094936545
Succinivibrio	0.0829099637346862	0.0829099637346862	0.159639853107196	0.323155094936545	0.323155094936545
Adlercreutzia	0.0841126138489058	0.0841126138489058	0.234151269383805	0.323155094936545	0.323155094936545
Ezakiella	0.0843066477179	0.0843066477179	0.228368820959222	0.323155094936545	0.323155094936545
Proteus	0.0876534099928655	0.0876534099928655	0.387674682929561	0.323155094936545	0.323155094936545
Allisonella	0.0880077058385491	0.0880077058385491	0.33455127836994	0.323155094936545	0.323155094936545
Faecalitalea	0.0890006825554063	0.0890006825554063	-0.264521348285738	0.323155094936545	0.323155094936545
Slackia	0.0907045024426848	0.0907045024426848	-0.307680076209412	0.323155094936545	0.323155094936545
Rothia	0.0938342210703504	0.0938342210703505	0.30708718903448	0.323155094936545	0.323155094936545
Marvinbryantia	0.0959352450690705	0.0959352450690705	0.294522760425455	0.323155094936545	0.323155094936545
Phocea	0.0977315107803128	0.0977315107803128	-0.213904575209977	0.323155094936545	0.323155094936545
Desulfovibrio	0.0991008957805405	0.0991008957805405	0.879456123670351	0.323155094936545	0.323155094936545
Howardella	0.110109077033115	0.110109077033115	-0.387582000693155	0.346576493839495	0.346576493839495
Lachnospiraceae_UCG-003	0.112634396292466	0.112634396292466	0.560324700680097	0.346576493839495	0.346576493839495
Atopobium	0.113214987987568	0.113214987987568	0.210335718423586	0.346576493839495	0.346576493839495
Tyzzerella_4	0.121515706538821	0.121515706538822	0.262890075193275	0.364547119616464	0.364547119616465
Oribacterium	0.135679845447007	0.135679845447007	0.409940790085332	0.399058368961786	0.399058368961786
UBA1819	0.139647187651149	0.139647187651149	-0.530425548163619	0.400129121515374	0.400129121515374
Lachnospiraceae_UCG-001	0.142486995886944	0.142486995886944	0.43762180924627	0.400129121515374	0.400129121515374
Ruminococcaceae_UCG-014	0.146056236766488	0.146056236766488	-0.270955353856184	0.400129121515374	0.400129121515374
Alloprevotella	0.151488511048087	0.151488511048088	0.472284892875831	0.400129121515374	0.400129121515374
Faecalibacterium	0.15362181421103	0.15362181421103	-0.275940116239865	0.400129121515374	0.400129121515374
Methanobrevibacter	0.153925222809137	0.153925222809137	0.732161807938461	0.400129121515374	0.400129121515374
Merdibacter	0.156245577934844	0.156245577934844	-0.24436476566204	0.400129121515374	0.400129121515374
Angelakisella	0.15779854003721	0.15779854003721	-0.301478449852599	0.400129121515374	0.400129121515374
Ruminococcus_1	0.16005164860615	0.16005164860615	0.390125587992052	0.400129121515374	0.400129121515374
Coprobacter	0.165553767973461	0.165553767973461	-0.311518311727583	0.403164757448427	0.403164757448427
Lachnoclostridium	0.166641433078683	0.166641433078683	-0.304997589940067	0.403164757448427	0.403164757448427
Gemella	0.173809644040453	0.173809644040453	0.297666361785852	0.413832485810603	0.413832485810603
Bilophila	0.180127948298497	0.180127948298497	-0.331988266485216	0.422174878824603	0.422174878824603
Enterorhabdus	0.18738054474465	0.18738054474465	-0.3271839500135	0.432416641718422	0.432416641718422
Catabacter	0.220612058189506	0.220612058189506	-0.161482165439872	0.499585531037086	0.499585531037086
Ruminococcaceae_NK4A214_group	0.226784604964255	0.226784604964255	0.48086933623738	0.499585531037086	0.499585531037086
GCA-900066225	0.227240639573521	0.227240639573521	-0.301932780574716	0.499585531037086	0.499585531037086
others	0.234309857824098	0.234309857824098	0.0963382458680387	0.499585531037086	0.499585531037086
Prevotella_2	0.236235106385987	0.236235106385987	0.0593001569667915	0.499585531037086	0.499585531037086
CAG-352	0.236470484690887	0.236470484690887	0.428241214330365	0.499585531037086	0.499585531037086
GCA-900066575	0.241113525062214	0.241113525062214	-0.226679332947011	0.499985370899646	0.499985370899646
Prevotella_7	0.244176054922103	0.244176054922103	0.430742795893089	0.499985370899646	0.499985370899646
Oscillospira	0.246659449643825	0.246659449643825	-0.30808487012782	0.499985370899646	0.499985370899646
Hydrogenoanaerobacterium	0.254150607075512	0.254150607075512	0.24308498243595	0.502137071230158	0.502137071230159
Lachnospiraceae_UCG-010	0.256735679283068	0.256735679283068	0.289077695075798	0.502137071230158	0.502137071230159
Flavonifractor	0.257763696564815	0.257763696564815	-0.321877987634364	0.502137071230158	0.502137071230159
Lachnospiraceae_UCG-008	0.261636820673231	0.261636820673231	0.23425056008013	0.503147732063906	0.503147732063906
Christensenellaceae_R-7_group	0.285930562201165	0.285930562201165	-0.244330909756197	0.542906130761705	0.542906130761705
Solobacterium	0.29071305685681	0.29071305685681	0.1979771237277	0.545086981606518	0.545086981606518
Ruminococcaceae_UCG-002	0.295353463362707	0.295353463362707	0.145301915421392	0.546950858079087	0.546950858079087
Succinatimonas	0.308066567719255	0.308066567719255	0.187746875359283	0.557874344470009	0.557874344470009
Ruminococcaceae_UCG-009	0.309587508371383	0.309587508371383	-0.177129768090758	0.557874344470009	0.557874344470009
Family_XIII_UCG-001	0.312409632903205	0.312409632903205	-0.223985206438458	0.557874344470009	0.557874344470009
Tyzzerella_3	0.319152997567254	0.319152997567254	-0.264670160659148	0.563211172177507	0.563211172177507
IheB3-7	0.327826011973929	0.327826011973929	-0.166350797110153	0.571789555768481	0.571789555768482
Sutterella	0.344927763083013	0.344927763083013	0.481260065668223	0.592112679392641	0.592112679392641
Romboutsia	0.347722701112659	0.347722701112659	-0.0705632984312925	0.592112679392641	0.592112679392641
Ruminococcus_2	0.356222884593979	0.356222884593979	0.323580214133428	0.592112679392641	0.592112679392641
Acetanaerobacterium	0.357157778026448	0.357157778026448	0.10302348971152	0.592112679392641	0.592112679392641
Anaerofilum	0.359215025498202	0.359215025498202	-0.120631254284297	0.592112679392641	0.592112679392641
Dialister	0.371282497245236	0.371282497245236	0.344807615686599	0.600149630118515	0.600149630118515
Senegalimassilia	0.374053099512686	0.374053099512686	-0.224924463270418	0.600149630118515	0.600149630118515
Bifidobacterium	0.376093768207603	0.376093768207603	-0.312523471533688	0.600149630118515	0.600149630118515
Bacteroides	0.38315058172609	0.38315058172609	-0.0438323320075634	0.603260474790993	0.603260474790993
Prevotella_9	0.390020980743524	0.390020980743524	0.387782027725581	0.603260474790993	0.603260474790993
Ruminococcaceae_UCG-008	0.393038807464726	0.393038807464726	-0.135980529921611	0.603260474790993	0.603260474790993
Mailhella	0.398535442664986	0.398535442664986	0.194373684515633	0.603260474790993	0.603260474790993
Coprococcus_2	0.40581422326452	0.40581422326452	-0.25171542132045	0.603260474790993	0.603260474790993
Butyrivibrio	0.4067240787697	0.4067240787697	-0.105740463700133	0.603260474790993	0.603260474790993
Lachnospiraceae_ND3007_group	0.406911583367178	0.406911583367178	0.238859027661271	0.603260474790993	0.603260474790993
Ralstonia	0.410217122857875	0.410217122857875	-0.142138390417345	0.603260474790993	0.603260474790993
Haemophilus	0.419007398126566	0.419007398126566	0.347485277314665	0.610204948728009	0.610204948728009
Barnesiella	0.437076041195844	0.437076041195844	0.285128147936193	0.630116735862007	0.630116735862007
Lachnospiraceae_AC2044_group	0.443009527769953	0.443009527769953	0.195306664742475	0.630116735862007	0.630116735862007
Coprococcus_3	0.445282493342485	0.445282493342485	-0.218012157199671	0.630116735862007	0.630116735862007
Prevotellaceae_NK3B31_group	0.464789093666905	0.464789093666905	0.082118425969809	0.647100688341879	0.647100688341879
Erysipelotrichaceae_UCG-006	0.465912495606153	0.465912495606153	0.135473787788146	0.647100688341879	0.647100688341879
Lactococcus	0.470800294795421	0.470800294795421	0.124524103394049	0.647890313938653	0.647890313938653
Agathobacter	0.490687037318549	0.490687037318549	0.241601282348335	0.66444610289703	0.66444610289703
Streptococcus	0.491690116143802	0.491690116143802	0.189876819809956	0.66444610289703	0.66444610289703
Caproiciproducens	0.541053839441736	0.541053839441736	0.0895382245682708	0.724625677823753	0.724625677823753
Odoribacter	0.562571207327734	0.562571207327734	0.0649776625632008	0.743844924281364	0.743844924281364
CAG-56	0.565322142453837	0.565322142453837	0.216329861641465	0.743844924281364	0.743844924281364
Olsenella	0.570325132351438	0.570325132351438	0.116166195436071	0.743902346545354	0.743902346545354
Family_XIII_AD3011_group	0.587648484138835	0.587648484138835	-0.0923696902602207	0.750277973629409	0.750277973629409
Ruminococcaceae_UCG-005	0.588052017309524	0.588052017309524	-0.14292953323728	0.750277973629409	0.750277973629409
Phascolarctobacterium	0.590218672588468	0.590218672588468	0.186371043660011	0.750277973629409	0.750277973629409
Fusicatenibacter	0.601482266361939	0.601482266361939	-0.15238056334315	0.753265089479864	0.753265089479864
Prevotella_6	0.605051388242154	0.605051388242154	0.0785776897623535	0.753265089479864	0.753265089479864
Alistipes	0.611311598485999	0.611311598485999	-0.0818763854172402	0.753265089479864	0.753265089479864
Clostridium_sensu_stricto_1	0.61265560611029	0.61265560611029	-0.151726775919644	0.753265089479864	0.753265089479864
GCA-900066755	0.635484007352193	0.635484007352193	0.0452042767882687	0.774980496770968	0.774980496770968
Eisenbergiella	0.643459690861806	0.643459690861806	0.117219997257323	0.778378658300572	0.778378658300572
Corynebacterium	0.662087217751441	0.662087217751441	0.0548740565532166	0.794504661301729	0.794504661301729
Subdoligranulum	0.672199345408251	0.672199345408251	-0.134937046006514	0.800237315962204	0.800237315962204
Intestinibacter	0.684268502871036	0.684268502871036	0.115394066828237	0.808191145123271	0.808191145123271
Catenibacterium	0.695101954713065	0.695101954713065	-0.0809844996257094	0.814572603179373	0.814572603179373
Parasutterella	0.710383115935958	0.710383115935958	-0.131148440755791	0.8260268789953	0.8260268789953
Hungatella	0.725113680843274	0.725113680843274	0.0959403799712889	0.836669631742239	0.836669631742239
Peptococcus	0.73120435137572	0.73120435137572	-0.0554590094944445	0.83725689088823	0.83725689088823
Coprobacillus	0.754402284883997	0.754402284883997	0.0999851185364406	0.850155480565464	0.850155480565464
Erysipelotrichaceae_UCG-003	0.758922068996304	0.758922068996304	-0.0877547972748011	0.850155480565464	0.850155480565464
Dielma	0.759472229305148	0.759472229305148	0.0578116536924905	0.850155480565464	0.850155480565464
Lachnospiraceae_UCG-004	0.789817025143038	0.789817025143038	0.086072355247036	0.877574472381153	0.877574472381153
Rikenellaceae_RC9_gut_group	0.824009800086786	0.824009800086786	0.0256441318432996	0.908834338331015	0.908834338331015
Holdemanella	0.868322503207825	0.868322503207825	0.0576488326148973	0.950718069205647	0.950718069205647
Megasphaera	0.896851119044066	0.896851119044066	-0.0654754958158874	0.957467443106386	0.957467443106386
Ruminococcaceae_UCG-003	0.902098535226814	0.902098535226814	-0.0299629341562863	0.957467443106386	0.957467443106386
Ruminococcaceae_UCG-010	0.904952330308572	0.904952330308572	0.0369110732449382	0.957467443106386	0.957467443106386
Victivallis	0.909585683010748	0.909585683010748	-0.0319119488574012	0.957467443106386	0.957467443106386
Lachnospiraceae_FCS020_group	0.912089399898622	0.912089399898621	-0.0246020213409905	0.957467443106386	0.957467443106386
Ruminiclostridium_9	0.914343699468549	0.914343699468549	-0.0311860076889582	0.957467443106386	0.957467443106386
Thermoanaerobacterium	0.919168745382131	0.919168745382131	0.0112370767346434	0.957467443106386	0.957467443106386
Coprococcus_1	0.956487946584262	0.956487946584262	0.0115914127710004	0.986915563616446	0.986915563616446
Acidaminococcus	0.960597815253341	0.960597815253341	-0.0129162786341462	0.986915563616446	0.986915563616446
Lachnospiraceae_NK4A136_group	0.969651651569896	0.969651651569896	-0.0113424652733823	0.989130795880409	0.989130795880409
Parabacteroides	0.979827670878822	0.979827670878822	-0.00256981303285923	0.989130795880409	0.989130795880409
Erysipelatoclostridium	0.98253659057454	0.98253659057454	-0.00493230210724524	0.989130795880409	0.989130795880409
Lachnospira	0.993737068000319	0.993737068000319	0.00258199780242779	0.993737068000319	0.993737068000319
