"CV_rep1"	"CV_rep2"	"CV_rep3"	"CV_rep4"	"CV_rep5"	"CV_rep6"	"CV_rep7"	"CV_rep8"	"CV_rep9"	"CV_rep10"
"SAMPLE-1"	0.994724041320494	0.807846273253466	0.991837038822755	0.99853561133357	0.974189271863208	0.765733376404358	0.996179551439837	0.989760097718224	0.987082385274981	0.994192562787944
"SAMPLE-2"	0.114857221859943	0.0630758032994016	0.0562272834568009	0.445781820934992	0.0774041742442789	0.0465165057455091	0.0240733327689872	0.0359437273162416	0.017032409086327	0.024743828177377
"SAMPLE-3"	0.992828196519134	0.907388507784464	0.986015997661207	0.957473840251687	0.986699797908815	0.9815227529215	0.993287576634113	0.95034583978008	0.99687090314422	0.99704654408709
"SAMPLE-4"	0.994310191676973	0.959098914545759	0.996157859472445	0.936750533493041	0.989667926590864	0.986181399453587	0.987100221449709	0.995497158345158	0.797337323858803	0.786656014275759
"SAMPLE-5"	0.784045636380945	0.589841544800294	0.251818775891786	0.850687352147213	0.131261076438659	0.844305009732353	0.175648883694885	0.70455854535174	0.628061640164641	0.681643036788894
"SAMPLE-6"	0.984906013695402	0.724291612868914	0.963349964500327	0.919136453250963	0.974670984288777	0.973985970409222	0.95653515383672	0.816962264456627	0.983814282419545	0.981072414521871
"SAMPLE-7"	0.935769182601522	0.995419527115866	0.985400577552543	0.983248879861452	0.929926364321084	0.96822613255864	0.989952251369967	0.953032448928771	0.99713537145624	0.983850820627415
"SAMPLE-8"	0.0417186326650664	0.0456323949322731	0.136518965256522	0.193627122551371	0.0101546231270739	0.0176740797035705	0.107457145495172	0.0120407668174087	0.110356246976571	0.0105666762964723
"SAMPLE-9"	0.336223714224948	0.66176143953528	0.616705762891051	0.860732132069054	0.808769149807662	0.736944049436292	0.758373657623242	0.518904770210129	0.435152151275	0.804618092201955
"SAMPLE-10"	0.511687333760085	0.254699044965523	0.219993010035948	0.181437065270129	0.426460964860207	0.173307273559994	0.276242370884877	0.143882765576564	0.506739172987955	0.189059432856439
"SAMPLE-11"	0.991356098203357	0.991081625865744	0.941786617288731	0.971828773920882	0.958973888548801	0.981755691609079	0.979759460210609	0.863707793974378	0.988282685621026	0.991924641937463
"SAMPLE-12"	0.0293607432720702	0.0177346028031109	0.00743900436789285	0.0237490564263332	0.269351193066271	0.0966897488822578	0.0362509979258517	0.0569233668301223	0.0111918062016848	0.0850983273154347
"SAMPLE-13"	0.999790521454948	0.999732803494065	0.995700297149329	0.999818666535673	0.989993032814092	0.997097445112676	0.999776371570482	0.99972377096173	0.992200137272722	0.99955216463091
"SAMPLE-14"	0.0454913038663084	0.0266335337090011	0.0177309738882071	0.0109304421334431	0.0176338241577325	0.018830301161053	0.0229328209971072	0.0370897694134909	0.00696256563315408	0.016813657940438
"SAMPLE-15"	0.162259876808406	0.0853087815384332	0.126284704420664	0.038371217243497	0.0646975065108799	0.0523582005168983	0.0692562254606271	0.050918200719252	0.107438957586559	0.114441395837315
"SAMPLE-16"	0.965971082067987	0.989282430341333	0.993395207170046	0.989200855854277	0.995407557602157	0.992707051942372	0.995387799870908	0.992215422628507	0.965604463689812	0.983622397232262
"SAMPLE-17"	0.999905579200272	0.999699700552618	0.999795780759404	0.968646890128643	0.988472427719256	0.999271776752406	0.999423256792565	0.937609444302566	0.999816124883066	0.999458574621517
"SAMPLE-18"	0.048039130687837	0.14692165810392	0.244675523985765	0.129789946448296	0.184249275635368	0.0981243226589553	0.0306774296514137	0.0631780292092316	0.044329716750453	0.11822413160075
"SAMPLE-19"	0.985758104757636	0.991087325883292	0.960179362157059	0.963724560449021	0.949591877093554	0.983769549736119	0.973929526455864	0.983366071136183	0.995206346041646	0.959121199645763
"SAMPLE-20"	0.957208636788943	0.960119985212976	0.974544825987108	0.889520539251149	0.941475385889152	0.966601980574403	0.946788789979164	0.952051077215218	0.959342688450002	0.902542024190407
"SAMPLE-21"	0.754290857863233	0.723699120502165	0.144687914668558	0.188360337477969	0.458793996160446	0.254782888707899	0.636223037474092	0.143357400950396	0.269789415273409	0.211632882534979
"SAMPLE-22"	0.995259446561027	0.904136288954898	0.983657388796727	0.986149982838304	0.970306930598813	0.989643005864073	0.950177491568532	0.978461019224178	0.982639896337975	0.995458504227381
"SAMPLE-23"	0.118419443563037	0.0253174934398776	0.0171943593573454	0.0138870431669126	0.00540523042437309	0.0125439967281521	0.0967651101065853	0.045383728870802	0.0547997260655456	0.0488770396023121
"SAMPLE-24"	0.0210008920367434	0.0139337965664977	0.00901395817858063	0.00673317330591988	0.00793089167259174	0.0740686526578226	0.0100132693053765	0.0898233287454219	0.0222579778270155	0.0110705005022115
"SAMPLE-25"	0.126344765850454	0.287462543924341	0.168900058660634	0.0964509483666918	0.291836543880181	0.175102322363294	0.0453145391319475	0.423994886514085	0.0330689528373933	0.0543718003540463
"SAMPLE-26"	0.997290946348225	0.994739937917686	0.994306468250326	0.997512771409031	0.970901716117442	0.992197230858526	0.996613183679968	0.9931548211586	0.990547309510378	0.994112118438282
"SAMPLE-27"	0.869440249308647	0.930332916731545	0.939213537954691	0.937345695173128	0.653551469743909	0.840849638701822	0.995719297351445	0.918262209527908	0.933272248451323	0.639797896098613
"SAMPLE-28"	0.628379914535618	0.834590106986733	0.88738725220051	0.749594291968662	0.921283422280431	0.806957629972955	0.925616874281706	0.8569230967768	0.98416979541429	0.984047558573094
"SAMPLE-29"	0.999392776137643	0.930250427277394	0.871581298432203	0.987339421732837	0.910549601188027	0.919178203652145	0.996292506622562	0.8827569253658	0.983769965136883	0.980287578103734
"SAMPLE-30"	0.0504034563060483	0.3147072848602	0.0947167729966845	0.115248061402527	0.388119374578199	0.0224713712400387	0.276386761774804	0.0438831554148361	0.371653267274268	0.046661864888749
"SAMPLE-31"	0.000788800248980766	0.0971987165675636	0.0486415688329992	0.0104717251905242	0.0762130333590141	0.00399168565222363	0.00489580012076251	0.00678308491059499	0.0196704737513274	0.00970687155683446
"SAMPLE-32"	0.99919443721049	0.999366251427701	0.994461637217022	0.999043058011437	0.999690815321693	0.999012815878002	0.991605420434867	0.998801398907734	0.99978966831648	0.995105145743858
"SAMPLE-33"	0.0264448561732174	0.0335487045514023	0.0768098713418848	0.0196042670705754	0.0270063633187933	0.0378483076850549	0.0962001597867442	0.0637812970300413	0.0738943164726609	0.0323680678863967
"SAMPLE-34"	0.0390316255377246	0.0636066901609287	0.0485666350067655	0.0509668815573371	0.0899364198498866	0.0446587557681211	0.0187740724413104	0.0504135692074121	0.0208993220697257	0.0142586552370155
"SAMPLE-35"	0.677013807351035	0.960095355347841	0.221892972643074	0.798716421291956	0.297805285211715	0.882506367437777	0.651406373196997	0.723123393560401	0.882715680980925	0.729458092229052
"SAMPLE-36"	0.0610910160737988	0.0305615165260214	0.0238591981026958	0.0708619133382732	0.0686882733827388	0.142324144968843	0.0253341060575655	0.0413600353318553	0.0524732027243189	0.0198955298284844
"SAMPLE-37"	0.511175674051731	0.681814842926041	0.735651148473751	0.16950212309234	0.572002704465396	0.249303987380859	0.576783274735159	0.74806365592253	0.587748808837541	0.113367985537183
"SAMPLE-38"	0.0770458367738923	0.0344510574257101	0.0289236300671531	0.13288292634322	0.010215422695573	0.0339931239243448	0.0773177518150298	0.0182396243996876	0.151771600313879	0.286122189797197
"SAMPLE-39"	0.975443424784032	0.997770226394604	0.998765764368777	0.999207795314329	0.996077364032908	0.999426119584258	0.999635199114077	0.974132037144959	0.99315483553517	0.998960719566645
"SAMPLE-40"	0.0490385063292724	0.0257265938738798	0.0558140421915668	0.0287267366256044	0.0157255742942104	0.00564393369247916	0.0482390109996741	0.0435771766064571	0.0175602285633341	0.0553973926448778
"SAMPLE-41"	0.00112014898688954	0.00143600981155667	0.000875404045824578	0.000612366362074059	0.00144918385759177	0.00121357502590513	0.000546843961547687	0.00064035974071796	0.00055147795197592	0.00034984696412417
"SAMPLE-42"	0.207989904965413	0.204676718581734	0.348251865606549	0.110920493062272	0.0608059317917868	0.41980663186752	0.347584930628078	0.619237795312241	0.151720431489201	0.234178943593058
"SAMPLE-43"	0.0514579207431392	0.0476866773032916	0.135017353549055	0.0294655567850051	0.100881196492693	0.0672915800490955	0.0549924680350611	0.0212210436432141	0.0469832886608673	0.0839253426689378
"SAMPLE-44"	0.999682516541717	0.998934230021554	0.999621302853633	0.999967556265381	0.985865186165228	0.998375319383941	0.999655043326765	0.99728282783288	0.99965358628369	0.999545064757815
"SAMPLE-45"	0.557998288099543	0.625934677011415	0.369159229899146	0.910005786964184	0.655141571964818	0.988414432101431	0.708704932939105	0.34950127076065	0.826804510410477	0.344941298976784
"SAMPLE-46"	0.157805477403921	0.529935243993864	0.418370124556034	0.44321870578028	0.504022800060609	0.454860742547219	0.664258599147149	0.166602452279627	0.483951441922292	0.568875161428752
"SAMPLE-47"	0.0495213130378341	0.0273191655888782	0.0297256275357306	0.38336473644284	0.141841104505887	0.123042231784271	0.0802374915245006	0.0213401102235872	0.0974148161688453	0.027655089207816
"SAMPLE-48"	0.561667714890046	0.757068701409217	0.604876388069995	0.467705143579996	0.451180079835099	0.783524471848263	0.753240979424307	0.450341687207271	0.838430244584731	0.751746226549288
"SAMPLE-49"	0.0698241215724312	0.00401608148569679	0.089601702823439	0.0311960263225853	0.0778086266702335	0.00667588896218008	0.222102906384787	0.0451322887383685	0.0304866975917868	0.0958652566524502
"SAMPLE-50"	0.792612342479171	0.731715556269188	0.706312233613275	0.285138207644506	0.703185651834868	0.558758962091365	0.395555051330079	0.542795044227242	0.874669943260727	0.956769085890202
"SAMPLE-51"	0.983638555096043	0.98539099802861	0.968132439051014	0.973383588789827	0.883332963018112	0.998107751904074	0.953560808156964	0.993635637177701	0.980423960864376	0.965119661609691
"SAMPLE-52"	0.0258913590938694	0.0784980065370594	0.115442685662561	0.0563496468057647	0.0147372464712488	0.0156820190947063	0.0171368152344374	0.0268402740399491	0.0198332933226683	0.012136821102438
"SAMPLE-53"	0.0656155627712482	0.0462047000978596	0.0792856983396504	0.16567066523056	0.0156832943195301	0.629938564772903	0.0308293531119841	0.0207843051890796	0.0526435216623584	0.144337017830919
"SAMPLE-54"	0.0336200627418272	0.0477311613394326	0.0243817036234921	0.0229225054385253	0.0195076387384088	0.0103811943572747	0.0178394597288031	0.000514170075568181	0.00733230923777759	0.0429024204355607
"SAMPLE-55"	0.000391804192843532	6.13934382445279e-05	9.55491157335376e-05	0.0067377945171445	3.46844082697247e-05	7.98768391870947e-05	0.000172996260382347	0.00624541454575026	0.000402334032849824	0.00654650045294267
"SAMPLE-56"	0.998948376292974	0.998846285547974	0.997554043975966	0.999815553831264	0.996488817195893	0.997746543551329	0.998873298079291	0.998257320916132	0.999305802211723	0.999347914294743
"SAMPLE-57"	0.722268856423845	0.633454752397965	0.494481292348389	0.807376260836536	0.893509280320014	0.151837900179706	0.920517991313467	0.981968600039076	0.397499134535243	0.504806128291002
"SAMPLE-58"	0.942573492782278	0.901717009606661	0.981237557312438	0.959415587924935	0.974829091939598	0.979780459418176	0.966273707924521	0.981953654918187	0.953503880901288	0.95975055213896
"SAMPLE-59"	0.0278168828797911	0.0853568006936632	0.0170316919029826	0.0216060984621334	0.0716349261836195	0.100959097147472	0.071960082298602	0.00866344695328417	0.0635710593599264	0.0101291858477079
"SAMPLE-60"	0.00299333619716855	0.0144610725682143	0.00749599275479584	0.00701251754163288	0.0072218122905229	0.00255336449650916	0.00566062350008222	0.00130522501737618	0.0100032408537415	0.00957714646612566
"SAMPLE-61"	0.732408341836292	0.908325147666746	0.973930414472627	0.940192294213717	0.782062223822189	0.888150081861985	0.952653267157765	0.900220568733207	0.828304960421744	0.546436413118652
"SRR5865065"	0.999369456043343	0.998305732558712	0.991943349373018	0.99846913636869	0.998456320366906	0.997140418814562	0.998438341034348	0.999681470874575	0.992862443596077	0.997238741420446
"SRR5865066"	0.832082529217293	0.978785566188998	0.960288557657696	0.879558556255144	0.987613014958009	0.952429872473207	0.915621573189872	0.990112723737528	0.990388825321294	0.927117650847432
"SRR5865067"	0.0294108881151678	0.0170216206385479	0.0143344587638637	0.0160894456466097	0.0125435235974158	0.0225633261963943	0.0162245283113856	0.141728936314687	0.0116776267841519	0.0359032764307708
"SRR5865068"	0.998663056931946	0.994517328165002	0.993956979443081	0.998782299481859	0.998300043739072	0.997318960584539	0.992970441026767	0.996584996434319	0.998108375552424	0.991427859720902
"SRR5865069"	0.268232428254094	0.465373726792426	0.35434329342795	0.543190792248521	0.484581441891772	0.312645716232583	0.0982336947438774	0.105694152650634	0.145789380064711	0.242297316819223
"SRR5865070"	0.100456572560708	0.119559628691757	0.0322369968408321	0.169786660102852	0.122605174343459	0.104230263754118	0.124096734482712	0.102896642782249	0.0496662268882227	0.125593756374894
"SRR5865071"	0.97708712266094	0.95907263253847	0.955558804951958	0.979725061290719	0.994525332389733	0.97900015847223	0.932975890244538	0.862918731009851	0.96309353175759	0.996228397351622
"SRR5865072"	0.0999980648171041	0.0718240964952256	0.0228185051304072	0.104354145517696	0.040050221994415	0.049463704581145	0.032915581674227	0.0222086693290386	0.0344275448483263	0.0304495044800359
"SRR5865073"	0.262629152126227	0.889277098763991	0.427896251972357	0.899952382332428	0.745058095377783	0.702873641776191	0.260245550472678	0.620756859333449	0.88616502141476	0.346494244619961
"SRR5865074"	0.86803185543712	0.813306819916355	0.887989080891839	0.920556702136681	0.926292679625199	0.958007883622762	0.949617215850533	0.789158385223365	0.939960880150767	0.89737773079532
"SRR5865075"	0.534429206307102	0.247858186592378	0.388229826579768	0.388696076953743	0.536780200056648	0.391573979219714	0.215636357458466	0.515253224031986	0.35310394890325	0.250164216157034
"SRR5865077"	0.0896460589762981	0.056624552454099	0.0598731201534687	0.0177914390039655	0.0104442611280839	0.0313768099768481	0.0219317514310717	0.0619517013044294	0.0160343145112288	0.0118979535232734
"SRR5865085"	0.918553447856384	0.888643079607593	0.530786890006887	0.934029672553262	0.592215705853428	0.838085808183541	0.516664299189239	0.920296915434985	0.536908652260887	0.929956459059007
"SRR5865086"	0.638707021709307	0.867895448476022	0.628657544572446	0.64954796796595	0.931878007979343	0.706221566262765	0.924401305142374	0.92401223127595	0.898314371320626	0.570359509624198
"SRR5865087"	0.95002839035507	0.892415698944634	0.803167615128186	0.789159198852496	0.86103837566154	0.801356116102339	0.803982821327122	0.770634311168743	0.941514752153339	0.813102020267204
"SRR5865096"	0.990391463282358	0.994803593836417	0.995582769611372	0.993865783002606	0.995164387715805	0.991196213398994	0.994289564320168	0.999306353107674	0.97926189686781	0.995052011902684
"SRR5865097"	0.835343711768512	0.882101307041247	0.930464830662069	0.818895865387479	0.942051215901634	0.875758358137562	0.667630210912737	0.884040252958497	0.867097036390072	0.964074910367911
"SRR5865098"	0.982574509207116	0.983747970904106	0.990288830967918	0.960386121582185	0.930818308844713	0.952676221738334	0.980527126876197	0.971009393138576	0.977016141417986	0.963681594029332
"SRR5865110"	0.0591064921212225	0.0197907027954778	0.0364813999976208	0.196292930887828	0.309590935382495	0.103228530871033	0.176479862942564	0.129371281073751	0.144923374748696	0.0821905832904093
"SRR5865111"	0.422588204822629	0.142292729635751	0.311751863776319	0.181958004756159	0.112687899799397	0.13133614248943	0.578199857590318	0.634149430094837	0.228737725558065	0.267325300492929
"SRR5865112"	0.996509505319208	0.980856796308741	0.983254035437468	0.959511898789089	0.992383779052062	0.945714646703786	0.992243916831212	0.989845296591317	0.990518328093614	0.968075055896157
"SRR5865114"	0.0807409598037568	0.0013913407343638	0.283710870830244	0.0263830348659417	0.00530335014264711	0.00780231916163682	0.00078737326637014	0.175783689601814	0.0110863167132767	0.0492313495761787
"SRR5865115"	0.996002673271856	0.923128295761928	0.895011377261858	0.94025234071089	0.859395588718524	0.956117021676312	0.868486682714157	0.896488163966606	0.898318841580446	0.938491873796129
"SRR5865116"	0.999118691398814	0.999083843835129	0.996048345925017	0.999831000194098	0.99905252681398	0.999703336275688	0.992030796160435	0.999734307588145	0.995072009438956	0.994275658932135
"SRR5865120"	0.103701342041451	0.0188702235108937	0.161459254202921	0.0268169398498609	0.0964338216254243	0.0898347756609387	0.336976740694427	0.0228050846775127	0.0762090155946949	0.195937332593553
"SRR5865121"	0.0866353375263648	0.0853428098177565	0.0373624659745619	0.0768388231912236	0.108319173187317	0.0761875228669583	0.0806011706004318	0.0698193452749914	0.0557612385873542	0.125657741795662
"SRR5865122"	0.91160979289883	0.889489368698415	0.952324042116503	0.838654737408086	0.959613215592676	0.929267548871425	0.853938403252275	0.94150315264169	0.868014756334733	0.861642002839311
"SRR5865123"	0.751072283054202	0.848670902709452	0.881270222945313	0.625672778729471	0.896435480109438	0.736440697738653	0.552425027419001	0.75710236278362	0.621385538493106	0.788679493142967
"SRR5865124"	0.0162989709508461	0.00647289703569951	0.00063153379741353	0.000818334451686639	0.00589018095909322	0.0487682978332781	0.0194517702093406	0.00110616358251145	0.00391534504322909	0.00300251109272287
"SRR5865125"	0.939948723361694	0.906918107050566	0.991311525631329	0.98893842930515	0.948862789471352	0.971620121574758	0.992561624032668	0.995282355344826	0.91857306468415	0.987517115592503
"SRR5865126"	0.978243414665558	0.973359612001709	0.98457286713492	0.795411206098267	0.972565584499937	0.968231128940436	0.914016159714018	0.958665808742731	0.992428678769353	0.962285801167781
"SRR5865127"	0.290573276881618	0.454417930938866	0.627557447356056	0.611531607870507	0.18618152952472	0.934967306634416	0.882827653747808	0.823281915040284	0.655941285887943	0.909145784243483
"SRR5865128"	0.011568613315293	0.0280799200116414	0.00477805235997472	0.0393529160223216	0.0123575525566274	0.0298790217316245	0.122497490232772	0.115531108563603	0.0202907858801189	0.0289083233038012
"SRR5865129"	0.307755796466759	0.120939312723755	0.0640201046423955	0.214107605248288	0.165796512596068	0.108902487766858	0.331272834013571	0.368743978823119	0.21681423980694	0.161572004896339
"SRR5865130"	0.100871739701945	0.0708290116558254	0.0383284692529609	0.218307642669438	0.101778617224871	0.07384427681111	0.0732205183873913	0.160868210894795	0.0743492946321586	0.11735891529697
"SRR5865078"	0.967680812387816	0.976183122952502	0.888496240219336	0.92846969880293	0.932020524277133	0.942832243840252	0.978348111559951	0.963565985851577	0.935056868634843	0.972011201229477
"SRR5865079"	0.997566451287532	0.977541471098765	0.996939827719319	0.995088808439693	0.966653604045941	0.95905639018973	0.958375742621402	0.994071761399461	0.993027665140484	0.852406497304605
"SRR5865080"	0.797193507565639	0.62913227972938	0.810098748481329	0.89409579682331	0.493791436980334	0.723729245140908	0.827474585893509	0.743093161355366	0.668285459554326	0.482615933273995
"SRR5865081"	0.000857960131957343	0.00615257398201776	0.00301570386897027	0.00183766013925466	0.00256422151174963	0.00362470968406362	0.00446008646461287	0.00101069576967412	0.0148840847544357	0.008134076110512
"SRR5865082"	0.998971679316225	0.997178879590325	0.989267137927027	0.998577675762203	0.987162160033413	0.998752083930725	0.995048334259589	0.99245361852342	0.995042713206115	0.992272136009647
"SRR5865083"	0.926860780846387	0.967049738458658	0.879679065578732	0.954687154742871	0.929198879327736	0.945670817432199	0.920719328996953	0.903036431058063	0.921100630282834	0.888480481248928
"SRR5865084"	0.604546327103856	0.608761702343154	0.407334727301969	0.871409519206497	0.64419263076475	0.601091414830246	0.436421328410811	0.688505975731792	0.344767162886967	0.597932297632212
"SRR5865088"	0.64819523336705	0.58504522911395	0.434187611493854	0.609782077997916	0.43497074034252	0.751263320467764	0.51493428842232	0.676707086535821	0.531766841453278	0.415262245089734
"SRR5865090"	0.878058825811687	0.877232438735137	0.838264198089145	0.866113232138165	0.87045677267462	0.79831958906876	0.779085704609621	0.892618376804063	0.826665651801965	0.840441490178577
"SRR5865091"	0.897858641296278	0.701839446109762	0.956698500651002	0.710017850382854	0.917290904405904	0.910384145802775	0.894104547034981	0.782402623760843	0.909297014753339	0.844727761314287
"SRR5865092"	0.996442450702899	0.997947392638588	0.99530681078858	0.993864826478553	0.994294500673449	0.999307897359761	0.971929150069106	0.997002596953123	0.996996356576861	0.988570218069319
"SRR5865093"	0.982909059506621	0.966942729791095	0.981190427916814	0.989771730517999	0.98714987508363	0.977504951131832	0.965766567400549	0.995854902927635	0.991972536012395	0.996632920149038
"SRR5865094"	0.987244562207813	0.975845314421395	0.95192558448615	0.97304134120627	0.964709368122017	0.949521300515216	0.937732750717514	0.974702639792665	0.913373300512548	0.960527451361054
"SRR5865095"	0.883789608305536	0.943458108043475	0.992592563588441	0.967998329007374	0.986839130506201	0.981079243197421	0.967439018214217	0.945887066981717	0.988294716719735	0.992652312925464
"SRR5865099"	0.806007906488272	0.80746912937609	0.940231752384625	0.890162281825467	0.911708018127219	0.907148354310275	0.79612313327332	0.825754058737041	0.916338230172187	0.912047156037094
"SRR5865100"	0.966065912733162	0.74103873463948	0.975469350680834	0.46968032447198	0.972400422798342	0.586844907740852	0.322344987009883	0.63906558362037	0.919325324412611	0.585215255738317
"SRR5865101"	0.85463339946959	0.97476710749926	0.861779985759278	0.949580222882311	0.968324453328009	0.961240127665137	0.962691576388674	0.813789207913015	0.953058159467958	0.947551425012508
"SRR5865102"	0.120317343873089	0.0362522103596599	0.0452844086135506	0.0449895222171176	0.0343208131601734	0.0368366276469126	0.0198674781332413	0.0838606643548196	0.0795338982337264	0.0256180469369263
"SRR5865103"	0.516918978107955	0.405126894387032	0.381141361888246	0.805889104368541	0.429303510672535	0.342035309023095	0.593021382599858	0.26053666162513	0.508477374008996	0.953254152220986
"SRR5865104"	0.989722234214494	0.992826103222258	0.931729281625535	0.984238125589002	0.972375042094692	0.985216261711711	0.975938535620013	0.972300177654907	0.986714135298841	0.991561727033708
"SRR5865105"	0.147790426231878	0.091488440552052	0.184608649046123	0.0750398707551139	0.188352395187097	0.0854894027253165	0.148261403729042	0.0908024760017646	0.149653161250807	0.110743437730869
"SRR5865107"	0.988366678075766	0.983566427730557	0.986607523852208	0.98852033821054	0.996320448419159	0.995002537379385	0.876606686437355	0.98920219648507	0.963132645532679	0.900240872799015
"SRR5865108"	0.982404242468483	0.985304271031752	0.98313284913953	0.950171037862275	0.98828579844304	0.994074865962714	0.979338835476778	0.97335651921345	0.993526088834041	0.94592305300055
"SRR5865109"	0.965806391220372	0.88845560811362	0.949846936026131	0.926693950514006	0.889408682583058	0.903255813675076	0.954498287907298	0.959429009583414	0.955579085511088	0.937754947885828
"SRR5865117"	0.287769141521498	0.218166022699792	0.306010886308527	0.315946189676757	0.382303022114395	0.254090774052248	0.163705536347913	0.36630788250834	0.333545197230801	0.296601468921297
"SRR5865118"	0.973862775536527	0.841367444399615	0.893898485779733	0.951711020029999	0.774482083239885	0.800509334693616	0.864310407362711	0.963693599412868	0.942503642780729	0.894559499466127
"SRR5865119"	0.762269365754058	0.667518493953873	0.43690900141653	0.383886810357117	0.549306013181005	0.328933551588881	0.911877967052244	0.736786802052677	0.682860649621996	0.470031838331405
"SRR5865131"	0.798163059486345	0.825054916985366	0.826066785663361	0.862538678267183	0.873160907609147	0.675332507062013	0.572002549148574	0.731881416515722	0.916222612753609	0.729004951295513
"SRR5865132"	0.977442385173291	0.956290255349758	0.9952177484529	0.995026606440947	0.967410969662633	0.985370772252939	0.991196608469478	0.997939402903603	0.990584293605331	0.980635485538731
"SRR5865133"	0.294627594046965	0.0996763286308306	0.241716741398038	0.323643401952561	0.185750446881099	0.0656108224643138	0.110098874076624	0.27720866567575	0.330216664586795	0.268832870472137
"SRR5865134"	0.676156734614947	0.860318664511817	0.928223392108627	0.792526877560923	0.640698676467906	0.851432910786894	0.547504095724527	0.631196287051379	0.91306808886593	0.490118330695704
"SRR5865135"	0.0568872801931073	0.131629881287417	0.0361799338206049	0.015111905195564	0.0367731369675719	0.0184343277359004	0.102942840291602	0.0252498945521773	0.143866656806417	0.0191171637929266
"SRR11292125"	0.77318189250995	0.861831696413783	0.93430261061572	0.968934608201729	0.993494352663305	0.908639846087837	0.993596859166741	0.943100061569286	0.826927069998312	0.960145858497425
"SRR11292126"	0.872935151841706	0.997890955691713	0.99464267687274	0.988197150975199	0.98137692159634	0.994868719064893	0.921122134225469	0.998725394812403	0.995493075365412	0.990421834967262
"SRR11292127"	0.472681089816312	0.157902583193547	0.101174417377933	0.246725253520834	0.0913202554646339	0.119110745431402	0.247435425180545	0.182658897765369	0.19020779930726	0.564671620577501
"SRR11292131"	0.984788128515944	0.9754703187924	0.991773971997283	0.997614064051058	0.971710478229852	0.95114354615934	0.970336189061409	0.995748419799924	0.933368772129096	0.98921988132403
"SRR11292132"	0.00661877477580749	0.00503121089758991	0.00829702328557479	0.00135011832169186	0.00570189690112905	0.0128531395451705	0.00500882562848018	0.00442474543184268	0.00606672873424524	0.00538149445877973
"SRR11292136"	0.0376828795386994	0.14976474375147	0.0537697121076091	0.31393066606122	0.0255923007728716	0.100860751214949	0.0282278622435288	0.0707432840390108	0.0641062631820436	0.0479932231825407
"SRR11292137"	0.637625285644	0.879480524311947	0.965832754633629	0.453439765316389	0.778659664184157	0.702932191263378	0.902079886620534	0.860408100351654	0.791436033499484	0.89144180815458
"SRR11292138"	0.556681887993725	0.632986172653724	0.745452798860065	0.648227305029592	0.584738359216617	0.613338917290623	0.548599907591539	0.00403881020127822	0.623758360187968	0.590438159382616
"SRR11292140"	0.214121836797649	0.146441589095376	0.194524659704317	0.15632864198365	0.131959786454408	0.135069241211134	0.253258175545117	0.0889619783070549	0.646994104598998	0.229122080834786
"SRR11292141"	0.838220306148345	0.71203396591014	0.495605807761736	0.770737188647146	0.77081589121742	0.925177922635611	0.528886331205654	0.593280478784071	0.48210320344079	0.468926980564665
"SRR11292142"	0.481909807431363	0.435929449463749	0.404915747602766	0.422431587144	0.722335374498138	0.363252482389823	0.442546203767983	0.101082871691275	0.672923042404914	0.391197964682771
"SRR11292143"	0.298874924311568	0.161299326407708	0.633619687296306	0.380879181180785	0.224854224790564	0.44489151991902	0.418702560015461	0.690518742235666	0.132516567109965	0.58215914153041
"SRR11292144"	0.158243698605549	0.181395050897432	0.325320197213823	0.309353843066285	0.340968537103757	0.33004104364451	0.193741223108578	0.291942684381348	0.291905325513712	0.0612969570819833
"SRR11292145"	0.641787051946229	0.479488552799365	0.646429368413192	0.806183272622494	0.768181463074911	0.849113154982726	0.661517563782318	0.833889718369264	0.474560563167571	0.517049668700182
"SRR11292146"	0.932887663220036	0.958605141456261	0.941582683041342	0.958644092080308	0.894997215699252	0.972496978361617	0.991650494494201	0.920198438820967	0.795786059379077	0.917915511891148
"SRR11292147"	0.824320085176495	0.984274070041511	0.991006966668714	0.950836057643296	0.990569404573465	0.994741715323987	0.98363464895555	0.9920207020391	0.98217084389224	0.985945196521382
"SRR11292148"	0.92751128608631	0.938727616418641	0.987223612177844	0.927669469931417	0.959358164262397	0.883818110827558	0.988011261332424	0.97652051493489	0.977494700769913	0.838760110409936
"SRR11292129"	0.945159877071468	0.986995580390892	0.998397106032699	0.980442908075253	0.976505622465692	0.946525803285944	0.994080962367942	0.978047098076772	0.996552300015236	0.903525870487439
"SRR11292130"	0.989306067832302	0.985930636300216	0.998360640137684	0.950551878012622	0.998440073694978	0.963288042134256	0.97348798646828	0.991730291296655	0.99380727877861	0.99025354198037
"SRR11292133"	0.929160061746149	0.998395428687692	0.991009969764422	0.993158450730643	0.994920124610399	0.936986768988292	0.998031783733403	0.997858456973834	0.994092387873777	0.984801099028234
"SRR11292134"	0.0110693032568112	0.043559981393518	0.0118061049942823	0.0153767947250305	0.11560787083356	0.0455433526347583	0.0108958631105831	0.0866964200834019	0.033142940748317	0.0198331923727344
"SRR11292135"	0.024402372246522	0.0532151129534732	0.156579865949688	0.167486992571248	0.0508439757972316	0.105630255964888	0.0273282649488979	0.0450445237391333	0.0730548918724483	0.110131799433553
