"Model_1"	"Model_2"	"Model_3"	"Model_4"	"Model_5"	"Model_6"	"Model_7"	"Model_8"	"Model_9"	"Model_10"	"Model_11"	"Model_12"	"Model_13"	"Model_14"	"Model_15"	"Model_16"	"Model_17"	"Model_18"	"Model_19"	"Model_20"	"Model_21"	"Model_22"	"Model_23"	"Model_24"	"Model_25"	"Model_26"	"Model_27"	"Model_28"	"Model_29"	"Model_30"	"Model_31"	"Model_32"	"Model_33"	"Model_34"	"Model_35"	"Model_36"	"Model_37"	"Model_38"	"Model_39"	"Model_40"	"Model_41"	"Model_42"	"Model_43"	"Model_44"	"Model_45"	"Model_46"	"Model_47"	"Model_48"	"Model_49"	"Model_50"	"Model_51"	"Model_52"	"Model_53"	"Model_54"	"Model_55"	"Model_56"	"Model_57"	"Model_58"	"Model_59"	"Model_60"	"Model_61"	"Model_62"	"Model_63"	"Model_64"	"Model_65"	"Model_66"	"Model_67"	"Model_68"	"Model_69"	"Model_70"	"Model_71"	"Model_72"	"Model_73"	"Model_74"	"Model_75"	"Model_76"	"Model_77"	"Model_78"	"Model_79"	"Model_80"
"ERR1624539"	0.166840363654299	0.229924015512245	0.381105869236725	0.606644912903029	0.325358302978394	0.479191665747946	0.772239967910381	0.188762768344606	0.333727078112744	0.424426327244014	0.389477162849124	0.509327637636336	0.139285172474713	0.474919509463744	0.333818951086762	0.290681190347081	0.267749960153981	0.412194217004857	0.649102382589825	0.391488518201429	0.128948630427097	0.350661043950334	0.476026883509456	0.0681746371360427	0.255313840904243	0.46420410347666	0.204187154646992	0.336211608444502	0.344279065501015	0.190199090821876	0.526418582645153	0.460000933024416	0.250368858957183	0.364748772530542	0.0641933403395289	0.523804939044412	0.120589924927383	0.292956075877193	0.213250463953384	0.176667815060474	0.211850547040677	0.420400696035249	0.625286804682393	0.397782873903133	0.384003843442102	0.239227603019423	0.357912813563484	0.302926292180554	0.312654961692108	0.497860229214962	0.238852929469634	0.278142401597203	0.238852929469634	0.256969889202338	0.37699251259054	0.295147575210774	0.295147575210773	0.0717463262470586	0.334070056769277	0.291079670358608	0.341314378845665	0.2192605171279	0.301815414812784	0.283249642731862	0.458321186704203	0.150898357118942	0.249589486483974	0.337555521682715	0.329771729569668	0.306367483079571	0.4926115798181	0.301815414812784	0.365738237644781	0.303127607852457	0.135557120644822	0.279765123943062	0.259558664323101	0.382006155430778	0.306666121876643	0.208116805386054
"ERR1624542"	0.148191997950739	0.212521882103409	0.26213896863972	0.194554309442363	0.295850044366039	0.317184385538714	0.629569743946932	0.146294383842197	0.156010286779067	0.424426327244014	0.324380640515887	0.513585227453376	0.113812365540253	0.397908443536111	0.234058993631758	0.212998762548951	0.203648901072814	0.255084660378819	0.634353613364394	0.355636100583885	0.111058406818824	0.236556737962806	0.328630742484095	0.191172658951553	0.190643028815876	0.286611049722995	0.15214856929968	0.244251244976029	0.299434777024899	0.0644026507734378	0.400946441888539	0.321484613880764	0.179601461992678	0.21681105258432	0.0565935864830249	0.417557517369469	0.108226906253726	0.201636000032154	0.165452184538026	0.271286334070924	0.313709773732641	0.373653391495857	0.440591866456953	0.309525406289613	0.267007110223962	0.202984842710933	0.246481358298133	0.253285783212805	0.263864813472421	0.293054271590126	0.200342701976042	0.08473656937243	0.200342701976042	0.185178552623125	0.257361094925045	0.249849057140745	0.249849057140744	0.040741116224248	0.237843032219867	0.238644814512851	0.285873512097746	0.161488985131453	0.248404634370343	0.262009818763981	0.485376296383288	0.126645714196917	0.186126700527768	0.230595181432009	0.270551767865629	0.242796673743427	0.307704857767227	0.248404634370343	0.256947960221225	0.242134845948616	0.11463355973385	0.23860678611202	0.187358192641393	0.275502902582676	0.187957878261953	0.159095113501696
"ERR1624545"	0.199283423741534	0.229924015512247	0.422470843639717	0.571534485970395	0.226417848845786	0.524750007984071	0.748705510119607	0.161730084017718	0.438532123305329	0.424426327244014	0.330709493167483	0.660976029694967	0.139285172474713	0.635225669230936	0.367038437255139	0.314582951327144	0.648876814034356	0.631233286038774	0.816015670473819	0.404392797428114	0.168926771358635	0.405964760071377	0.524787991776392	0.21977458587714	0.255313840904243	0.41007568428346	0.204187154646992	0.538652755502903	0.344279065501015	0.526046951115074	0.50764344525469	0.309228647926561	0.119205286750037	0.172806152673632	0.268036817589011	0.505785434263849	0.175682442714948	0.263614455046428	0.213250463953384	0.472842938856708	0.442422713503587	0.420400696035249	0.506098601320473	0.336347491896328	0.496383284041878	0.209762412297847	0.38716667090678	0.246217634577707	0.310337550476804	0.700866824825885	0.266307394669383	0.386318759574714	0.266307394669383	0.259833958804739	0.381780219446727	0.295147575210774	0.295147575210773	0.298259712761955	0.404542627180553	0.325344580203188	0.619489455295848	0.19246967140635	0.467296503646114	0.283249642731862	0.767268121109813	0.0889398311707191	0.337616011982104	0.337555521682715	0.54585930958952	0.3188955117624	0.535232134880904	0.467296503646115	0.365738237644781	0.298842248561053	0.14943681810213	0.475102339401454	0.235337243038041	0.457480761135313	0.363876111954907	0.286929146658988
"ERR1624547"	0.26354900376349	0.289683326888862	0.3604586082181	0.553123481467779	0.325358302978394	0.399972359113027	0.814252486871904	0.183269664274837	0.357636094703918	0.424426327244014	0.330709493167483	0.581781118363008	0.182504880041456	0.574398561060008	0.394052681665722	0.328318338847978	0.393328966324721	0.344149078578186	0.65477183966095	0.432736450199618	0.133630893565964	0.429441446983897	0.524787991776392	0.230780797275604	0.255313840904243	0.583757924980486	0.204187154646992	0.496413644399747	0.344279065501015	0.505813471257221	0.596855008163486	0.478251503965275	0.285121010915841	0.387700322939265	0.252358042035399	0.551598903069602	0.263649126845006	0.297614549297231	0.213250463953384	0.397169511345939	0.428576112572833	0.420400696035249	0.662168930666023	0.389791719054675	0.422202907686469	0.243981652204613	0.420504495387104	0.302926292180554	0.312445748854547	0.472751801506061	0.266307394669383	0.322861614316471	0.266307394669383	0.299674666659745	0.377611211467078	0.295147575210774	0.295147575210773	0.300191086238877	0.497258469879919	0.325344580203188	0.379139464216182	0.278321001840771	0.321470530150747	0.283249642731862	0.767268121109813	0.261822914247878	0.337616011982104	0.359817263026983	0.355821164120076	0.340024386065816	0.641498458078425	0.321470530150748	0.365738237644781	0.311195722973594	0.243736831670458	0.302362635469287	0.272754495377478	0.394365567113976	0.363876111954907	0.314609225586634
"ERR1624549"	0.179807254220553	0.229924015512247	0.377654308333395	0.608987122356362	0.113826194611305	0.509485127102606	0.813373672469264	0.205223107435273	0.370900793924686	0.424426327244014	0.382924298671435	0.696576402370269	0.139285172474713	0.5668510389199	0.415853685444416	0.324881623665883	0.252470832499386	0.460384620592213	0.816439052104587	0.475733609904918	0.129816232942208	0.386701144427963	0.496329903655579	0.226858970923157	0.255313840904243	0.563850827359646	0.204187154646992	0.376175436752599	0.344279065501015	0.113580833906969	0.629015171621076	0.20957833468248	0.080865661429348	0.0446430527565755	0.0694171073709348	0.653313829295129	0.137750926801172	0.290456037082433	0.213250463953384	0.38040551186806	0.426909698483236	0.420400696035249	0.638923891431598	0.503542072714328	0.385903878420856	0.236684629444912	0.392885067201992	0.169425388048081	0.31424900505707	0.522958930190269	0.25004494581689	0.294331864488604	0.25004494581689	0.269282195111006	0.377108549085038	0.295147575210774	0.295147575210773	0.0529295194567384	0.38727082324465	0.305090459282177	0.278175089960239	0.231643430192937	0.305450590702342	0.283249642731862	0.690786241749594	0.0183805565864661	0.284337650504381	0.337555521682715	0.334585380734421	0.336926909685079	0.586721526253894	0.305450590702342	0.365738237644781	0.317724087207171	0.141200018648888	0.283925021062885	0.260138110741335	0.399131075186204	0.329895044691269	0.243172378534126
"ERR1624550"	0.287536969860359	0.275739420917717	0.264252823456558	0.373872153045395	0.291624040596499	0.291488806149502	0.664408553525043	0.190866021933101	0.318887853721152	0.53024717760683	0.293961195795622	0.303198114580168	0.243992123019728	0.459215224461482	0.26628014123829	0.239668348641738	0.309009852778355	0.302362285543649	0.269243711560379	0.288034206224488	0.348917949445382	0.270098230869997	0.338725617529942	0.139397747448397	0.236912117857076	0.433327417400532	0.264427796139166	0.344774431589517	0.293098610353576	0.321915701750653	0.384872170514192	0.41391449739498	0.340516867736454	0.246280856741833	0.234790077248259	0.358650467173897	0.250194225605731	0.365727922590009	0.251434696730028	0.284321302306616	0.315070454226092	0.465603498394768	0.481891855209844	0.268691468924194	0.302966227871607	0.363433961781563	0.279491399945585	0.299064099100271	0.286711080741725	0.428520894165583	0.286157351121583	0.269691112694188	0.286157351121583	0.322462802529744	0.369519206422801	0.298937389286107	0.298937389286107	0.301456869708561	0.449063247712314	0.310316439731881	0.311245882926954	0.336957618225108	0.305295346714308	0.379333192387032	0.585252482436363	0.242002258482916	0.296530023168548	0.371298984588709	0.318010524638203	0.269708191053721	0.470251843965063	0.305295346714308	0.364252464732723	0.246101070631187	0.249191944221804	0.302277120238427	0.300016109458029	0.300878244580016	0.299685190769334	0.29450735119733
"ERR1624552"	0.270322000521544	0.295836523527989	0.356368828420188	0.552505849724099	0.108280549629749	0.390145883339608	0.826367935117078	0.185434538439491	0.35310535271412	0.424426327244014	0.330709493167483	0.721204209881557	0.187125031189737	0.572316482535894	0.438007800169431	0.325555411071709	0.385014207012786	0.414304295321583	0.852266588575025	0.499704900767577	0.132567519596239	0.429189483228152	0.524787991776392	0.228968396305904	0.255313840904243	0.613578462867769	0.204187154646992	0.495000627903821	0.344279065501015	0.505137093353051	0.644835998857296	0.155489399802709	0.0451754163778059	0.0346889851654674	0.251845082427977	0.629825490536187	0.274203596096324	0.263614455046428	0.213250463953384	0.427613667114104	0.428115517217884	0.420400696035249	0.548762642262792	0.396710379199718	0.399620613459847	0.209762412297847	0.426487632214557	0.16495341459837	0.312024816532115	0.511013224738877	0.266307394669383	0.320836539005461	0.266307394669383	0.259833958804739	0.377472299034489	0.295147575210774	0.295147575210773	0.287016575980447	0.398484243614545	0.325344580203188	0.29507692264167	0.19246967140635	0.316999903406899	0.283249642731862	0.767268121109813	0.0344422248907694	0.337616011982104	0.361972676059099	0.349892412792852	0.335757417810221	0.659223298933608	0.316999903406899	0.365738237644781	0.313409987328669	0.254553172802158	0.29720068158907	0.235337243038041	0.383149422954042	0.363876111954907	0.268236934916721
"ERR1624553"	0.175194021475061	0.229924015512247	0.358210070254166	0.619963776720462	0.325358302978394	0.389982502853905	0.81001701217374	0.212803224076466	0.357326569491988	0.424426327244014	0.378156337549573	0.520808632497145	0.139285172474713	0.579477775276527	0.354034668293218	0.304908345467975	0.41391077829724	0.42984297458199	0.525158851702058	0.407357887456816	0.317682439360015	0.378769481171844	0.489238475701741	0.2217378411053	0.281168078095677	0.525774754581679	0.204187154646992	0.359046347423307	0.344279065501015	0.629886925405453	0.562304252691282	0.499291109637142	0.296654133002386	0.365593675077161	0.24762568379188	0.524739531822389	0.13321010408418	0.303990002589366	0.213250463953384	0.352755358617854	0.395636937670834	0.420400696035249	0.679801804782491	0.383453304863973	0.425523505750642	0.250520318388513	0.379884926450232	0.302926292180554	0.312939191735418	0.506453837483078	0.246099088089528	0.300875847079045	0.246099088089528	0.279027053005509	0.377950921762264	0.295147575210774	0.295147575210773	0.276591958950829	0.403590488628368	0.300157129363723	0.400575495949319	0.259054916008702	0.332538297077276	0.283249642731862	0.669709877689394	0.157507838214258	0.271882823111187	0.337555521682715	0.370500812593837	0.318649517240117	0.55207542673913	0.332538297077276	0.365738237644781	0.31695952238521	0.13920843774641	0.315193621851596	0.273834545612735	0.396748547815879	0.321684864480317	0.248502919296634
"ERR1624554"	0.271673243575178	0.247698627366398	0.397996164166709	0.619191574724542	0.325358302978394	0.548370547303594	0.824391439488576	0.199987789074112	0.581470181660886	0.583495054722911	0.378303452100708	0.612146992639924	0.30188670021642	0.685435543818464	0.411702376151406	0.299116828182372	0.395305634004591	0.739723636564202	0.73277730825563	0.401547424056536	0.561508826552774	0.321511753359009	0.491345324571489	0.214950534161522	0.399394081025408	0.584069110781028	0.441896056223616	0.430019755031769	0.344279065501015	0.626882951113476	0.542319380087456	0.468522175585652	0.255857300091236	0.442030310709503	0.425489166157557	0.551885565574367	0.176238161997045	0.547293773916339	0.391483171971654	0.413706180289962	0.440771530430166	0.572810471911653	0.514864976936507	0.340950035616543	0.421883080545357	0.444718879869501	0.364113235433819	0.393544185435644	0.359270816426136	0.841435684400266	0.375588709050598	0.404671776194879	0.375588709050598	0.419264418472955	0.60181216122662	0.3900393443889	0.3900393443889	0.439781072231961	0.432210422219151	0.400239447456053	0.385349475179747	0.327113140139267	0.406828515347833	0.478561686893484	0.683275777011507	0.191761555613896	0.398350558875688	0.581029925589318	0.416728229826704	0.306825687101745	0.632857604886627	0.406828515347834	0.580404595231091	0.351187620817137	0.207819473802947	0.391082108993921	0.40145296725873	0.455150199359838	0.515988204821059	0.303707435476459
"ERR1624555"	0.120948060617504	0.188732180136521	0.173366290591667	0.0522277317881628	0.255452751226632	0.175570676688973	0.347703650834793	0.125849758749981	0.0554389529519392	0.424426327244014	0.29229750667069	0.265414494908228	0.0837847337348162	0.135841872359829	0.132864571658208	0.147622483015394	0.162298906456967	0.14283471246278	0.388629467811512	0.255205020226364	0.082802418200565	0.100528014781234	0.161359206661881	0.164702358969372	0.119477687857739	0.157733191150958	0.0959400195734957	0.1313080306095	0.240078574352333	0.232910786036935	0.230760144157783	0.141387083098159	0.0691389940907002	0.107936625829218	0.111462444890385	0.265218906127716	0.0867679003770502	0.1025436569968	0.111276265606824	0.0681169118137078	0.0771632211596723	0.309222775754891	0.168188478926869	0.201355116289238	0.12509489158327	0.147571215390704	0.126862680408035	0.190739115686982	0.20356207704014	0.11028255571075	0.150112037808318	0.0192434851046815	0.150112037808318	0.0997637025820203	0.131977224777766	0.192202935165734	0.192202935165734	0.10408736194903	0.108628660205345	0.171151540619096	0.168407412004403	0.0815228729643576	0.158387536338613	0.232724757684959	0.15229873769712	0.0919544841993148	0.110994223628207	0.120807218225423	0.165212786634455	0.180407353714889	0.145680857868899	0.158387536338613	0.140246470434287	0.161640567944526	0.0878355930056596	0.157436566887547	0.10289915861285	0.13169653956472	0.079591026044941	0.0890426045670045
"ERR1624556"	0.232882166408829	0.31154671298798	0.303258611157198	0.254188493069316	0.325358302978394	0.373266903179895	0.778511275892911	0.241575257133368	0.201889470753866	0.424426327244014	0.379295088311167	0.560307713827502	0.195464210768483	0.489726740915678	0.343102629764845	0.29075259984078	0.293640463500602	0.461541415339698	0.740500812221681	0.423433779397772	0.307228768894349	0.364648858121129	0.480673136267824	0.217513461507656	0.280026122731925	0.461964613682167	0.204187154646953	0.335759493789593	0.344279065501015	0.112622242036488	0.551138326966396	0.475550002886811	0.259574686408064	0.379534244066407	0.0699924554483459	0.557922940266414	0.22460375834457	0.295750776167988	0.213250463953382	0.198371289857985	0.208916684821565	0.420400696035249	0.643985736868831	0.416687790974784	0.408911248529746	0.242228009196062	0.368370099624246	0.302926292180528	0.312378347972402	0.524233276806078	0.238478091100519	0.104455413849498	0.238478091100515	0.256235831752564	0.377917598626663	0.295147575210773	0.295147575210773	0.0517837447221799	0.350558815138875	0.291355473795429	0.398454724232936	0.224661136454095	0.331444336146468	0.283249642731862	0.475399640578965	0.309903787668233	0.241793872992546	0.367569899508299	0.369049929630635	0.307018895651729	0.476357438016813	0.331444336146468	0.36573823764478	0.317593885799007	0.253920196437779	0.313922222353359	0.26352679084949	0.407678456106975	0.301333062472152	0.217703724229688
"ERR1624559"	0.157404009332872	0.325412372426807	0.0754009533963369	0.505606110575531	0.170449732686695	0.111376089692971	0.806465047423174	0.246489756095309	0.347923763933025	0.424426327244014	0.330709493167483	0.609701090322223	0.209789685870073	0.393127412574631	0.406409726713616	0.304197030518281	0.28809006314368	0.494431138675664	0.861232156255409	0.482003532481492	0.0547567644774579	0.397392481451183	0.503719318422947	0.227944716557584	0.255313840904243	0.575188467714162	0.204187154646992	0.298073445608059	0.344279065501015	0.0554745414931219	0.658907898487009	0.32090830735772	0.166128832912022	0.120203529583778	0.0623708628005894	0.646808846637753	0.121801946921926	0.302858770769093	0.213250463953384	0.10518467845913	0.0855488499492404	0.420400696035249	0.676281853362992	0.391439884091817	0.434688084348539	0.24935742059516	0.401184357386053	0.210628864467118	0.313098139348631	0.549681343371384	0.254200372805238	0.312743782956045	0.254200372805238	0.289011704242614	0.285908272460132	0.295147575210774	0.295147575210773	0.0472161976187188	0.273994914606746	0.3102780470441	0.355576025224947	0.16742985930031	0.334928832201743	0.283249642731862	0.366340579543264	0.107609181088831	0.297672180165693	0.372067432868631	0.37367108334321	0.330862632351895	0.604979690132879	0.334928832201743	0.365738237644781	0.316474159754198	0.298447865087835	0.317974221512478	0.275026047896425	0.434191512366738	0.338560140751428	0.149077151542953
"ERR1624560"	0.387954328556538	0.331018461399555	0.320482702311959	0.552709229405671	0.148922414464133	0.384058880691725	0.811218853728394	0.234032326479149	0.498938487427191	0.550082981315001	0.330709493167483	0.60153078543425	0.353184988533979	0.567545670430262	0.451619809735475	0.334693274642776	0.408242287450342	0.578876004081135	0.825036834693828	0.420890354724845	0.688453820149552	0.438374006105775	0.524787991776392	0.257690174107923	0.38201573412915	0.68231168601168	0.384024785783274	0.532477127733887	0.344279065501015	0.505359800031331	0.591235846567556	0.342679320114631	0.212902049822494	0.0985323713785994	0.391978974996392	0.622952696385441	0.365467532746072	0.526053960971676	0.348774493715225	0.236413344884348	0.191818774317731	0.540657182060919	0.641560277962911	0.493702283224234	0.435527200029074	0.436322238415713	0.435751485318047	0.25029168414716	0.350827144351807	0.741550410563726	0.368925380522291	0.412474894710064	0.368925380522291	0.456346241015814	0.55486670490236	0.368897055484878	0.368897055484878	0.445076666235831	0.609472078895873	0.40456440237558	0.339750253740043	0.439650284395741	0.395829682607233	0.434248759930537	0.602896305593043	0.0905744788278394	0.440975252797838	0.561988618426247	0.413492699368871	0.349898042665735	0.728366046720106	0.395829682607233	0.534652825764357	0.342731508436927	0.3708007423127	0.380572990275322	0.417024163120178	0.486535849772141	0.517708292330222	0.412004615391986
"ERR1624562"	0.291841825953213	0.315239848282906	0.366335982448187	0.553523857351467	0.115886776515125	0.375430918997132	0.785620093810074	0.228979355042269	0.363578642739751	0.424426327244014	0.330709493167483	0.571735765039226	0.201908001407526	0.426315149380558	0.403884355871142	0.32692345489887	0.398753690840022	0.493531340319413	0.80802641758517	0.439046102466098	0.134324218328388	0.432787481999412	0.524787991776392	0.23043644225016	0.255313840904243	0.643196203261253	0.204187154646992	0.497329855611572	0.344279065501015	0.506252013559041	0.566683051100108	0.234825187114155	0.108052122504002	0.0498836166293929	0.252691007178141	0.581105246082991	0.31059511653179	0.299906150220968	0.213250463953384	0.143981246751673	0.126610329276984	0.420400696035249	0.655956040764772	0.450929797860615	0.405007670285363	0.246327636767222	0.432624360255997	0.171062170299484	0.312233428075388	0.552356261755152	0.266307394669383	0.324178209921358	0.266307394669383	0.302377571222279	0.377701290994992	0.295147575210774	0.295147575210773	0.301273317953393	0.503878886007536	0.325344580203188	0.311912994447054	0.284635911102556	0.324386868354783	0.283249642731862	0.510164640533736	0.0475254262378447	0.337616011982104	0.368641187202863	0.359689182956174	0.337869196210756	0.676887981953675	0.324386868354783	0.365738237644781	0.315681659102405	0.289770820664064	0.305736566781168	0.275306668576026	0.416780258657917	0.363876111954907	0.318145933616679
"ERR1624564"	0.279980322342365	0.361200389234335	0.364322284714315	0.692506198600269	0.445114572518016	0.450784212219782	0.792139712579391	0.23970271683299	0.362583624236984	0.424426327244014	0.387736595092031	0.677591290210649	0.193739672580838	0.679070239166475	0.416213355972086	0.373522417574412	0.408832796408661	0.446983430543925	0.825224086630975	0.447610922045368	0.650042473566969	0.390801252617057	0.597794050188586	0.356595467120854	0.431115707382409	0.711222304091968	0.204187154646992	0.60224503653998	0.426631863642124	0.689349966601829	0.593254561016833	0.518866324143295	0.161116222271387	0.396334229027132	0.253306447972801	0.61484408064195	0.291406149508901	0.263614455046428	0.213250463953384	0.473497367657393	0.515804297881439	0.420400696035249	0.528398974869863	0.422533190417086	0.393634370314984	0.209762412297847	0.442484369818632	0.449218251028999	0.50340184106394	0.49965447751978	0.345407307097145	0.326616052483004	0.345407307097145	0.259833958804739	0.377867606402673	0.467924023263693	0.467924023263693	0.288039735368447	0.399040031459257	0.437222512326488	0.395280107867721	0.19246967140635	0.329806488701416	0.283249642731862	0.848369434773599	0.328732257236268	0.337616011982104	0.364997767398925	0.366877624036326	0.39763143429837	0.718180559978373	0.329806488701416	0.404198770000614	0.321306139449574	0.270208306813042	0.312019984940845	0.27076161647924	0.385582780239444	0.363876111954907	0.269923082256334
"ERR1624565"	0.192396738185702	0.211885481872088	0.198196285344123	0.229578123083407	0.269015857437956	0.255930134425862	0.559403214494676	0.132633063223748	0.307009423125582	0.576253112643074	0.269426033112454	0.480007077115378	0.207990663701132	0.353235109306302	0.173510388708216	0.150953082732466	0.234984833095883	0.217336944365629	0.640322523662583	0.334890790939775	0.500816411826527	0.119891130135556	0.201149915489952	0.174281401154289	0.240992993474132	0.201606764551444	0.271563527429435	0.162409656030075	0.259678334693755	0.214769128678963	0.364454949180548	0.239497448811168	0.156283694726748	0.161660950321252	0.249437077764519	0.431321310249008	0.113975730286807	0.315730957759794	0.250790891741666	0.234429488221541	0.219905737674424	0.470441497757081	0.232079289674851	0.291103960759414	0.195508142462305	0.351469714367912	0.148722728268296	0.281540896848874	0.261634138085647	0.319177344701359	0.25422575919484	0.191929004628909	0.25422575919484	0.224514879395345	0.326358043782074	0.285855296873455	0.285855296873455	0.228453793388423	0.182110442481544	0.256799876169138	0.244282366850901	0.183792058931498	0.267518118788433	0.41703982254525	0.303735994306577	0.132368220823739	0.18832814824844	0.318629493503986	0.266670431351049	0.201466170977167	0.208242887945069	0.267518118788433	0.327665666016682	0.210808446908715	0.140308020799495	0.27180058439676	0.229445038747572	0.239223884063624	0.19519681140924	0.144937295349416
"ERR1624567"	0.234115874065059	0.295426435639964	0.360134721819253	0.509649439071446	0.325358302978394	0.397783027275567	0.796944631205763	0.231353537042586	0.357945888946975	0.424426327244014	0.330709493167483	0.645995346438225	0.186816106284884	0.576139380771601	0.375522116288971	0.272068659567214	0.400337058260914	0.478160273087601	0.777103297710822	0.439723774414858	0.378435435508275	0.3596838874253	0.48218363067356	0.248050040362673	0.274326644537788	0.478039566992293	0.204187154646992	0.341074539650527	0.344279065501015	0.506379629836644	0.592158005241658	0.46920105429259	0.251351928965279	0.367228243912732	0.245636731528268	0.57440508618364	0.215960610811411	0.294215569844774	0.213250463953384	0.394721684042442	0.428961757773222	0.420400696035249	0.642468370019885	0.424232041465673	0.415999333769812	0.240510945758094	0.365364042255153	0.302926292180554	0.312329581273915	0.543343734981641	0.242213067191222	0.292578761725637	0.242213067191222	0.262879219058656	0.377727506185324	0.295147575210774	0.295147575210773	0.267522226731529	0.356064742386863	0.295291824182112	0.386430251895468	0.227824660625193	0.325238117362298	0.283249642731862	0.648029769302587	0.274525943279915	0.259829849233662	0.361829672017423	0.360818255465613	0.30762705813995	0.511089511069307	0.325238117362298	0.365738237644781	0.315514447053743	0.235482698408769	0.306722346859547	0.263157229052787	0.40620947175962	0.313620030211921	0.223165084451347
"ERR1624570"	0.277996103816071	0.30278069958341	0.361885544680575	0.646328974651231	0.325358302978394	0.35108681679484	0.811193294686908	0.219786474408469	0.359444804009328	0.424426327244014	0.374713419544303	0.461616413897211	0.192378152151706	0.379709541827593	0.409944507872884	0.351979369533688	0.398836990433326	0.458727660110989	0.663837884659649	0.436289756106613	0.302706703298059	0.440499399163155	0.524787991776392	0.232660519208901	0.279852344221094	0.677654228899453	0.204187154646992	0.497343891362614	0.344279065501015	0.620445386230922	0.566587142399647	0.482953568192694	0.28180861563797	0.350141439194346	0.252696110188615	0.571669716535335	0.287566206744205	0.298993806388529	0.213250463953384	0.0860040677372907	0.0867961828654443	0.420400696035249	0.665185188093605	0.41826117648617	0.404662622849199	0.24539306281855	0.440087987962995	0.302926292180554	0.312925610748035	0.518930631734612	0.266307394669383	0.324198400795296	0.266307394669383	0.301301247539898	0.377702671004339	0.295147575210774	0.295147575210773	0.300941616801359	0.501301186572544	0.325344580203188	0.384868944531329	0.282114800740761	0.324431651154039	0.283249642731862	0.418130149672259	0.289250791318196	0.337616011982104	0.364380746416325	0.359748581310376	0.344916685882198	0.697631970824655	0.32443165115404	0.365738237644781	0.318446131060608	0.266970999038438	0.305788416261262	0.274290157868883	0.400674578412409	0.363876111954907	0.316911808202247
"ERR1624536"	0.158803950233166	0.205830437309029	0.244605338871831	0.335792681179291	0.163797978197602	0.209810386134719	0.621471135258959	0.140465808333758	0.210639025377969	0.424426327244014	0.286200480469522	0.306731478052364	0.104807887872405	0.183050918033607	0.234588257806653	0.228668560160481	0.257518613422935	0.21197272508227	0.442722918377639	0.358348964411663	0.103648377060363	0.240640109584824	0.301946687976325	0.199633334355965	0.168526123688583	0.33257348474303	0.134589455532676	0.275477632038001	0.282449743572029	0.28483744748387	0.411916657115236	0.136796460622606	0.0507295508884519	0.0540573140095419	0.163425840215584	0.446772357772873	0.126721566838404	0.157774359417956	0.148879347544695	0.0414465371287623	0.0446879933285098	0.355529967372808	0.318604035915788	0.29284233407983	0.218115452075984	0.172395843529996	0.245906525795106	0.17008408438685	0.248551671848486	0.229362963921699	0.200702359095009	0.185619209909613	0.200702359095009	0.161188839644806	0.2169588290706	0.233070260887803	0.233070260887803	0.173400094890726	0.231616695164541	0.237558764936751	0.22593133803514	0.127348177257218	0.225194578265988	0.253800602562127	0.19714365987499	0.0381525831839656	0.205158962844903	0.195065051432673	0.243883480647312	0.265827006743344	0.354544112758778	0.225194578265988	0.219839551536715	0.216532910576921	0.114174044241582	0.219013123246898	0.151000246487199	0.213149327837568	0.173742841173294	0.167243373486632
"ERR1624537"	0.176073169407707	0.229924015512247	0.344371379995252	0.596523631345162	0.325358302978394	0.347658345324953	0.817748059080168	0.209580530061107	0.344266144311718	0.424426327244014	0.376726578349159	0.480614199236023	0.139285172474713	0.382261209691311	0.356998901582564	0.3080763556592	0.304088946583929	0.388421287947065	0.663036395553934	0.449659486071125	0.136080081300195	0.376591733208981	0.490600858860977	0.223246640616713	0.255313840904243	0.537748306400603	0.204187154646992	0.360397669331842	0.344279065501015	0.136264216229656	0.62836890222826	0.452807142208294	0.231035551291527	0.362720921787215	0.080109582431697	0.589829419866898	0.134338161432806	0.28812448291553	0.213250463953384	0.0746183734965341	0.0774678140000857	0.420400696035249	0.632608493792225	0.417478026862404	0.427341418423271	0.234318344239536	0.383236361948834	0.302926292180554	0.313251799881444	0.477214857586412	0.246854026113872	0.301559118927587	0.246854026113872	0.262406004691706	0.377927713169641	0.295147575210774	0.295147575210773	0.0622498787877039	0.364948235945267	0.301101538901145	0.399098049263996	0.220773341816797	0.331776197455923	0.283249642731862	0.309260348115224	0.15734511981417	0.274249344986595	0.337555521682715	0.369490071378126	0.322725027029037	0.561656200243982	0.331776197455923	0.365738237644781	0.317440433008487	0.139589287258643	0.314307839815246	0.256659773618588	0.39698938374014	0.32325413757216	0.232728545098196
"ERR1624538"	0.099678231140381	0.178904631747911	0.0193466160488518	0.12401068354754	0.238824047994754	0.0284624579160102	0.303265919982576	0.157862789376829	0.106744449411962	0.424426327244014	0.236828624992284	0.2381304819159	0.0729751570966141	0.131268513040054	0.0993032475561816	0.102048338670186	0.149880831705806	0.13102265530632	0.241550031975111	0.247842459599212	0.0247365524536795	0.0753066893216858	0.10318326149574	0.153389731147857	0.0961494960252058	0.0892881668238521	0.0776312349241023	0.0737215848569036	0.216594758926253	0.111934794515594	0.204783800591951	0.1071795983988	0.0589465985103737	0.0599283539205111	0.0882015831281356	0.248521187865821	0.0668510310921945	0.0780511351898151	0.0927462155742507	0.116480918274605	0.139026202196116	0.282828273421466	0.126172067778096	0.182513609330063	0.0961786672644461	0.134004801130084	0.0892375282554873	0.167164979118659	0.181314365148565	0.0752554857891753	0.123019023046869	0.07490548989751	0.123019023046869	0.0720537603442586	0.0959392643726418	0.170205444684186	0.170205444684185	0.0745395071052593	0.0617492560912662	0.136363347486701	0.16085180117687	0.0599136035285329	0.144101178619813	0.220550573647689	0.145651177123418	0.0832130192839369	0.0710207830477593	0.0887556601219888	0.151352501356661	0.153515000186474	0.0725460986917284	0.144101178619813	0.10481973216029	0.134530594638392	0.0737475861970796	0.149100253677562	0.0804465874813336	0.0985954240985239	0.0466650086639273	0.0573176542313449
"ERR1624540"	0.200744356040917	0.269881849006353	0.232528413489481	0.285778595183622	0.0764304181308443	0.211899049780592	0.5554980470936	0.199471264257509	0.193966354743624	0.424426327244014	0.28057077455949	0.265905413325516	0.141592517550849	0.191599498043542	0.206847780507451	0.180228258967156	0.217908505829495	0.168099916899813	0.361132860714727	0.308030758522762	0.0969673200917248	0.185523027500443	0.25653926863577	0.182669058797036	0.158977630815045	0.177178829577086	0.127038143109618	0.214237847996488	0.274768066438485	0.258008177395416	0.346888379293869	0.0921508315121832	0.0528722309827811	0.0110752855195771	0.149455908343686	0.332327836868396	0.187614492355507	0.167794504920364	0.141664758934362	0.0620774331727285	0.0635270820580335	0.347253465210558	0.389062979335794	0.248467470797182	0.211107590562749	0.195277508906671	0.189538947851643	0.108226709563285	0.238636683412146	0.198817597951353	0.181447306738472	0.154187306718983	0.181447306738472	0.16256774672424	0.199444004378337	0.225554220129987	0.225554220129987	0.155777126781885	0.222274631482101	0.212855588576632	0.160290053235339	0.158914125157578	0.2009355861583	0.250048626804757	0.187035238365231	0.0191587854309233	0.158841292552851	0.198053353722124	0.213521945176418	0.220742818652449	0.204678492667071	0.2009355861583	0.203978223806765	0.201585237533534	0.194386953865857	0.193910715046182	0.163281934124512	0.205401649759828	0.138714876220369	0.147377920709587
"ERR1624541"	0.151628657594171	0.20128766158302	0.224736705738403	0.295974966801944	0.0903091214276677	0.226925563986868	0.533466248689241	0.136543308624224	0.185934855765132	0.424426327244014	0.277823489524697	0.260574423721302	0.0989447966639883	0.286071974462099	0.232901987794481	0.203088743875968	0.217116578140915	0.19645160749646	0.204689852129465	0.271809083528249	0.0961576844334846	0.182608540814365	0.264316855332638	0.190661257318357	0.154439185587728	0.311223598390775	0.123454443144412	0.253875655087459	0.271033414005992	0.246899884455546	0.30443543667909	0.11099218829804	0.0667783806109985	0.0150101375692825	0.148171816343813	0.291221323171431	0.119272661510392	0.166622124203159	0.138220604427937	0.194125673885664	0.245635688428787	0.343211165027553	0.39629627606611	0.232531341378745	0.203151565571898	0.198988449557843	0.210578904757986	0.117077757146775	0.235518645948946	0.191750258838238	0.189252049961415	0.160926178173999	0.189252049961415	0.176296555952443	0.191487692292649	0.22191677131012	0.22191677131012	0.1644765911008	0.28929577161498	0.222249175853739	0.16705928735944	0.186977820934466	0.199235182945678	0.24821467819627	0.480112884888383	0.0120503794117377	0.184057097000925	0.172986720878014	0.212137557894669	0.237743595636124	0.317397606526398	0.199235182945678	0.196486537242363	0.201907424803119	0.108115218472283	0.193445218040213	0.166786605043679	0.193288316898565	0.147103128831074	0.185564340896424
"ERR1624543"	0.218467193858022	0.277149234418201	0.0695194594366473	0.498719915384746	0.325358302978394	0.0997441551458122	0.820119188770693	0.221523633314162	0.347274817230396	0.424426327244014	0.330709493167483	0.539198141295755	0.17319330974447	0.427891989749075	0.377554924972246	0.286894247535909	0.3315189808313	0.480410486302134	0.721496545197288	0.460251018387482	0.0513316838494157	0.374985942510526	0.485503068045073	0.226357872596224	0.255313840904243	0.532318905879112	0.204187154646992	0.344674280923166	0.344279065501015	0.187770607634827	0.64189017039488	0.503508395823055	0.301648906498985	0.341276124985511	0.123708191529509	0.625266094960398	0.192614547276804	0.306021908896711	0.213250463953384	0.124045406900689	0.123238405785701	0.420400696035249	0.692275517981444	0.488015705294976	0.424826423431885	0.252612009904003	0.37806458781361	0.302926292180554	0.314109079347731	0.532576335258485	0.244036689571882	0.295103070264893	0.244036689571882	0.278416245472698	0.377734594894527	0.295147575210774	0.295147575210773	0.112663823870472	0.397306129917239	0.297575827067955	0.386876318964833	0.260586434643436	0.325468493721351	0.283249642731862	0.380350293985119	0.238611239478798	0.265458779014293	0.355358736264163	0.361123821698699	0.327478014149893	0.550300418432264	0.325468493721351	0.365738237644781	0.318486305625011	0.206859193495853	0.306989205956213	0.275443760866624	0.413693185948336	0.317401863701424	0.242666846359445
"ERR1624544"	0.242579308368431	0.306555564076369	0.364488220127009	0.594863000568204	0.325358302978394	0.363593383023981	0.815484329489691	0.241897675566373	0.364293517122701	0.424426327244014	0.370488467640004	0.528541817095435	0.19525123782355	0.425944455435621	0.366920390563991	0.290611097583166	0.426830327425415	0.474191979326941	0.727004713014254	0.453883242443374	0.365902995687681	0.365123569279239	0.478824256842673	0.221206788846804	0.286132638424093	0.521883224971219	0.204187154646992	0.329330336961798	0.344279065501015	0.612227085483408	0.628606838359418	0.381819157671726	0.138575481054463	0.365224467696928	0.246653979993755	0.603867186677859	0.230135532771666	0.263614455046428	0.213250463953384	0.120339937287386	0.113893920375912	0.420400696035249	0.541240132233197	0.387015851883901	0.419462872459619	0.209762412297847	0.370715545940309	0.302926292180554	0.313337346280082	0.523973462819865	0.24037609333519	0.296139888538147	0.24037609333519	0.227452881830773	0.378161621218748	0.295147575210774	0.295147575210773	0.255425615641832	0.270097586236127	0.292989650051317	0.414066590146178	0.158056029911235	0.339495945716437	0.283249642731862	0.344181388370641	0.302136299489532	0.254209993546929	0.365679455444565	0.37972672529063	0.314990569991534	0.533263620753857	0.339495945716437	0.365738237644781	0.319620918847492	0.253031058870161	0.323295219713536	0.228401872248685	0.380866317733793	0.309815941900286	0.18636049535991
"ERR1624546"	0.191461581013141	0.211518994053769	0.0151473718527238	0.277245715605007	0.268356148121342	0.0286683535095501	0.543092130477313	0.16094732631368	0.29264646787509	0.576676756320337	0.296537692728556	0.422940338871795	0.207501743349064	0.345321610527878	0.174030078559872	0.157175879340763	0.219487051629513	0.236834795040472	0.547346428253464	0.310031407255305	0.201294981223608	0.115373038219851	0.198155334624023	0.186665891177799	0.236226228933648	0.222603077460252	0.270445578817184	0.159663981830154	0.258716557596832	0.271535687123902	0.335959104438088	0.269091986860611	0.206822544106847	0.163309315597971	0.247526696664317	0.392841100866285	0.112547083802324	0.329862374608576	0.249800358305417	0.221034298583707	0.221989729032778	0.469669847402704	0.266639041403206	0.285383015305803	0.19232927421869	0.370599890534902	0.148178045320938	0.280540957788252	0.260540654806119	0.322611229801809	0.252977761887136	0.186673966677115	0.252977761887136	0.237800597129985	0.323622632968312	0.284951999896991	0.284951999896991	0.230443699143989	0.205614488738406	0.255193985347337	0.227817809732733	0.215369769406958	0.257255113832002	0.416959375971284	0.298113754682213	0.129950253141696	0.185943707428968	0.316415578685653	0.253938898405246	0.199028050352681	0.21938682287693	0.257255113832002	0.325447718918683	0.21156697210589	0.139644184493757	0.25990770208653	0.244033330597831	0.23740279117948	0.192313123987875	0.154271266563115
"ERR1624548"	0.0782454047537655	0.229924015512247	0.387103239758285	0.495238413339048	0.325358302978394	0.512096286332776	0.786309806749856	0.207130417849227	0.383968270598853	0.424426327244014	0.330709493167483	0.424778098147431	0.139285172474713	0.578799023791938	0.353418685287828	0.279776448291496	0.322104612802296	0.495539448170401	0.375312666023814	0.354006030917033	0.135906636067056	0.374192248185632	0.485391469153225	0.222458508309901	0.255313840904243	0.543536727732639	0.204187154646992	0.209947661282058	0.344279065501015	0.131379390836724	0.483939331549287	0.474255412911008	0.256470524884135	0.316154336690978	0.100180342994109	0.459345817604141	0.0377922209878144	0.295486637931895	0.213250463953384	0.334266373470056	0.399670336226832	0.420400696035249	0.639452710711137	0.212193145313667	0.40842384229514	0.241807581393103	0.380070515203312	0.302926292180554	0.312954556179499	0.538698032723286	0.243975241276482	0.297399687495758	0.243975241276482	0.266667654967774	0.269293008404005	0.295147575210774	0.295147575210773	0.0837065853821	0.191309939867074	0.297498889500471	0.39768277777413	0.127813433940694	0.331046107368068	0.283249642731862	0.657972197796846	0.157189187750764	0.265268313881355	0.337555521682715	0.368521760210377	0.316007090917997	0.557128607469048	0.331046107368068	0.365738237644781	0.319331895620148	0.138137463397266	0.313459569129388	0.263854407563214	0.375244132650423	0.317274348661967	0.105409928558014
"ERR1624551"	0.214424831274077	0.239464163847653	0.357187102456848	0.505091873157087	0.325358302978394	0.364165494445758	0.829477639507427	0.205602064145212	0.455886160641216	0.510971838162099	0.330709493167483	0.318688665063747	0.216284371250444	0.468456903924509	0.340126134495718	0.270688419132384	0.410978871693067	0.424451281525991	0.347255786861547	0.369487082098996	0.193577809304922	0.35995803140186	0.478048575668808	0.218449352229304	0.310235227223712	0.503502335580637	0.32117730004913	0.341840794552036	0.344279065501015	0.506092723248186	0.50894846559853	0.540312231227439	0.359911857887027	0.394680671103573	0.336347120728949	0.491815188592589	0.1439444948571	0.454596411177885	0.302370405904803	0.0856305545101697	0.11394337244653	0.503140696529654	0.664557831707558	0.337745116628045	0.429266372060365	0.374464276768813	0.363220638838207	0.350771171153057	0.338504998890626	0.61130271218297	0.304826241415379	0.347414419590799	0.304826241415379	0.3662628527273	0.499283811818824	0.345111797899155	0.345111797899155	0.358856646154683	0.434913908355879	0.343629709680321	0.399805767730368	0.338611079350382	0.376228299320261	0.384423808388817	0.315740644466816	0.176358598997513	0.313877871439625	0.467425876213327	0.400678579283618	0.310748558933312	0.544002284968889	0.376228299320261	0.48116626763224	0.334885229564314	0.169676169179283	0.360309185092182	0.362737465004557	0.424557302155844	0.40824770714948	0.276673404934737
"ERR1624557"	0.184695433767743	0.264254502838641	0.197841566289062	0.304718884082956	0.268539874575267	0.2112050690244	0.508847098225964	0.19776836520501	0.173280445872714	0.424426327244014	0.305846843838409	0.307835170428068	0.132210371014561	0.205318172061479	0.178490885375131	0.16418193136816	0.222852688195081	0.269199837994462	0.381337268224515	0.311893698233254	0.094632965566499	0.149551834044578	0.204058320671561	0.17421673048823	0.1402645076771	0.172214960480343	0.112281667013262	0.166605147224913	0.258984325689027	0.295571116371387	0.299348348407645	0.17856791201537	0.0862218657922421	0.163733180558965	0.131937109822215	0.328972450884653	0.170187641465738	0.125404186294109	0.127392264424413	0.114479705169156	0.12422738572969	0.330085391991797	0.23845103783899	0.205655866815516	0.170070935003764	0.158584449013788	0.160233677592802	0.21022442462364	0.222734325072908	0.211241237174455	0.163072908962477	0.13179888814204	0.163072908962477	0.116258652041887	0.167162240988403	0.210257154779893	0.210257154779893	0.124234805572997	0.123794972021836	0.188680290658887	0.22840222208725	0.0908093993513508	0.198237276655429	0.242250060344765	0.21713483172462	0.209559185260788	0.126418572496575	0.167525067142848	0.213646548207398	0.198537086307911	0.170454272717048	0.198237276655429	0.173332270722465	0.185180330244332	0.181316737778423	0.19728983494846	0.121109762788379	0.166564702511774	0.104159779319173	0.0990217504099802
"ERR1624558"	0.199283423741534	0.229924015512247	0.348631429174456	0.528671731280279	0.325358302978394	0.378338489509432	0.781071784503729	0.196826817260834	0.344353751761902	0.424426327244014	0.330709493167483	0.55667798493307	0.139285172474713	0.413812350993717	0.451768902344171	0.327442917581737	0.266349951239603	0.441426020027388	0.774070024002392	0.430874605977914	0.130330061108424	0.43195488893919	0.524787991776392	0.227576763776849	0.255313840904243	0.63643515740892	0.204187154646992	0.491996117417954	0.344279065501015	0.0886755507546538	0.560812557664386	0.47600544724674	0.273555600174143	0.367065437780582	0.0820766383635967	0.569858631668655	0.164988055489589	0.297965332241889	0.213250463953384	0.120392364433232	0.114367647332948	0.420400696035249	0.647270438156809	0.444836652159004	0.390763272021193	0.244340446458397	0.431203483252371	0.302926292180554	0.312312542522155	0.521391211291752	0.266307394669383	0.316552591275297	0.266307394669383	0.300088284446826	0.377176966245165	0.295147575210774	0.295147575210773	0.0713977430418576	0.497616710113166	0.325344580203188	0.352409171387806	0.279283847717122	0.307605199184702	0.283249642731862	0.500984077802993	0.152152939623126	0.337616011982104	0.337555521682715	0.337439619289427	0.338671570354507	0.672845805165463	0.307605199184702	0.365738237644781	0.315155602634275	0.14943681810213	0.286394946847572	0.273144933743956	0.404048786960659	0.363876111954907	0.313056131457937
"ERR1624561"	0.182875618742377	0.229924015512247	0.0508257756192969	0.530189535305477	0.325358302978394	0.0865996350786344	0.772123186431345	0.191513839537833	0.358715491856011	0.424426327244014	0.330709493167483	0.610805248053508	0.139285172474713	0.579771868747118	0.406302934325443	0.288445785981121	0.415114566991162	0.541074978086495	0.726616143037814	0.404839380661677	0.120932967212313	0.394481369932108	0.500969184215096	0.218537787645371	0.282139385579833	0.580532729511156	0.204187154646992	0.398898282268784	0.344279065501015	0.50756295051974	0.514766285113056	0.489540793655774	0.290487963319866	0.320219897470153	0.249662867540778	0.508456966327767	0.143630876415791	0.300567288640754	0.213250463953384	0.382619988021297	0.429768105059984	0.420400696035249	0.651178507638214	0.386893111871966	0.412244525907754	0.247005361385125	0.399940314105014	0.302926292180554	0.311138519631383	0.574206016891534	0.25264852602973	0.309911500308609	0.25264852602973	0.284249239888309	0.377970628900851	0.295147575210774	0.295147575210773	0.284122204117276	0.430613387826236	0.308341686329803	0.401831435838816	0.261860240852802	0.333186094103758	0.283249642731862	0.704161319824162	0.15764611178012	0.292667378368187	0.337555521682715	0.37135993722634	0.309531937113857	0.604105263938888	0.333186094103758	0.365738237644781	0.317642718201419	0.142515494886196	0.31594680673751	0.27202853782117	0.412897880668501	0.335322163907721	0.268197003450962
"ERR1624563"	0.133670745757763	0.249631800941097	0.271122515512904	0.299625658219258	0.398891163790475	0.381818568721126	0.488050409588785	0.14612315027556	0.232478052064593	0.424426327244014	0.279055576836638	0.50856347400266	0.099795023439966	0.424301523780913	0.182544886667526	0.168801868268005	0.312327876765253	0.524887634894008	0.696040526608988	0.325150495297684	0.115699066120395	0.176103370429272	0.306327275511477	0.241017288463588	0.258725392031955	0.224823388512942	0.125053447120965	0.28461267194034	0.352609314302509	0.295282603522632	0.313514190120342	0.33091136257154	0.116208172148637	0.183809615661848	0.150941430255013	0.341275975404804	0.0981956704593778	0.143795330364568	0.13975901001999	0.285006807797246	0.314906144395418	0.345024279622944	0.259624765850851	0.236857943817826	0.221813163474649	0.166640586146393	0.200863204825868	0.362445552846475	0.419071290390535	0.382135256418934	0.240985808646816	0.164348812852434	0.240985808646816	0.131906192182823	0.196337982600938	0.389218380641853	0.389218380641853	0.144203709228368	0.14588065883212	0.300709182951052	0.319490254790578	0.100828060951893	0.250222629043313	0.249037409258162	0.510537686270689	0.138691489473709	0.145085141712517	0.176129902857507	0.280140201307839	0.235592851257453	0.222869815812723	0.250222629043313	0.229110488418737	0.205210805976769	0.101365408388073	0.253297243135167	0.160211388368341	0.226511161390406	0.128799606242549	0.114838706574516
"ERR1624566"	0.163259342388661	0.208604377051455	0.267596980252824	0.474152209186415	0.289194959510782	0.290152216199389	0.659776063708854	0.142874742155153	0.236456315672934	0.424426327244014	0.341108562040891	0.492288793838015	0.108487402591816	0.366363271907484	0.284426382869002	0.25626038694943	0.294703978017172	0.25015019556286	0.557287354543548	0.38658173743675	0.109726010518832	0.263686372207151	0.326029460942832	0.203571596560039	0.177499107279415	0.399645413003287	0.141701145222461	0.327580965705991	0.289468271145349	0.439840600111135	0.469070886024595	0.307136557360683	0.184339247774592	0.208810807373476	0.173788017221269	0.469018058739952	0.131784852466366	0.187304851157311	0.155624182382427	0.268158988367434	0.290891699671484	0.363048038971823	0.441306009653038	0.338880209435746	0.264364923065294	0.199540382039761	0.270453440831153	0.242513294413162	0.255155825979677	0.260494882444223	0.207848977430329	0.204069700144271	0.207848977430329	0.193902256255334	0.23360562350327	0.239977182915277	0.239977182915277	0.193021039877755	0.311282821608173	0.247128253272554	0.29490944032322	0.183169015787479	0.247554259804767	0.25720648185144	0.564023011221599	0.123721510343907	0.218716494141972	0.209368027692284	0.272007021847743	0.268632074920958	0.412443890831573	0.247554259804767	0.234844812955309	0.229074417727178	0.11796631129226	0.242135215264359	0.18110336679758	0.257719015601667	0.191559395466365	0.205476330205695
"ERR1624568"	0.170029671841214	0.229924015512245	0.351466015008711	0.295811160791019	0.105587716867627	0.356841878167355	0.807760242718278	0.215770366057015	0.218479444995643	0.424426327244014	0.37384292044432	0.607418374436131	0.139285172474713	0.408570320063779	0.389455835393981	0.301132048565583	0.430305528303082	0.470305242075664	0.830905365364865	0.479176618469792	0.437123944682425	0.365131077878323	0.481128623192868	0.252369780418293	0.279366184401583	0.507950855140681	0.204187154646992	0.332415601860465	0.344279065501015	0.62069217308864	0.635670231652854	0.210114120322842	0.083321211666932	0.0383535914010886	0.247244056029614	0.664093505986781	0.126891826604604	0.294063897014892	0.213250463953384	0.101095655920813	0.107696182939234	0.420400696035249	0.648292324754821	0.529221671015668	0.415918553053013	0.240356322524027	0.370008249196223	0.162744930147516	0.314325086102851	0.528302480548722	0.241635243335691	0.106832661011967	0.241635243335691	0.261931154644142	0.378218014726129	0.295147575210774	0.295147575210773	0.267924863559302	0.353243746240103	0.294567826295357	0.336267019375525	0.226496002040325	0.341369865926688	0.283249642731862	0.319403891284731	0.0169036770232644	0.258056602397011	0.337555521682715	0.382210821109276	0.326396711806094	0.528179968390737	0.341369865926688	0.365738237644781	0.317963003770219	0.136958250309813	0.325481674166428	0.262826713725182	0.427368322299236	0.31242284015213	0.222910210149176
"ERR1624569"	0.393687311963115	0.37549919719436	0.362992650152757	0.531736154687513	0.325358302978394	0.379942901959607	0.818448742118678	0.263900224513627	0.467728644931299	0.513733649183722	0.330709493167483	0.321735440485453	0.353272311100531	0.495222072374561	0.403262525786937	0.301850206890389	0.440467547595051	0.458738729770977	0.396652344571849	0.355048176548731	0.381467681689127	0.402382694174359	0.501730480552529	0.226886588819096	0.33603696468118	0.617012194889708	0.325423586969924	0.426585473206507	0.344279065501015	0.508389447535035	0.564076127397914	0.526069064754338	0.339018950227777	0.435184615417449	0.346389977326816	0.490836766934597	0.406548687554399	0.451862352447927	0.305520140788002	0.126162871170957	0.12548839230524	0.505786382362138	0.635636286167747	0.332202192249915	0.469632721322792	0.370243463844088	0.404047467033316	0.352345572399585	0.339520861683456	0.629222649892785	0.32227642614118	0.37591025421893	0.322276426141181	0.382108852633378	0.503723144284166	0.346761764574122	0.346761764574122	0.380948216678455	0.494218954663418	0.363184077597326	0.430747024782054	0.349196614734025	0.394522611614644	0.387863936807426	0.421705200691817	0.46276423039814	0.362338712149028	0.522398883897069	0.42341954821067	0.329807642599874	0.65025124996308	0.394522611614644	0.484929655477167	0.337110351581258	0.433152927413478	0.381656706393945	0.36191537752831	0.428407708109742	0.442116508952599	0.324366104199144
"ERR1624571"	0.291702599628608	0.315114988722347	0.350333589798572	0.55348548020132	0.325358302978394	0.371103381718928	0.808536875920106	0.227982486752998	0.348638257636955	0.424426327244014	0.330709493167483	0.671499236165611	0.201811825798172	0.575617919141985	0.408878751247394	0.329531156846647	0.398232573693246	0.505769765132171	0.807329332460522	0.460720118189214	0.488135107830758	0.436389089054492	0.524787991776392	0.283895302956046	0.274633293136777	0.671731173385054	0.204187154646992	0.473546159864338	0.344279065501015	0.506209975170537	0.629286135672301	0.505726093801659	0.308817455372746	0.37987202256476	0.252659076443845	0.603841441367097	0.310331403918899	0.306904762619184	0.213250463953384	0.427347033951602	0.428846185415833	0.420400696035249	0.689357523270286	0.467462835803003	0.427511241405453	0.253521999205135	0.438775859592139	0.302926292180554	0.312630045892883	0.550755065118455	0.266307394669383	0.324051879615575	0.266307394669383	0.310643757114606	0.377692655578757	0.295147575210774	0.295147575210773	0.303810780983688	0.523492240603183	0.325344580203188	0.384239964016522	0.304268948011601	0.324106711276074	0.283249642731862	0.767268121109813	0.314843816374518	0.337616011982104	0.368598851929994	0.359317593151863	0.341899854843267	0.694045559940314	0.324106711276074	0.365738237644781	0.31795995841573	0.289539225330101	0.305412228438713	0.285401107948851	0.420748979469106	0.363876111954907	0.327634857605656
"ERR1624572"	0.199283423741534	0.229924015512247	0.401792862623431	0.55452029975184	0.325358302978394	0.492141878198196	0.776800704397334	0.187087403103167	0.397771181926746	0.424426327244014	0.330709493167483	0.370586603496793	0.139285172474713	0.507626453411853	0.404518476383225	0.337939250135589	0.412364447930178	0.419414359573079	0.363683172214146	0.344370539944002	0.650162069185115	0.433245158997976	0.524787991776392	0.26982040594596	0.300605510124958	0.646887496022101	0.204187154646992	0.499610849277904	0.344279065501015	0.507343731540667	0.492375646891475	0.485217545167855	0.286735163755741	0.365327561408625	0.253521193752446	0.473480135464509	0.166694378545134	0.299195281814128	0.213250463953384	0.210769337805015	0.236380223888887	0.420400696035249	0.647187451443727	0.360528881407632	0.41050334572325	0.245599381629366	0.433405614598538	0.302926292180554	0.313900050217578	0.503748244400926	0.266307394669383	0.327467983128154	0.266307394669383	0.301538909150796	0.377925582737341	0.295147575210774	0.295147575210773	0.301608537080701	0.502198021266201	0.325344580203188	0.398962516849891	0.282670755310739	0.331706283688109	0.283249642731862	0.65493870596095	0.157330189738284	0.337616011982104	0.337555521682715	0.36939734636628	0.354939456451444	0.679098031444385	0.33170628368811	0.365738237644781	0.315970931663983	0.14943681810213	0.314226595984519	0.275879161583726	0.3789549452813	0.363876111954907	0.31823353831472
"ERR1624573"	0.254614077855094	0.239976753457398	0.327012867529077	0.364848700588757	0.325358302978394	0.420645452101206	0.784193947648645	0.161730084017718	0.336566723465601	0.515581709515064	0.364092358696418	0.308189585408423	0.221113245047048	0.498924464361742	0.446931040705846	0.345416647328716	0.40599136320953	0.711101001050314	0.351713597581395	0.317753314168417	0.196238328344803	0.371927409518159	0.524787991776392	0.231524758696891	0.313319027682141	0.621358567955208	0.32828184713586	0.522915962192869	0.344279065501015	0.593561028494089	0.460712097220222	0.43051372475213	0.204645004898051	0.417824599337541	0.350726470709943	0.440181001644635	0.193434321920545	0.417911063572765	0.307638532723531	0.121097311413126	0.147432919392005	0.507557004616533	0.503379132617731	0.272137419262551	0.411811967594114	0.332948188179371	0.403182860235411	0.353401138297011	0.339593755325654	0.788999411949177	0.339050349588009	0.181886716215075	0.339050349588009	0.36323698924739	0.505756184665775	0.347868174361199	0.347868174361199	0.388247531951112	0.478283859732088	0.38213476084658	0.394717503010305	0.283502803420614	0.375842762391529	0.390172746794611	0.520877441786142	0.176792315228001	0.411693556084661	0.474598472878548	0.398735127766996	0.342396508995267	0.685647476953167	0.37584276239153	0.487449524531652	0.33112374811976	0.187672131157566	0.359532667655836	0.328105604992071	0.38964177016165	0.474585002825365	0.332504462046122
