bugName	pval	pPost	sPost	Adjustedpval	AdjustedpPost
Lachnospiraceae	0.00650393084317891	0.00650393084317888	-0.349687285199421	0.196672032886523	0.196672032886522
Fusobacteriaceae	0.00914753641332666	0.00914753641332659	0.555185474153206	0.196672032886523	0.196672032886522
Leptotrichiaceae	0.015620078928731	0.015620078928731	0.245764645967784	0.213304737692067	0.213304737692067
Enterobacteriaceae	0.0234054885293935	0.0234054885293934	0.759211872739219	0.213304737692067	0.213304737692067
Peptostreptococcaceae	0.0248028764758218	0.0248028764758218	-0.591903628839376	0.213304737692067	0.213304737692067
Coriobacteriaceae	0.0328767846136403	0.0328767846136403	-0.406182587301878	0.228416675063211	0.228416675063211
Erysipelotrichaceae	0.0371841098940111	0.0371841098940111	-0.472931691951928	0.228416675063211	0.228416675063211
Akkermansiaceae	0.0638141460050787	0.0638141460050787	0.465099126079277	0.343001034777298	0.343001034777298
Eubacteriaceae	0.0945107760053895	0.0945107760053895	0.336037913491306	0.451551485359083	0.451551485359083
Ruminococcaceae	0.142706087892834	0.142706087892834	-0.199417410042402	0.547578504821377	0.547578504821377
Rikenellaceae	0.161183050531684	0.161183050531684	0.319937907589898	0.547578504821377	0.547578504821377
Eggerthellaceae	0.165222853443289	0.165222853443289	-0.28602272192192	0.547578504821377	0.547578504821377
Veillonellaceae	0.206333426031007	0.206333426031007	0.317439242334538	0.547578504821377	0.547578504821377
Leuconostocaceae	0.219297795266908	0.219297795266908	-0.166728462377961	0.547578504821377	0.547578504821377
Bacteroidaceae	0.223608628110884	0.223608628110884	0.297683338298695	0.547578504821377	0.547578504821377
Methanobacteriaceae	0.229371473768761	0.229371473768761	-0.212164454186251	0.547578504821377	0.547578504821377
Neisseriaceae	0.229473355430907	0.229473355430907	0.152205620502271	0.547578504821377	0.547578504821377
Muribaculaceae	0.230740645638622	0.230740645638622	-0.0607434747476719	0.547578504821377	0.547578504821377
Lactobacillaceae	0.250212221553163	0.250212221553163	-0.0716022645555024	0.547578504821377	0.547578504821377
Bifidobacteriaceae	0.254687676661106	0.254687676661106	-0.368033681008489	0.547578504821377	0.547578504821377
Atopobiaceae	0.267945914264694	0.267945914264694	-0.118924832709048	0.548651157780088	0.548651157780088
Burkholderiaceae	0.281284086086181	0.281284086086181	0.359012976511399	0.549782531895718	0.549782531895718
Clostridiaceae_1	0.311142696105943	0.311142696105943	-0.202664844481332	0.576690365212367	0.576690365212367
Mitochondria	0.321873692211553	0.321873692211553	-0.0977142345367835	0.576690365212367	0.576690365212367
others	0.342724745163365	0.342724745163365	-0.197128117226574	0.589486561680988	0.589486561680988
Coriobacteriales_Incertae_Sedis	0.381811022530148	0.381811022530148	-0.173105030304363	0.631456691107553	0.631456691107553
Pasteurellaceae	0.404478055768432	0.404478055768432	0.3016475196254	0.644168755483059	0.644168755483059
Marinifilaceae	0.469298236056538	0.469298236056538	0.157911579489751	0.674271137632445	0.674271137632445
Streptococcaceae	0.469381655440057	0.469381655440057	0.135824790590404	0.674271137632445	0.674271137632445
Prevotellaceae	0.479296360090718	0.479296360090718	0.139553270594437	0.674271137632445	0.674271137632445
Peptococcaceae	0.503259073869309	0.503259073869309	-0.112167922099655	0.674271137632445	0.674271137632445
Tannerellaceae	0.512241376748537	0.512241376748537	0.176883033943823	0.674271137632445	0.674271137632445
Corynebacteriaceae	0.517463896322574	0.517463896322574	-0.0662795435465617	0.674271137632445	0.674271137632445
Family_XIII	0.574643336388586	0.574643336388586	0.117677699545929	0.726754807785565	0.726754807785565
Christensenellaceae	0.66844857423388	0.66844857423388	-0.0827970130617963	0.819999538545674	0.819999538545674
Barnesiellaceae	0.686511241573122	0.686511241573122	0.0475164376171878	0.819999538545674	0.819999538545674
Acidaminococcaceae	0.755821395903169	0.755821395903169	0.0965714107780326	0.867905006953123	0.867905006953123
Family_XI	0.766985820098109	0.766985820098109	-0.0577378660089505	0.867905006953123	0.867905006953123
Actinomycetaceae	0.799415770016106	0.799415770016106	-0.0398873609288056	0.881407131043399	0.881407131043399
Micrococcaceae	0.908909182303376	0.908909182303376	-0.0180201465780404	0.969165829598852	0.969165829598852
Carnobacteriaceae	0.967995242013872	0.967995242013872	-0.00919757694080485	0.969165829598852	0.969165829598852
Desulfovibrionaceae	0.968050600726778	0.968050600726778	-0.00962404844122408	0.969165829598852	0.969165829598852
Porphyromonadaceae	0.969165829598852	0.969165829598852	0.00656105776077476	0.969165829598852	0.969165829598852
