bugName	pval	p3M	p1Y	p2Y	s3M	s1Y	s2Y	Adjustedpval	Adjustedp3M	Adjustedp1Y	Adjustedp2Y
Fusobacteriia	0.00125225151169595	0.000391010147803707	0.00780832467958174	0.00536299113468307	0.864976010403834	0.70617340597704	0.917394147522809	0.0449578616518346	0.0130988399514242	0.104631550706395	0.359320406023766
Candidatus Saccharimonia	0.00183153457960494	0.000264226664114751	0.624395194943891	0.595278736776337	0.514966868749932	0.0718399708595155	0.0965750562625073	0.0449578616518346	0.0130988399514242	0.824954565993915	0.782032850274796
Elusimicrobia	0.00201303858142543	0.845695067820849	0.000339116219552167	0.395016016024117	0.0390968878402045	0.878830500865191	0.236218911866901	0.0449578616518346	0.92887818924585	0.0186255907053134	0.696797326121937
Verrucomicrobiae	0.00366930022538559	0.00133140351262315	0.00460784353339943	0.0241461207997285	0.859395744420413	0.843390612313201	0.812861518287684	0.0614607787752086	0.0178408070691502	0.0771813791844404	0.53926336452727
Fimbriimonadia	0.00654093820176294	0.00121132542869918	0.083970490732673	0.0176151366247986	0.569940762360752	0.323075497907128	0.551536221568081	0.0767969152743917	0.0178408070691502	0.360761097732192	0.53926336452727
Gemmatimonadetes	0.00700842730273621	0.160191397121276	0.000738576716005551	0.06627320702086	-0.173380290711515	-0.503867182438457	-0.322214043598551	0.0767969152743917	0.402777774691561	0.0186255907053134	0.636218099471315
Ktedonobacteria	0.0081790448485437	0.000997512984269093	0.368531601114121	0.0854621327648035	0.306873999551917	0.0875998871191853	0.207707013886206	0.0767969152743917	0.0178408070691502	0.697758687731465	0.636218099471315
Sphingobacteriia	0.00916978092828558	0.176962055426522	0.000833981673372242	0.167821635681517	0.157991234016745	0.467674004615354	0.223397808698117	0.0767969152743917	0.423444918342034	0.0186255907053134	0.696797326121937
Bacilli	0.0171755773279569	0.00200945735024609	0.0891738940901026	0.100398936673852	0.410455076782011	0.243977506308634	0.290939347897121	0.127862631219235	0.0224389404110814	0.360761097732192	0.672672875714808
Synergistia	0.0231415595819331	0.00410846562901842	0.0825411234333589	0.0505666603547271	0.51273554403969	0.333892639101755	0.460892610571499	0.155048449198952	0.0393238853063191	0.360761097732192	0.636218099471315
Spartobacteria	0.0482232077641317	0.0103184332272923	0.0915363979320487	0.0647736789425288	0.116728064815929	0.0848622107571002	0.115411862805887	0.293723174563348	0.0864168782785726	0.360761097732192	0.636218099471315
Thermodesulfobacteria	0.0723035164008738	0.0173725496498045	0.713856511717573	0.121936339460727	0.207353154614691	0.0343002061677718	0.178666776666674	0.399368714507129	0.129328980726323	0.84747480779536	0.682078028398822
Caldilineae	0.0858885908549267	0.057218317036534	0.491697772814389	0.275065665327768	0.0994174371575987	-0.0391860974351924	0.076045582043095	0.399368714507129	0.212979291191543	0.728440492965248	0.696797326121937
Oligoflexia	0.0904526591951874	0.0333118146892076	0.66940968836963	0.77903094002681	0.233345077835081	-0.0506257487799741	0.0404574096229553	0.399368714507129	0.169708954977574	0.846234889071041	0.866517755667261
Actinobacteria	0.0927764591905703	0.0892674293878428	0.0302411365927267	0.0800884087439297	-0.278566617573772	-0.400511173102803	-0.390097220418081	0.399368714507129	0.278175656478178	0.22512846130141	0.636218099471315
Methanobacteria	0.101890062579052	0.486844009795678	0.0153698683446522	0.31694348646134	0.172370208185434	0.710425787952557	0.35285913077703	0.399368714507129	0.724856636806898	0.171630196515283	0.696797326121937
Kiritimatiellae	0.110447471957168	0.0485109451678345	0.0345176497522764	0.271313091399798	0.141426586865226	0.170393674993128	0.10646511175095	0.399368714507129	0.195380256996885	0.231268253340252	0.696797326121937
Deltaproteobacteria	0.115964722978646	0.0913412603361183	0.0235710335166024	0.268350994011402	0.246847437121203	0.380767802417003	0.22467517075237	0.399368714507129	0.278175656478178	0.22512846130141	0.696797326121937
Alphaproteobacteria	0.116065103766693	0.0252211237053066	0.0771270701299917	0.347648512221514	0.287148814838517	0.255107574767429	0.165786494206019	0.399368714507129	0.140817940687962	0.360761097732192	0.696797326121937
Spirochaetia	0.119214541643919	0.0354615726818812	0.0545358739915449	0.24867412695651	-0.202180000551205	-0.208540912505104	-0.152600628605018	0.399368714507129	0.169708954977574	0.332173050675773	0.696797326121937
Epsilonproteobacteria	0.12932142058798	0.0206437696653776	0.462476213714276	0.682064822116156	0.219714053540929	0.0761880896824342	0.0522833840913529	0.412596913304508	0.135619084655717	0.728440492965248	0.79359974567638
Acidimicrobiia	0.136603062309728	0.0495740950589111	0.198647682483483	0.0667937956949147	0.156457242727281	0.112665064309419	0.198474650126098	0.416018417034171	0.195380256996885	0.563133618417749	0.636218099471315
Fibrobacteria	0.146984037254208	0.0222658198688491	0.341545159460391	0.394961107073761	-0.228653873163584	-0.104623318085761	-0.115611358267914	0.428170891131824	0.135619084655717	0.693440172237763	0.696797326121937
Flavobacteriia	0.166692047684451	0.257599348275742	0.0273174817347649	0.534689396281335	0.18782768841237	0.423223385209747	0.142807544760162	0.465348633119092	0.522722779998164	0.22512846130141	0.773922595405442
Coprothermobacteria	0.212093802376918	0.0422119481105692	0.301791020407072	0.788919150682133	0.292022425552847	0.164615757302124	0.0524575270935191	0.568411390370139	0.188546701560543	0.673999945575795	0.866517755667261
Blastocatellia	0.235743270558761	0.0660751113321213	0.33396757662761	0.143290460780023	0.217957649514211	0.127309418268999	0.240130577354326	0.585058342796236	0.233001708381691	0.693440172237763	0.685747205161539
Gammaproteobacteria	0.235769779932812	0.265262306267725	0.397222066954194	0.286690044226793	0.145187201574876	-0.122959194653256	0.189983676959449	0.585058342796236	0.522722779998164	0.719294013133271	0.696797326121937
Clostridia	0.271851322910165	0.146700267267899	0.128096492483746	0.135855552147395	-0.080959811430301	-0.0964971148140993	-0.117157718685805	0.650501379820753	0.402777774691561	0.476803610911721	0.685747205161539
Deinococci	0.304402085980253	0.528681388247631	0.210124484484235	0.428651094920898	-0.100312642386204	0.229557070990742	0.178972648319819	0.680341055906317	0.737951104428985	0.563133618417749	0.713675373761749
Limnochordia	0.322153873950889	0.748994038502093	0.209747546371413	0.45803046375754	-0.0559235663312093	0.251399774178703	-0.183189765288746	0.680341055906317	0.872684036993999	0.563133618417749	0.713675373761749
Aquificae	0.328400946433541	0.20088214389925	0.0864300530463945	0.616798863148594	-0.0885157215564516	-0.133156907432346	-0.0464678392238928	0.680341055906317	0.43920875840779	0.360761097732192	0.79359974567638
Mollicutes	0.332840380591453	0.401107072128638	0.417240100128526	0.333090904274861	-0.0819032150370894	0.0901342870692032	-0.133743955947482	0.680341055906317	0.655467654454115	0.728440492965248	0.696797326121937
Saprospiria	0.357762782631324	0.155905450877698	0.781130475925807	0.405598443563516	0.11698187905163	-0.0253284512183961	0.0933394947435784	0.680341055906317	0.402777774691561	0.855822547576136	0.696797326121937
Coriobacteriia	0.364507205865356	0.345870982556634	0.196911349301547	0.122163228966953	-0.17676347113797	-0.273915861807739	-0.406477382064255	0.680341055906317	0.595690895171782	0.563133618417749	0.682078028398822
Nitrospira	0.365194994258975	0.293756723632583	0.703633523920146	0.379666556969014	0.0665330855424673	-0.0266576607952582	-0.0752171972799906	0.680341055906317	0.56233429952523	0.84747480779536	0.696797326121937
Chloroflexia	0.370156978564241	0.609989162107762	0.298735788733309	0.391141376323935	-0.0288526498387902	0.0662066236760794	-0.0668869319942267	0.680341055906317	0.801358311004315	0.673999945575795	0.696797326121937
Anaerolineae	0.375710732366175	0.0880973994695767	0.435038373188139	0.3670470829257	0.135067737589226	0.0680691757872066	0.0963885807071958	0.680341055906317	0.278175656478178	0.728440492965248	0.696797326121937
Gloeobacteria	0.47147275675813	0.203215992696142	0.50094779918012	0.686996794764627	-0.0559753246692487	-0.0327393269037265	0.0238523735503748	0.767510099142192	0.43920875840779	0.728440492965248	0.79359974567638
Chlorobia	0.472084203532519	0.162313431592121	0.220073556288624	0.514965618499111	-0.0988068206242576	-0.0974996493412189	-0.0634430216877145	0.767510099142192	0.402777774691561	0.567112625820684	0.773922595405442
Planctomycetia	0.473027038167116	0.121884938204478	0.668577663266309	0.571324788966573	0.158634152265875	0.0486124152377918	0.0791490392705232	0.767510099142192	0.355056124334785	0.846234889071041	0.773922595405442
Cytophagia	0.473738140348493	0.986014360770735	0.20468663335507	0.681561000008536	-0.00168469853055414	0.138527477743078	-0.0546748135952386	0.767510099142192	0.996615351128959	0.563133618417749	0.79359974567638
Tepidiformia	0.484094382385701	0.446000542073484	0.369061982863149	0.457333211579423	-0.0494112805646518	-0.0652494923742983	0.0660317523537941	0.767510099142192	0.679137189066441	0.697758687731465	0.713675373761749
Acidobacteriia	0.496041086041171	0.508873267926998	0.154839223498812	0.337326399439227	0.0603078755528876	0.146017146890986	0.118974663283848	0.767510099142192	0.725415084066146	0.546011998653704	0.696797326121937
Chthonomonadetes	0.518964524873322	0.191356236217184	0.240204309265779	0.668640522133195	0.192636142811367	0.195633478806458	0.0875521568334176	0.767510099142192	0.43920875840779	0.574774597171686	0.79359974567638
Dehalococcoidia	0.524507070126914	0.445630465899338	0.4884131138209	0.558953949323674	-0.046296168240235	0.0471340780904553	0.0487868387422979	0.767510099142192	0.679137189066441	0.728440492965248	0.773922595405442
Bacteroidia	0.526947232246878	0.700537268676504	0.499370839794735	0.281039863714284	-0.0322540100891074	0.0637208799563271	0.125590154202437	0.767510099142192	0.853381763660468	0.728440492965248	0.696797326121937
Acidithiobacillia	0.555751827294104	0.911470458920603	0.931526908743608	0.17693133369277	0.00894536783634728	0.00787124405560903	0.155337791992405	0.79224196656819	0.954195636682506	0.960189275166488	0.696797326121937
Hydrogenophilalia	0.590790353384375	0.504400962122991	0.186520580595527	0.452375977138807	-0.0323529084868242	-0.0728603499612724	-0.0507941664993399	0.82464486826569	0.725415084066146	0.563133618417749	0.713675373761749
Deferribacteres	0.612633700340404	0.323549437872526	0.627950490532682	0.242906910795516	-0.112625203172475	-0.0612238542511023	-0.18084493185604	0.82597530433239	0.593566799487376	0.824954565993915	0.696797326121937
Endomicrobia	0.616399480845067	0.327790620612431	0.73429194525621	0.857157237610944	-0.13055487200643	0.0515547251420018	0.0339504382064328	0.82597530433239	0.593566799487376	0.848233798830449	0.91157991936402
Ignavibacteria	0.641963264480134	0.903125663267713	0.75573433446802	0.278127551700529	-0.0167483520094967	0.0482672388007985	-0.209036046840576	0.834640043353559	0.954195636682506	0.855822547576136	0.696797326121937
Thermotogae	0.647780332155001	0.261293783675712	0.447361639806576	0.373085238753788	-0.138359913102696	-0.10427927193588	-0.150032134156465	0.834640043353559	0.522722779998164	0.728440492965248	0.696797326121937
Nitriliruptoria	0.661409793890264	0.425398675913924	0.573713587017338	0.95151228102896	-0.089499900118987	0.0710726737986338	-0.00946014139197368	0.836121814917881	0.678612173481737	0.798599822663554	0.970422748579483
Chlamydiia	0.676507033453748	0.7489981406152	0.231894432226383	0.636937232409533	0.0298741219634509	0.125276109009614	0.0597154620273481	0.837213615254958	0.872684036993999	0.574774597171686	0.79359974567638
Tissierellia	0.691837222535907	0.397168153912036	0.374915115796011	0.332458900326352	-0.0929236585278751	-0.111067482209383	-0.150771930064939	0.837213615254958	0.655467654454115	0.697758687731465	0.696797326121937
Erysipelotrichia	0.699760633645935	0.346745446443276	0.791955193279409	0.768358993405591	-0.142100871788897	0.0446732593446539	-0.0615570820936324	0.837213615254958	0.595690895171782	0.855822547576136	0.866517755667261
Negativicutes	0.739794808708759	0.936902852341075	0.486610031834688	0.345284822536208	0.00732206016918707	0.0729296468434488	0.1225984666279	0.869583371640121	0.965730632413108	0.728440492965248	0.696797326121937
Zetaproteobacteria	0.766012843681666	0.59830160020948	0.324104827098506	0.99534571298248	0.0361238587973529	0.0756204959639167	-0.000541431437307175	0.884876905632269	0.801358311004315	0.693440172237763	0.99534571298248
Rubrobacteria	0.784906446883044	0.796082536733184	0.950428411919119	0.404109008655874	-0.0370556416192261	-0.0101120421225434	0.168923227495416	0.891334439680744	0.888958832685388	0.964828842402742	0.696797326121937
Candidatus Brocadiae	0.80597235633633	0.651929826452504	0.782123390210165	0.334301065974659	0.0247762656348409	0.0169455271367058	0.0727060686854216	0.900002464575568	0.808875895783662	0.855822547576136	0.696797326121937
Calditrichae	0.837785891625702	0.872696351648981	0.720986030512471	0.521549954612301	-0.00560199672586169	0.0143304042102206	-0.0320093602331797	0.920191061293804	0.943075089685189	0.84747480779536	0.773922595405442
Betaproteobacteria	0.862108115742958	0.996615351128959	0.51099556969204	0.577554175675703	-0.000748682297397691	0.129441135280967	0.133364875104269	0.931632963786745	0.996615351128959	0.728440492965248	0.773922595405442
Thermomicrobia	0.897128939206014	0.550992572831841	0.851773625172464	0.824640406402944	0.048589251837695	-0.0169073540173965	0.0243996807262954	0.95338377926019	0.75339800774966	0.90585449026278	0.891143664983827
Ardenticatenia	0.93042635667708	0.641380813116559	0.693615679646383	0.566176741358149	0.0360552937992614	0.033919236287673	0.0601746224453651	0.95338377926019	0.808875895783662	0.84747480779536	0.773922595405442
Chitinophagia	0.930822050565739	0.785290564198554	0.584050616574838	0.874823511521379	-0.0219162567902813	-0.0493454227414692	0.0173632694477046	0.95338377926019	0.888958832685388	0.798599822663554	0.915830863623944
Opitutae	0.939154170614516	0.755457823069432	0.999487282680695	0.678643975803822	0.0284156755261471	-6.55684901817843e-05	-0.0518630455639354	0.95338377926019	0.872684036993999	0.999487282680695	0.79359974567638
Phycisphaerae	0.972250258330829	0.643218981057317	0.891905064907383	0.955938826958894	0.0275710818444559	0.00898892870049779	0.00444677155325958	0.972250258330829	0.808875895783662	0.933713114824916	0.970422748579483
