bugName	pval	pPost	sPost	Adjustedpval	AdjustedpPost
Faecalibacterium	7.30787020464252e-06	7.30787020465313e-06	-1.40881946476236	0.0055174420045051	0.00551744200451311
Blautia	4.68197811704929e-05	4.68197811705041e-05	-1.14622512465504	0.00812732697442531	0.00812732697441943
Acetoanaerobium	5.52216013669504e-05	5.52216013669688e-05	0.455850732228197	0.00812732697442531	0.00812732697441943
Longibaculum	5.55607203255315e-05	5.55607203255541e-05	-0.988272889066381	0.00812732697442531	0.00812732697441943
Lactobacillus	6.36908684646942e-05	6.36908684646889e-05	-0.747266811116387	0.00812732697442531	0.00812732697441943
Collinsella	6.45880289358303e-05	6.45880289357836e-05	-1.01005405534602	0.00812732697442531	0.00812732697441943
Clostridium	0.000149110348609316	0.000149110348609327	-0.549886396872802	0.0160826161714334	0.0160826161714346
Mobiluncus	0.000282651766673747	0.00028265176667376	0.903189512481689	0.0243927173378442	0.0243927173378396
Jonquetella	0.000290774113961056	0.000290774113961001	0.935718237232718	0.0243927173378442	0.0243927173378396
Megamonas	0.000367251213198028	0.000367251213198102	-1.17161599713701	0.0277274665964511	0.0277274665964567
Lachnoclostridium	0.000489418183075463	0.000489418183075527	-0.8759070546543	0.0335918843838159	0.0335918843838202
Veillonella	0.000940954497943625	0.00094095449794361	-0.891021056197486	0.0530503423913096	0.0530503423913129
Lachnospira	0.00096206839767532	0.000962068397675324	-0.878662770162752	0.0530503423913096	0.0530503423913129
Oscillibacter	0.000983714958249449	0.000983714958249511	-0.79621200808775	0.0530503423913096	0.0530503423913129
Anaerobutyricum	0.00133417133828184	0.00133417133828183	-0.799301601052768	0.0671532906935194	0.0671532906935187
Ruminococcus	0.00151111669574011	0.00151111669574009	-0.787274909307407	0.0712639842670701	0.0712639842670705
Cloacibacillus	0.00160461951329827	0.00160461951329828	0.659285613636127	0.0712639842670701	0.0712639842670705
Phascolarctobacterium	0.00172620663236722	0.00172620663236725	-0.79818836855273	0.0724047781909585	0.0724047781909596
Intestinimonas	0.00218804216409263	0.00218804216409262	-0.711269623805704	0.0809089521938233	0.0809089521938241
Petrimonas	0.00223662833350635	0.00223662833350636	0.832984365502698	0.0809089521938233	0.0809089521938241
Pseudobutyrivibrio	0.00225044767691429	0.00225044767691431	-0.924501900193501	0.0809089521938233	0.0809089521938241
Ruthenibacterium	0.00247434932246682	0.00247434932246676	-0.560617394479762	0.0818409454953206	0.0818409454953212
Phocaeicola	0.00249316787601639	0.00249316787601641	-0.967022439194587	0.0818409454953206	0.0818409454953212
Actinotignum	0.0028015661218237	0.00280156612182363	0.505748851620899	0.0871809278314053	0.0871809278314044
Schaalia	0.00296673963196925	0.00296673963196927	0.566231137509632	0.0871809278314053	0.0871809278314044
Capnocytophaga	0.0030022571173729	0.00300225711737286	0.535269375325157	0.0871809278314053	0.0871809278314044
Roseburia	0.00344764155305355	0.00344764155305349	-0.769607988691792	0.0964062730576085	0.0964062730576068
Anaerostipes	0.00377415232450995	0.00377415232450997	-0.613570626749995	0.101767321607322	0.101767321607322
Anaerotignum	0.00520211125111192	0.00520211125111193	-0.687442069651329	0.131257605861609	0.131257605861609
Desulfomicrobium	0.00527007189185047	0.00527007189185048	0.179189251466998	0.131257605861609	0.131257605861609
Flaviflexus	0.00538938514133758	0.00538938514133758	0.123891993341774	0.131257605861609	0.131257605861609
Haemophilus	0.00563719023704046	0.00563719023704041	-0.977853223929389	0.132945009583002	0.132945009583002
Alkaliphilus	0.00581084147846234	0.00581084147846232	0.269042720100573	0.132945009583002	0.132945009583002
Sutterella	0.00600184988289398	0.00600184988289403	-0.607095664142368	0.133276372399558	0.133276372399559
Tropheryma	0.0062146226597859	0.00621462265978585	0.336184302278357	0.134058288803953	0.134058288803952
Methanobrevibacter	0.00699598292051795	0.0069959829205179	0.287833390806853	0.143495165630393	0.143495165630391
Galbibacter	0.00703221341499938	0.00703221341499931	0.344873906217486	0.143495165630393	0.143495165630391
Permianibacter	0.00744762181731617	0.00744762181731619	0.113573563358535	0.147972486107203	0.147972486107203
Hirschia	0.00832364811873987	0.00832364811873992	0.175769638063165	0.16113729050381	0.161137290503811
Caldicellulosiruptor	0.0087917343407955	0.00879173434079557	0.17486181911923	0.165943985682515	0.165943985682516
Massilistercora	0.00960637501050732	0.00960637501050731	-0.524876333404628	0.176228719619292	0.176228719619292
Geosporobacter	0.00980345195233145	0.00980345195233146	0.117927098055374	0.176228719619292	0.176228719619292
Winogradskyella	0.0102102996608955	0.0102102996608956	0.183256704820911	0.179273866138979	0.17927386613898
Comamonas	0.010851810395431	0.010851810395431	-0.570317224405403	0.186207201103419	0.186207201103419
Halobacteroides	0.0120544357403893	0.0120544357403894	0.186436497934987	0.202246644088754	0.202246644088756
Egibacter	0.0144127563008103	0.0144127563008102	0.1790963964134	0.234502377957045	0.234502377957045
Syntrophothermus	0.0148401823688074	0.0148401823688073	0.286109834075763	0.234502377957045	0.234502377957045
Flavonifractor	0.0149087604528982	0.0149087604528982	-0.474590473755861	0.234502377957045	0.234502377957045
Petrocella	0.0152646202955729	0.0152646202955729	-0.567050842073946	0.235199761697092	0.235199761697093
Methylovorus	0.0163120526472392	0.0163120526472392	0.128485816780973	0.246311994973312	0.246311994973312
Candidatus Reidiella	0.0171623692481423	0.0171623692481423	0.143003253090752	0.250272184408809	0.250272184408809
Halothermothrix	0.0174960325348921	0.0174960325348921	0.195798662823335	0.250272184408809	0.250272184408809
Brevibacterium	0.017654157495987	0.0176541574959869	0.272971712897391	0.250272184408809	0.250272184408809
Serpentinomonas	0.0184220365010008	0.0184220365010008	0.18276405663314	0.250272184408809	0.250272184408809
Endomicrobium	0.0186407219293681	0.0186407219293681	0.266396933253699	0.250272184408809	0.250272184408809
Nitratiruptor	0.0189800173083463	0.0189800173083463	0.120258179157219	0.250272184408809	0.250272184408809
Aeromonas	0.0191917787210778	0.0191917787210778	-0.441016181445275	0.250272184408809	0.250272184408809
Filomicrobium	0.019226207543988	0.0192262075439879	0.348978044331531	0.250272184408809	0.250272184408809
Bacteroides	0.0202588271706167	0.0202588271706167	-0.464255538942235	0.259115349225989	0.259115349225989
Tissierella	0.020638247506012	0.0206382475060119	0.147657605419803	0.259115349225989	0.259115349225989
Chromobacterium	0.0209351474209077	0.0209351474209077	0.124074764912054	0.259115349225989	0.259115349225989
Erysipelothrix	0.021431765006075	0.021431765006075	0.575754880682053	0.260983589993333	0.260983589993333
Proteiniphilum	0.0234475328577899	0.0234475328577899	0.314468325748808	0.280998211232244	0.280998211232245
Corallococcus	0.0241712494722521	0.0241712494722521	0.163580557054611	0.285145208617974	0.285145208617974
Leptospira	0.0247302448143736	0.0247302448143735	0.109433971970598	0.28725130515157	0.28725130515157
Paraoceanicella	0.0259183318942204	0.0259183318942204	-0.176578684432425	0.296490008789946	0.296490008789945
Acutalibacter	0.0263554728509379	0.0263554728509379	-0.547837603874601	0.296990776156091	0.296990776156091
Bifidobacterium	0.0278372562201782	0.0278372562201782	-0.497183462736922	0.304129169697236	0.304129169697236
Anaerococcus	0.0281250424797059	0.0281250424797059	-0.536522177511717	0.304129169697236	0.304129169697236
Finegoldia	0.0281974064619954	0.0281974064619954	-0.593325222465431	0.304129169697236	0.304129169697236
Pectinatus	0.0290680987412664	0.0290680987412664	0.31605321547371	0.307260411435575	0.307260411435575
Delftia	0.02930165513028	0.02930165513028	0.282772660102664	0.307260411435575	0.307260411435575
Arcanobacterium	0.0312492386595338	0.0312492386595338	0.245955411702754	0.323194180656822	0.323194180656822
Collimonas	0.0318609355354953	0.0318609355354952	-0.145532502804256	0.325067653098634	0.325067653098634
Marinilactibacillus	0.032895639911077	0.0328956399110771	0.188314886619497	0.331149441771509	0.331149441771509
Acidaminococcus	0.0343629914783563	0.0343629914783563	-0.423322596675093	0.338471269014512	0.338471269014512
Orientia	0.0345195863763145	0.0345195863763145	0.189823642686466	0.338471269014512	0.338471269014512
Adlercreutzia	0.0353346152272237	0.0353346152272237	-0.325988886316225	0.340291493339144	0.340291493339144
Nonlabens	0.035606659567937	0.035606659567937	0.129219818785574	0.340291493339144	0.340291493339144
Verminephrobacter	0.0396644457154911	0.0396644457154911	0.0723740154903489	0.373226135911265	0.373226135911265
Frankia	0.0400414794818709	0.0400414794818708	-0.430284201569858	0.373226135911265	0.373226135911265
Pectobacterium	0.0426606634712409	0.0426606634712409	-0.194333122529891	0.392790255131547	0.392790255131547
Ereboglobus	0.0443323126547605	0.0443323126547605	0.169907261561462	0.403263807883664	0.403263807883665
Blattabacterium	0.0459702528992195	0.0459702528992195	0.336430514648612	0.410978466830016	0.410978466830016
Candidatus Cardinium	0.0464876585957659	0.0464876585957659	0.0864092251903402	0.410978466830016	0.410978466830016
Geobacillus	0.0468134412548098	0.0468134412548098	0.183505376479282	0.410978466830016	0.410978466830016
Azospira	0.0475117913829406	0.0475117913829405	0.171090830843986	0.412159396146167	0.412159396146167
Alistipes	0.0480397706766393	0.0480397706766394	-0.499727765748268	0.412159396146167	0.412159396146167
Acidobacterium	0.0497023484267263	0.0497023484267262	0.271087819039721	0.421632281597509	0.421632281597509
Anaerocolumna	0.0511013716412854	0.0511013716412853	-0.445030707304784	0.428683728768561	0.42868372876856
Acidiphilium	0.0522846625665554	0.0522846625665554	0.345167142115028	0.432047583032102	0.432047583032102
Fluviicola	0.0526468577999383	0.0526468577999383	0.156772362542319	0.432047583032102	0.432047583032102
Acidothermus	0.0563284159086678	0.0563284159086678	0.224032400521413	0.449846933104117	0.449846933104117
Erwinia	0.0566209450655519	0.056620945065552	-0.139369695895478	0.449846933104117	0.449846933104117
Rhodoplanes	0.0574422784346382	0.0574422784346382	0.308614232157657	0.449846933104117	0.449846933104117
Morganella	0.0577921186920143	0.0577921186920143	-0.452433225191928	0.449846933104117	0.449846933104117
Saccharospirillum	0.0577949039882111	0.0577949039882111	-0.102038938732979	0.449846933104117	0.449846933104117
Rubrivivax	0.0605656736102378	0.0605656736102378	0.125600147042026	0.453944567311156	0.453944567311156
Flammeovirga	0.0607225916221736	0.0607225916221736	0.275646720546331	0.453944567311156	0.453944567311156
Bacteriovorax	0.0611857694322164	0.0611857694322165	0.175886450760531	0.453944567311156	0.453944567311156
Hungatella	0.0613124593144347	0.0613124593144347	-0.356862174652698	0.453944567311156	0.453944567311156
Candidatus Kuenenia	0.0616266233981033	0.0616266233981033	0.132621830502055	0.453944567311156	0.453944567311156
Bordetella	0.0619288615007272	0.0619288615007272	0.235773312786859	0.453944567311156	0.453944567311156
Lachnoanaerobaculum	0.063204544907035	0.063204544907035	-0.300218296121222	0.457411539430809	0.457411539430809
Draconibacterium	0.0636135253513046	0.0636135253513046	0.210494165457031	0.457411539430809	0.457411539430809
Candidatus Methylopumilus	0.0650769430479072	0.0650769430479072	0.313220190266178	0.463519735860094	0.463519735860094
Akkermansia	0.0666552401146113	0.0666552401146114	-0.515150252625245	0.470324357818052	0.470324357818052
Shewanella	0.0682261798816945	0.0682261798816946	-0.382284353915042	0.474132721462387	0.474132721462387
Lancefieldella	0.0697703438818772	0.0697703438818772	0.398378593146966	0.474132721462387	0.474132721462387
Ndongobacter	0.0700423024855852	0.0700423024855852	0.181692455528582	0.474132721462387	0.474132721462387
Loigolactobacillus	0.0709368562210564	0.0709368562210563	0.133585534451184	0.474132721462387	0.474132721462387
Pigmentiphaga	0.0726217738960844	0.0726217738960843	0.156689520692557	0.474132721462387	0.474132721462387
Methyloceanibacter	0.0729621813756148	0.0729621813756148	0.20885049424477	0.474132721462387	0.474132721462387
Sulfurivermis	0.0730576319221017	0.0730576319221017	-0.0967855703020808	0.474132721462387	0.474132721462387
Sulfitobacter	0.0737429774544529	0.0737429774544529	-0.0463153293448672	0.474132721462387	0.474132721462387
Antarcticibacterium	0.0738023220101931	0.0738023220101932	0.0722156305141552	0.474132721462387	0.474132721462387
Lautropia	0.0738823208513174	0.0738823208513174	0.136477982863289	0.474132721462387	0.474132721462387
Hippea	0.0746927472183379	0.0746927472183378	0.139781880149612	0.474132721462387	0.474132721462387
Minicystis	0.0752906749625596	0.0752906749625596	0.167902901994282	0.474132721462387	0.474132721462387
Oscillatoria	0.0753588431463397	0.0753588431463396	0.166710898994541	0.474132721462387	0.474132721462387
Thiomicrorhabdus	0.0762362115404607	0.0762362115404607	0.0811834652584097	0.474258323378814	0.474258323378814
Desulfatibacillum	0.0766351198042586	0.0766351198042586	0.162037100331431	0.474258323378814	0.474258323378814
Fibrella	0.0796298256765968	0.0796298256765969	0.178129814313021	0.481769449649148	0.481769449649148
Niveispirillum	0.079998965331507	0.0799989653315069	-0.110515849219978	0.481769449649148	0.481769449649148
Spiribacter	0.0802841663340639	0.0802841663340638	-0.0537253195858976	0.481769449649148	0.481769449649148
Actinobacillus	0.0812867799074026	0.0812867799074027	-0.0532032818373056	0.481769449649148	0.481769449649148
Nitrosospira	0.0838499385372841	0.083849938537284	0.254767159401203	0.481769449649148	0.481769449649148
Saprospira	0.0838526993904177	0.0838526993904177	0.168914274469327	0.481769449649148	0.481769449649148
Deinococcus	0.0838541932642349	0.0838541932642349	0.186811066635041	0.481769449649148	0.481769449649148
Aerococcus	0.0845480928375439	0.0845480928375439	0.275377577690351	0.481769449649148	0.481769449649148
Hyphomicrobium	0.0851045872022435	0.0851045872022435	0.316118513245271	0.481769449649148	0.481769449649148
Limnohabitans	0.0854897084353563	0.0854897084353563	0.144419907459899	0.481769449649148	0.481769449649148
Hungateiclostridium	0.0863344106867847	0.0863344106867848	-0.211304440970839	0.481769449649148	0.481769449649148
Blastococcus	0.0864752792464746	0.0864752792464746	-0.0732333676758652	0.481769449649148	0.481769449649148
Paenisporosarcina	0.0871396578944794	0.0871396578944793	0.122888648393131	0.481769449649148	0.481769449649148
Plesiomonas	0.0872559229988611	0.0872559229988611	-0.0874178530167429	0.481769449649148	0.481769449649148
Halioglobus	0.0874204166913024	0.0874204166913024	0.121164335200513	0.481769449649148	0.481769449649148
Jeotgalicoccus	0.0899898469079152	0.0899898469079152	-0.0880118825304032	0.485761371043313	0.485761371043313
Beggiatoa	0.0907566537457231	0.090756653745723	0.131112146407667	0.485761371043313	0.485761371043313
Exiguobacterium	0.0907678035329214	0.0907678035329213	0.0540884634062316	0.485761371043313	0.485761371043313
Flavobacterium	0.0908402594212183	0.0908402594212183	0.334823694955605	0.485761371043313	0.485761371043313
Calothrix	0.0919832000711789	0.0919832000711789	0.233235919561929	0.485761371043313	0.485761371043313
Pasteurella	0.0920051338532367	0.0920051338532367	-0.127422336772918	0.485761371043313	0.485761371043313
Lawsonia	0.095517062361133	0.095517062361133	0.139557798403349	0.500619537996039	0.500619537996039
Faecalitalea	0.0961454741846697	0.0961454741846697	-0.259573152478609	0.500619537996039	0.500619537996039
Oxalobacter	0.101553716416648	0.101553716416648	-0.111633055613425	0.522705098059269	0.522705098059268
Desulfoglaeba	0.101771721079089	0.101771721079089	0.157522410961711	0.522705098059269	0.522705098059268
Ramlibacter	0.103216915109586	0.103216915109586	0.217791370645091	0.525692968567552	0.525692968567552
Brucella	0.103746029558365	0.103746029558365	0.1073309197988	0.525692968567552	0.525692968567552
Variibacter	0.105827227196143	0.105827227196143	0.119648050850263	0.532663710220588	0.532663710220589
Enterocloster	0.108224172387804	0.108224172387804	-0.164994770972236	0.541120861939021	0.541120861939021
Methyloversatilis	0.109545337727454	0.109545337727454	0.238539616675187	0.542820881341524	0.542820881341524
Limosilactobacillus	0.110394968554939	0.110394968554939	-0.236364298337831	0.542820881341524	0.542820881341524
Candidatus Ruthia	0.110844244366958	0.110844244366958	0.0694255804690892	0.542820881341524	0.542820881341524
Chryseobacterium	0.111440048487333	0.111440048487333	-0.127903042576665	0.542820881341524	0.542820881341524
Aeromicrobium	0.113113589119345	0.113113589119345	0.157567285232254	0.543422408406741	0.54342240840674
Kushneria	0.113961566866746	0.113961566866746	-0.0491295115031886	0.543422408406741	0.54342240840674
Candidatus Phaeomarinobacter	0.114115995597059	0.114115995597059	0.130637582549506	0.543422408406741	0.54342240840674
Polaromonas	0.114995530164215	0.114995530164215	0.108436636901511	0.543422408406741	0.54342240840674
Lacrimispora	0.115385388039089	0.115385388039089	-0.307104299563646	0.543422408406741	0.54342240840674
Ahniella	0.115882129474815	0.115882129474815	0.160987288553042	0.543422408406741	0.54342240840674
Ezakiella	0.11848636767105	0.11848636767105	0.369599613705372	0.548855193890173	0.548855193890173
Parabacteroides	0.118572678121813	0.118572678121813	-0.326440765204079	0.548855193890173	0.548855193890173
Thermodesulfatator	0.119221525560249	0.119221525560249	0.132209200610299	0.548855193890173	0.548855193890173
Tessaracoccus	0.120276360017697	0.120276360017697	0.124967334934728	0.550282416483349	0.550282416483349
Candidatus Desulforudis	0.121098846325592	0.121098846325592	0.0977040619745288	0.550282416483349	0.550282416483349
Filifactor	0.122661635160059	0.122661635160059	-0.234026328939724	0.550282416483349	0.550282416483349
Desulfuromonas	0.123749914996373	0.123749914996373	0.127738907503426	0.550282416483349	0.550282416483349
Acaryochloris	0.123796273230728	0.123796273230728	0.0737357964898186	0.550282416483349	0.550282416483349
Aquabacterium	0.124597511820005	0.124597511820005	0.095141958949158	0.550282416483349	0.550282416483349
Marinithermus	0.124633500951858	0.124633500951858	-0.186255732940693	0.550282416483349	0.550282416483349
Flavihumibacter	0.126635141289251	0.126635141289252	0.120538192774594	0.553628556312902	0.553628556312902
Kineobactrum	0.127423233086501	0.127423233086501	-0.0712594663911739	0.553628556312902	0.553628556312902
Fuerstia	0.128025442895873	0.128025442895873	0.11424145078907	0.553628556312902	0.553628556312902
Vitreoscilla	0.128324499807626	0.128324499807626	0.0873463896800314	0.553628556312902	0.553628556312902
Sphaerobacter	0.131273641370013	0.131273641370012	0.18130915692459	0.563134086558861	0.56313408655886
Candidatus Nitrotoga	0.13383299771564	0.13383299771564	0.205691966345919	0.570869566527165	0.570869566527165
Syntrophus	0.135157447281803	0.135157447281803	0.147061687588947	0.573280183695288	0.573280183695288
Gemmata	0.138940308234283	0.138940308234283	0.0877167163903896	0.583951302177794	0.583951302177794
Vagococcus	0.139220178002653	0.139220178002653	-0.269161573524224	0.583951302177794	0.583951302177794
Thermobifida	0.140357267065962	0.140357267065962	0.109200472473401	0.585468158203323	0.585468158203323
Duncaniella	0.141499740258872	0.141499740258872	0.464712686591236	0.586990680744221	0.586990680744221
Simkania	0.142786514135201	0.142786514135201	0.0595286325163926	0.589091902579656	0.589091902579656
Thiomicrospira	0.145254854466769	0.145254854466769	0.167816570295343	0.590812372827426	0.590812372827426
Brachybacterium	0.14586539074976	0.14586539074976	-0.140614923782665	0.590812372827426	0.590812372827426
Acidithiobacillus	0.146349363194662	0.146349363194662	0.166423448078245	0.590812372827426	0.590812372827426
Murdochiella	0.146450007338424	0.146450007338424	0.279918177720484	0.590812372827426	0.590812372827426
Leptolyngbya	0.14711619349875	0.14711619349875	0.105432758706914	0.590812372827426	0.590812372827426
Kosakonia	0.152104653218587	0.152104653218587	-0.110708119706721	0.607613826349382	0.607613826349381
Eggerthella	0.154164863962166	0.154164863962166	-0.191659939038656	0.61147511554622	0.61147511554622
Cellulomonas	0.154691055720964	0.154691055720964	0.122996728407406	0.61147511554622	0.61147511554622
Planctopirus	0.156143809843439	0.156143809843439	0.0948596787524705	0.614003002248941	0.614003002248941
Oceanisphaera	0.157717667417258	0.157717667417258	-0.10732005424634	0.616776705587359	0.616776705587359
Pajaroellobacter	0.158726306575424	0.158726306575424	-0.117710479477584	0.616776705587359	0.616776705587359
Spiroplasma	0.159299943827199	0.159299943827199	-0.165524944765329	0.616776705587359	0.616776705587359
Salmonella	0.161187333933209	0.161187333933209	-0.303652882081379	0.617833841431538	0.617833841431538
Romboutsia	0.162282848498642	0.162282848498642	-0.269544781428271	0.617833841431538	0.617833841431538
Anseongella	0.163225525949871	0.163225525949871	0.140291774414689	0.617833841431538	0.617833841431538
Phenylobacterium	0.163594754140847	0.163594754140847	0.195706844871106	0.617833841431538	0.617833841431538
Lactiplantibacillus	0.163664593756699	0.163664593756699	-0.134304304921755	0.617833841431538	0.617833841431538
Caulobacter	0.165630751155738	0.165630751155738	-0.105950944321055	0.622145358818816	0.622145358818817
Amycolatopsis	0.16686521642585	0.16686521642585	-0.0712322531888108	0.623246976737792	0.623246976737792
Duganella	0.16822389947345	0.16822389947345	0.162386719161653	0.623246976737792	0.623246976737792
Thermus	0.168400507621867	0.168400507621867	-0.0603049646905234	0.623246976737792	0.623246976737792
Euzebyella	0.169925097595562	0.169925097595562	0.193674226453915	0.624152985164774	0.624152985164774
Brevefilum	0.170298695289991	0.170298695289991	0.178944763335902	0.624152985164774	0.624152985164774
Azorhizobium	0.173527924144521	0.173527924144521	-0.149863804252074	0.630653391548445	0.630653391548445
Salinispora	0.173742921115333	0.173742921115333	-0.0812285115047427	0.630653391548445	0.630653391548445
Proteus	0.177177465253032	0.177177465253032	-0.324034349125122	0.638234932445574	0.638234932445574
Anaerolinea	0.180156049555615	0.180156049555615	0.242158548141262	0.638234932445574	0.638234932445574
Hahella	0.180268105771974	0.180268105771974	0.120627305752732	0.638234932445574	0.638234932445574
Mycobacterium	0.18080937829698	0.18080937829698	-0.360629044820123	0.638234932445574	0.638234932445574
Candidatus Paracaedibacter	0.180952928433063	0.180952928433063	0.099833347268556	0.638234932445574	0.638234932445574
Fastidiosipila	0.181584327638173	0.181584327638173	-0.374542115790975	0.638234932445574	0.638234932445574
Caldisericum	0.181749020497746	0.181749020497746	0.0916078246166329	0.638234932445574	0.638234932445574
Desulfosarcina	0.18652812272247	0.18652812272247	0.156190879083735	0.651321123069732	0.651321123069732
Mesotoga	0.187200905571036	0.187200905571036	0.134812000166013	0.651321123069732	0.651321123069732
Ligilactobacillus	0.192179368587855	0.192179368587855	-0.255008949665127	0.664270769583985	0.664270769583985
Gottschalkia	0.193096607675903	0.193096607675903	0.0860850201969297	0.664270769583985	0.664270769583985
Ignavibacterium	0.194688270644331	0.194688270644332	0.11912573360203	0.664270769583985	0.664270769583985
Pedobacter	0.194791944562791	0.194791944562791	0.231267532660848	0.664270769583985	0.664270769583985
Mesobacillus	0.195322001122708	0.195322001122708	0.159377080930482	0.664270769583985	0.664270769583985
Tetragenococcus	0.203030002545436	0.203030002545436	0.112009808120433	0.678859776068279	0.678859776068279
Candidatus Methylospira	0.203917317575133	0.203917317575133	-0.0350846192113085	0.678859776068279	0.678859776068279
Moraxella	0.204079856726919	0.204079856726919	0.153163310577352	0.678859776068279	0.678859776068279
Sandaracinus	0.204186223191297	0.204186223191297	0.228873266059727	0.678859776068279	0.678859776068279
Candidatus Amoebophilus	0.204871901731911	0.204871901731911	0.118303131351999	0.678859776068279	0.678859776068279
Noviherbaspirillum	0.205006660852407	0.205006660852407	-0.0618201533931777	0.678859776068279	0.678859776068279
Thermanaeromonas	0.207667577841166	0.207667577841166	0.0634698446063409	0.68014013054454	0.68014013054454
Macrococcus	0.208000034545934	0.208000034545934	-0.0972954848172234	0.68014013054454	0.68014013054454
Butyricimonas	0.208141760039811	0.208141760039811	-0.284988960832969	0.68014013054454	0.68014013054454
Desulfocapsa	0.208996702366004	0.208996702366004	0.110901360348041	0.68014013054454	0.68014013054454
Thioalkalivibrio	0.211220932876749	0.211220932876749	0.156724582148454	0.683744466200755	0.683744466200755
Euzebya	0.211915503431757	0.211915503431757	0.180153486871156	0.683744466200755	0.683744466200755
Megasphaera	0.216082465646147	0.216082465646147	0.354678511449738	0.693331945597134	0.693331945597134
Thalassolituus	0.217946175908617	0.217946175908617	0.0987220456880847	0.693331945597134	0.693331945597134
Sulfuricella	0.218086886636562	0.218086886636562	0.115344474073799	0.693331945597134	0.693331945597134
Undibacterium	0.218560268943203	0.218560268943203	0.0626619428713392	0.693331945597134	0.693331945597134
Acidibrevibacterium	0.220526397825104	0.220526397825104	0.135600305560334	0.693440078525165	0.693440078525165
Thauera	0.221105119384962	0.221105119384963	-0.120318345131496	0.693440078525165	0.693440078525165
Rhizobium	0.222063738079192	0.222063738079192	0.122241432224055	0.693440078525165	0.693440078525165
Alienimonas	0.222711454337488	0.222711454337488	-0.0466494049650633	0.693440078525165	0.693440078525165
Cupriavidus	0.224330902241471	0.224330902241471	-0.135204542780573	0.693440078525165	0.693440078525165
Janthinobacterium	0.224769097304978	0.224769097304978	0.156718128904934	0.693440078525165	0.693440078525165
Dietzia	0.225023601640617	0.225023601640616	-0.0645026159748367	0.693440078525165	0.693440078525165
Mediterraneibacter	0.228668192234151	0.228668192234151	-0.24723610615968	0.698903159925695	0.698903159925695
Thermoanaerobacter	0.22977099982027	0.22977099982027	0.108713888447858	0.698903159925695	0.698903159925695
Candidatus Hepatoplasma	0.23139765400243	0.23139765400243	-0.0384736324906333	0.698903159925695	0.698903159925695
Maricaulis	0.231902850077401	0.231902850077401	-0.0799348841353937	0.698903159925695	0.698903159925695
Allopseudarcicella	0.234856705634721	0.234856705634721	0.18105143171746	0.698903159925695	0.698903159925695
Baekduia	0.235302739449745	0.235302739449745	0.20887830190373	0.698903159925695	0.698903159925695
Enterococcus	0.235334268644225	0.235334268644225	0.207102051211943	0.698903159925695	0.698903159925695
Desulfobacula	0.235983272659418	0.235983272659418	0.0948908381175373	0.698903159925695	0.698903159925695
Olsenella	0.238060598491952	0.238060598491952	0.235448016460493	0.698903159925695	0.698903159925695
Aneurinibacillus	0.238976134796808	0.238976134796808	0.088544292150735	0.698903159925695	0.698903159925695
Psychrobacter	0.240113250731364	0.240113250731364	-0.0548252207516551	0.698903159925695	0.698903159925695
Candidatus Phycorickettsia	0.240195578898251	0.240195578898251	0.129674413054952	0.698903159925695	0.698903159925695
Syntrophomonas	0.240448317042669	0.24044831704267	0.126590860955991	0.698903159925695	0.698903159925695
Candidatus Koribacter	0.240461101032747	0.240461101032747	0.198843175551606	0.698903159925695	0.698903159925695
Sphaerochaeta	0.240681882888319	0.240681882888319	0.102140299417942	0.698903159925695	0.698903159925695
Rhodanobacter	0.242895119307165	0.242895119307165	0.10976311843349	0.700456965295609	0.700456965295608
Labilithrix	0.243072483321125	0.243072483321125	0.176246173409992	0.700456965295609	0.700456965295608
Listeria	0.245681830179287	0.245681830179287	0.155642670194682	0.705284341389209	0.705284341389209
Slackia	0.247657168009978	0.247657168009978	-0.132286268728995	0.708261976695202	0.708261976695202
Pediococcus	0.250647474925421	0.250647474925421	-0.0846467615139616	0.710364635475687	0.710364635475687
Aminipila	0.251100853127596	0.251100853127596	0.183492124035605	0.710364635475687	0.710364635475687
Actinomyces	0.251754771097418	0.251754771097418	0.218652822476697	0.710364635475687	0.710364635475687
Xanthomonas	0.252960837412173	0.252960837412173	0.103110241211108	0.710364635475687	0.710364635475687
Levilactobacillus	0.253617527932929	0.253617527932929	0.058769721342202	0.710364635475687	0.710364635475687
Bernardetia	0.254037684209848	0.254037684209848	0.046005964103492	0.710364635475687	0.710364635475687
Raoultella	0.255211310803651	0.255211310803651	-0.118497429699948	0.711013061464046	0.711013061464046
Vibrio	0.259285619701876	0.259285619701876	-0.175825696034195	0.719708245863664	0.719708245863664
Nocardioides	0.264609867713256	0.264609867713256	0.15367829457072	0.729451695959824	0.729451695959824
Candidatus Nanosynbacter	0.267684124337222	0.267684124337222	0.137691713484096	0.729451695959824	0.729451695959824
Candidatus Hamiltonella	0.268226961672043	0.268226961672043	-0.0669471159549278	0.729451695959824	0.729451695959824
Gardnerella	0.26824153145823	0.26824153145823	-0.26122396264141	0.729451695959824	0.729451695959824
Hyphobacterium	0.268585142160915	0.268585142160915	0.115248144906966	0.729451695959824	0.729451695959824
Ethanoligenens	0.268994724521942	0.268994724521942	-0.0929323805798029	0.729451695959824	0.729451695959824
Pantoea	0.269558971089789	0.269558971089789	-0.113427880327492	0.729451695959824	0.729451695959824
Rhodobacter	0.270528049022823	0.270528049022824	-0.0998450024332323	0.72945956075797	0.729459560757971
Aequorivita	0.272401360300731	0.272401360300731	0.100259191762449	0.731896893334704	0.731896893334704
Escherichia	0.274564457722266	0.274564457722266	-0.231900893400441	0.735092785745783	0.735092785745783
Serratia	0.276692600127527	0.276692600127527	-0.193219010614117	0.736389141377734	0.736389141377734
Plantactinospora	0.276999359140764	0.276999359140764	-0.0929335217637566	0.736389141377734	0.736389141377734
Thiobacillus	0.278873749958513	0.278873749958513	0.108716483897825	0.738770811293604	0.738770811293604
Pseudoalteromonas	0.280550679800471	0.280550679800471	-0.0741647648597388	0.740614556815928	0.740614556815928
Desulfobacca	0.283156742987778	0.283156742987778	0.0772043889103375	0.742294744627999	0.742294744628
Jeotgalibaca	0.283547665962395	0.283547665962395	-0.17550339938275	0.742294744627999	0.742294744628
Buchnera	0.285059349542333	0.285059349542333	-0.0926050897821506	0.742294744627999	0.742294744628
Xylanimonas	0.285119835684927	0.285119835684927	0.0797017667298883	0.742294744627999	0.742294744628
Azospirillum	0.287193399836736	0.287193399836735	0.080331027782667	0.74512376933586	0.74512376933586
Bosea	0.289907187551418	0.289907187551418	-0.0663345533767431	0.747566082648848	0.747566082648848
Halomonas	0.291075241648165	0.291075241648165	-0.136471106653198	0.747566082648848	0.747566082648848
Symbiobacterium	0.291105203044717	0.291105203044717	0.0703349125081553	0.747566082648848	0.747566082648848
Azoarcus	0.293719351193937	0.293719351193937	0.148383861772729	0.749929257447404	0.749929257447404
Persicimonas	0.29401200027077	0.29401200027077	0.0678204568131563	0.749929257447404	0.749929257447404
Carnobacterium	0.29623778915064	0.29623778915064	0.155224118075231	0.753062393295399	0.753062393295399
Planococcus	0.298403631441664	0.298403631441664	0.0630315987489911	0.753234920446306	0.753234920446306
Rhodoferax	0.298731093027098	0.298731093027098	0.149418424166158	0.753234920446306	0.753234920446306
Liberibacter	0.29929864388595	0.29929864388595	0.0916683439954541	0.753234920446306	0.753234920446306
Streptomyces	0.302325736793293	0.302325736793293	0.250704740547825	0.756740782830171	0.756740782830171
Geobacter	0.302727687762167	0.302727687762167	0.14850831463966	0.756740782830171	0.756740782830171
Marinobacter	0.303698618804691	0.303698618804691	0.114599361632978	0.756740782830171	0.756740782830171
Pseudomonas	0.304835553954479	0.304835553954479	0.259845428203763	0.757075142222473	0.757075142222473
Mucilaginibacter	0.308195690464439	0.308195690464439	0.151111218450135	0.760353344028151	0.760353344028151
Acholeplasma	0.308573077028753	0.308573077028753	0.12084781465093	0.760353344028151	0.760353344028151
Candidatus Sulcia	0.309176790220718	0.309176790220718	0.153943059940594	0.760353344028151	0.760353344028151
Nibricoccus	0.31197785476537	0.31197785476537	0.130214243712138	0.762599039873174	0.762599039873174
Geoalkalibacter	0.313333918008867	0.313333918008867	0.0767787013166064	0.762599039873174	0.762599039873174
Roseiflexus	0.313924122234227	0.313924122234227	0.111082670037899	0.762599039873174	0.762599039873174
Sulfuritortus	0.314130200530539	0.314130200530539	0.0687646613415251	0.762599039873174	0.762599039873174
Anaeromyxobacter	0.316951848599531	0.316951848599531	0.15135578254564	0.764840378870011	0.764840378870011
Lacticaseibacillus	0.317079521306375	0.317079521306375	-0.0516980379989792	0.764840378870011	0.764840378870011
Sphingobium	0.319536791772478	0.319536791772478	0.141024192396705	0.7669349325193	0.7669349325193
Kangiella	0.319979475157059	0.319979475157059	-0.111649436121264	0.7669349325193	0.7669349325193
Runella	0.323616392562644	0.323616392562644	0.0769476886824239	0.770542719015059	0.770542719015059
Arachidicoccus	0.325554878512932	0.325554878512932	0.172873831416172	0.770542719015059	0.770542719015059
Psychroflexus	0.327224188812666	0.327224188812666	0.0727154339561496	0.770542719015059	0.770542719015059
Inhella	0.327901860081436	0.327901860081436	-0.0538584468955398	0.770542719015059	0.770542719015059
Amniculibacterium	0.329138718751775	0.329138718751775	-0.148112551529317	0.770542719015059	0.770542719015059
Apibacter	0.329228970645934	0.329228970645934	0.0518708525489118	0.770542719015059	0.770542719015059
Cohnella	0.3299599586086	0.3299599586086	0.100904920053962	0.770542719015059	0.770542719015059
Roseococcus	0.330013712487697	0.330013712487697	0.0885293539204411	0.770542719015059	0.770542719015059
Pontibacter	0.330669988027654	0.330669988027654	0.152355034842505	0.770542719015059	0.770542719015059
Butyrivibrio	0.33767844045496	0.33767844045496	-0.21059215733691	0.780344183667278	0.780344183667278
Micavibrio	0.338517090567738	0.338517090567738	0.0761316250373208	0.780344183667278	0.780344183667278
Thermochromatium	0.340919247064698	0.340919247064698	0.0936498870429294	0.780344183667278	0.780344183667278
Gallionella	0.345418322171573	0.345418322171573	0.0402629630681493	0.780344183667278	0.780344183667278
Thermobispora	0.347659120530989	0.347659120530989	-0.119573329823267	0.780344183667278	0.780344183667278
Novibacillus	0.347675601332775	0.347675601332775	0.0977313544249187	0.780344183667278	0.780344183667278
Candidatus Nucleicultrix	0.3481538384667	0.3481538384667	-0.0717873153021691	0.780344183667278	0.780344183667278
Sodalis	0.348708017692443	0.348708017692443	-0.0928559750352968	0.780344183667278	0.780344183667278
Pseudolabrys	0.349233043583943	0.349233043583943	0.145801670842993	0.780344183667278	0.780344183667278
Klebsiella	0.349632168193637	0.349632168193637	-0.259746689954612	0.780344183667278	0.780344183667278
Eubacterium	0.349760500512249	0.349760500512249	-0.153549233050659	0.780344183667278	0.780344183667278
Kribbella	0.353347756252815	0.353347756252815	0.153609625338487	0.780344183667278	0.780344183667278
Rahnella	0.353416555875017	0.353416555875017	0.0590742724403956	0.780344183667278	0.780344183667278
Thiolapillus	0.354423487451097	0.354423487451097	-0.0958226281887918	0.780344183667278	0.780344183667278
Alcanivorax	0.354957937157826	0.354957937157826	-0.0887485577887672	0.780344183667278	0.780344183667278
Saccharomonospora	0.355663755299697	0.355663755299697	0.0563144479805271	0.780344183667278	0.780344183667278
Nordella	0.355883986389219	0.355883986389219	0.167113986843593	0.780344183667278	0.780344183667278
Sulfuriferula	0.356212535989956	0.356212535989956	0.0457203335000978	0.780344183667278	0.780344183667278
Nakamurella	0.356298160852961	0.356298160852961	0.114130201335585	0.780344183667278	0.780344183667278
Limnochorda	0.357701078594166	0.357701078594166	-0.0523064943081876	0.780344183667278	0.780344183667278
Kordiimonas	0.358158412295363	0.358158412295363	0.0624190709861435	0.780344183667278	0.780344183667278
Austwickia	0.359915189508607	0.359915189508607	0.0414096771255043	0.780344183667278	0.780344183667278
Barnesiella	0.361257593420174	0.361257593420174	0.206518496456022	0.780344183667278	0.780344183667278
Porphyromonas	0.362023205766286	0.362023205766286	0.293515926524479	0.780344183667278	0.780344183667278
Nibribacter	0.362158543755309	0.362158543755309	0.0357105708246416	0.780344183667278	0.780344183667278
Actinomarinicola	0.362474008028253	0.362474008028253	0.164138800170136	0.780344183667278	0.780344183667278
Lawsonella	0.362782527771145	0.362782527771145	-0.122635628059572	0.780344183667278	0.780344183667278
Methylotenera	0.364860905671049	0.364860905671049	0.0590023661711111	0.78059792504537	0.78059792504537
Virgibacillus	0.365405325237601	0.365405325237601	-0.0748033143305081	0.78059792504537	0.78059792504537
Mycoavidus	0.366002205915313	0.366002205915313	-0.0626838497377027	0.78059792504537	0.78059792504537
Chloracidobacterium	0.3680807271507	0.3680807271507	0.136715110636009	0.782819574644446	0.782819574644446
Magnetospirillum	0.371106396864481	0.371106396864481	0.134598762236811	0.787037442788435	0.787037442788435
Hymenobacter	0.374938358247741	0.374938358247741	0.129758942508148	0.792936864081357	0.792936864081357
Liquorilactobacillus	0.376561539339459	0.376561539339459	0.0919879903073275	0.793879630496818	0.793879630496818
Agromyces	0.37755836045917	0.37755836045917	-0.0630783336800779	0.793879630496818	0.793879630496818
Heliobacterium	0.378538631760072	0.378538631760072	-0.033247679980215	0.793879630496818	0.793879630496818
Gemmatimonas	0.380815919769623	0.380815919769623	0.170249320175221	0.794990799175739	0.794990799175739
Rhodococcus	0.381633161790306	0.381633161790306	0.0683859005098591	0.794990799175739	0.794990799175739
Turicibacter	0.38266533314404	0.38266533314404	-0.203990700939575	0.794990799175739	0.794990799175739
Cutibacterium	0.38328033231784	0.38328033231784	0.108034714657785	0.794990799175739	0.794990799175739
Acidihalobacter	0.384839264730628	0.384839264730628	0.0564395302246471	0.796037383209928	0.796037383209928
Desulfallas	0.387327751097474	0.387327751097474	-0.115890804500081	0.798995770706539	0.798995770706539
Maribacter	0.38934072742786	0.38934072742786	-0.0576093505970673	0.800959807106361	0.800959807106361
Thiomonas	0.391164999892709	0.391164999892709	0.0994051476796484	0.801688582335664	0.801688582335664
Agrococcus	0.392434527598335	0.392434527598335	0.081729571603318	0.801688582335664	0.801688582335664
Micropruina	0.392880497303571	0.392880497303571	0.0937699455694307	0.801688582335664	0.801688582335664
Polynucleobacter	0.394136005490885	0.394136005490885	0.101358793390319	0.801724249926255	0.801724249926255
Marinomonas	0.395100267194948	0.395100267194948	-0.0834241552019721	0.801724249926255	0.801724249926255
Candidatus Cloacimonas	0.396083636056282	0.396083636056282	0.0656974830221324	0.801724249926255	0.801724249926255
Guyparkeria	0.398468335433713	0.398468335433713	0.0511576827136467	0.804394634364848	0.804394634364848
Methylophilus	0.40040361130489	0.40040361130489	0.113808135486416	0.806145937427178	0.806145937427178
Limnobacter	0.404069562118982	0.404069562118982	0.0993980608103636	0.810421791052547	0.810421791052547
Eikenella	0.404674192353391	0.404674192353391	0.124073483142564	0.810421791052547	0.810421791052547
Blastochloris	0.406997262120704	0.406997262120704	-0.0680619525956429	0.812770159133883	0.812770159133883
Peptoclostridium	0.409470216633782	0.409470216633782	-0.0592544176910419	0.812770159133883	0.812770159133883
Mageeibacillus	0.409560173826306	0.409560173826306	-0.103793309979634	0.812770159133883	0.812770159133883
Coraliomargarita	0.410878595462501	0.410878595462501	0.055251228265949	0.812770159133883	0.812770159133883
Candidatus Planktophila	0.413440506249463	0.413440506249463	0.0992759960625878	0.812770159133883	0.812770159133883
Suicoccus	0.413908290230895	0.413908290230895	-0.047748965600422	0.812770159133883	0.812770159133883
Wenzhouxiangella	0.414738991404108	0.414738991404108	0.0429504150040929	0.812770159133883	0.812770159133883
Desulfotomaculum	0.417648533870214	0.417648533870214	0.0930196786055357	0.812770159133883	0.812770159133883
Pandoraea	0.418236322705862	0.418236322705862	0.0649021955221598	0.812770159133883	0.812770159133883
Polaribacter	0.419623462892925	0.419623462892925	0.0498163897739647	0.812770159133883	0.812770159133883
Altererythrobacter	0.419745084702619	0.419745084702619	-0.0608218446525042	0.812770159133883	0.812770159133883
Flintibacter	0.420272782866867	0.420272782866867	-0.169411585022217	0.812770159133883	0.812770159133883
Cellulosilyticum	0.420594752293732	0.420594752293732	-0.170107915769213	0.812770159133883	0.812770159133883
Kordia	0.420918055922315	0.420918055922315	0.0600081626595128	0.812770159133883	0.812770159133883
Roseomonas	0.42209219033044	0.42209219033044	0.057734538093247	0.812958172702761	0.812958172702761
Paraprevotella	0.424412195221962	0.424412195221962	-0.153024553422831	0.814388513894694	0.814388513894694
Neisseria	0.427099659491211	0.427099659491211	-0.111802742381438	0.814388513894694	0.814388513894694
Hydrogenophaga	0.427816000170279	0.427816000170279	0.107640549563934	0.814388513894694	0.814388513894694
Caproiciproducens	0.429093832474545	0.429093832474545	-0.136755307200183	0.814388513894694	0.814388513894694
Gilliamella	0.430432636967672	0.430432636967672	-0.0768853170271696	0.814388513894694	0.814388513894694
Pseudopropionibacterium	0.43156396515698	0.43156396515698	0.0416962696264453	0.814388513894694	0.814388513894694
Pseudonocardia	0.432559033822259	0.432559033822259	-0.0990815380186179	0.814388513894694	0.814388513894694
Candidatus Saccharimonas	0.433360262197687	0.433360262197687	0.170003625957892	0.814388513894694	0.814388513894694
Dickeya	0.434064276728172	0.434064276728172	-0.103503068932867	0.814388513894694	0.814388513894694
Candidatus Arthromitus	0.434216479071461	0.434216479071461	-0.0777382241172166	0.814388513894694	0.814388513894694
Desulfarculus	0.434700094171605	0.434700094171605	0.0891327948345601	0.814388513894694	0.814388513894694
Phycisphaera	0.439469582478059	0.439469582478059	0.035989206894863	0.818569929426944	0.818569929426944
Pyruvatibacter	0.439577874023453	0.439577874023453	0.0571759691788127	0.818569929426944	0.818569929426944
Caldilinea	0.440184624301111	0.440184624301111	0.112957029232925	0.818569929426944	0.818569929426944
Gimesia	0.444760072506125	0.444760072506125	-0.0558615477018218	0.824450392953354	0.824450392953354
Lichenihabitans	0.445530808377442	0.445530808377442	0.0453141122750608	0.824450392953354	0.824450392953354
Emcibacter	0.45225046227078	0.45225046227078	0.0481160002869183	0.834838872895939	0.834838872895939
Solimonas	0.458487406013771	0.458487406013771	0.0750275897183594	0.842078498167092	0.842078498167092
Nitrospira	0.458787308981623	0.458787308981623	0.126755405152316	0.842078498167092	0.842078498167092
Flavisolibacter	0.461637370644467	0.461637370644467	-0.103324670449117	0.842078498167092	0.842078498167092
Candidatus Cyclonatronum	0.462301182604445	0.462301182604445	-0.0448301888415954	0.842078498167092	0.842078498167092
Paenalcaligenes	0.462546463420604	0.462546463420604	-0.027296759825296	0.842078498167092	0.842078498167092
Frateuria	0.463845870929271	0.463845870929271	0.0491570103127731	0.842078498167092	0.842078498167092
Enterobacter	0.465982979878767	0.465982979878767	-0.1304517301546	0.842078498167092	0.842078498167092
Melioribacter	0.475682836247285	0.475682836247285	-0.0472641232038823	0.842078498167092	0.842078498167092
Friedmanniella	0.476994290072971	0.476994290072971	-0.0606109336614543	0.842078498167092	0.842078498167092
Verrucomicrobium	0.478130823028915	0.478130823028915	0.131094787269326	0.842078498167092	0.842078498167092
Arsenicicoccus	0.478438510779005	0.478438510779005	0.0278006604218902	0.842078498167092	0.842078498167092
Xylella	0.478847563008836	0.478847563008836	-0.0789550815244276	0.842078498167092	0.842078498167092
Mesorhizobium	0.479702958768225	0.479702958768225	-0.0753828788433395	0.842078498167092	0.842078498167092
Rhodobaca	0.48019074287029	0.48019074287029	0.0456474067701382	0.842078498167092	0.842078498167092
Ferrovibrio	0.480269633641478	0.480269633641478	0.0863776605357283	0.842078498167092	0.842078498167092
Streptococcus	0.480291028620766	0.480291028620766	-0.140787679842772	0.842078498167092	0.842078498167092
Turneriella	0.481048951348549	0.481048951348549	-0.042998294739331	0.842078498167092	0.842078498167092
Myroides	0.483050089825429	0.483050089825429	-0.0609983656664272	0.842078498167092	0.842078498167092
Alteromonas	0.48375920696805	0.48375920696805	0.0677461464495135	0.842078498167092	0.842078498167092
Cytophaga	0.484133017859543	0.484133017859543	0.0450670619317952	0.842078498167092	0.842078498167092
Acinetobacter	0.48442558587292	0.48442558587292	-0.116057812685435	0.842078498167092	0.842078498167092
Melaminivora	0.484429200070684	0.484429200070684	-0.0497954892434361	0.842078498167092	0.842078498167092
Thermomonas	0.485312712054065	0.485312712054065	0.0962060654696089	0.842078498167092	0.842078498167092
Halorhodospira	0.485507722704442	0.485507722704442	0.0401833528117186	0.842078498167092	0.842078498167092
Luteitalea	0.486915930073054	0.486915930073054	0.161952873967165	0.842078498167092	0.842078498167092
Defluviicoccus	0.487291104672252	0.487291104672252	-0.0479611716952024	0.842078498167092	0.842078498167092
Desulfohalobium	0.487715167147056	0.487715167147056	0.0573691158232315	0.842078498167092	0.842078498167092
Variovorax	0.488895952516861	0.488895952516861	0.101166235220253	0.842078498167092	0.842078498167092
Thermogutta	0.48962934776611	0.48962934776611	0.0259549994416091	0.842078498167092	0.842078498167092
Candidatus Protochlamydia	0.494568612230456	0.494568612230456	0.042455523677834	0.842078498167092	0.842078498167092
Ralstonia	0.496005841336015	0.496005841336015	-0.148591664188295	0.842078498167092	0.842078498167092
Sphingomonas	0.496558158254799	0.496558158254799	-0.0729865533769229	0.842078498167092	0.842078498167092
Sphingopyxis	0.498337414115921	0.498337414115921	0.0619241229816	0.842078498167092	0.842078498167092
Dehalogenimonas	0.498781070756217	0.498781070756217	0.0996276898296516	0.842078498167092	0.842078498167092
Dehalobacterium	0.499074178295846	0.499074178295846	0.0566269104746742	0.842078498167092	0.842078498167092
Chloroflexus	0.499328718487346	0.499328718487346	0.0680892241866915	0.842078498167092	0.842078498167092
Bdellovibrio	0.499341999848296	0.499341999848296	0.0915214840058702	0.842078498167092	0.842078498167092
Labilibaculum	0.499591174658816	0.499591174658816	-0.0197498368667088	0.842078498167092	0.842078498167092
Candidatus Nanopelagicus	0.501720300649667	0.501720300649667	0.0465203105385528	0.842078498167092	0.842078498167092
Ilumatobacter	0.502176128997322	0.502176128997322	0.114280336158086	0.842078498167092	0.842078498167092
Gemmatirosa	0.504635159701163	0.504635159701163	0.13295840383699	0.842078498167092	0.842078498167092
Elusimicrobium	0.507890130196937	0.507890130196937	0.0600267066175032	0.842078498167092	0.842078498167092
Mannheimia	0.508580636727132	0.508580636727132	0.0650688630050934	0.842078498167092	0.842078498167092
Paludibacter	0.509403836887662	0.509403836887662	-0.111375894717166	0.842078498167092	0.842078498167092
Aquiflexum	0.509684376117617	0.509684376117617	0.110607406773911	0.842078498167092	0.842078498167092
Candidatus Midichloria	0.510098572943538	0.510098572943538	0.0445465442794772	0.842078498167092	0.842078498167092
Dechloromonas	0.510247370454934	0.510247370454934	-0.0608163535431622	0.842078498167092	0.842078498167092
Scytonema	0.51056318131662	0.51056318131662	0.0398250895264891	0.842078498167092	0.842078498167092
Sneathia	0.512408722205683	0.512408722205683	0.19226136101846	0.842078498167092	0.842078498167092
Thalassospira	0.516331186878894	0.516331186878894	0.0485984780006593	0.842078498167092	0.842078498167092
Hathewaya	0.519834289565083	0.519834289565083	0.0314316652830837	0.842078498167092	0.842078498167092
Ichthyobacterium	0.52014522325087	0.52014522325087	0.0289677917852199	0.842078498167092	0.842078498167092
Stella	0.521289300036565	0.521289300036565	0.0756620224710373	0.842078498167092	0.842078498167092
Cellvibrio	0.523869994116156	0.523869994116156	0.122749870111421	0.842078498167092	0.842078498167092
Moritella	0.525090752001367	0.525090752001367	-0.064834374828999	0.842078498167092	0.842078498167092
Sphaerotilus	0.525827974477237	0.525827974477237	0.0347676741684576	0.842078498167092	0.842078498167092
Desulfosporosinus	0.52636053145876	0.52636053145876	0.0526158642877912	0.842078498167092	0.842078498167092
Oceanimonas	0.528362803462128	0.528362803462128	0.0129961867196197	0.842078498167092	0.842078498167092
Caldimicrobium	0.529362745282573	0.529362745282573	0.0436022479139023	0.842078498167092	0.842078498167092
Steroidobacter	0.52936450872442	0.52936450872442	0.0964487320902625	0.842078498167092	0.842078498167092
Tannerella	0.529739913850181	0.529739913850181	0.114965042646926	0.842078498167092	0.842078498167092
Pseudoleptotrichia	0.529761379472128	0.529761379472128	0.0330476792948027	0.842078498167092	0.842078498167092
Mariniblastus	0.530557828694294	0.530557828694294	0.0358728667043182	0.842078498167092	0.842078498167092
Muribaculum	0.530588173228241	0.530588173228241	0.194967250783961	0.842078498167092	0.842078498167092
Brochothrix	0.531056915455644	0.531056915455644	-0.0334639189800932	0.842078498167092	0.842078498167092
Bythopirellula	0.531549733467365	0.531549733467365	-0.0335616031758427	0.842078498167092	0.842078498167092
Faecalibaculum	0.531649432599116	0.531649432599116	-0.123791019136636	0.842078498167092	0.842078498167092
Methylobacterium	0.532730059449115	0.532730059449115	0.0524069456103129	0.842078498167092	0.842078498167092
Niabella	0.534588145909944	0.534588145909944	-0.0732665916967871	0.842078498167092	0.842078498167092
Sulfuricaulis	0.535580792357184	0.535580792357184	0.0282159725942173	0.842078498167092	0.842078498167092
Gemella	0.535716524175443	0.535716524175443	-0.159430588603901	0.842078498167092	0.842078498167092
Pseudohongiella	0.537513914578772	0.537513914578772	-0.0315063477019036	0.842078498167092	0.842078498167092
Parvimonas	0.539937623279467	0.539937623279467	0.14521813921506	0.842078498167092	0.842078498167092
Chelativorans	0.541234987949036	0.541234987949036	0.0705333278833249	0.842078498167092	0.842078498167092
Desulfofarcimen	0.543380199194186	0.543380199194186	-0.0579206888297907	0.842078498167092	0.842078498167092
Caldanaerobacter	0.544287059782365	0.544287059782365	0.0222511518453057	0.842078498167092	0.842078498167092
Thermobaculum	0.545422264345974	0.545422264345974	-0.0492498337356269	0.842078498167092	0.842078498167092
Leptospirillum	0.545860591782014	0.545860591782014	0.0642179825772691	0.842078498167092	0.842078498167092
Heliorestis	0.546023936771062	0.546023936771062	-0.0251813491844673	0.842078498167092	0.842078498167092
Rickettsia	0.547576340765747	0.547576340765747	0.0539404665954261	0.842078498167092	0.842078498167092
Fibrobacter	0.547747623359773	0.547747623359773	0.0428086314694575	0.842078498167092	0.842078498167092
Arcticibacterium	0.548648185932043	0.548648185932043	0.0471501452957048	0.842078498167092	0.842078498167092
Paraflavitalea	0.548745193507562	0.548745193507562	0.0657054659814395	0.842078498167092	0.842078498167092
Yersinia	0.552704810176745	0.552704810176745	-0.0876101552208999	0.845352332476882	0.845352332476882
Coprothermobacter	0.556622095870802	0.556622095870802	0.0252965247010199	0.845352332476882	0.845352332476882
Gudongella	0.557494758261476	0.557494758261476	0.056566052182014	0.845352332476882	0.845352332476882
Acidimicrobium	0.557719584354272	0.557719584354272	0.0479237500204038	0.845352332476882	0.845352332476882
Pelolinea	0.558994935176505	0.558994935176505	0.091066234620259	0.845352332476882	0.845352332476882
Synechococcus	0.559570724722662	0.559570724722662	0.106092761945964	0.845352332476882	0.845352332476882
Staphylospora	0.559655171571855	0.559655171571855	-0.0170622479189722	0.845352332476882	0.845352332476882
Mucinivorans	0.55983598177277	0.55983598177277	0.0521959939337384	0.845352332476882	0.845352332476882
Gordonia	0.562066397065935	0.562066397065935	0.0352947071261129	0.846640864502864	0.846640864502864
Roseimicrobium	0.563533036951491	0.563533036951491	0.0715467386104995	0.846640864502864	0.846640864502864
Sulfuritalea	0.565097233455598	0.565097233455598	0.0343189631144541	0.846640864502864	0.846640864502864
Methylovirgula	0.56517482875423	0.56517482875423	0.0413836443362014	0.846640864502864	0.846640864502864
Herbinix	0.567142347028062	0.567142347028062	-0.12292750095287	0.847905885160766	0.847905885160766
Tepidiforma	0.572973552750882	0.572973552750882	0.0736503916829491	0.854930893926712	0.854930893926712
Skermanella	0.575954682847152	0.575954682847152	-0.0442224233833914	0.857683995166864	0.857683995166864
Candidatus Nardonella	0.577772763360489	0.577772763360489	0.0197008790484226	0.858697709325137	0.858697709325137
Arthrobacter	0.580797154832744	0.580797154832744	0.0520271854664673	0.860185448426163	0.860185448426163
Thermomicrobium	0.581052422115686	0.581052422115686	-0.0880435962658098	0.860185448426163	0.860185448426163
Brevundimonas	0.584476862846891	0.584476862846891	0.115579246705041	0.861826933075861	0.861826933075861
Flagellimonas	0.585584555307549	0.585584555307549	0.0241053217846579	0.861826933075861	0.861826933075861
Schlegelella	0.585585717440949	0.585585717440949	0.0435489383955178	0.861826933075861	0.861826933075861
Kiritimatiella	0.587491520668475	0.587491520668475	-0.0444632381505369	0.862949607207585	0.862949607207585
Conexibacter	0.59402990339735	0.59402990339735	-0.0736825681071596	0.869562809270416	0.869562809270416
Ketobacter	0.59429723123647	0.59429723123647	0.0268307665341018	0.869562809270416	0.869562809270416
Mycoplasma	0.596610696754741	0.596610696754741	0.117468034040793	0.871131168118434	0.871131168118434
Kocuria	0.597676748457416	0.597676748457416	0.0248945036393654	0.871131168118434	0.871131168118434
Haliangium	0.601187888513607	0.601187888513607	0.0940950982101681	0.874560415853128	0.874560415853128
Oryzomicrobium	0.603230593080199	0.603230593080199	0.046842403381953	0.875844418799135	0.875844418799135
Chondromyces	0.604784919289314	0.604784919289314	-0.0407135102042573	0.876105307244307	0.876105307244307
Halobacteriovorax	0.605731086598051	0.605731086598051	0.0406025447803853	0.876105307244307	0.876105307244307
Rhodocytophaga	0.607011697608291	0.607011697608291	0.0397204913368709	0.876278836891509	0.876278836891509
Nonomuraea	0.610728562579203	0.610728562579203	-0.0321334776557283	0.877165444058178	0.877165444058178
Salinivirga	0.613386960056095	0.613386960056095	0.050933851710732	0.877165444058178	0.877165444058178
Wolbachia	0.614160121078083	0.614160121078083	0.0352466102793742	0.877165444058178	0.877165444058178
Tolumonas	0.614755999604325	0.614755999604325	0.0459051126119753	0.877165444058178	0.877165444058178
Peptoniphilus	0.61488728580592	0.61488728580592	-0.106145818363838	0.877165444058178	0.877165444058178
Fimbriimonas	0.615328283702673	0.615328283702673	0.0677356988468056	0.877165444058178	0.877165444058178
Rufibacter	0.6163642958982	0.6163642958982	-0.0228346332945517	0.877165444058178	0.877165444058178
Aureimonas	0.616920332178665	0.616920332178665	0.0286313166746627	0.877165444058178	0.877165444058178
Candidatus Izimaplasma	0.619385222377179	0.619385222377179	-0.0610683972481745	0.878446919138629	0.878446919138629
Pelobacter	0.621467684537341	0.621467684537341	0.0469531376004998	0.878446919138629	0.878446919138629
Mogibacterium	0.622448089357003	0.622448089357003	0.0773638020088011	0.878446919138629	0.878446919138629
Desulfomonile	0.622475631442604	0.622475631442604	0.0572778244773383	0.878446919138629	0.878446919138629
Pseudobacter	0.624072112729235	0.624072112729235	0.0474057543112139	0.879056800579426	0.879056800579426
Thermodesulfobium	0.626530516263313	0.626530516263313	-0.0726408656378153	0.880876237949351	0.880876237949351
Paraclostridium	0.627753260355634	0.627753260355634	-0.0266663563531292	0.88095485421655	0.88095485421655
Celeribacter	0.629429036050757	0.629429036050757	0.0134112681350045	0.881667759217665	0.881667759217665
Diaphorobacter	0.633298224222571	0.633298224222571	0.0443593452157696	0.884851117440817	0.884851117440817
Oenococcus	0.634854132907664	0.634854132907664	0.0235455988169507	0.884851117440817	0.884851117440817
Scandinavium	0.636778883064284	0.636778883064284	0.0269750942168396	0.884851117440817	0.884851117440817
Pseudorhodoplanes	0.637992934515403	0.637992934515403	0.0441882035914583	0.884851117440817	0.884851117440817
Candidatus Fonsibacter	0.642359330590351	0.642359330590351	0.0428819311737793	0.884851117440817	0.884851117440817
Pontimonas	0.642820629185311	0.642820629185311	-0.0382870607260659	0.884851117440817	0.884851117440817
Candidatus Syntrophocurvum	0.6429756925501	0.6429756925501	-0.0197904025108769	0.884851117440817	0.884851117440817
Arsenophonus	0.643126325114785	0.643126325114785	0.0343907249381223	0.884851117440817	0.884851117440817
Pseudodesulfovibrio	0.643126834612185	0.643126834612185	0.0248343898656179	0.884851117440817	0.884851117440817
Echinicola	0.643421541026501	0.643421541026501	0.0417967356120101	0.884851117440817	0.884851117440817
Formosa	0.646738885497795	0.646738885497795	0.0260811929233209	0.887796106456064	0.887796106456064
Candidatus Nesciobacter	0.651482091168796	0.651482091168796	-0.0341429955671872	0.890658125381965	0.890658125381965
Egicoccus	0.65194913191327	0.65194913191327	0.0508822513618499	0.890658125381965	0.890658125381965
Massilia	0.65236283885593	0.65236283885593	0.0773304248915708	0.890658125381965	0.890658125381965
Erysipelatoclostridium	0.656678093086908	0.656678093086908	-0.107045373233817	0.894931336246599	0.894931336246599
Planobacterium	0.659746437900294	0.659746437900294	0.0451543553816653	0.897371032871487	0.897371032871487
Nitrosomonas	0.661572335196471	0.661572335196471	-0.0515139034539322	0.897371032871487	0.897371032871487
Intestinibaculum	0.662033993787309	0.662033993787309	-0.0294464881844492	0.897371032871487	0.897371032871487
Fusobacterium	0.666738520745864	0.666738520745864	0.136534540731784	0.90212828523858	0.90212828523858
Sporosarcina	0.668780108606557	0.668780108606557	0.020002618533744	0.903271881928355	0.903271881928355
Alcaligenes	0.673037001527772	0.673037001527772	-0.0333230743522363	0.903990188851479	0.903990188851479
Candidatus Solibacter	0.673095162733016	0.673095162733016	0.0763754654094886	0.903990188851479	0.903990188851479
Cryptobacterium	0.676634459954092	0.676634459954092	-0.016575713437341	0.903990188851479	0.903990188851479
Terricaulis	0.677508650821339	0.677508650821339	0.048253543865828	0.903990188851479	0.903990188851479
Mitsuaria	0.679616087646056	0.679616087646056	0.0420754984928683	0.903990188851479	0.903990188851479
Pseudoclostridium	0.68106470982559	0.68106470982559	0.0838620842813538	0.903990188851479	0.903990188851479
Microbulbifer	0.681392452673923	0.681392452673923	-0.0217903543811965	0.903990188851479	0.903990188851479
Alkalitalea	0.68178420395387	0.68178420395387	0.0256317326953249	0.903990188851479	0.903990188851479
Pseudoxanthomonas	0.68292066832232	0.68292066832232	0.0568418052734018	0.903990188851479	0.903990188851479
Achromobacter	0.683662696161365	0.683662696161365	-0.0779634963741388	0.903990188851479	0.903990188851479
Magnetococcus	0.683760334977569	0.683760334977569	-0.0301905039817399	0.903990188851479	0.903990188851479
Chryseolinea	0.684288680726554	0.684288680726554	0.0864276699569298	0.903990188851479	0.903990188851479
Alicyclobacillus	0.684921569916045	0.684921569916045	-0.0194617337210571	0.903990188851479	0.903990188851479
Rhizobacter	0.686074673128341	0.686074673128341	0.0396269325640199	0.903990188851479	0.903990188851479
Bacillus	0.690017396578053	0.690017396578053	0.0662205022474612	0.906262423597855	0.906262423597855
Coriobacterium	0.690199859031479	0.690199859031479	0.0286905529080206	0.906262423597855	0.906262423597855
Helicobacter	0.694219848897582	0.694219848897582	-0.0663033127769496	0.909958308884851	0.909958308884851
Anoxybacter	0.697463087757996	0.697463087757996	-0.0203703420189021	0.911099701594095	0.911099701594095
Dehalococcoides	0.697554590300783	0.697554590300783	0.0878745397159368	0.911099701594095	0.911099701594095
Tumebacillus	0.699599935100568	0.699599935100568	0.0248712578282164	0.911099701594095	0.911099701594095
Ornithobacterium	0.701119179969846	0.701119179969846	-0.0506182036042192	0.911099701594095	0.911099701594095
Glaciecola	0.702249715294921	0.702249715294921	-0.0333790777740001	0.911099701594095	0.911099701594095
Luteolibacter	0.702331160699024	0.702331160699024	0.0496381021218819	0.911099701594095	0.911099701594095
Microvirga	0.703661933012422	0.703661933012422	0.0497722834400088	0.911260307760512	0.911260307760512
Treponema	0.706444704247309	0.706444704247309	0.0597501865009753	0.912120249100015	0.912120249100015
Advenella	0.710792242102122	0.710792242102122	0.0203336512755074	0.912120249100015	0.912120249100015
Paraglaciecola	0.711927725472609	0.711927725472609	-0.0262595041358024	0.912120249100015	0.912120249100015
Candidatus Portiera	0.715595634245595	0.715595634245595	-0.0364279749802961	0.912120249100015	0.912120249100015
Lysinibacillus	0.716105145167434	0.716105145167434	-0.0299203779488032	0.912120249100015	0.912120249100015
Weissella	0.716110507785197	0.716110507785197	-0.0371550848040218	0.912120249100015	0.912120249100015
Panacibacter	0.716831329993385	0.716831329993385	0.0487028453904818	0.912120249100015	0.912120249100015
Nocardia	0.719105901160475	0.719105901160475	0.0361165484047851	0.912120249100015	0.912120249100015
Rhodothermus	0.719439872778183	0.719439872778183	-0.0177447302976515	0.912120249100015	0.912120249100015
Methylocaldum	0.720750872382326	0.720750872382326	0.0128611540751756	0.912120249100015	0.912120249100015
Candidatus Xiphinematobacter	0.723471462630883	0.723471462630883	-0.0213416566657454	0.912120249100015	0.912120249100015
Ketogulonicigenium	0.723514132338763	0.723514132338763	0.0142889068887499	0.912120249100015	0.912120249100015
Campylobacter	0.724483271301124	0.724483271301124	0.108577204371325	0.912120249100015	0.912120249100015
Desulfobulbus	0.725055333076256	0.725055333076256	-0.0449239510923967	0.912120249100015	0.912120249100015
Denitrobacterium	0.72605310010299	0.72605310010299	-0.0352539229528268	0.912120249100015	0.912120249100015
Dehalobacter	0.726055037194257	0.726055037194257	-0.0363315894043579	0.912120249100015	0.912120249100015
Roseivirga	0.726558375432067	0.726558375432067	-0.0173634461129232	0.912120249100015	0.912120249100015
Rubrobacter	0.726848760950633	0.726848760950633	0.0643713370881012	0.912120249100015	0.912120249100015
Leptothrix	0.727279986699615	0.727279986699615	-0.0153071052036149	0.912120249100015	0.912120249100015
Oceanithermus	0.729522728539594	0.729522728539594	-0.0152507675605513	0.912590820673711	0.912590820673711
Aminomonas	0.730072656538969	0.730072656538969	0.0433435594462001	0.912590820673711	0.912590820673711
Arenimonas	0.733776611459281	0.733776611459281	0.0474119134638263	0.914214804061894	0.914214804061894
Photorhabdus	0.736026249975114	0.736026249975114	0.0266939180919138	0.914214804061894	0.914214804061894
Ottowia	0.736641523093155	0.736641523093155	0.0272975482439309	0.914214804061894	0.914214804061894
Spirosoma	0.736709117944837	0.736709117944837	-0.0552064053396887	0.914214804061894	0.914214804061894
Candidatus Vampirococcus	0.738396300506364	0.738396300506364	-0.0240404975373822	0.914214804061894	0.914214804061894
Ureaplasma	0.738637126460603	0.738637126460603	0.0280183917860466	0.914214804061894	0.914214804061894
Arabia	0.74180838032812	0.74180838032812	0.0233786383196364	0.915084981648748	0.915084981648748
Salinibacter	0.742895023225909	0.742895023225909	-0.0339791336047277	0.915084981648748	0.915084981648748
Photobacterium	0.742976283113487	0.742976283113487	-0.0290649545474978	0.915084981648748	0.915084981648748
Caloramator	0.746296013457889	0.746296013457889	-0.0268492056680643	0.917318368588623	0.917318368588623
Phycicoccus	0.747219598254309	0.747219598254309	0.00890229829712561	0.917318368588623	0.917318368588623
Leuconostoc	0.758029173179442	0.758029173179442	-0.0174837140153537	0.926166033746067	0.926166033746067
Methylacidiphilum	0.758101348197715	0.758101348197715	0.0315610143421963	0.926166033746067	0.926166033746067
Staphylococcus	0.758106766695456	0.758106766695456	-0.0510220066923261	0.926166033746067	0.926166033746067
Thermotoga	0.76405066309559	0.76405066309559	0.0161662350768724	0.931919629462311	0.931919629462311
Kroppenstedtia	0.769507822448498	0.769507822448498	0.00991134398511153	0.934737764001241	0.934737764001241
Acetilactobacillus	0.770451730643847	0.770451730643847	-0.0209672599621374	0.934737764001241	0.934737764001241
Actinopolyspora	0.772650289930936	0.772650289930936	0.0224701422081844	0.934737764001241	0.934737764001241
Luteimonas	0.772670765676457	0.772670765676457	0.0382077890341579	0.934737764001241	0.934737764001241
Candidatus Pelagibacter	0.772785728072863	0.772785728072863	-0.0310952418537887	0.934737764001241	0.934737764001241
Neorickettsia	0.773789539736127	0.773789539736127	0.0145721299052922	0.934737764001241	0.934737764001241
Owenweeksia	0.776442612747944	0.776442612747944	-0.0205169244088082	0.9358572100363	0.9358572100363
Leptotrichia	0.777942727559751	0.777942727559751	-0.0344789124413305	0.9358572100363	0.9358572100363
Anoxybacillus	0.780711068127289	0.780711068127289	0.0307702132602679	0.9358572100363	0.9358572100363
Dyadobacter	0.781292057312527	0.781292057312527	0.0299948594005932	0.9358572100363	0.9358572100363
Commensalibacter	0.781624149684914	0.781624149684914	0.0179326387037689	0.9358572100363	0.9358572100363
Ferriphaselus	0.782153509315107	0.782153509315107	-0.0196051882245589	0.9358572100363	0.9358572100363
Burkholderia	0.78512708601256	0.78512708601256	-0.0297008381817209	0.937928718258676	0.937928718258676
Myxococcus	0.788755794128416	0.788755794128416	-0.0125920660509267	0.939321396938033	0.939321396938033
Idiomarina	0.788781146567832	0.788781146567832	0.007179786573575	0.939321396938033	0.939321396938033
Monoglobus	0.793198490205226	0.793198490205226	-0.0294336905483982	0.942699591079654	0.942699591079654
Candidatus Promineofilum	0.794115152220742	0.794115152220742	0.0321695750147428	0.942699591079654	0.942699591079654
Tenacibaculum	0.803152025273515	0.803152025273515	0.0265966938810311	0.948012849438451	0.948012849438451
Christensenella	0.803323678153761	0.803323678153761	0.0547003297942099	0.948012849438451	0.948012849438451
Terasakiella	0.803536726664191	0.803536726664191	-0.0166933177185987	0.948012849438451	0.948012849438451
Lysobacter	0.804741130210653	0.804741130210653	0.0360531309599288	0.948012849438451	0.948012849438451
Xanthobacter	0.804869187404035	0.804869187404035	-0.0181262106341353	0.948012849438451	0.948012849438451
Chitinophaga	0.807607152254654	0.807607152254654	0.0421119253578839	0.949756074692	0.949756074692
Kibdelosporangium	0.811429683886369	0.811429683886369	-0.0224900415526369	0.952767358218054	0.952767358218054
Geodermatophilus	0.814294361488397	0.814294361488397	-0.0106993401063638	0.952933381634459	0.952933381634459
Legionella	0.814462899374812	0.814462899374812	0.0244536914896743	0.952933381634459	0.952933381634459
Aquaspirillum	0.81535756892167	0.81535756892167	0.020336431432133	0.952933381634459	0.952933381634459
Rhodopseudomonas	0.817142234176791	0.817142234176791	-0.011624475380481	0.953480630708622	0.953480630708622
Desulfovibrio	0.818351587681042	0.818351587681042	-0.0452027553639088	0.953480630708622	0.953480630708622
Thermaerobacter	0.82171205034272	0.82171205034272	0.0252596855099701	0.954632664809735	0.954632664809735
Nitrospirillum	0.821869181624275	0.821869181624275	0.0196539178139605	0.954632664809735	0.954632664809735
Haliscomenobacter	0.825507008127095	0.825507008127095	-0.0384957914425801	0.956433601030356	0.956433601030356
Providencia	0.826907905668446	0.826907905668446	-0.0643256775654424	0.956433601030356	0.956433601030356
Lacunisphaera	0.827220054930891	0.827220054930891	0.0130620491614934	0.956433601030356	0.956433601030356
Roseateles	0.832191990154867	0.832191990154867	-0.00904806715963305	0.957392277128387	0.957392277128387
Dokdonella	0.833691044021288	0.833691044021288	0.0126596307314394	0.957392277128387	0.957392277128387
Thermoanaerobacterium	0.836349168304175	0.836349168304175	-0.00982862034436142	0.957392277128387	0.957392277128387
Roseitalea	0.836552755590444	0.836552755590444	0.0123639996725096	0.957392277128387	0.957392277128387
Muricauda	0.836690200150256	0.836690200150256	0.0184545345136692	0.957392277128387	0.957392277128387
Caldithrix	0.837866820419511	0.837866820419511	0.020805997279335	0.957392277128387	0.957392277128387
Algoriphagus	0.83796051723706	0.83796051723706	0.0209120141423941	0.957392277128387	0.957392277128387
Desulfococcus	0.8381937684528	0.8381937684528	0.0223227348385946	0.957392277128387	0.957392277128387
Taylorella	0.840969666666722	0.840969666666722	-0.0434280409247894	0.959111931017183	0.959111931017183
Anaplasma	0.843379388356845	0.843379388356845	0.00885523186040082	0.960409409063978	0.960409409063978
Francisella	0.845957212199986	0.845957212199986	-0.0111363687902283	0.960910730799898	0.960910730799898
Selenomonas	0.846365080770771	0.846365080770771	-0.0275217972597282	0.960910730799898	0.960910730799898
Paraburkholderia	0.849087740161399	0.849087740161399	-0.0162317627463621	0.962554420152937	0.962554420152937
Lentibacillus	0.852436228378115	0.852436228378115	-0.0126340772461574	0.963869991929226	0.963869991929226
Sphingobacterium	0.852938414086287	0.852938414086287	-0.027982324346813	0.963869991929226	0.963869991929226
Lacibacter	0.858419930882837	0.858419930882837	0.0353722832549928	0.963869991929226	0.963869991929226
Granulicella	0.858941984020085	0.858941984020085	-0.00698310181678167	0.963869991929226	0.963869991929226
Rothia	0.859007465846493	0.859007465846493	0.0213501298791237	0.963869991929226	0.963869991929226
Pirellula	0.859707629413851	0.859707629413851	-0.0152695301902372	0.963869991929226	0.963869991929226
Brevibacillus	0.859791220244416	0.859791220244416	-0.00894153397527527	0.963869991929226	0.963869991929226
Paludibaculum	0.862572882709977	0.862572882709977	-0.0244577670647798	0.963869991929226	0.963869991929226
Opitutus	0.862697529705036	0.862697529705036	0.0260016718113142	0.963869991929226	0.963869991929226
Abiotrophia	0.863014721250539	0.863014721250539	-0.0142839553896019	0.963869991929226	0.963869991929226
Silvanigrella	0.867294175958237	0.867294175958237	0.0113234674600891	0.963980389032573	0.963980389032573
Sorangium	0.868378539074989	0.868378539074989	-0.0191389505654699	0.963980389032573	0.963980389032573
Microlunatus	0.870294986190319	0.870294986190319	0.0104179295400895	0.963980389032573	0.963980389032573
Edwardsiella	0.871091971643152	0.871091971643152	-0.00765032271402907	0.963980389032573	0.963980389032573
Asticcacaulis	0.872011105019418	0.872011105019418	-0.0110548373155353	0.963980389032573	0.963980389032573
Stenotrophomonas	0.873927657015285	0.873927657015285	-0.0253109320945632	0.963980389032573	0.963980389032573
Limnoglobus	0.874204750652048	0.874204750652048	0.00469237374438359	0.963980389032573	0.963980389032573
Dysgonomonas	0.875208121295991	0.875208121295991	-0.028035713153234	0.963980389032573	0.963980389032573
Xenorhabdus	0.875812297329169	0.875812297329169	-0.014479320443163	0.963980389032573	0.963980389032573
Thiohalobacter	0.877108880177556	0.877108880177556	0.0106645552903803	0.963980389032573	0.963980389032573
Corynebacterium	0.877486004322524	0.877486004322524	0.0285982214463021	0.963980389032573	0.963980389032573
Methylibium	0.87843510947604	0.87843510947604	0.0237938220093477	0.963980389032573	0.963980389032573
Halanaerobium	0.88210256442782	0.88210256442782	-0.0065287272685258	0.964546280093895	0.964546280093895
Labrys	0.883966500490667	0.883966500490667	0.00980930360207568	0.964546280093895	0.964546280093895
Mahella	0.886191279526283	0.886191279526283	-0.0108213844236342	0.964546280093895	0.964546280093895
Herbaspirillum	0.887015046808391	0.887015046808391	0.02471700755069	0.964546280093895	0.964546280093895
Anaerohalosphaera	0.887254350834195	0.887254350834195	-0.00528648391415688	0.964546280093895	0.964546280093895
Phoenicibacter	0.888729724552462	0.888729724552462	0.0171360897339213	0.964546280093895	0.964546280093895
Archangium	0.890426942089664	0.890426942089664	-0.00688575264979659	0.964546280093895	0.964546280093895
Alkalilimnicola	0.891440436931337	0.891440436931337	0.00872567310305242	0.964546280093895	0.964546280093895
Rheinheimera	0.891640687737789	0.891640687737789	0.0105525461609625	0.964546280093895	0.964546280093895
Candidatus Phytoplasma	0.893351452750371	0.893351452750371	-0.00907844637326174	0.964546280093895	0.964546280093895
Candidatus Puniceispirillum	0.893418692310544	0.893418692310544	0.00532824505178966	0.964546280093895	0.964546280093895
Citrobacter	0.894281319292353	0.894281319292353	-0.0176327521968139	0.964546280093895	0.964546280093895
Actinomadura	0.896898756109278	0.896898756109278	0.0172738162115556	0.965989387820977	0.965989387820977
Succinivibrio	0.899496250008224	0.899496250008224	-0.00924961428293215	0.967406935550156	0.967406935550156
Paracoccus	0.901300216453117	0.901300216453117	0.0128893144517647	0.967968226773973	0.967968226773973
Gramella	0.90309803216349	0.90309803216349	-0.00716132455159004	0.967982829696631	0.967982829696631
Syntrophobacter	0.903878006537914	0.903878006537914	-0.00956587897033608	0.967982829696631	0.967982829696631
Woeseia	0.9063513232598	0.9063513232598	-0.011158792236824	0.969256726715508	0.969256726715508
Dialister	0.908098227163204	0.908098227163204	-0.0254901052053501	0.969751289261979	0.969751289261979
Dyella	0.910032364429294	0.910032364429294	-0.00968163559155746	0.970444117435193	0.970444117435193
Microbacterium	0.914538439629108	0.914538439629108	0.00644555033146909	0.97387379678417	0.97387379678417
Acidovorax	0.917275127471321	0.917275127471321	0.0180849877655362	0.975412283437813	0.975412283437813
Filimonas	0.920241951133312	0.920241951133312	0.00766046331840291	0.977190820120465	0.977190820120465
Shigella	0.922687784453784	0.922687784453784	0.0133217085869345	0.977499302266833	0.977499302266833
Actinopolymorpha	0.923991568340719	0.923991568340719	-0.00956508797431165	0.977499302266833	0.977499302266833
Flexistipes	0.924416558700025	0.924416558700025	-0.00572732257082956	0.977499302266833	0.977499302266833
Alloprevotella	0.928328431221544	0.928328431221544	-0.00534337026863814	0.98026288891226	0.98026288891226
Leclercia	0.93087190457543	0.93087190457543	0.00372705130305068	0.980574548921105	0.980574548921105
Sulfurimonas	0.931221127915804	0.931221127915804	0.00267247558761506	0.980574548921105	0.980574548921105
Jiangella	0.937681577441129	0.937681577441129	-0.00672621995845586	0.986002215832943	0.986002215832943
Mycolicibacterium	0.939302005957189	0.939302005957189	0.00759111581628234	0.986332426283279	0.986332426283279
Salinivibrio	0.9420665374911	0.9420665374911	-0.00773684051734316	0.987134734987008	0.987134734987008
Adhaeribacter	0.942680985331964	0.942680985331964	-0.0069637471994656	0.987134734987008	0.987134734987008
Gordonibacter	0.947457380332504	0.947457380332504	0.00669346484658244	0.990762219045762	0.990762219045762
Lactococcus	0.950596360598007	0.950596360598007	0.00901540021604369	0.99148185698496	0.99148185698496
Candidatus Endolissoclinum	0.950772005903458	0.950772005903458	0.004245384971845	0.99148185698496	0.99148185698496
Tenuifilum	0.955017471928911	0.955017471928911	0.0052901971646189	0.993925713019616	0.993925713019616
Aggregatibacter	0.955748433976478	0.955748433976478	-0.00953861554726174	0.993925713019616	0.993925713019616
Chelatococcus	0.958397919167301	0.958397919167301	-0.0031645602229079	0.995310081115973	0.995310081115973
Novosphingobium	0.960766921879553	0.960766921879553	0.0049324948536653	0.995718888875399	0.995718888875399
Hyphomonas	0.961429231775054	0.961429231775054	0.0021081770670284	0.995718888875399	0.995718888875399
Luteibacter	0.963241914954213	0.963241914954213	0.00616068239020586	0.996229651767714	0.996229651767714
Candidatus Sneabacter	0.966243603752614	0.966243603752614	-0.00232400337214689	0.997902508704976	0.997902508704976
Methylomicrobium	0.968198307309077	0.968198307309077	-0.0019028124331236	0.997902508704976	0.997902508704976
Paenibacillus	0.970497899870266	0.970497899870266	0.00547297501409734	0.997902508704976	0.997902508704976
Candidatus Blochmannia	0.971328984893663	0.971328984893663	-0.00157056084846136	0.997902508704976	0.997902508704976
Candidatus Chazhemtobacterium	0.977734344319566	0.977734344319566	-0.00145542249415665	0.997902508704976	0.997902508704976
Stackebrandtia	0.978284053248748	0.978284053248748	0.00295422924799299	0.997902508704976	0.997902508704976
Cloacibacterium	0.980281106508412	0.980281106508412	0.00136439391704831	0.997902508704976	0.997902508704976
Devosia	0.981108427782746	0.981108427782746	0.00392132593845396	0.997902508704976	0.997902508704976
Dermabacter	0.981240932972007	0.981240932972007	0.0015532440937651	0.997902508704976	0.997902508704976
Lacipirellula	0.983287410982964	0.983287410982963	0.00141536717647307	0.997902508704976	0.997902508704976
Ktedonosporobacter	0.983549713069198	0.983549713069198	0.00167137696998702	0.997902508704976	0.997902508704976
Thermoclostridium	0.985869623001427	0.985869623001427	-0.00146746653068772	0.997902508704976	0.997902508704976
Oligella	0.987475255328634	0.987475255328634	-0.002163962081633	0.997902508704976	0.997902508704976
Alkalihalobacillus	0.987499555762576	0.987499555762576	-0.000868671651031896	0.997902508704976	0.997902508704976
Desulfitobacterium	0.9889112708055	0.9889112708055	-0.000748095786059111	0.997902508704976	0.997902508704976
Prevotella	0.991385414445252	0.991385414445252	-0.00258386081528482	0.997902508704976	0.997902508704976
Thermoanaerosceptrum	0.991727557454166	0.991727557454166	0.000566783826572397	0.997902508704976	0.997902508704976
Aquicella	0.992778407233667	0.992778407233667	0.000815875015268701	0.997902508704976	0.997902508704976
Acetohalobium	0.993346521812923	0.993346521812923	0.0014379966447375	0.997902508704976	0.997902508704976
Bartonella	0.994794514333852	0.994794514333852	0.000507272114348421	0.997902508704976	0.997902508704976
Silicimonas	0.994910818356501	0.994910818356501	-0.000375043704937011	0.997902508704976	0.997902508704976
Odoribacter	0.996252601643151	0.996252601643151	0.00123266472009246	0.997902508704976	0.997902508704976
Clostridioides	0.996465950322664	0.996465950322664	-0.000647959829780621	0.997902508704976	0.997902508704976
Sulfurihydrogenibium	0.996580783527883	0.996580783527883	0.000173497188281047	0.997902508704976	0.997902508704976
Hypericibacter	0.999401022890293	0.999401022890293	7.58871670739959e-05	0.999401022890293	0.999401022890293
