bugName	pval	pPost	sPost	Adjustedpval	AdjustedpPost
Baekduia	0.000202854254121587	0.000202854254121609	0.925919564127518	0.151707088509996	0.151707088509973
Cloacibacillus	0.000380218266942345	0.000380218266942288	1.00938776098993	0.151707088509996	0.151707088509973
Alkalihalobacillus	0.00301616286485595	0.0030161628648559	0.352160171930361	0.252001375921955	0.252001375921954
Flagellimonas	0.00320282253016213	0.00320282253016217	0.284704287506367	0.252001375921955	0.252001375921954
Acidibrevibacterium	0.00324832177438616	0.00324832177438616	0.476573919362217	0.252001375921955	0.252001375921954
Candidatus Koribacter	0.00341886754754528	0.00341886754754524	0.472129759925172	0.252001375921955	0.252001375921954
Gemella	0.00345892682236704	0.00345892682236705	-1.12132998040207	0.252001375921955	0.252001375921954
Microlunatus	0.00353930820457282	0.00353930820457279	0.282715693822645	0.252001375921955	0.252001375921954
Thiomicrospira	0.00446572558676206	0.00446572558676203	0.51812072922372	0.252001375921955	0.252001375921954
Deinococcus	0.00479402601944035	0.00479402601944029	0.476862230414002	0.252001375921955	0.252001375921954
Thermochromatium	0.00481865239851476	0.00481865239851467	0.493833150863025	0.252001375921955	0.252001375921954
Planobacterium	0.00490683560380567	0.00490683560380565	0.393499299868462	0.252001375921955	0.252001375921954
Hirschia	0.00569321587925464	0.0056932158792546	0.203320693839837	0.252001375921955	0.252001375921954
Agrococcus	0.00576311181586209	0.00576311181586215	0.34055489888554	0.252001375921955	0.252001375921954
Gordonia	0.00581120414698066	0.00581120414698063	0.368552535919053	0.252001375921955	0.252001375921954
Rhodococcus	0.00627774319481067	0.00627774319481071	0.310044015867494	0.252001375921955	0.252001375921954
Rhodoplanes	0.0063862578027869	0.00638625780278697	0.600799657067008	0.252001375921955	0.252001375921954
Tessaracoccus	0.0064708270425653	0.00647082704256523	0.453188887270124	0.252001375921955	0.252001375921954
Mycolicibacterium	0.00676003394454572	0.0067600339445458	0.484438242097908	0.252001375921955	0.252001375921954
Arachidicoccus	0.0068235576346205	0.00682355763462057	0.49385201988486	0.252001375921955	0.252001375921954
Filomicrobium	0.00703443170454165	0.00703443170454166	0.602138238523663	0.252001375921955	0.252001375921954
Ammonifex	0.00817268808129423	0.00817268808129421	0.362781853322121	0.252001375921955	0.252001375921954
Nitrospira	0.00870278857845097	0.00870278857845093	0.547303891233624	0.252001375921955	0.252001375921954
Sphaerobacter	0.00876142681132985	0.00876142681132991	0.476430489414261	0.252001375921955	0.252001375921954
Actinomadura	0.00879022234523386	0.00879022234523381	0.516169932087521	0.252001375921955	0.252001375921954
Gemmatirosa	0.00914319954846343	0.00914319954846342	0.635448540079741	0.252001375921955	0.252001375921954
Acidothermus	0.0110452623865436	0.0110452623865435	0.441891735176324	0.252001375921955	0.252001375921954
Roseococcus	0.0111164341126845	0.0111164341126845	0.391722918875733	0.252001375921955	0.252001375921954
Orientia	0.011901355726442	0.0119013557264421	0.380153188903024	0.252001375921955	0.252001375921954
Rhodobaca	0.012083674327485	0.0120836743274851	0.322875689627765	0.252001375921955	0.252001375921954
Chitinophaga	0.0121577161952162	0.0121577161952162	0.516919111479274	0.252001375921955	0.252001375921954
Oryzomicrobium	0.0122234999094628	0.0122234999094629	0.356352921534348	0.252001375921955	0.252001375921954
Flintibacter	0.0127558755368902	0.0127558755368902	0.721006478926495	0.252001375921955	0.252001375921954
Thermomonas	0.0133621474371548	0.0133621474371548	0.422225588983989	0.252001375921955	0.252001375921954
Magnetospirillum	0.0133735684373028	0.0133735684373027	0.539242813796788	0.252001375921955	0.252001375921954
Oligella	0.0134222642158568	0.0134222642158568	0.478973040391047	0.252001375921955	0.252001375921954
Hathewaya	0.013434647908239	0.013434647908239	0.254872737388287	0.252001375921955	0.252001375921954
Desulfomicrobium	0.0138270551835061	0.0138270551835061	0.307738107697111	0.252001375921955	0.252001375921954
Lichenihabitans	0.0139324483949275	0.0139324483949275	0.392123324284066	0.252001375921955	0.252001375921954
Kribbella	0.0143519525470233	0.0143519525470233	0.5198474670944	0.252001375921955	0.252001375921954
Sulfuricella	0.0145017254896445	0.0145017254896445	0.382158653509654	0.252001375921955	0.252001375921954
Geobacillus	0.0152547156187985	0.0152547156187986	0.426005999848986	0.252001375921955	0.252001375921954
Candidatus Solibacter	0.0152679758525547	0.0152679758525547	0.527717186106453	0.252001375921955	0.252001375921954
Aquabacterium	0.0154430720253393	0.0154430720253393	0.305817346482189	0.252001375921955	0.252001375921954
Flavihumibacter	0.0162803929052246	0.0162803929052247	0.349606705601541	0.252001375921955	0.252001375921954
Actinomarinicola	0.0165170770640768	0.0165170770640769	0.532778128271352	0.252001375921955	0.252001375921954
Tropheryma	0.0165226374616416	0.0165226374616417	0.404704355427908	0.252001375921955	0.252001375921954
Archangium	0.0171342875870704	0.0171342875870703	0.279746205730041	0.252001375921955	0.252001375921954
Geodermatophilus	0.0172104939417457	0.0172104939417456	0.135237491710923	0.252001375921955	0.252001375921954
Hoyosella	0.0172514618483074	0.0172514618483074	0.293963708566768	0.252001375921955	0.252001375921954
Gordonibacter	0.0174403648904451	0.0174403648904451	0.437878389495351	0.252001375921955	0.252001375921954
Bacteroides	0.0183324440281877	0.0183324440281877	0.399377437172395	0.252001375921955	0.252001375921954
Luteimonas	0.0184329826571228	0.0184329826571227	0.392549490082814	0.252001375921955	0.252001375921954
Serpentinomonas	0.018796569755817	0.018796569755817	0.332438898964678	0.252001375921955	0.252001375921954
Euzebya	0.0188001908151234	0.0188001908151235	0.375179850553013	0.252001375921955	0.252001375921954
Anaplasma	0.0191197097400042	0.0191197097400042	0.211197901074283	0.252001375921955	0.252001375921954
Acidiphilium	0.0191230710252801	0.0191230710252801	0.530789263837396	0.252001375921955	0.252001375921954
Aquicella	0.0192836631555293	0.0192836631555293	0.268657118970857	0.252001375921955	0.252001375921954
Salinispora	0.0194122230986122	0.0194122230986122	0.193704420666744	0.252001375921955	0.252001375921954
Campylobacter	0.0194211452808266	0.0194211452808266	-0.918558779945963	0.252001375921955	0.252001375921954
Terricaulis	0.0197448984083548	0.0197448984083548	0.440736348009731	0.252001375921955	0.252001375921954
Polaromonas	0.0198472341238607	0.0198472341238607	0.218417559783341	0.252001375921955	0.252001375921954
Novibacillus	0.0198948454675227	0.0198948454675227	0.425619353044348	0.252001375921955	0.252001375921954
Hyphobacterium	0.0206763948010403	0.0206763948010404	0.320559856550438	0.257808797675472	0.257808797675472
Thermotoga	0.0213486096058346	0.0213486096058346	0.153859441639912	0.259493382804068	0.259493382804068
Candidatus Amoebophilus	0.021461858728156	0.021461858728156	0.323202170590531	0.259493382804068	0.259493382804068
Mycolicibacillus	0.0219501159577213	0.0219501159577213	0.20422482358151	0.261435709466591	0.261435709466592
Actinotignum	0.0225767856185761	0.0225767856185761	0.190970601696971	0.264945219465055	0.264945219465055
Aeromicrobium	0.0234371915364939	0.0234371915364939	0.25350909415177	0.268375735846075	0.268375735846075
Achromobacter	0.0240758283275222	0.0240758283275222	0.619639535407056	0.268375735846075	0.268375735846075
Niastella	0.0247950014263503	0.0247950014263503	0.390410876959165	0.268375735846075	0.268375735846075
Alkalilimnicola	0.0250466514021057	0.0250466514021057	0.235692071260139	0.268375735846075	0.268375735846075
Geoalkalibacter	0.0252554949710906	0.0252554949710905	0.273077775237815	0.268375735846075	0.268375735846075
Acaryochloris	0.025883058652876	0.025883058652876	0.135389582100066	0.268375735846075	0.268375735846075
Parvimonas	0.0259642788050931	0.0259642788050931	-0.925228249558332	0.268375735846075	0.268375735846075
Paludibaculum	0.0263635932125272	0.0263635932125273	0.372833569598011	0.268375735846075	0.268375735846075
Hyphomicrobium	0.0265431732552959	0.0265431732552958	0.50933003946175	0.268375735846075	0.268375735846075
Desulfotomaculum	0.0266448919501376	0.0266448919501377	0.398179002163042	0.268375735846075	0.268375735846075
Stella	0.0268634659001497	0.0268634659001497	0.367220801230337	0.268375735846075	0.268375735846075
Gemmatimonas	0.0270218662834683	0.0270218662834683	0.543233750536109	0.268375735846075	0.268375735846075
Marmoricola	0.0272411461197144	0.0272411461197144	0.127000284454309	0.268375735846075	0.268375735846075
Chloroflexus	0.0280445650579542	0.0280445650579541	0.309624176603946	0.27171484166724	0.27171484166724
Frateuria	0.0282610674917054	0.0282610674917054	0.203374145541928	0.27171484166724	0.27171484166724
Symbiobacterium	0.029186443441574	0.0291864434415739	0.274949658384801	0.273206888031644	0.273206888031643
Panacibacter	0.0294625330293776	0.0294625330293776	0.373616944733306	0.273206888031644	0.273206888031643
Labilithrix	0.029537228976937	0.029537228976937	0.460483322054676	0.273206888031644	0.273206888031643
Rhizobium	0.0297857133568333	0.0297857133568333	0.438412557773241	0.273206888031644	0.273206888031643
Acidobacterium	0.0302270646627951	0.0302270646627952	0.508366610685318	0.273888735771668	0.273888735771668
Eikenella	0.030546488074785	0.030546488074785	-0.436962767447493	0.273888735771668	0.273888735771668
Flaviflexus	0.0311973547273829	0.031197354727383	0.172072423997838	0.276616545249462	0.276616545249462
Roseomonas	0.0324190693834321	0.0324190693834321	0.286108607082044	0.28098092970246	0.28098092970246
Alcaligenes	0.0329671346479734	0.0329671346479734	0.154363187561312	0.28098092970246	0.28098092970246
Methylocella	0.0332589154884453	0.0332589154884453	0.181846804517559	0.28098092970246	0.28098092970246
Vulgatibacter	0.0333191301359779	0.0333191301359778	0.224583118367743	0.28098092970246	0.28098092970246
Cellulomonas	0.0339280618695026	0.0339280618695026	0.321786637773493	0.28098092970246	0.28098092970246
Variibacter	0.0340043324004539	0.0340043324004539	0.260906345679712	0.28098092970246	0.28098092970246
Paraflavitalea	0.0341543235352615	0.0341543235352615	0.342103606492223	0.28098092970246	0.28098092970246
Microcystis	0.0354137318818268	0.0354137318818268	0.305847178797014	0.288049421436485	0.288049421436485
Oenococcus	0.0358030173104706	0.0358030173104706	0.222370051118897	0.288049421436485	0.288049421436485
Methylophilus	0.0362353095290402	0.0362353095290401	0.390741730402205	0.288049421436485	0.288049421436485
Aequorivita	0.0364573829136403	0.0364573829136403	0.282206036748354	0.288049421436485	0.288049421436485
Candidatus Paracaedibacter	0.0371087660161638	0.0371087660161637	0.211876803621047	0.290321522361752	0.290321522361752
Pyruvatibacter	0.037956320447403	0.0379563204474031	0.225115508435056	0.294069356475996	0.294069356475997
Rhodanobacter	0.0385810766717554	0.0385810766717553	0.305188704453854	0.296035569077507	0.296035569077507
Emcibacter	0.0389621542555806	0.0389621542555806	0.168956564667591	0.296112372342412	0.296112372342412
Winogradskyella	0.0397345765986161	0.0397345765986162	0.223471103143988	0.297924781581959	0.297924781581959
Ahniella	0.0402118502210842	0.0402118502210842	0.165744735430836	0.297924781581959	0.297924781581959
Synechococcus	0.040546391183802	0.0405463911838021	0.485200777951918	0.297924781581959	0.297924781581959
Nocardioides	0.0406939864566837	0.0406939864566837	0.425149865872978	0.297924781581959	0.297924781581959
Hymenobacter	0.0415586985349082	0.0415586985349082	0.274141728182625	0.300781781049259	0.300781781049259
Microvirga	0.0418380672888067	0.0418380672888067	0.425195871753443	0.300781781049259	0.300781781049259
Sandaracinus	0.042417356193283	0.042417356193283	0.515740898314394	0.302223662877142	0.302223662877141
Pseudolabrys	0.0435266659092671	0.0435266659092671	0.424514317914669	0.307383003500842	0.307383003500842
Anseongella	0.0445126750157501	0.0445126750157501	0.256266924279507	0.31158872511025	0.311588725110251
Kibdelosporangium	0.0475611020427986	0.0475611020427987	0.230098101319501	0.329040294119872	0.329040294119872
Methylobacterium	0.0478304186941167	0.0478304186941167	0.350501351185086	0.329040294119872	0.329040294119872
Ferriphaselus	0.0492415514277815	0.0492415514277815	0.162915787566727	0.330199202976181	0.330199202976181
Tannerella	0.0496134247507134	0.0496134247507134	-0.456451874985536	0.330199202976181	0.330199202976181
Jiangella	0.0496148367663853	0.0496148367663854	0.26629413157237	0.330199202976181	0.330199202976181
Pseudolysobacter	0.0504025964060613	0.0504025964060613	0.210738882277248	0.330199202976181	0.330199202976181
Candidatus Kuenenia	0.050493481003405	0.0504934810034051	0.292111974971056	0.330199202976181	0.330199202976181
Castellaniella	0.0509450180380343	0.0509450180380343	0.196356604938442	0.330199202976181	0.330199202976181
Prevotella	0.0510696797756074	0.0510696797756073	-0.842920871046266	0.330199202976181	0.330199202976181
Candidatus Phaeomarinobacter	0.0513091493346447	0.0513091493346447	0.220928448652239	0.330199202976181	0.330199202976181
Defluviicoccus	0.051734555480578	0.051734555480578	0.185493426808775	0.33027340218801	0.33027340218801
Dokdonella	0.0536633454077137	0.0536633454077137	0.166221412649954	0.332000463701825	0.332000463701825
Psychroflexus	0.0540507988134951	0.0540507988134951	0.229723257753856	0.332000463701825	0.332000463701825
Galbibacter	0.0542690640905981	0.054269064090598	0.209419173498951	0.332000463701825	0.332000463701825
Faecalibacterium	0.0546498480107712	0.0546498480107712	-0.69924447730725	0.332000463701825	0.332000463701825
Aneurinibacillus	0.054974178051687	0.054974178051687	0.225354812779997	0.332000463701825	0.332000463701825
Saccharomonospora	0.056464153842681	0.056464153842681	0.196121945102531	0.332000463701825	0.332000463701825
Mogibacterium	0.0567765275956722	0.0567765275956722	-0.381703226308807	0.332000463701825	0.332000463701825
Actinopolyspora	0.0571663611907439	0.0571663611907439	0.198313334425931	0.332000463701825	0.332000463701825
Reinekea	0.0581539353830689	0.0581539353830689	0.124079576947785	0.332000463701825	0.332000463701825
Actinoalloteichus	0.0584467017419684	0.0584467017419684	0.238899243550706	0.332000463701825	0.332000463701825
Tenuifilum	0.0586968315665274	0.0586968315665274	0.257459097352373	0.332000463701825	0.332000463701825
Conexibacter	0.0595717673252807	0.0595717673252806	0.32937812880599	0.332000463701825	0.332000463701825
Runella	0.0603127800383269	0.0603127800383269	0.147296436841129	0.332000463701825	0.332000463701825
Arsenicicoccus	0.0603157609827633	0.0603157609827632	0.180866981007146	0.332000463701825	0.332000463701825
Haliangium	0.0607096313591777	0.0607096313591777	0.413865004409042	0.332000463701825	0.332000463701825
Thalassospira	0.0609964063623792	0.0609964063623792	0.231839660554506	0.332000463701825	0.332000463701825
Duganella	0.0611443699219654	0.0611443699219654	0.309281051758599	0.332000463701825	0.332000463701825
Micropruina	0.0616479272645823	0.0616479272645823	0.341187830547804	0.332000463701825	0.332000463701825
Nitrosospira	0.0620917443430575	0.0620917443430575	0.284544171946402	0.332000463701825	0.332000463701825
Fusobacterium	0.0621892813922409	0.0621892813922408	-0.593731356385439	0.332000463701825	0.332000463701825
Labrys	0.0628916927049015	0.0628916927049014	0.204691151307262	0.332000463701825	0.332000463701825
Liberibacter	0.0630312289831092	0.0630312289831092	0.238185412993694	0.332000463701825	0.332000463701825
Candidatus Kinetoplastibacterium	0.0630767260072342	0.0630767260072343	0.216077579155024	0.332000463701825	0.332000463701825
Syntrophobotulus	0.0631721474613539	0.0631721474613539	0.175213744926219	0.332000463701825	0.332000463701825
Bordetella	0.063376058519961	0.063376058519961	0.271759949132137	0.332000463701825	0.332000463701825
Minicystis	0.0634021064826629	0.0634021064826629	0.304022894943025	0.332000463701825	0.332000463701825
Nitrospirillum	0.0636205508058567	0.0636205508058568	0.26295847664009	0.332000463701825	0.332000463701825
Aureimonas	0.063654224243583	0.063654224243583	0.186741896388264	0.332000463701825	0.332000463701825
Murdochiella	0.0644178793343895	0.0644178793343894	-0.491326811857971	0.333256294560551	0.333256294560551
Arabia	0.0647302326527386	0.0647302326527385	0.131029343078395	0.333256294560551	0.333256294560551
Granulicella	0.0660070937421621	0.0660070937421621	0.17865221175259	0.337376523387867	0.337376523387867
Lysobacter	0.0663760829221743	0.0663760829221743	0.34281169756763	0.337376523387867	0.337376523387867
Candidatus Nitrotoga	0.0670277738045577	0.0670277738045577	0.332476787815284	0.337786034647595	0.337786034647595
Brevundimonas	0.0673032324673779	0.0673032324673779	0.456398213074469	0.337786034647595	0.337786034647595
Devosia	0.0682907518850366	0.0682907518850367	0.47695387330429	0.338988411217591	0.338988411217592
Candidatus Promineofilum	0.0684110076240236	0.0684110076240236	0.316170511004941	0.338988411217591	0.338988411217592
Candidatus Desulforudis	0.0690274954609434	0.0690274954609434	-0.156943007886304	0.338988411217591	0.338988411217592
Methylacidiphilum	0.0692419937700093	0.0692419937700093	0.214715543891692	0.338988411217591	0.338988411217592
Pseudonocardia	0.0704106741408305	0.0704106741408305	0.299192011505078	0.340125142536955	0.340125142536955
Sulfuritortus	0.0707256328642161	0.0707256328642161	0.177725605470645	0.340125142536955	0.340125142536955
Sorangium	0.0707528491994166	0.0707528491994166	0.318194991547393	0.340125142536955	0.340125142536955
Steroidobacter	0.0714617446029239	0.0714617446029239	0.376364697580025	0.340964948316847	0.340964948316847
Turneriella	0.0717820943824941	0.0717820943824941	0.105452422106887	0.340964948316847	0.340964948316847
Proteiniphilum	0.0726645435757013	0.0726645435757013	0.141137667197663	0.343114235345619	0.343114235345619
Nordella	0.0755563051933217	0.0755563051933217	0.42866599799414	0.354670185554534	0.354670185554534
Aquaspirillum	0.0761568196710813	0.0761568196710813	0.220141307579623	0.35539849179838	0.355398491798379
Roseicitreum	0.0775343143005193	0.0775343143005193	0.214670615222336	0.359723155882642	0.359723155882642
Ethanoligenens	0.0785792584818898	0.0785792584818899	0.32061254413677	0.362463862823977	0.362463862823978
Azospirillum	0.0795453310541465	0.0795453310541465	0.17540355524982	0.364811345869017	0.364811345869017
Ezakiella	0.0805094782095046	0.0805094782095045	-0.675890425206782	0.365390654393732	0.365390654393731
Coriobacterium	0.0805874124978656	0.0805874124978656	0.221360257110475	0.365390654393732	0.365390654393731
Pusillimonas	0.0821931084461291	0.0821931084461292	0.160357503333653	0.36917570722074	0.36917570722074
Gottschalkia	0.0823474635154032	0.0823474635154032	0.153735897610089	0.36917570722074	0.36917570722074
Rhodocytophaga	0.0837999203022579	0.0837999203022578	0.213850056452577	0.370760420715056	0.370760420715056
Maritalea	0.0847737376199146	0.0847737376199146	0.136815993504996	0.370760420715056	0.370760420715056
Luteibacter	0.0848576914588655	0.0848576914588655	0.335620811687682	0.370760420715056	0.370760420715056
Idiomarina	0.0849043876110684	0.0849043876110685	-0.146201509540585	0.370760420715056	0.370760420715056
Phenylobacterium	0.0850240062542045	0.0850240062542045	0.274444687098467	0.370760420715056	0.370760420715056
Conchiformibius	0.0855782351679837	0.0855782351679837	0.0939806881521349	0.371149085130712	0.371149085130712
Roseimicrobium	0.0868401892939823	0.0868401892939822	0.233987632100397	0.372407740155679	0.372407740155679
Egibacter	0.0868883435095426	0.0868883435095426	0.183378060667905	0.372407740155679	0.372407740155679
Ereboglobus	0.0872684804625464	0.0872684804625464	0.203903673588291	0.372407740155679	0.372407740155679
Chelativorans	0.088148400323157	0.088148400323157	0.245177269907528	0.374161826903613	0.374161826903613
Cytophaga	0.0889038779004583	0.0889038779004583	0.149025977497167	0.375371928913046	0.375371928913046
Egicoccus	0.0909213353028777	0.0909213353028777	0.205714186165583	0.379024279652948	0.379024279652947
Jonquetella	0.0909330630498768	0.0909330630498769	0.30991620198406	0.379024279652948	0.379024279652947
Paraoceanicella	0.091193811645822	0.0911938116458219	-0.194888114775533	0.379024279652948	0.379024279652947
Ruminococcus	0.092310588751838	0.092310588751838	0.321904006226544	0.380997999085497	0.380997999085497
Pseudoxanthomonas	0.0929906799302205	0.0929906799302205	0.336753349622606	0.380997999085497	0.380997999085497
Methyloceanibacter	0.0931010148141252	0.0931010148141252	0.302382401429271	0.380997999085497	0.380997999085497
Sphaerotilus	0.0949984809130298	0.0949984809130298	0.149289355642005	0.386679296087176	0.386679296087176
Calothrix	0.0954584227182627	0.0954584227182627	0.295825103944071	0.386679296087176	0.386679296087176
Pigmentiphaga	0.0986955677521835	0.0986955677521834	0.216597327685716	0.397773045789103	0.397773045789103
Haemophilus	0.0997204199671857	0.0997204199671857	-0.705139463819113	0.398408252894656	0.398408252894656
Microbacterium	0.099851692454801	0.099851692454801	0.15249105305678	0.398408252894656	0.398408252894656
Candidatus Methylopumilus	0.100633551445675	0.100633551445675	0.329575892815525	0.399530219172383	0.399530219172383
Wolbachia	0.10132811542978	0.10132811542978	0.127834570129567	0.400296218381011	0.400296218381011
Dyella	0.102334070674841	0.102334070674841	0.264402471601852	0.402278760583856	0.402278760583856
Capnocytophaga	0.103397186481536	0.103397186481536	0.271858344776312	0.404397533086571	0.404397533086571
Cohnella	0.104087188619066	0.104087188619066	0.195733569104898	0.404397533086571	0.404397533086571
Thiomicrorhabdus	0.104393348140142	0.104393348140142	0.10517324852776	0.404397533086571	0.404397533086571
Ilumatobacter	0.105969086222315	0.105969086222315	0.300099948899624	0.406842806278241	0.406842806278241
Chryseolinea	0.106158546670269	0.106158546670269	0.427751619829851	0.406842806278241	0.406842806278241
Silvanigrella	0.10677690851055	0.10677690851055	0.159307468527804	0.406842806278241	0.406842806278241
Gardnerella	0.107516477853245	0.107516477853245	-0.36538672176975	0.406842806278241	0.406842806278241
Butyricimonas	0.107573724467054	0.107573724467054	-0.352784766277922	0.406842806278241	0.406842806278241
Cetia	0.108329714427243	0.108329714427243	0.0882307786473605	0.407769396759152	0.407769396759152
Asticcacaulis	0.109242227084854	0.109242227084854	0.220800108475885	0.408273584361553	0.408273584361553
Actinotalea	0.109486901069389	0.109486901069389	0.149434792111223	0.408273584361553	0.408273584361553
Leptospirillum	0.110019927405713	0.110019927405713	-0.0893221919748266	0.408353032882598	0.408353032882598
Tepidiforma	0.112788987728372	0.112788987728372	0.258537729066721	0.416692649107595	0.416692649107595
Syntrophomonas	0.113340171112362	0.113340171112362	0.21608308265247	0.41679933892933	0.41679933892933
Alistipes	0.115175253354439	0.11517525335444	0.418848968527978	0.421310425349336	0.421310425349336
Nocardia	0.115622785904141	0.115622785904141	0.21652441241668	0.421310425349336	0.421310425349336
Anaerolinea	0.117166802109642	0.117166802109642	0.335473836638663	0.423625364500578	0.423625364500578
Coxiella	0.117708221215716	0.117708221215716	0.150857379058785	0.423625364500578	0.423625364500578
Mesotoga	0.117850665312191	0.117850665312191	0.272115919790135	0.423625364500578	0.423625364500578
Anoxybacter	0.118905768429338	0.118905768429338	0.157009382185995	0.425501359670906	0.425501359670906
Rickettsia	0.122695402879716	0.122695402879716	0.244746332291017	0.437102372758989	0.437102372758989
Candidatus Phytoplasma	0.125516212403319	0.125516212403319	0.149607875067452	0.443493202234352	0.443493202234352
Citrobacter	0.125699410374889	0.125699410374889	0.276373357832234	0.443493202234352	0.443493202234352
Leptolyngbya	0.12673766720041	0.12673766720041	0.122100325672043	0.443493202234352	0.443493202234352
Chloracidobacterium	0.127131580417036	0.127131580417036	0.282981709998038	0.443493202234352	0.443493202234352
Roseiflexus	0.127268099388054	0.127268099388054	0.170645049242213	0.443493202234352	0.443493202234352
Dehalogenimonas	0.127958148108416	0.127958148108416	0.170951380677176	0.443959139958767	0.443959139958767
Diaphorobacter	0.129234260520551	0.129234260520551	0.205832938486808	0.44576823908546	0.44576823908546
Friedmanniella	0.129596781288003	0.129596781288003	0.158459600160347	0.44576823908546	0.44576823908546
Desulfurella	0.13047165574195	0.13047165574195	0.0973617508691226	0.446851421811485	0.446851421811485
Brucella	0.131580668454977	0.131580668454977	0.156794753394725	0.446867362658196	0.446867362658196
Acidovorax	0.131596278477038	0.131596278477038	0.334458730161873	0.446867362658196	0.446867362658196
Leptothrix	0.13231983059521	0.13231983059521	0.094816192195826	0.447420444131259	0.44742044413126
Chromobacterium	0.135146852823771	0.135146852823771	0.0857760305275801	0.452663628137044	0.452663628137044
Thiobacillus	0.135276365088095	0.135276365088096	0.206880251709495	0.452663628137044	0.452663628137044
Candidatus Reidiella	0.13557218937939	0.13557218937939	0.127908421002698	0.452663628137044	0.452663628137044
Alteromonas	0.136421936669481	0.136421936669481	0.174157602477461	0.453602939426023	0.453602939426023
Streptococcus	0.138355059755862	0.138355059755862	-0.451326860603342	0.458121733133518	0.458121733133518
Ichthyobacterium	0.138943429596457	0.138943429596457	0.108267478552321	0.458168829826334	0.458168829826334
Alkaliphilus	0.139671164535291	0.139671164535291	0.205450121508161	0.458673206992437	0.458673206992436
Verrucomicrobium	0.141614099531369	0.141614099531369	0.264316725171866	0.463147751746035	0.463147751746035
Flavonifractor	0.144212013515408	0.144212013515408	0.317669961400937	0.467146957563207	0.467146957563207
Edaphobacter	0.14434125660741	0.14434125660741	0.140985642043083	0.467146957563207	0.467146957563207
Allopseudarcicella	0.144822454476537	0.144822454476537	0.277764083432341	0.467146957563207	0.467146957563207
Marinithermus	0.14517850310235	0.14517850310235	-0.208294943319338	0.467146957563207	0.467146957563207
Thermobaculum	0.148250243720363	0.148250243720363	-0.119674350656148	0.475115238911043	0.475115238911043
Nibricoccus	0.149402038341683	0.149402038341683	0.24845900631438	0.476872085459605	0.476872085459605
Tolumonas	0.150470122259479	0.150470122259479	0.206994957124637	0.476872085459605	0.476872085459605
Phascolarctobacterium	0.150591184881981	0.150591184881981	0.433843296758454	0.476872085459605	0.476872085459605
Fimbriimonas	0.151892795816893	0.151892795816892	0.258693465781064	0.479092691944191	0.479092691944191
Beggiatoa	0.152496197974586	0.152496197974586	0.153573100713296	0.47910222828236	0.47910222828236
Limnohabitans	0.154801718746032	0.154801718746031	0.192169231581171	0.480926027666196	0.480926027666196
Vagococcus	0.1558148193854	0.1558148193854	-0.318221894871031	0.480926027666196	0.480926027666196
Faecalitalea	0.156244811834903	0.156244811834903	0.277030745276706	0.480926027666196	0.480926027666196
Candidatus Fonsibacter	0.156595193897641	0.156595193897641	0.202831889117335	0.480926027666196	0.480926027666196
Azospira	0.157373282161099	0.157373282161099	0.212683599311693	0.480926027666196	0.480926027666196
Lawsonella	0.157604806008489	0.157604806008489	-0.0717837105180114	0.480926027666196	0.480926027666196
Arcobacter	0.157666946356581	0.157666946356581	0.155371734341173	0.480926027666196	0.480926027666196
Azoarcus	0.15789801910845	0.15789801910845	0.283140100683478	0.480926027666196	0.480926027666196
Opitutus	0.16024639606694	0.16024639606694	0.24064495781883	0.486222905176495	0.486222905176495
Oscillatoria	0.162149840564299	0.162149840564299	0.182820264737695	0.490134745342086	0.490134745342086
Candidatus Vampirococcus	0.164847822679347	0.164847822679347	-0.0955394431015396	0.496409669804224	0.496409669804224
Xylella	0.169444054350577	0.169444054350577	0.187401957334748	0.508332163051732	0.508332163051732
Morganella	0.171459483020037	0.171459483020037	-0.477255722738833	0.511756100665889	0.511756100665889
Cronobacter	0.171867963632153	0.171867963632153	0.102151048861582	0.511756100665889	0.511756100665889
Roseitalea	0.174396612995471	0.174396612995471	0.0992369450443826	0.513657443741829	0.513657443741829
Bifidobacterium	0.174707942183508	0.174707942183508	-0.387705798406152	0.513657443741829	0.513657443741829
Slackia	0.176158699014529	0.176158699014528	0.0531561125337503	0.513657443741829	0.513657443741829
Candidatus Midichloria	0.176583480835864	0.176583480835864	0.121177431306011	0.513657443741829	0.513657443741829
Collinsella	0.176674020396015	0.176674020396015	-0.446701695878558	0.513657443741829	0.513657443741829
Hahella	0.177573798925833	0.177573798925833	0.123254543140408	0.513657443741829	0.513657443741829
Acholeplasma	0.178190640509515	0.178190640509515	0.219352043179309	0.513657443741829	0.513657443741829
Methyloversatilis	0.179575019153391	0.179575019153391	0.428787840570438	0.513657443741829	0.513657443741829
Lentilactobacillus	0.179677037803851	0.179677037803851	-0.0843058002994762	0.513657443741829	0.513657443741829
Salinicola	0.179703655405628	0.179703655405628	-0.208196481739633	0.513657443741829	0.513657443741829
Candidatus Arthromitus	0.18015770876821	0.18015770876821	0.209985740789333	0.513657443741829	0.513657443741829
Rhodomicrobium	0.18166257611617	0.18166257611617	-0.130671042939582	0.513657443741829	0.513657443741829
Sinorhizobium	0.181882206412744	0.181882206412744	0.111232287116731	0.513657443741829	0.513657443741829
Ktedonosporobacter	0.182123118718723	0.182123118718723	0.126787693233785	0.513657443741829	0.513657443741829
Dermabacter	0.183028011647608	0.183028011647608	0.137137958143076	0.513657443741829	0.513657443741829
Mobiluncus	0.183112102648299	0.183112102648299	0.251061636758704	0.513657443741829	0.513657443741829
Hydrogenophaga	0.183902197215861	0.183902197215861	0.245391144631126	0.513657443741829	0.513657443741829
Actinobacillus	0.184092768057848	0.184092768057848	-0.0859954561988715	0.513657443741829	0.513657443741829
Thalassolituus	0.186224816536907	0.186224816536907	0.134879858885445	0.516870593290923	0.516870593290923
Avibacterium	0.186539762992213	0.186539762992213	-0.0717954852740475	0.516870593290923	0.516870593290923
Alkalitalea	0.189456448015261	0.189456448015261	0.0484155947413643	0.521319945729043	0.521319945729043
Thermoanaerobacter	0.190157305323928	0.190157305323928	0.143915013313665	0.521319945729043	0.521319945729043
Barnesiella	0.190365345690527	0.190365345690527	-0.378464360835968	0.521319945729043	0.521319945729043
Filifactor	0.190844983856555	0.190844983856555	-0.275221208184041	0.521319945729043	0.521319945729043
Carnobacterium	0.19141196002332	0.19141196002332	-0.180132148169844	0.521319945729043	0.521319945729043
Parasphingopyxis	0.192179736106319	0.192179736106319	0.156280869586967	0.52163071228858	0.52163071228858
Maricaulis	0.193052709453835	0.193052709453835	-0.115858264396631	0.522047016092633	0.522047016092633
Neorickettsia	0.193641499703533	0.193641499703533	0.108877737708747	0.522047016092633	0.522047016092633
Odoribacter	0.196626728652386	0.196626728652386	0.327293663782656	0.527660524700096	0.527660524700096
Thiomonas	0.197284503442801	0.197284503442801	0.319298568319865	0.527660524700096	0.527660524700096
Anabaena	0.197707389580612	0.197707389580612	0.190396786325253	0.527660524700096	0.527660524700096
Erysipelatoclostridium	0.202589092586753	0.202589092586753	0.232806773956277	0.537328029551454	0.537328029551454
Methylovulum	0.202676362023794	0.202676362023794	-0.0962640949428327	0.537328029551454	0.537328029551454
Xanthomonas	0.204521340549737	0.204521340549737	0.221940517193866	0.538534940670753	0.538534940670753
Pontibacter	0.204966439415315	0.204966439415315	0.204606752330732	0.538534940670753	0.538534940670753
Petrocella	0.205299056000911	0.205299056000911	-0.298966042704341	0.538534940670753	0.538534940670753
Citricoccus	0.205831023689949	0.205831023689949	-0.140250716729361	0.538534940670753	0.538534940670753
Haliscomenobacter	0.207072704371863	0.207072704371863	0.265426342562462	0.538630242094488	0.538630242094488
Pectinatus	0.207331931393513	0.207331931393513	-0.228154935571282	0.538630242094488	0.538630242094488
Desulfohalobium	0.208171984114298	0.208171984114298	0.144020196803291	0.538630242094488	0.538630242094488
Planctomyces	0.208567349382452	0.208567349382452	0.113621975033477	0.538630242094488	0.538630242094488
Pasteurella	0.20933826872669	0.20933826872669	-0.228344898119574	0.538706163263853	0.538706163263853
Candidatus Hamiltonella	0.210027804428611	0.210027804428611	0.10458896901799	0.538706163263853	0.538706163263853
Woeseia	0.210621958569326	0.210621958569326	-0.124261864617129	0.538706163263853	0.538706163263853
Luteolibacter	0.212052628193862	0.212052628193862	0.226416075650459	0.539794534126432	0.539794534126432
Dyadobacter	0.212886908490516	0.212886908490516	0.18397345419108	0.539794534126432	0.539794534126432
Melioribacter	0.213525959476677	0.213525959476677	-0.0498512539412062	0.539794534126432	0.539794534126432
Desulfitobacterium	0.213993285905148	0.213993285905148	0.110526415671182	0.539794534126432	0.539794534126432
Sporosarcina	0.214429658293332	0.214429658293332	-0.08140243865568	0.539794534126432	0.539794534126432
Longibaculum	0.215478449577618	0.215478449577618	-0.400550503931662	0.540728939506097	0.540728939506097
Cloacibacterium	0.217577210867668	0.217577210867668	0.134452010765194	0.544284057280249	0.544284057280249
Massilia	0.222071603196772	0.222071603196772	0.246366964581444	0.55379106047195	0.55379106047195
Polaribacter	0.222955995712308	0.222955995712307	0.0660650701361021	0.554264437939007	0.554264437939007
Flexistipes	0.225747789158437	0.225747789158437	-0.0458416576497158	0.556148227264522	0.556148227264522
Delftia	0.225978198829914	0.225978198829914	0.348552658426603	0.556148227264522	0.556148227264522
Paracoccus	0.227534263424567	0.227534263424567	0.207355423226607	0.556148227264522	0.556148227264522
Candidatus Ruthia	0.228528293886755	0.228528293886755	-0.0490782926993445	0.556148227264522	0.556148227264522
Sulfuritalea	0.228761746974127	0.228761746974127	0.131555787919761	0.556148227264522	0.556148227264522
Streptomyces	0.229275450882168	0.229275450882168	0.427208647698414	0.556148227264522	0.556148227264522
Methylomonas	0.229426085622348	0.229426085622348	-0.105358639676168	0.556148227264522	0.556148227264522
Photorhabdus	0.230296394669095	0.230296394669095	-0.182955403104706	0.556148227264522	0.556148227264522
Helicobacter	0.231067120980707	0.231067120980707	-0.254064047192452	0.556148227264522	0.556148227264522
Micromonospora	0.231344103870181	0.231344103870181	-0.112388412514709	0.556148227264522	0.556148227264522
Arenimonas	0.232012209830571	0.232012209830571	0.139537241762591	0.556148227264522	0.556148227264522
Planococcus	0.233220969729034	0.233220969729034	0.128333834085495	0.556148227264522	0.556148227264522
Aquimarina	0.233771506567345	0.233771506567345	-0.0786760555952848	0.556148227264522	0.556148227264522
Adhaeribacter	0.233971084364268	0.233971084364268	0.11821076441829	0.556148227264522	0.556148227264522
Fibrobacter	0.234167674637694	0.234167674637693	0.157659826175819	0.556148227264522	0.556148227264522
Corynebacterium	0.235003715570918	0.235003715570918	-0.267121466070196	0.556477641025498	0.556477641025498
Blastococcus	0.235878639861395	0.235878639861395	-0.0858449989757858	0.556896907128382	0.556896907128382
Megamonas	0.237311666179894	0.237311666179894	-0.553560863395343	0.557999895118328	0.557999895118328
Peribacillus	0.237744316215829	0.237744316215829	0.0836788053333132	0.557999895118328	0.557999895118328
Salinibacter	0.240489424799192	0.240489424799192	-0.153450453207888	0.562787568884913	0.562787568884913
Levilactobacillus	0.241297724210008	0.241297724210008	-0.207447553268272	0.563028023156685	0.563028023156685
Variovorax	0.243190990960053	0.243190990960053	0.250897909887871	0.565791285090736	0.565791285090736
Wenzhouxiangella	0.245078415023823	0.245078415023823	-0.170258507130925	0.567084867674086	0.567084867674086
Proteus	0.245168269859097	0.245168269859097	-0.440116599701459	0.567084867674086	0.567084867674086
Gramella	0.251965277989395	0.251965277989395	0.0750480433678232	0.575633051303864	0.575633051303864
Spirochaeta	0.252646480464088	0.252646480464088	-0.191361447107334	0.575633051303864	0.575633051303864
Halothermothrix	0.253495114706217	0.253495114706217	0.114795502801267	0.575633051303864	0.575633051303864
Streptobacillus	0.254183612528397	0.254183612528397	-0.0452411342022283	0.575633051303864	0.575633051303864
Alicyclobacillus	0.254715989115698	0.254715989115698	-0.047860329867906	0.575633051303864	0.575633051303864
Lacibacter	0.255037235980376	0.255037235980376	0.22770833573015	0.575633051303864	0.575633051303864
Gracilibacillus	0.255955772616035	0.255955772616035	-0.0510365443293649	0.575633051303864	0.575633051303864
Entomomonas	0.256841147238293	0.256841147238293	-0.0737448062329812	0.575633051303864	0.575633051303864
Sulfurimicrobium	0.25704630510366	0.25704630510366	0.0529302626166354	0.575633051303864	0.575633051303864
Caulobacter	0.257308134959682	0.257308134959682	-0.17871778334099	0.575633051303864	0.575633051303864
Porphyromonas	0.257458092411818	0.257458092411818	-0.472386142056014	0.575633051303864	0.575633051303864
Weissella	0.258159318912019	0.258159318912019	-0.141266390738386	0.575633051303864	0.575633051303864
Sulfitobacter	0.258975396613342	0.258975396613342	-0.0893742063388367	0.575633051303864	0.575633051303864
Rodentibacter	0.259055593692556	0.259055593692556	-0.119532797397633	0.575633051303864	0.575633051303864
Psychrobacillus	0.260201322386848	0.260201322386848	-0.0919866689898196	0.575633051303864	0.575633051303864
Sulfuriferula	0.26093338899539	0.26093338899539	0.129827005135835	0.575633051303864	0.575633051303864
Spirosoma	0.261126772646615	0.261126772646615	0.217202831149693	0.575633051303864	0.575633051303864
Mucilaginibacter	0.261899964514646	0.261899964514646	0.233941628204402	0.575747029428892	0.575747029428892
Spiroplasma	0.263364813649735	0.263364813649735	0.13402455273726	0.577376706847495	0.577376706847495
Aliivibrio	0.265090022388573	0.265090022388573	-0.0433583707872816	0.578726899817671	0.578726899817671
Dialister	0.266259134055223	0.266259134055223	-0.368650790789201	0.578726899817671	0.578726899817671
Thermodesulfobium	0.26718821545568	0.26718821545568	0.220120956047669	0.578726899817671	0.578726899817671
Sphaerochaeta	0.268193750195834	0.268193750195834	0.146048602198601	0.578726899817671	0.578726899817671
Thermovirga	0.268389880801516	0.268389880801516	0.0991971681348357	0.578726899817671	0.578726899817671
Thermoactinomyces	0.269095052850204	0.269095052850204	-0.0903091477717165	0.578726899817671	0.578726899817671
Echinicola	0.269569161106716	0.269569161106716	0.133552516570297	0.578726899817671	0.578726899817671
Dysgonomonas	0.269782464576659	0.269782464576659	0.261539840394791	0.578726899817671	0.578726899817671
Kocuria	0.273895961979591	0.273895961979591	-0.0832539248913883	0.581982264851633	0.581982264851633
Desulfosporosinus	0.275059689064669	0.275059689064669	-0.165436592072487	0.581982264851633	0.581982264851633
Marinilactibacillus	0.275840708462844	0.275840708462844	-0.0752085764314406	0.581982264851633	0.581982264851633
Moritella	0.276485373850524	0.276485373850524	0.106488756588999	0.581982264851633	0.581982264851633
Dickeya	0.276903115181312	0.276903115181312	0.169206641311104	0.581982264851633	0.581982264851633
Turicibacter	0.277478952106954	0.277478952106954	-0.299024931404219	0.581982264851633	0.581982264851633
Geosporobacter	0.277735474744768	0.277735474744768	-0.114487926466999	0.581982264851633	0.581982264851633
Erwinia	0.27811859571216	0.27811859571216	-0.125378734983972	0.581982264851633	0.581982264851633
Leptotrichia	0.280017272983611	0.280017272983611	-0.216866280868116	0.581982264851633	0.581982264851633
Cytobacillus	0.280055135629632	0.280055135629632	0.0643356366651584	0.581982264851633	0.581982264851633
Marinobacter	0.280117252312165	0.280117252312165	0.141805909720135	0.581982264851633	0.581982264851633
Candidatus Babela	0.280757606032112	0.280757606032112	0.0874732706208745	0.581982264851633	0.581982264851633
Hydrogenophilus	0.282272669266715	0.282272669266715	0.0931869201775806	0.581982264851633	0.581982264851633
Ligilactobacillus	0.283126181010383	0.283126181010383	0.300168138731098	0.581982264851633	0.581982264851633
Lachnospira	0.283327019376527	0.283327019376527	0.33226902021969	0.581982264851633	0.581982264851633
Methanobrevibacter	0.283335389321343	0.283335389321343	0.0592652781500381	0.581982264851633	0.581982264851633
Gemmata	0.284227975718387	0.284227975718387	0.0798315467910827	0.581982264851633	0.581982264851633
Xylanimonas	0.284513766966745	0.284513766966745	0.139566761305759	0.581982264851633	0.581982264851633
Leclercia	0.285156723755625	0.285156723755625	0.0909287931222999	0.581982264851633	0.581982264851633
Thermaerobacter	0.287507450422733	0.287507450422733	0.181418525101484	0.585022070409138	0.585022070409138
Methylibium	0.288112373021042	0.288112373021042	0.229567130212559	0.585022070409138	0.585022070409138
Gudongella	0.290617956537098	0.290617956537098	0.121785060413961	0.587183072089497	0.587183072089497
Pedobacter	0.29064826250044	0.29064826250044	0.241332131432053	0.587183072089497	0.587183072089497
Candidatus Saccharimonas	0.292322460096946	0.292322460096946	0.302526290624079	0.58743482194295	0.587434821942951
Kineobactrum	0.292793650105989	0.292793650105989	-0.142646172490237	0.58743482194295	0.587434821942951
Ruminiclostridium	0.292981277109391	0.292981277109391	-0.104491784734152	0.58743482194295	0.587434821942951
Chthonomonas	0.294877854674903	0.294877854674903	0.092026166645574	0.589755709349806	0.589755709349806
Oxynema	0.296901061872075	0.296901061872075	0.0751311750010963	0.592317618434789	0.592317618434789
Erythrobacter	0.298590001853058	0.298590001853058	0.0981596394294416	0.594201549822295	0.594201549822295
Acidithiobacillus	0.30188400398578	0.30188400398578	0.12920031793284	0.596453795164932	0.596453795164932
Lentibacillus	0.302108637804604	0.302108637804604	0.0872800133745437	0.596453795164932	0.596453795164932
Methylovirgula	0.30219877641395	0.302198776413949	0.0958051880611823	0.596453795164932	0.596453795164932
Faecalibaculum	0.302792498366487	0.302792498366487	-0.298758186876616	0.596453795164932	0.596453795164932
Rhodoferax	0.303458948417246	0.303458948417246	0.193282169585826	0.596453795164932	0.596453795164932
Pseudorhodoplanes	0.305621371896574	0.305621371896574	0.143527766983388	0.599228144406551	0.599228144406551
Pseudomonas	0.308376028196355	0.308376028196355	0.432602952162507	0.603147231619342	0.603147231619342
Microbulbifer	0.309952401038546	0.309952401038546	0.0558763319742174	0.604174227873132	0.604174227873132
Candidatus Endolissoclinum	0.310415330110256	0.310415330110256	0.097068712359839	0.604174227873132	0.604174227873132
Phocaeicola	0.314113069497268	0.314113069497268	0.254075087059433	0.609277113889817	0.609277113889817
Salinivirga	0.314564123963164	0.314564123963164	0.147657409475419	0.609277113889817	0.609277113889817
Pseudobacter	0.320544133734745	0.320544133734745	0.162852829333053	0.619356461792559	0.619356461792559
Anaerobutyricum	0.32465169745349	0.32465169745349	-0.312168745013041	0.625777909584264	0.625777909584264
Anaeromyxobacter	0.326543261948473	0.326543261948473	0.194594167778408	0.627185163852808	0.627185163852808
Desulfomonile	0.326953669376902	0.326953669376902	0.15807990599098	0.627185163852808	0.627185163852808
Nonomuraea	0.327960994241365	0.327960994241365	0.0923409318134352	0.627403639094593	0.627403639094593
Oscillibacter	0.328640001430501	0.328640001430501	-0.281817008591696	0.627403639094593	0.627403639094593
Aminomonas	0.33117466930905	0.33117466930905	0.136556647486898	0.629986156116757	0.629986156116757
Desulfobacca	0.331571661114083	0.331571661114083	0.0465932247811556	0.629986156116757	0.629986156116757
Bacteriovorax	0.332598263753649	0.332598263753649	0.123035154333891	0.630435663837083	0.630435663837083
Gimesia	0.334672758836966	0.334672758836966	-0.0575437931227289	0.632171420378471	0.632171420378471
Polynucleobacter	0.335098384486332	0.335098384486332	0.202673431025131	0.632171420378471	0.632171420378471
Peptoclostridium	0.339077320732844	0.339077320732844	-0.0446579424318612	0.638169108360399	0.638169108360399
Scytonema	0.342649698009371	0.342649698009371	0.113833467287354	0.639662203705249	0.639662203705249
Sedimenticola	0.343139926272938	0.343139926272938	-0.00396361805162335	0.639662203705249	0.639662203705249
Flavisolibacter	0.343347854408367	0.343347854408367	0.155885297726963	0.639662203705249	0.639662203705249
Allofrancisella	0.344346650049198	0.344346650049198	-0.0450434766034091	0.639662203705249	0.639662203705249
Simkania	0.344597002001441	0.344597002001441	0.0939775566570707	0.639662203705249	0.639662203705249
Ketogulonicigenium	0.345016897572789	0.345016897572789	-0.0352368470039471	0.639662203705249	0.639662203705249
Owenweeksia	0.34677641906576	0.34677641906576	0.0752597770738444	0.639662203705249	0.639662203705249
Cellvibrio	0.347041816652928	0.347041816652928	0.225939940113661	0.639662203705249	0.639662203705249
Arcticibacterium	0.347084879955354	0.347084879955354	-0.0567757936253919	0.639662203705249	0.639662203705249
Lawsonia	0.350956734985568	0.350956734985568	0.0710849326004287	0.645307544973464	0.645307544973464
Intestinimonas	0.355873864669934	0.355873864669934	-0.248632914670967	0.652844468980707	0.652844468980707
Methylovorus	0.357293114938291	0.357293114938291	0.0710052927924195	0.653312800960558	0.653312800960558
Gemmobacter	0.357766533859353	0.357766533859353	0.0820206408320689	0.653312800960558	0.653312800960558
Schaalia	0.359730093267828	0.359730093267828	-0.21153911274444	0.655398663077001	0.655398663077001
Paraglaciecola	0.361370486921334	0.361370486921334	0.0911444587182068	0.655483513673549	0.655483513673549
Lactobacillus	0.36154813918242	0.36154813918242	-0.307482363483809	0.655483513673549	0.655483513673549
Desulfatibacillum	0.362585659020933	0.362585659020933	0.0731151309840363	0.655483513673549	0.655483513673549
Peptacetobacter	0.364281596612837	0.364281596612837	0.142379549917587	0.655483513673549	0.655483513673549
Basilea	0.364412393528278	0.364412393528278	-0.166776597143662	0.655483513673549	0.655483513673549
Rhizobacter	0.365012613274123	0.365012613274123	0.192118264460668	0.655483513673549	0.655483513673549
Luteitalea	0.365526520782869	0.365526520782869	0.244515386921879	0.655483513673549	0.655483513673549
Dehalococcoides	0.370224032262652	0.370224032262652	0.306065042817883	0.661932545695823	0.661932545695823
Myroides	0.370781764318337	0.370781764318337	0.121662415685283	0.661932545695823	0.661932545695823
Gilliamella	0.372123394846216	0.372123394846216	-0.161163622234611	0.662844797069822	0.662844797069822
Mycoavidus	0.373675363599245	0.373675363599245	0.0482676844693982	0.664126815483736	0.664126815483736
Ferrovibrio	0.374855919320723	0.374855919320723	0.127618974189815	0.664148025351385	0.664148025351385
Bdellovibrio	0.375444002182627	0.375444002182627	0.161583725822565	0.664148025351385	0.664148025351385
Monoglobus	0.376184094559932	0.376184094559932	-0.116478796174006	0.664148025351385	0.664148025351385
Hungatella	0.377291894930289	0.377291894930289	-0.272131476417541	0.664633404314284	0.664633404314284
Pseudobutyrivibrio	0.381561693001123	0.381561693001123	-0.323767601425853	0.66973014627623	0.66973014627623
Halobacteriovorax	0.381863679894342	0.381863679894342	0.128239676948571	0.66973014627623	0.66973014627623
Scandinavium	0.383215842011718	0.383215842011718	0.0535253135209232	0.670627723520506	0.670627723520506
Candidatus Izimaplasma	0.385591145886747	0.385591145886747	0.134879109311115	0.673307952773795	0.673307952773795
Aerococcus	0.389013102661185	0.389013102661185	-0.193326755417826	0.676375940233396	0.676375940233396
Bartonella	0.389043303968833	0.389043303968833	0.0880042824675996	0.676375940233396	0.676375940233396
Akkermansia	0.390222137550848	0.390222137550848	-0.352061635213015	0.676950577751254	0.676950577751254
Candidatus Cloacimonas	0.39174714737009	0.39174714737009	0.095755280697645	0.678121960089656	0.678121960089656
Rheinheimera	0.394282981752931	0.394282981752931	0.114024649414784	0.681034241209608	0.681034241209608
Blattabacterium	0.395332858104181	0.395332858104181	0.188554977704685	0.681111425156438	0.681111425156438
Veillonella	0.396352317877087	0.396352317877087	-0.302520177989907	0.681111425156438	0.681111425156438
Euzebyella	0.396888236463338	0.396888236463338	0.0805117142437777	0.681111425156438	0.681111425156438
Shewanella	0.403554184012185	0.403554184012185	-0.199449748952403	0.691064890218291	0.691064890218291
Schlegelella	0.406140526623484	0.406140526623484	0.118922165676279	0.694004582966895	0.694004582966895
Planctopirus	0.408129696208405	0.408129696208405	0.0797618309543696	0.695913456355357	0.695913456355357
Paraprevotella	0.415529628432911	0.415529628432911	-0.237347623850736	0.706802804318591	0.706802804318591
Chryseobacterium	0.41681489750448	0.41681489750448	-0.157633100438976	0.706802804318591	0.706802804318591
Desulfovibrio	0.41717308375195	0.41717308375195	0.126316270242979	0.706802804318591	0.706802804318591
Raoultella	0.41864352584774	0.41864352584774	0.100443866764357	0.707791384801899	0.707791384801899
Acetomicrobium	0.419874605779159	0.419874605779159	-0.0680327668586886	0.708371956473085	0.708371956473085
Rubrobacter	0.422632353028172	0.422632353028172	0.163374044220314	0.711520290541101	0.711520290541101
Pseudoclostridium	0.425724919990848	0.425724919990848	-0.203758981078408	0.715217865584625	0.715217865584625
Leptospira	0.427795775138327	0.427795775138327	0.0493772468549759	0.715641499370974	0.715641499370974
Syntrophothermus	0.428580255990076	0.428580255990076	0.0861044330970516	0.715641499370974	0.715641499370974
Bradyrhizobium	0.428667464535496	0.428667464535496	0.0734416121714213	0.715641499370974	0.715641499370974
Thermoanaerosceptrum	0.431516314337221	0.431516314337221	-0.0940014292311522	0.718139372600321	0.718139372600321
Acidimicrobium	0.432373674396375	0.432373674396375	0.0838181678563428	0.718139372600321	0.718139372600321
Suicoccus	0.433969061656732	0.433969061656732	0.0267131694294613	0.718139372600321	0.718139372600321
Clostridioides	0.434040016274666	0.434040016274666	0.137606556556504	0.718139372600321	0.718139372600321
Treponema	0.434706432156186	0.434706432156186	-0.215742842884653	0.718139372600321	0.718139372600321
Yersinia	0.435888682085214	0.435888682085214	0.152715849784291	0.718139372600321	0.718139372600321
Anaerococcus	0.436997686970177	0.436997686970177	-0.282978680250205	0.718139372600321	0.718139372600321
Spiribacter	0.43736307654606	0.43736307654606	-0.0428284221651221	0.718139372600321	0.718139372600321
Peptoniphilus	0.441577227686813	0.441577227686813	-0.257132666758097	0.722854483278877	0.722854483278877
Thauera	0.442046350676807	0.442046350676807	0.097848362717067	0.722854483278877	0.722854483278877
Tissierella	0.443317181688408	0.443317181688408	-0.0606811867296806	0.723450124718506	0.723450124718506
Bergeyella	0.444547508344949	0.444547508344949	0.103593553214084	0.723977370733202	0.723977370733202
Paraclostridium	0.44940356176188	0.44940356176188	-0.0899477126370846	0.730184350288462	0.730184350288462
Geobacter	0.450499486057756	0.450499486057756	0.10356280902456	0.730184350288462	0.730184350288462
Lactiplantibacillus	0.451560055589574	0.451560055589574	0.165545295982876	0.730184350288462	0.730184350288462
Sphingobium	0.452018883511905	0.452018883511905	0.164183297799075	0.730184350288462	0.730184350288462
Sneathia	0.454702223608834	0.454702223608834	-0.125830939988445	0.733035099878484	0.733035099878484
Robiginitalea	0.456395257658628	0.456395257658628	0.0611095890492213	0.733452550800873	0.733452550800873
Heliorestis	0.457923181692384	0.457923181692384	0.0530616875992698	0.733452550800873	0.733452550800873
Glutamicibacter	0.458277159109902	0.458277159109902	-0.0526949944086874	0.733452550800873	0.733452550800873
Plesiomonas	0.458637622618591	0.458637622618591	-0.156352037673216	0.733452550800873	0.733452550800873
Elizabethkingia	0.462103572423532	0.462103572423532	-0.0819238147865597	0.735323708239288	0.735323708239288
Dietzia	0.463192626299152	0.463192626299152	0.0831001178336881	0.735323708239288	0.735323708239288
Hippea	0.46363297370279	0.46363297370279	0.086796600934866	0.735323708239288	0.735323708239288
Thiohalobacter	0.463847224438561	0.463847224438561	-0.0507949275783779	0.735323708239288	0.735323708239288
Caldilinea	0.464414973624814	0.464414973624814	0.123132591173171	0.735323708239288	0.735323708239288
Denitrobacterium	0.46846239439121	0.46846239439121	-0.0936142244558241	0.740263347968684	0.740263347968684
Flavobacterium	0.472063124929011	0.472063124929011	0.15162960778339	0.744478999393973	0.744478999393973
Candidatus Blochmannia	0.473802258221141	0.473802258221141	0.065689863784905	0.745747933058128	0.745747933058128
Glaciecola	0.476321756727662	0.476321756727662	0.0937695974369333	0.746948327623723	0.746948327623723
Psychrobacter	0.477282488726556	0.477282488726556	-0.119913396111775	0.746948327623723	0.746948327623723
Cellulosilyticum	0.478198016153341	0.478198016153341	0.156464572143372	0.746948327623723	0.746948327623723
Mageeibacillus	0.478309016811682	0.478309016811682	0.125182349822208	0.746948327623723	0.746948327623723
Butyrivibrio	0.480272793131405	0.480272793131405	-0.202507803002085	0.74855017366965	0.74855017366965
Lactococcus	0.483206401966609	0.483206401966609	-0.175372035521098	0.750606542435257	0.750606542435257
Labilibaculum	0.483473386982108	0.483473386982108	0.0468518522067914	0.750606542435257	0.750606542435257
Desulfoglaeba	0.484887474403391	0.484887474403391	-0.0900574208570184	0.751022555319325	0.751022555319325
Azorhizobium	0.48626092239505	0.48626092239505	-0.0951542047987509	0.751022555319325	0.751022555319325
Enterocloster	0.486564738220665	0.486564738220665	0.105631412694801	0.751022555319325	0.751022555319325
Eggerthella	0.489507299909644	0.489507299909644	-0.123139059539871	0.753889437043524	0.753889437043524
Inhella	0.491259699872431	0.491259699872431	-0.0863184432982561	0.753889437043524	0.753889437043524
Limnobacter	0.492468719506359	0.492468719506359	0.138034994234668	0.753889437043524	0.753889437043524
Lacrimispora	0.493972941800111	0.493972941800111	-0.189333573869262	0.753889437043524	0.753889437043524
Magnetococcus	0.495111933079513	0.495111933079513	0.0429793315894551	0.753889437043524	0.753889437043524
Undibacterium	0.49547295744209	0.49547295744209	0.0574511623237938	0.753889437043524	0.753889437043524
Caproiciproducens	0.498384643732738	0.498384643732738	-0.14633292031108	0.753889437043524	0.753889437043524
Acetobacterium	0.498567812703216	0.498567812703216	0.0273015000660977	0.753889437043524	0.753889437043524
Acetoanaerobium	0.498737040893641	0.498737040893641	0.0838781300978446	0.753889437043524	0.753889437043524
Thermobifida	0.498789436801506	0.498789436801506	0.0677939096071891	0.753889437043524	0.753889437043524
Candidatus Cardinium	0.499036945884152	0.499036945884152	0.046936769858346	0.753889437043524	0.753889437043524
Coraliomargarita	0.500183810125257	0.500183810125257	-0.0571539067181792	0.753889437043524	0.753889437043524
Liquorilactobacillus	0.500703510818381	0.500703510818381	-0.0405124815442257	0.753889437043524	0.753889437043524
Methanobacterium	0.503120195533495	0.503120195533495	-0.0478564410827433	0.756101536790451	0.756101536790451
Candidatus Phycorickettsia	0.505138690311871	0.505138690311871	0.10113930198088	0.75706939184999	0.75706939184999
Marinomonas	0.505661636411083	0.505661636411083	0.0885172797924906	0.75706939184999	0.75706939184999
Candidatus Planktophila	0.508694342334561	0.508694342334561	0.125313684708994	0.760183680117939	0.760183680117939
Legionella	0.514231566889327	0.514231566889327	0.101779543181615	0.767022038089127	0.767022038089127
Aggregatibacter	0.518500125332913	0.518500125332913	-0.171689282222352	0.771207896505153	0.771207896505153
Sphingosinicella	0.518970727347453	0.518970727347453	0.052065520286297	0.771207896505153	0.771207896505153
Aquiflexum	0.520352197412132	0.520352197412132	0.166953033306498	0.771823519581564	0.771823519581564
Pseudoleptotrichia	0.522406670012748	0.522406670012748	0.0510472523133956	0.77316280093196	0.77316280093196
Arthrobacter	0.52349250762912	0.52349250762912	-0.056995569259046	0.77316280093196	0.77316280093196
Arcanobacterium	0.524161748501492	0.524161748501492	0.0812916410802134	0.77316280093196	0.77316280093196
Nitrosococcus	0.526048807857534	0.526048807857534	0.0342426636179427	0.774109855788222	0.774109855788222
Methylomicrobium	0.526743924427324	0.526743924427324	-0.06901649242413	0.774109855788222	0.774109855788222
Photobacterium	0.530196033364002	0.530196033364002	0.0722239146061696	0.777750798942046	0.777750798942046
Skermanella	0.531283222440624	0.531283222440624	-0.0655735368920212	0.77791561744517	0.77791561744517
Izhakiella	0.53519671327468	0.53519671327468	-0.053552175612407	0.782210580939917	0.782210580939917
Thermomicrobium	0.536262107578226	0.536262107578226	-0.100173042640582	0.782334847984322	0.782334847984322
Salinivibrio	0.538539306066752	0.538539306066752	-0.0966821019727155	0.784223296060708	0.784223296060708
Verminephrobacter	0.539538711612485	0.539538711612485	0.0354793888377978	0.784247526168967	0.784247526168967
Lysinibacillus	0.541328498405306	0.541328498405306	0.0702812415138314	0.784783241021056	0.784783241021056
Caldimicrobium	0.542310945178032	0.542310945178032	0.030426887598296	0.784783241021056	0.784783241021056
Ramlibacter	0.542857580255167	0.542857580255167	0.102841404506427	0.784783241021056	0.784783241021056
Endozoicomonas	0.544653202567909	0.544653202567909	-0.0261280390039429	0.785740074767373	0.785740074767373
Roseburia	0.545637984669542	0.545637984669542	-0.0745349821111712	0.785740074767373	0.785740074767373
Rubrivivax	0.5487707343376	0.5487707343376	0.102238782076455	0.785740074767373	0.785740074767373
Listeria	0.549198097829671	0.549198097829671	-0.0758542755954497	0.785740074767373	0.785740074767373
Taylorella	0.549225381226068	0.549225381226068	0.213100703092039	0.785740074767373	0.785740074767373
Staphylococcus	0.549427270326058	0.549427270326058	-0.140658069931954	0.785740074767373	0.785740074767373
Dehalobacter	0.551136959368109	0.551136959368109	0.0711857830249418	0.785893118730219	0.785893118730219
Rothia	0.551503942968574	0.551503942968574	0.111775665634004	0.785893118730219	0.785893118730219
Desulfococcus	0.553536772949223	0.553536772949223	0.0954608281091961	0.786128261912811	0.786128261912811
Shigella	0.554328748244891	0.554328748244891	0.105373217559317	0.786128261912811	0.786128261912811
Ureaplasma	0.555724919465955	0.555724919465955	0.018556933515985	0.786128261912811	0.786128261912811
Salmonella	0.555999497977947	0.555999497977947	0.157325284684796	0.786128261912811	0.786128261912811
Mycoplasma	0.556594571404434	0.556594571404434	0.116028288224386	0.786128261912811	0.786128261912811
Fastidiosipila	0.559101463069301	0.559101463069301	-0.222876356523584	0.788273794221382	0.788273794221382
Klebsiella	0.560673372913763	0.560673372913763	0.186623970828265	0.789095858174926	0.789095858174926
Sphingopyxis	0.56346854803044	0.56346854803044	-0.0897051428820603	0.791633629099105	0.791633629099105
Candidatus Sulcia	0.564508871909639	0.564508871909639	-0.0765629953663423	0.791701370446207	0.791701370446207
Comamonas	0.565517961122378	0.565517961122378	-0.179640288197342	0.791725145571329	0.791725145571329
Gallionella	0.567390032346552	0.567390032346552	0.0503924109212561	0.792954896344218	0.792954896344218
Bacillus	0.570225674444163	0.570225674444163	0.0957434074351446	0.795524629731542	0.795524629731542
Herbinix	0.572636849920652	0.572636849920652	0.171528862422884	0.79657057580957	0.79657057580957
Oceanisphaera	0.572971817687586	0.572971817687586	-0.109164949389822	0.79657057580957	0.79657057580957
Caldithrix	0.578744081134628	0.578744081134628	-0.0285722957941073	0.803196133470318	0.803196133470318
Halanaerobium	0.583265416204498	0.583265416204498	0.0587192911425773	0.807115125692766	0.807115125692766
Alienimonas	0.58359076130918	0.58359076130918	0.037109249174039	0.807115125692766	0.807115125692766
Desulfuromonas	0.587061178749913	0.587061178749913	0.047971821201082	0.810510070315624	0.810510070315624
Kiritimatiella	0.5898449733573	0.5898449733573	-0.0402482447451146	0.812946958098662	0.812946958098662
Limosilactobacillus	0.591111106658868	0.591111106658868	-0.135541249573412	0.812988869912324	0.812988869912324
Pelagibacterium	0.591912949146692	0.591912949146692	-0.036048161715949	0.812988869912324	0.812988869912324
Elusimicrobium	0.594004754377985	0.594004754377985	0.0560044639654013	0.814250455630733	0.814250455630733
Edwardsiella	0.594872200040999	0.594872200040999	-0.0926962566445828	0.814250455630733	0.814250455630733
Nitrosomonas	0.596903429812478	0.596903429812478	0.132173586906951	0.814621065321596	0.814621065321596
Laceyella	0.599087548757995	0.599087548757995	-0.0451675926611203	0.814621065321596	0.814621065321596
Flammeovirga	0.600519767507573	0.600519767507573	0.126973786175137	0.814621065321596	0.814621065321596
Kosakonia	0.600719429881614	0.600719429881614	-0.0266444020378053	0.814621065321596	0.814621065321596
Rhodobacter	0.601437237803797	0.601437237803797	0.0830614111042767	0.814621065321596	0.814621065321596
Fervidobacterium	0.602223647723018	0.602223647723018	0.0386081245704339	0.814621065321596	0.814621065321596
Simplicispira	0.602700850271631	0.602700850271631	-0.0448346935155529	0.814621065321596	0.814621065321596
Desulfosarcina	0.603309585971257	0.603309585971257	0.0846333094982558	0.814621065321596	0.814621065321596
Fictibacillus	0.608249307314454	0.608249307314454	-0.0420457183072199	0.819903627089416	0.819903627089416
Candidatus Profftella	0.611803965426733	0.611803965426733	-0.0514462508637515	0.823304493103766	0.823304493103766
Oceanicoccus	0.615906171962258	0.615906171962258	0.0231375194214095	0.825228937746457	0.825228937746457
Candidatus Nesciobacter	0.615921328226241	0.615921328226241	0.0534138526359537	0.825228937746457	0.825228937746457
Candidatus Nanosynbacter	0.616336399620161	0.616336399620161	0.0774068866621791	0.825228937746457	0.825228937746457
Pediococcus	0.61854745596035	0.61854745596035	-0.0672628524908136	0.826802127062579	0.826802127062579
Dehalobacterium	0.620029936381201	0.620029936381201	0.0669588804782262	0.8273978080806	0.8273978080806
Filimonas	0.625086772853519	0.625086772853519	0.0597072545401065	0.831815435482672	0.831815435482672
Maribacter	0.626350093466921	0.626350093466921	-0.0403966155429998	0.831815435482672	0.831815435482672
Caloramator	0.62646751469309	0.62646751469309	-0.0847681496810901	0.831815435482672	0.831815435482672
Sphingobacterium	0.628706908543544	0.628706908543544	0.0995486572526557	0.833402181092604	0.833402181092604
Candidatus Protochlamydia	0.632949772103305	0.632949772103305	0.0474818880659815	0.837635021788453	0.837635021788453
Roseateles	0.635299901544314	0.635299901544314	0.0323892930764504	0.839353181179408	0.839353181179408
Paludibacter	0.639227041664965	0.639227041664965	-0.0907121326942598	0.842444103883383	0.842444103883383
Kyrpidia	0.641095345638207	0.641095345638207	0.0214137059984793	0.842444103883383	0.842444103883383
Romboutsia	0.641128699878925	0.641128699878925	-0.141336945106251	0.842444103883383	0.842444103883383
Brevibacterium	0.641883471297274	0.641883471297274	0.0450531034443174	0.842444103883383	0.842444103883383
Halorhodospira	0.643323356451	0.643323356451	0.0525790594031175	0.842444103883383	0.842444103883383
Anaerostipes	0.644189268711613	0.644189268711613	0.079930611761564	0.842444103883383	0.842444103883383
Desulfocapsa	0.645029257484645	0.645029257484645	-0.0763461399171012	0.842444103883383	0.842444103883383
Desulfofarcimen	0.646984153002283	0.646984153002283	-0.0412583018958473	0.842737105267993	0.842737105267993
Halobacteroides	0.647910950143887	0.647910950143887	-0.0249295541443318	0.842737105267993	0.842737105267993
Micavibrio	0.64842178275006	0.64842178275006	0.0524143332982026	0.842737105267993	0.842737105267993
Candidatus Nanopelagicus	0.652750983409503	0.652750983409503	0.0438439878796556	0.846984202863063	0.846984202863063
Thermoclostridium	0.654118872497922	0.654118872497922	0.0400281266071144	0.847381266645035	0.847381266645035
Planktothrix	0.657124720333495	0.657124720333495	0.0435732316628665	0.849635300694328	0.849635300694328
Mesorhizobium	0.659075234439252	0.659075234439252	-0.066693214277351	0.849635300694328	0.849635300694328
Oceanobacillus	0.659352385548721	0.659352385548721	0.0162183531079385	0.849635300694328	0.849635300694328
Syntrophus	0.660117652168526	0.660117652168526	0.0490509497838668	0.849635300694328	0.849635300694328
Ottowia	0.661703169325946	0.661703169325946	0.05282228843038	0.850304555752182	0.850304555752182
Methylocystis	0.664639089566475	0.664639089566475	-0.058398716736572	0.851213147566239	0.851213147566239
Xenorhabdus	0.66669768204559	0.66669768204559	-0.0598728354007688	0.851213147566239	0.851213147566239
Candidatus Nardonella	0.6677745763124	0.6677745763124	-0.0473314735124023	0.851213147566239	0.851213147566239
Anoxybacillus	0.67004659241054	0.67004659241054	0.0498179246084515	0.851213147566239	0.851213147566239
Acetohalobium	0.67036769815942	0.67036769815942	-0.0893437775206691	0.851213147566239	0.851213147566239
Mesobacillus	0.671294303434589	0.671294303434589	0.0842039044104506	0.851213147566239	0.851213147566239
Ndongobacter	0.671953228894986	0.671953228894986	0.0236696696812241	0.851213147566239	0.851213147566239
Frankia	0.672064903010157	0.672064903010157	0.10952293666483	0.851213147566239	0.851213147566239
Halocynthiibacter	0.672238671189306	0.672238671189306	0.0519023222462355	0.851213147566239	0.851213147566239
Paenalcaligenes	0.673546498736972	0.673546498736972	-0.0435788364065725	0.851213147566239	0.851213147566239
Tenacibaculum	0.674143745942184	0.674143745942184	0.0582718694854803	0.851213147566239	0.851213147566239
Burkholderia	0.675490870894959	0.675490870894959	0.120669179928947	0.851566690322555	0.851566690322555
Thermus	0.677849695674975	0.677849695674975	0.0238030923537535	0.85249042952608	0.85249042952608
Nitrobacter	0.678388127515721	0.678388127515721	-0.0315110743838015	0.85249042952608	0.85249042952608
Aminipila	0.679428462629808	0.679428462629808	-0.0702383626215979	0.85249042952608	0.85249042952608
Limnochorda	0.681483914103291	0.681483914103291	0.0540458249066523	0.853727101184343	0.853727101184343
Hungateiclostridium	0.684025004517944	0.684025004517944	0.0557746433424591	0.855567325400187	0.855567325400187
Carboxydocella	0.686873962596394	0.686873962596394	0.0391025990538667	0.857652232904179	0.857652232904179
Lachnoclostridium	0.687841389797838	0.687841389797838	0.050380987470342	0.857652232904179	0.857652232904179
Francisella	0.689515957562302	0.689515957562302	0.0385869086514442	0.858398961208606	0.858398961208606
Chondromyces	0.692670656808796	0.692670656808796	-0.0365536701390467	0.860983152855793	0.860983152855793
Olsenella	0.694289606892349	0.694289606892349	0.0962860293216199	0.861653353499369	0.861653353499369
Mediterraneibacter	0.697444383612149	0.697444383612149	-0.167398523706925	0.864224562302011	0.864224562302011
Pseudodesulfovibrio	0.69903435251937	0.69903435251937	0.0237224547500965	0.864851803582104	0.864851803582104
Acidaminococcus	0.701189903712932	0.701189903712932	-0.0694465887772761	0.866175763410092	0.866175763410092
Agromyces	0.70591614828367	0.70591614828367	-0.0355931808503021	0.870666284900106	0.870666284900106
Empedobacter	0.708042936554377	0.708042936554377	0.0191289378490145	0.87079436828879	0.87079436828879
Arsenophonus	0.7082024373677	0.7082024373677	-0.03930860551788	0.87079436828879	0.87079436828879
Anaerocolumna	0.712875349303663	0.712875349303663	0.0731238042216683	0.874084325053389	0.874084325053389
Thermanaeromonas	0.713649374003049	0.713649374003049	0.0118473674210443	0.874084325053389	0.874084325053389
Novosphingobium	0.714538141496248	0.714538141496248	0.063112858163072	0.874084325053389	0.874084325053389
Rhodopseudomonas	0.715259479022385	0.715259479022385	-0.0582577251957141	0.874084325053389	0.874084325053389
Nesterenkonia	0.718268765109661	0.718268765109661	0.0240068118053325	0.875244273601679	0.875244273601679
Acetilactobacillus	0.718402254647995	0.718402254647995	0.0379835169836472	0.875244273601679	0.875244273601679
Erysipelothrix	0.721074550687776	0.721074550687776	-0.111673966441704	0.875771700330007	0.875771700330007
Pseudoalteromonas	0.722113833524956	0.722113833524956	-0.0635558351996089	0.875771700330007	0.875771700330007
Alloprevotella	0.723087367471882	0.723087367471882	-0.043605721556172	0.875771700330007	0.875771700330007
Teredinibacter	0.724117357711667	0.724117357711667	-0.0246595179128051	0.875771700330007	0.875771700330007
Stenotrophomonas	0.724416811469734	0.724416811469734	0.118174264528903	0.875771700330007	0.875771700330007
Paraburkholderia	0.725419917190645	0.725419917190645	-0.0460541544626264	0.875771700330007	0.875771700330007
Jeotgalibaca	0.726792648103053	0.726792648103053	-0.0863638926277225	0.875825810465044	0.875825810465044
Hyphomonas	0.727935987369678	0.727935987369678	-0.0164069607367857	0.875825810465044	0.875825810465044
Lacticaseibacillus	0.728916730224815	0.728916730224815	-0.0209643478481637	0.875825810465044	0.875825810465044
Anaerotignum	0.729895511210913	0.729895511210913	-0.085307630372683	0.875825810465044	0.875825810465044
Selenomonas	0.731349899424758	0.731349899424758	-0.0596399229101621	0.875825810465044	0.875825810465044
Advenella	0.732255854379542	0.732255854379542	0.0260995024977843	0.875825810465044	0.875825810465044
Sutterella	0.733172027309889	0.733172027309889	0.112908457647128	0.875825810465044	0.875825810465044
Pirellula	0.734403584450108	0.734403584450108	0.0491655458006177	0.875825810465044	0.875825810465044
Malaciobacter	0.735956706360917	0.735956706360917	-0.0420463310493475	0.875825810465044	0.875825810465044
Pelobacter	0.736439998523865	0.736439998523865	0.022244428261202	0.875825810465044	0.875825810465044
Megasphaera	0.739523259497992	0.739523259497992	-0.110116641015578	0.876249711981222	0.876249711981222
Blastochloris	0.740002659708656	0.740002659708656	0.0418701935798829	0.876249711981222	0.876249711981222
Staphylospora	0.740090608866346	0.740090608866346	-0.0231116477650146	0.876249711981222	0.876249711981222
Dokdonia	0.747572521454584	0.747572521454584	0.0189456978784324	0.883796847586308	0.883796847586308
Immundisolibacter	0.755944460560665	0.755944460560665	0.016732320342484	0.890807725690225	0.890807725690225
Paenibacillus	0.756010715037388	0.756010715037388	0.0682087221504882	0.890807725690225	0.890807725690225
Neochlamydia	0.756851676714251	0.756851676714251	-0.018746162036134	0.890807725690225	0.890807725690225
Algoriphagus	0.763252012615782	0.763252012615782	0.0358446645857458	0.897017829259785	0.897017829259785
Stackebrandtia	0.765010054753967	0.765010054753967	0.044414657338244	0.897761799549508	0.897761799549508
Pseudohongiella	0.770105114604303	0.770105114604303	-0.0196276249277416	0.90009654438175	0.90009654438175
Plantactinospora	0.77278203448003	0.77278203448003	-0.0224103688329718	0.90009654438175	0.90009654438175
Tuwongella	0.774488792802076	0.774488792802076	-0.0175332097425356	0.90009654438175	0.90009654438175
Piscirickettsia	0.774631406261142	0.774631406261142	0.0210910542606683	0.90009654438175	0.90009654438175
Actinopolymorpha	0.775227951156908	0.775227951156908	0.0599226690781054	0.90009654438175	0.90009654438175
Parachlamydia	0.775767973503559	0.775767973503559	0.0165369741074941	0.90009654438175	0.90009654438175
Ignavibacterium	0.776707639410218	0.776707639410218	0.0249306859192909	0.90009654438175	0.90009654438175
Escherichia	0.778196792327936	0.778196792327936	0.0832490422447838	0.90009654438175	0.90009654438175
Cryptobacterium	0.780074899462337	0.780074899462337	0.0299768688335464	0.90009654438175	0.90009654438175
Pelolinea	0.780117472609127	0.780117472609127	-0.0673549845004696	0.90009654438175	0.90009654438175
Brevibacillus	0.781203486621	0.781203486621	0.0306402291203295	0.90009654438175	0.90009654438175
Melaminivora	0.782035782705674	0.782035782705674	0.0207311956180104	0.90009654438175	0.90009654438175
Enterococcus	0.782527020011901	0.782527020011901	0.0553293698971721	0.90009654438175	0.90009654438175
Thermobispora	0.782790729073853	0.782790729073853	0.0333939310032277	0.90009654438175	0.90009654438175
Sphingomonas	0.784087620452447	0.784087620452447	0.0595901566973629	0.900290533987126	0.900290533987126
Draconibacterium	0.785914300987996	0.785914300987996	0.0267701087365202	0.901091396822443	0.901091396822443
Muribaculum	0.788396277355667	0.788396277355667	0.110169994940963	0.902640214246517	0.902640214246517
Actinomyces	0.794865446817264	0.794865446817264	0.0492767830350832	0.908092884307198	0.908092884307198
Aeromonas	0.796260963216505	0.796260963216505	-0.0724803918718404	0.908092884307198	0.908092884307198
Acutalibacter	0.79657270553263	0.79657270553263	0.0772839952440531	0.908092884307198	0.908092884307198
Ralstonia	0.801207827377	0.801207827377	0.095027317357912	0.909535270513178	0.909535270513178
Pantoea	0.801755501217248	0.801755501217248	0.0460241969077115	0.909535270513178	0.909535270513178
Brevefilum	0.803315604323554	0.803315604323554	0.0462618670800134	0.909535270513178	0.909535270513178
Clostridium	0.803730397133648	0.803730397133648	-0.0423021800811828	0.909535270513178	0.909535270513178
Thermoanaerobacterium	0.80386747236087	0.80386747236087	0.0163324768335738	0.909535270513178	0.909535270513178
Dechloromonas	0.804676567646997	0.804676567646997	-0.034364409754077	0.909535270513178	0.909535270513178
Petrimonas	0.807594350116674	0.807594350116674	0.0817987947755008	0.911542137755454	0.911542137755454
Ornithobacterium	0.809418583588495	0.809418583588495	0.0617099423397774	0.911678136139045	0.911678136139045
Muricauda	0.809999747522033	0.809999747522033	-0.0318194678881171	0.911678136139045	0.911678136139045
Thiocystis	0.812811853905194	0.812811853905194	-0.0249990051402641	0.912504710919176	0.912504710919176
Cutibacterium	0.813136730239559	0.813136730239559	0.0447956329107485	0.912504710919176	0.912504710919176
Desulfallas	0.816059273974877	0.816059273974877	-0.0466453898945599	0.912504710919176	0.912504710919176
Acinetobacter	0.816765775647139	0.816765775647139	0.0675437001151741	0.912504710919176	0.912504710919176
Endomicrobium	0.81691046853483	0.81691046853483	0.0317806239952523	0.912504710919176	0.912504710919176
Vibrio	0.819265261116852	0.819265261116852	0.0716283769127693	0.912504710919176	0.912504710919176
Candidatus Desulfofervidus	0.819557402300401	0.819557402300401	0.0125853709309331	0.912504710919176	0.912504710919176
Caldicellulosiruptor	0.819882052292042	0.819882052292042	0.0204321258343937	0.912504710919176	0.912504710919176
Abiotrophia	0.825038371206986	0.825038371206986	0.0106483404769073	0.915951561153775	0.915951561153775
Christensenella	0.825274652217499	0.825274652217499	0.065491047217665	0.915951561153775	0.915951561153775
Methylosinus	0.832603174908064	0.832603174908064	-0.021454543973291	0.920135446375374	0.920135446375374
Pectobacterium	0.835284425890482	0.835284425890482	-0.0370426264131475	0.920135446375374	0.920135446375374
Janthinobacterium	0.836284455345202	0.836284455345202	-0.0284267965767841	0.920135446375374	0.920135446375374
Lancefieldella	0.836455044829973	0.836455044829973	-0.0414688301594486	0.920135446375374	0.920135446375374
Providencia	0.837795426333189	0.837795426333189	0.0845557665501438	0.920135446375374	0.920135446375374
Phycicoccus	0.838907469772747	0.838907469772747	-0.0164709272805067	0.920135446375374	0.920135446375374
Massilistercora	0.839078912210783	0.839078912210783	0.0458572543637434	0.920135446375374	0.920135446375374
Candidatus Xiphinematobacter	0.839096392928769	0.839096392928769	0.00733077874540796	0.920135446375374	0.920135446375374
Mannheimia	0.839421810728411	0.839421810728411	0.0193543589040145	0.920135446375374	0.920135446375374
Salimicrobium	0.842817729056808	0.842817729056808	0.0141426362167475	0.921071833016458	0.921071833016458
Leucobacter	0.843936835580631	0.843936835580631	-0.0158144768862975	0.921071833016458	0.921071833016458
Duncaniella	0.845290901117363	0.845290901117363	0.085795028067582	0.921071833016458	0.921071833016458
Amniculibacterium	0.845899696950255	0.845899696950255	0.051380125223844	0.921071833016458	0.921071833016458
Leuconostoc	0.846047184963739	0.846047184963739	0.0225403459300166	0.921071833016458	0.921071833016458
Neisseria	0.850554267603081	0.850554267603081	0.051234746568098	0.923139355636109	0.923139355636109
Virgibacillus	0.851527158568868	0.851527158568868	0.0245735174323718	0.923139355636109	0.923139355636109
Guyparkeria	0.851538642887377	0.851538642887377	0.0134451740309378	0.923139355636109	0.923139355636109
Blautia	0.852573565292998	0.852573565292998	0.0335921975885077	0.923139355636109	0.923139355636109
Kordia	0.858763832296423	0.858763832296423	0.00966649203686872	0.928363760290501	0.928363760290501
Pajaroellobacter	0.86078945784	0.86078945784	0.0142522622462418	0.928363760290501	0.928363760290501
Nakamurella	0.861144967899121	0.861144967899121	-0.0269616811115611	0.928363760290501	0.928363760290501
Formosa	0.863131559116666	0.863131559116666	0.0115302834618967	0.928363760290501	0.928363760290501
Lautropia	0.863215426235028	0.863215426235028	0.0236490698807712	0.928363760290501	0.928363760290501
Thermosulfuriphilus	0.867396347966725	0.867396347966725	-0.00716658034706712	0.930428823145044	0.930428823145044
Parabacteroides	0.867467474210417	0.867467474210417	0.0306069871901311	0.930428823145044	0.930428823145044
Sinimarinibacterium	0.870742091268063	0.870742091268063	-0.00803242286702223	0.931680006435684	0.931680006435684
Oligotropha	0.871627845884707	0.871627845884707	-0.0195811793960857	0.931680006435684	0.931680006435684
Saccharopolyspora	0.872136547377764	0.872136547377764	0.0148913120833509	0.931680006435684	0.931680006435684
Enterobacter	0.874929586315841	0.874929586315841	0.0345201320148166	0.933414184331605	0.933414184331605
Fructilactobacillus	0.877422915606297	0.877422915606297	-0.00910374814027054	0.934824414758111	0.934824414758111
Coprothermobacter	0.880597819502819	0.880597819502819	-0.00945676786976574	0.936956079950999	0.936956079950999
Ruthenibacterium	0.88392322875204	0.88392322875204	-0.0370858763232611	0.938289040719005	0.938289040719005
Rhodospirillum	0.884202203785328	0.884202203785328	-0.017907272776978	0.938289040719005	0.938289040719005
Brochothrix	0.886290144797959	0.886290144797959	-0.0148114252032562	0.939255691299829	0.939255691299829
Brachybacterium	0.889298391576847	0.889298391576847	0.0167831481457188	0.94119378843279	0.94119378843279
Apibacter	0.890794850864611	0.890794850864611	0.00974789686478441	0.941528862238357	0.941528862238357
Tetragenococcus	0.893679862693025	0.893679862693025	0.0180301375156601	0.943328743953749	0.943328743953749
Acetobacter	0.901718889685318	0.901718889685318	0.0143084288178621	0.950557032983995	0.950557032983995
Desulfarculus	0.903251276955586	0.903251276955586	-0.0191323800277237	0.950916251992821	0.950916251992821
Syntrophobacter	0.905965448110896	0.905965448110896	0.0144376174221245	0.952517032401179	0.952517032401179
Jeotgalicoccus	0.908595555798151	0.908595555798151	-0.010206796573258	0.954025333588059	0.954025333588059
Paenisporosarcina	0.910883323697049	0.910883323697049	-0.00699839910052461	0.955170686347234	0.955170686347234
Heliobacterium	0.912501928819988	0.912501928819988	0.00990360958903292	0.955612256165814	0.955612256165814
Collimonas	0.913743851877702	0.913743851877702	0.00904205153668858	0.955658707468422	0.955658707468422
Solimonas	0.918635198241067	0.918635198241067	0.00416430464926629	0.958187174299626	0.958187174299626
Lachnoanaerobaculum	0.919333658507352	0.919333658507351	0.0217040561079895	0.958187174299626	0.958187174299626
Niabella	0.920637865526542	0.920637865526542	0.018718467937219	0.958187174299626	0.958187174299626
Eubacterium	0.921580577697909	0.921580577697909	0.0148962199761166	0.958187174299626	0.958187174299626
Candidatus Chazhemtobacterium	0.922165100077835	0.922165100077835	-0.00552041861910654	0.958187174299626	0.958187174299626
Mycobacterium	0.924177099572308	0.924177099572308	0.0397798302597199	0.958696164416234	0.958696164416234
Thiosulfatimonas	0.925057702506893	0.925057702506893	-0.0093410631299717	0.958696164416234	0.958696164416234
Candidatus Portiera	0.926884665872393	0.926884665872393	-0.0112458566466541	0.959343661953527	0.959343661953527
Sodalis	0.929383183695007	0.929383183695007	0.0180883475645658	0.960683653612196	0.960683653612196
Buchnera	0.930887360949531	0.930887360949531	0.012389406069802	0.960993679220861	0.960993679220861
Finegoldia	0.936905808175947	0.936905808175947	-0.02830373565729	0.964689010285993	0.964689010285993
Candidatus Ishikawaella	0.93808031496094	0.93808031496094	-0.00942317005054127	0.964689010285993	0.964689010285993
Phoenicibacter	0.938093573912194	0.938093573912194	0.0120927600200286	0.964689010285993	0.964689010285993
Hypericibacter	0.945164637176747	0.945164637176747	0.00924578744017798	0.969981802889802	0.969981802889802
Serratia	0.945790057577536	0.945790057577536	-0.0173515080562532	0.969981802889802	0.969981802889802
Mahella	0.946886998059093	0.946886998059093	0.00566418140492778	0.969981802889802	0.969981802889802
Sulfurimonas	0.949235884172588	0.949235884172588	-0.00670476055912906	0.971141327653494	0.971141327653494
Thioalkalivibrio	0.954238278751088	0.954238278751088	-0.00944661604693792	0.974678806624178	0.974678806624178
Halioglobus	0.955136374411163	0.955136374411163	0.0052822876020456	0.974678806624178	0.974678806624178
Tumebacillus	0.958882131720123	0.958882131720123	0.00958802468315681	0.977251521216677	0.977251521216677
Exiguobacterium	0.962091972614051	0.962091972614051	-0.00342709184452908	0.979272186410731	0.979272186410731
Cupriavidus	0.967473808592941	0.967473808592941	0.00697987823707129	0.982864670868302	0.982864670868302
Sulfurivermis	0.968084751005621	0.968084751005621	-0.0060302083682088	0.982864670868302	0.982864670868302
Desulfobulbus	0.969936029633982	0.969936029633982	-0.00570764183408124	0.983492949997354	0.983492949997354
Adlercreutzia	0.971428355959869	0.971428355959869	0.00660911253182234	0.983713056881318	0.983713056881318
Mucinivorans	0.972618548721002	0.972618548721002	0.00613374528190696	0.983713056881318	0.983713056881318
Lacipirellula	0.974191846061129	0.974191846061129	-0.00282678460455547	0.984057079945292	0.984057079945292
Herbaspirillum	0.976960628681113	0.976960628681113	-0.00451277700608621	0.985606297961477	0.985606297961477
Intestinibaculum	0.979831199500245	0.979831199500245	0.00478446544452497	0.987254163132823	0.987254163132823
Pandoraea	0.985473503011928	0.985473503011928	-0.00402928377290124	0.990541334908778	0.990541334908778
Kroppenstedtia	0.985576215435552	0.985576215435552	0.000939965035072267	0.990541334908778	0.990541334908778
Methanothrix	0.991266744088562	0.991266744088562	-0.00161122352707522	0.994140296464095	0.994140296464095
Halomonas	0.991648716773708	0.991648716773708	-0.00246068640480621	0.994140296464095	0.994140296464095
Moraxella	0.993274510111705	0.993274510111705	0.00184779414791667	0.994520776749235	0.994520776749235
Bosea	0.994790397121455	0.994790397121455	0.000589786377913181	0.994790397121455	0.994790397121455
