0319-6G20	67-14	A0839	A4b	AB1	Acanthopleuribacteraceae	Acetobacteraceae	Acidaminococcaceae	Acidithiobacillaceae	Acidobacteriaceae_(Subgroup_1)	Actinomycetaceae	Aerococcaceae	Aeromonadaceae	Akkermansiaceae	AKYH767	Alcanivoracaceae	Algiphilaceae	Alicyclobacillaceae	Alteromonadaceae	Amb-16S-1323	Anaerolineaceae	Anaeroplasmataceae	Aphagea_fa	Arcobacteraceae	Atopobiaceae	Azospirillaceae	Babeliaceae	Bacillaceae	bacteriap25	Bacteriovoracaceae	Bacteroidaceae	Bacteroidales_BS11_gut_group	Bacteroidales_RF16_group	Bacteroidetes_vadinHA17	Balneolaceae	Barnesiellaceae	Bdellovibrionaceae	Beijerinckiaceae	Bifidobacteriaceae	BIrii41	Blastocatellaceae	Blfdi19	Brachyspirales_Incertae_Sedis	Bradymonadaceae	Brevibacteriaceae	Burkholderiaceae	Caedibacteraceae	Caldatribacteriaceae	Caldilineaceae	Caldisericaceae	Campylobacteraceae	Cardiobacteriaceae	Carnobacteriaceae	Caulobacteraceae	Cellulomonadaceae	Cellvibrionaceae	Chitinophagaceae	Chloroflexaceae	Christensenellaceae	Chromobacteriaceae	Chroococcidiopsaceae	Chthoniobacteraceae	Cloacimonadaceae	Clostridiaceae_1	Clostridiaceae_2	Clostridiales_Incertae_Sedis	Clostridiales_vadinBB60_group	Coleofasciculaceae	Coriobacteriaceae	Coriobacteriales_Incertae_Sedis	Corynebacteriaceae	Coxiellaceae	Crocinitomicaceae	Cryomorphaceae	cvE6	Cyanobacteriaceae	Cyclobacteriaceae	Cytophagaceae	Deferribacteraceae	Defluviitaleaceae	Dehalococcoidaceae	Dermabacteraceae	Dermacoccaceae	Desulfarculaceae	Desulfobacteraceae	Desulfobulbaceae	Desulfomicrobiaceae	Desulfonatronaceae	Desulfovibrionaceae	Desulfuromonadaceae	Devosiaceae	Dietziaceae	Diplorickettsiaceae	Dongiaceae	Dysgonomonadaceae	Eggerthellaceae	Elusimicrobiaceae	Enterobacteriaceae	Enterococcaceae	env.OPS_17	Erysipelotrichaceae	Eubacteriaceae	Eurycoccales_Incertae_Sedis	Euzebyaceae	Family_XI	Family_XII	Family_XIII	Family_XIV	Family_XVII	Fervidobacteriaceae	Fibrobacteraceae	Fimbriimonadaceae	Flavobacteriaceae	Fusobacteriaceae	Gaiellaceae	Geminicoccaceae	Gemmataceae	Gemmatimonadaceae	Geobacteraceae	Geodermatophilaceae	Haliangiaceae	Haloferacaceae	Halomonadaceae	Halothiobacillaceae	Helicobacteraceae	Heliobacteriaceae	Holophagaceae	Holosporaceae	Hydrogenophilaceae	Hymenobacteraceae	Hyphomicrobiaceae	Hyphomonadaceae	Iamiaceae	Ignavibacteriaceae	Immundisolibacteraceae	Incertae_Sedis_fa	Intrasporangiaceae	JG30-KF-CM45	KD3-93	Kineosporiaceae	Koribacteraceae	Lachnospiraceae	Lactobacillaceae	Legionellaceae	Lentimicrobiaceae	Leptospiraceae	Leptotrichiaceae	Leuconostocaceae	Longimicrobiaceae	M2PB4-65_termite_group	Magnetospirillaceae	Malasseziaceae	Marinifilaceae	Marinilabiliaceae	Marinobacteraceae	Marinomonadaceae	Methanobacteriaceae	Methanocorpusculaceae	Methanomethylophilaceae	Methanoregulaceae	Methylacidiphilaceae	Methylococcaceae	Methyloligellaceae	Methylomonaceae	Methylophilaceae	Micavibrionaceae	Microbacteriaceae	Micrococcaceae	Microcystaceae	Micromonosporaceae	Micropepsaceae	Microscillaceae	Microtrichaceae	Midichloriaceae	Mitochondria	ML635J-40_aquatic_group	Moraxellaceae	Muribaculaceae	MWH-CFBk5	Mycobacteriaceae	Mycoplasmataceae	Myxococcaceae	Nannocystaceae	Neisseriaceae	Nitriliruptoraceae	Nitrincolaceae	Nitrosococcaceae	Nitrosomonadaceae	Nitrosopumilaceae	Nitrososphaeraceae	Nitrospiraceae	Nocardiaceae	Nocardioidaceae	Nodosilineaceae	Nostocaceae	Nostocales_Incertae_Sedis	NS11-12_marine_group	Oligoflexaceae	Opitutaceae	P3OB-42	Paenibacillaceae	Paludibacteraceae	Paracaedibacteraceae	Parachlamydiaceae	Parvibaculaceae	Pasteurellaceae	Pedosphaeraceae	PeH15	Peptococcaceae	Peptostreptococcaceae	Petrotogaceae	Phormidiaceae	PHOS-HE36	Phycisphaeraceae	Pirellulaceae	Planococcaceae	Pleomorphomonadaceae	Polyangiaceae	Porphyromonadaceae	Porticoccaceae	Prevotellaceae	Prolixibacteraceae	Promicromonosporaceae	Pseudanabaenaceae	Pseudoalteromonadaceae	Pseudomonadaceae	Pseudonocardiaceae	Puniceicoccaceae	Puniceispirillales_Incertae_Sedis	Pyrinomonadaceae	Reyranellaceae	Rhizobiaceae	Rhizobiales_Incertae_Sedis	Rhodanobacteraceae	Rhodobacteraceae	Rhodocyclaceae	Rhodospirillaceae	Rickettsiaceae	Rikenellaceae	Rubinisphaeraceae	Rubritaleaceae	Rubrobacteriaceae	Ruminococcaceae	Saprospiraceae	SC-I-84	SG8-4	Shewanellaceae	Simkaniaceae	SM2D12	Sneathiellaceae	Solanales_fa	Solibacteraceae_(Subgroup_3)	Solimonadaceae	Solirubrobacteraceae	Sphingobacteriaceae	Sphingomonadaceae	Spirochaetaceae	Spirosomaceae	Sporolactobacillaceae	SRB2	Staphylococcaceae	Stappiaceae	Steroidobacteraceae	Streptococcaceae	Streptomycetaceae	Succinivibrionaceae	Sulfurospirillaceae	Sulfurovaceae	Synergistaceae	Syntrophaceae	Syntrophobacteraceae	Syntrophomonadaceae	Syntrophorhabdaceae	Tannerellaceae	Terrimicrobiaceae	Thalassobaculaceae	Thermaceae	Thermoanaerobaculaceae	Thiotrichaceae	Thiovulaceae	TRA3-20	Trueperaceae	TTA-B1	UBA12409	Unknown_Family	vadinBE97	Veillonellaceae	Vermiphilaceae	Verrucomicrobiaceae	Vibrionaceae	Victivallaceae	WD2101_soil_group	Weeksellaceae	Xanthobacteraceae	Xanthomonadaceae	Xiphinematobacteraceae	others	Assay.Type	AvgSpotLen	Bases	BioProject	BioSample	BioSampleModel	Bytes	Center.Name	Collection_Date	Consent	DATASTORE.filetype	DATASTORE.provider	DATASTORE.region	env_biome	env_feature	env_material	Experiment	geo_loc_name_country	geo_loc_name_country_continent	geo_loc_name	Host_Age	Host	Instrument	lat_lon	Library.Name	LibraryLayout	LibrarySelection	LibrarySource	Organism	Platform	ReleaseDate	Sample.Name	SRA.Study	env_material.1	Group	ID	prepost
SRR11292125	0	0	0	0	0	0	0	0	0	0	1.12945291072456	0	0	3.46563235424128	0	0	0	0	0	0	0	0	0	0	0	0	0	0	0	0	4.09873506691651	0	0	0	0	1.7066374474844	0	0	2.24456667577457	0	0	0	0	0	0	2.42325300002106	0	0	0	0	0	0	1.31698370691279	0	0	0	0	0	1.53479230662625	0	0	0	0	1.5076078475585	0	0	0	0	0	1.53479230662625	0	0	0	0	0	0	0	0	0	0	0	0	0	0	0	0	0	0	2.18398272833169	0	0	0	0	0	0	1.33821226295183	0	3.28417489088612	1.24625711996796	0	2.0848225404885	0	0	0	0.488377866151727	0	1.74886624893017	0	0	0	0	0	0	1.19177007211684	0	0	0	0	0	0	0	0	0	0	0	0	0	0	0	0	0	0	0	0	0	0	0	0	0	0	0	3.87029075414633	0	0	0	0	0	1.0566713354348	0	0	0	0	2.14375932767572	0	0	0	0	0	0	0	0	0	0	0	0	0	0	0	0	0	0	0	0	0	0	0	0	0	0	0	0	0	0	0	0	0	0	0	0	0	0	0.859517955003882	0	0	0	0	0	0	0	0	0	0	0	0	0	0.792177010179407	0	0	1.01512849412227	1.81585660512624	0	0	0	0	0	0	0	0	0	0	2.76260301094119	0	0	0	0	0	0	0	0	0	0	0	0	0	0	0	0	0	3.29023286791565	0	0	0	3.67782885640819	0	0	0	0	0	0	0	0	0	0	0	0	0	0	0	0	0	0	0	0	3.91964809055994	0	0	0	0	1.43111727146941	0	0	0	0	3.33273975826124	0	0	0	0	0	0	0	0	0	0	0	0.792177010179407	2.74914064535685	0	0	0	0	0	0	0	0	0	3.71076464433292	AMPLICON	302	18150200	PRJNA612042	SAMN08684111	Metagenome or environmental	10131843	UNIVERSITY OF ARIZONA COLLEGE OF MEDICINE - PHOENIX	7/10/14	public	fastq,sra	ncbi,s3,gs	s3.us-east-1,gs.US,ncbi.public	gut	intestine	fecal	SRX7897770	uncalculated	uncalculated	missing	not collected	Homo sapiens	Illumina MiSeq	not collected	P018-6M	PAIRED	PCR	METAGENOMIC	human gut metagenome	ILLUMINA	2020-03-12T00:00:00Z	P018-6M	SRP252447	fecal	6M	P18	1
SRR11292126	0	0	0	0	0	0	0	2.54255188506831	0	0	0.741673591365148	0	0	2.38090051924981	0	0	0	0	0	0	0	0	0	0	0.642214157050242	0	0	0	0	0	3.98032398482196	0	0	0	0	0	0	0	2.07759116967561	0	0	0	0	0	0	2.10152845928632	0	0	0	0	0	0	1.96596182345176	0	0	0	0	0	0	0	0	0	0	0	0	0	0	0	0	1.4308906581541	0	0	0	0	0	0	0	0	0	0	0	0	0	0	0	0	0	0	0	0	0	0	0	0	0	1.55634902045753	0	3.43851872322688	0	0	3.60819759047007	1.97123337243696	0	0	1.04775796689771	0	1.98667463774436	0	0	0	0	0	0	0.642214157050242	0	0	0	0	0	0	0	0	0	0	0	0	0	0	0	0	0	0	0	0	0	0	0	0	0	0	0	4.38577574961814	1.1628594080249	0	0	0	0	0.890697042968469	0	0	0	0	0	0	0	0	0	0	0	0	0	0	0	0	0	0	0	0.890697042968469	0	0	0	0	0	0	0	0	0	0	0	0	0	0	0	0	0	0	0	0	0	0	0	0	0	0	0	0	0	0	0	0	0	0	0	0	0	1.30525811874442	0	0	1.00144177469049	1.75934924157204	0	0	0	0	0	0	0	0	0	0	1.28027112609606	0	0	0	0	0	0	0	0	0	0	0	0	0	0	0	0	0	1.8077566699764	0	0	0	3.65032715321659	0	0	0	0	0	0	0	0	0	0	0	0	0	0	0	0	0	0.949589862928541	0	0	3.36043966307955	0	0	0	0	0	0	0	0	0	2.73569816296585	0	0	0	0	0	0	0	0	0	0	0	0	2.15616659410482	0	0	0	0	0	0	0	0	0	1.28027112609606	AMPLICON	302	15951036	PRJNA612042	SAMN08684110	Metagenome or environmental	8681612	UNIVERSITY OF ARIZONA COLLEGE OF MEDICINE - PHOENIX	8/20/14	public	fastq,sra	gs,s3,ncbi	ncbi.public,s3.us-east-1,gs.US	gut	intestine	fecal	SRX7897769	uncalculated	uncalculated	missing	not collected	Homo sapiens	Illumina MiSeq	not collected	P016-6M	PAIRED	PCR	METAGENOMIC	human gut metagenome	ILLUMINA	2020-03-12T00:00:00Z	P016-6M	SRP252447	fecal	6M	P16	1
SRR11292127	0	0	0	0	0	0	0	0	0	0	1.27863466529306	0	0	3.67574443765175	0	0	0	0	0	0	0	0	0	0	0	0	0	0	0	0	3.91669675565112	0	0	0	0	0	0	0	2.40641512868329	0	0	0	0	0	0	2.26704686296606	0	0	0	0	0	0	0	0	0	0	0	0	2.23792128477027	0	0	0	0	2.30307113795654	0	0	0	0	2.09678547335373	2.04519856582551	0	0	0	0	0	0	0	0	0	0	0	0	0	0	0	0	0	0	3.12924214478768	0	0	0	0	0	0	1.1759740856434	0	3.41031429085875	1.98664748456945	0	3.15063098444535	0	0	0	1.1759740856434	0	2.00419707282039	0	0	0	0	0	0	1.51839220062782	0	0	0	0	0	0	0	0	0	0	0	0	0	0	0	0	0	0	0	0	0	0	0	0	0	0	0	4.00715271553024	1.1759740856434	0	0	0	0	0	0	0	0	0	1.56807957347783	0	0	0	0	0	0	0	0	0	0	0	0	0	0	0	0	0	0	0	0	0	0	0	0	0	0	0	0	0	0	0	0	0	0	0	0	0	0	0	0	0	0	0	0	0	0	0	0	0	0	0	0	0	0	0	1.56807957347783	2.51970282896629	0	0	0	0	0	0	0	0	0	0	0	0	0	0	0	0	0	0	0	0	0	0	0	0	0	0	0	0	2.74259981420968	0	0	0	4.16163165976188	0	0	0	0	0	0	0	0	0	0	0	0	0	0	0	0	0	0	0	0	3.08230086056553	0	0	0	0	0	0	0	0	0	3.0887191209082	0	0	0	0	0	0	0	0	0	0	0	0	3.24017411005489	0	0	0	0	0	0	0	0	0	1.86319903599699	AMPLICON	302	8155812	PRJNA612042	SAMN08684109	Metagenome or environmental	4538136	UNIVERSITY OF ARIZONA COLLEGE OF MEDICINE - PHOENIX	8/14/13	public	fastq,sra	ncbi,s3,gs	s3.us-east-1,ncbi.public,gs.US	gut	intestine	fecal	SRX7897768	uncalculated	uncalculated	missing	not collected	Homo sapiens	Illumina MiSeq	not collected	P010-6M	PAIRED	PCR	METAGENOMIC	human gut metagenome	ILLUMINA	2020-03-12T00:00:00Z	P010-6M	SRP252447	fecal	6M	P10	1
SRR11292131	0	0	0	0	0	0	0	3.46204888241169	0	0	1.06418099157259	0	0	3.51595766051431	0	0	0	0	0	0	0	0	0	0	0.87613267054679	0	0	0	0	0	4.19913474156526	0	0	0	0	2.94053538775905	0	0	1.23795354761102	0	0	0	0	0	0	2.63305724087338	0	0	0	0	0	0	1.67618581360351	0	0	0	0	0	1.17178103531004	0	0	0	0	0.998388927571014	0	0	0	0	0	1.29536387934798	0	0	0	0	0	0	0	0	0	0	0	0	0	0	0	0	0	0	3.35168942248447	0	0	0	0	0	0.419894868182979	1.29536387934798	0	3.27658990141454	0	0	2.13952972640445	0	0	0	1.31292965436308	0	1.19497703166758	0	0	0	0	0	0	1.95727065780709	0	0	0	0	0	0	0	0	0	0	0	0	0	0	0	0	0	0	0	0	0	0	0	0	0	0	0	4.00410359416445	0	0	0	0	0	0	0	0	0	0	2.43769231053651	0	0	0	1.50464747490177	0	0	0	0	0	0	0	0	0	0	1.76976058293597	0	0	0	0	0	0	0	0	0	0	0	0	0	0	0	0	0	0	0	0	0	0	0	0	0	0	0	0	0	0	0	0	0	0	0	0	0	1.79316974874275	0	0	0	1.68358109973427	0	0	0	0	0	0	0	0	0	0	0	0	0	0	0	0	0	0	0	0	0	0	0	0	0	0	0	0	3.55275427155252	0	0	0	3.63518995807577	0	0	0	0	0	0	0	0	0	0	0	0	0	0	0	0	0	0	0	0	3.24616152369919	0	0	0	0	2.19936958343047	0	0	0	0	2.9657594596075	0	0	0	0	0	0	0	0	0	0	0	0	2.00527632067641	0	0	0	0	0	0	0	0	0	2.47952778063254	AMPLICON	302	21068124	PRJNA612042	SAMN08684106	Metagenome or environmental	11772253	UNIVERSITY OF ARIZONA COLLEGE OF MEDICINE - PHOENIX	6/14/13	public	sra,fastq	gs,ncbi,s3	ncbi.public,s3.us-east-1,gs.US	gut	intestine	fecal	SRX7897764	uncalculated	uncalculated	missing	not collected	Homo sapiens	Illumina MiSeq	not collected	P5-6M	PAIRED	PCR	METAGENOMIC	human gut metagenome	ILLUMINA	2020-03-12T00:00:00Z	P5-6M	SRP252447	fecal	6M	P5	1
SRR11292132	0	0	0	0	0	0	0	0	0	0	0.897051268196009	0	0	1.50518928209854	0	0	0	0	0	0	0	0	0	0	0	0	0	0	0	0	3.73781611700342	0	0	0	0	0	0	0	0	0	0	0	0	0	0	1.79938047707304	0	0	0	0	0	0	0	0	0	0	0	0	0	0	0	0	0	0	0	0	0	0	0	2.13144505066465	0	0	0	0	0	0	0	0	0	0	0	0	0	0	0	0	0	0	0	0	0	0	0	0	0	2.0786178730314	0	1.26063968380058	0	0	2.8495281757446	1.66069439194509	0	0	0	0	1.66069439194509	0	0	0	0	0	0	0	0	0	0	0	0	0	0	0	0	0	0	0	0	0	0	0	0	0	0	0	0	0	0	0	0	0	0	4.47546880201454	0	0	0	0	0	0	0	0	0	0	0	0	0	0	0	0	0	0	0	0	0	0	0	0	0	0	0	0	0	0	0	0	0	0	0	0	0	0	0	0	0	0	0	0	0	0	0	0	0	0	0	0	0	0	0	0	0	0	0	0	0	0	0	0	0	0	0	2.66842640121382	0	0	0	0	0	0	0	0	0	0	0	0	0	0	0	0	0	0	0	0	0	0	0	0	0	0	0	0	2.22101961858096	0	0	0	3.81939436413225	0	0	0	0	0	0	0	0	0	0	0	0	0	0	0	0	0	0	0	0	1.26063968380058	0	0	0	0	0	0	0	0	0	1.86534144446241	0	0	0	0	0	0	0	0	0	0	0	0	3.75313824958781	0	0	0	0	0	0	0	0	0	1.42871368531497	AMPLICON	302	10824284	PRJNA612042	SAMN08684105	Metagenome or environmental	5755964	UNIVERSITY OF ARIZONA COLLEGE OF MEDICINE - PHOENIX	2/5/13	public	sra,fastq	s3,gs,ncbi	s3.us-east-1,ncbi.public,gs.US	gut	intestine	fecal	SRX7897763	uncalculated	uncalculated	missing	not collected	Homo sapiens	Illumina MiSeq	not collected	P2-6M	PAIRED	PCR	METAGENOMIC	human gut metagenome	ILLUMINA	2020-03-12T00:00:00Z	P2-6M	SRP252447	fecal	6M	P2	1
SRR11292136	0	0	0	0	0	0	0	3.0580284655628	0	0	0.861801260905051	0	0	0	0	0	0	0	0	0	0	0	0	0	0.578484786428209	0	0	0	0	0	4.36274805994961	0	0	0	0	2.64572113852114	0	0	2.28177295022037	0	0	0	0	0	0	2.39653075453063	0	0	0	0	0	0	0	0	0	0	0	0	1.73784091876911	0	0	0	0	0	0	0	0	0	0	0.76938781985185	0	0	0	0	0	0	0	0	0	0	0	0	0	0	0	0	0	0	3.32869157152077	0	0	0	0	0	0	1.00273269489299	0	0	0	0	2.87491834399756	0	0	0	0.818047996643757	0	1.71510802743703	0	0	0	0	0	0	0.490167770515328	0	0	0	0	0	0	0	0	0	0	0	0	0	0	0	0	0	0	0	0	0	0	0	0	0	0	0	4.14474283969607	0	0	0	0	0	0	0	0	0	0	2.25231068400876	0	0	0	0	0	0	0	0	0	0	0	0	0	0	0	0	0	0	0	0	0	0	0	0	0	0	0	0	0	0	0	0	0	0	0	0	0	0	0	0	0	0	0	0	0	0	0	0	0	0	0	0	0	0	0	0	0.651841433448873	0	0	0	0	0	0	0	0	0	0	0	0	0	0	0	0	0	0	0	0	0	0	0	0	0	0	0	0	3.13679297568295	0	0	0	3.70189775179695	0	0	0	0	0	0	0	0	0	0	0	0	0	0	0	0	0	0	0	0	2.16438241078833	0	0	0	0	0	0	0	0	0	2.74774395611008	0	0	0	0	0	0	0	0	0	0	0	0	0.578484786428209	0	0	0	0	0	0	0	0	0	2.28177295022037	AMPLICON	302	26071358	PRJNA612042	SAMN08684101	Metagenome or environmental	14432898	UNIVERSITY OF ARIZONA COLLEGE OF MEDICINE - PHOENIX	11/9/12	public	sra,fastq	ncbi,s3,gs	gs.US,s3.us-east-1,ncbi.public	gut	intestine	fecal	SRX7897759	uncalculated	uncalculated	missing	not collected	Homo sapiens	Illumina MiSeq	not collected	P5-BASE	PAIRED	PCR	METAGENOMIC	human gut metagenome	ILLUMINA	2020-03-12T00:00:00Z	P5-BASE	SRP252447	fecal	Baseline	P5	0
SRR11292137	0	0	0	0	0	0	0	2.85692463518405	0	0	1.43237735400885	0	0	3.87011086745913	0	0	0	0	0	0	0	0	0	0	0	0	0	0	0	0	4.10452324790889	0	0	0	0	0	0	0	0.736380210574365	0	0	0	0	0	0	2.26349787201586	0	0	0	0	0	0	1.30255932549729	0	0	0	0	0	1.92240914510455	0	0	0	0	1.40064215625579	0	0	0	0	2.20905453943029	1.72008063897277	0	0	0	0	0	0	0	0	0	0	0	0	0	0	0	0	0	0	2.67747623826446	0	0	0	0	0	1.09490176574221	1.64568341029383	0	2.25743587214118	0	0	3.07265527470912	0	0	0	1.27413895776513	0	1.78809821751179	0	0	0	0	0	0	0.621012652683679	0	0	0	0	0	0	0	0	0	0	0	0	0	0	0	0	0	0	0	0	0	0	0	0	0	0	0	3.92086369465918	0	0	0	0	0	0	0	0	0	0	3.11341962749224	0	0	0	1.67582425001283	0	0	0	0	0	0	0	0	0	0	1.22768433771886	0	0	0	0	0	0	0	0	0	0	0	0	0	0	0	0	0	0	0	0	0	0	0	0	0	0	0	0	0	0	0	0	0	0	0	0	0	1.92240914510455	0	0	0	2.26798948131102	0	0	0	0	0	0	0	0	0	0	0	0	0	0	0	0	0	0	0	0	0	0	0	0	0	0	0	0	3.65685342960163	0	0	0	3.88951544785346	0	0	0	0	0	0	0	0	0	0	0	0	0	0	0	0	0	0	0	0	3.4094699669817	0	0	0	0	1.22768433771886	0	0	0	0	3.08757643078493	0	0	0	0	0	0	0	0	0	0	0	0	1.7456127713471	0	0	0	0	0	0	0	0	0	1.6065154483184	AMPLICON	302	26324434	PRJNA612042	SAMN08684100	Metagenome or environmental	14466467	UNIVERSITY OF ARIZONA COLLEGE OF MEDICINE - PHOENIX	10/24/14	public	fastq,sra	gs,ncbi,s3	ncbi.public,gs.US,s3.us-east-1	gut	intestine	fecal	SRX7897758	uncalculated	uncalculated	missing	not collected	Homo sapiens	Illumina MiSeq	not collected	P5-12M	PAIRED	PCR	METAGENOMIC	human gut metagenome	ILLUMINA	2020-03-12T00:00:00Z	P5-12M	SRP252447	fecal	12M	P5	1
SRR11292138	0	0	0	0	0	0	0	0	0	0	1.15784858548077	0	0	0.565445682629625	0	0	0	0	0	0	0	0	0	0	0	0	0	0	0	0	3.78415779775466	0	0	0	0	0	0	0	0	0	0	0	0	0	0	1.85690850805258	0	0	0	0	0	0	0	0	0	0	0	0	0	0	0	0	0	0	0	0	0	0	0	2.68854450456753	0	0	0	0	0	0	0	0	0	0.565445682629625	0	0	0	0	0	0	0	0	0	0	0	0	0	0	0	2.35635518213943	0	1.01569830822724	0	0	3.20419189533931	1.76750295913986	0	0	0	0	1.77731855853272	0	0	0	0	0	0	0	0	0	0	0	0	0	0	0	0	0	0	0	0	0	0	0	0	0	0	0	0	0	0	0	0	0	0	4.514115798102	0	0	0	0	0	0	0	0	0	0	0	0	0	0	0	0	0	0	0	0	0	0	0	0	0	0	0	0	0	0	0	0	0	0	0	0	0	0	0	0	0	0	0	0	0	0	0	0	0	0	0	0	0	0	0	0	0	0	0	0	0	0	0	0	0	0	0	2.70029093390463	0	0	0	0	0	0	0	0	0	0	0	0	0	0	0	0	0	0	0	0	0	0	0	0	0	0	0	0	2.20117596091455	0	0	0	3.73803654778608	0	0	0	0	0	0	0	0	0	0	0	0	0	0	0	0	0	0	0	0	1.46395622954596	0	0	0	0	0	0	0	0	0	2.01723737541794	0	0	0	0	0	0	0	0	0	0	0	0	3.2955644893808	0	0	0	0	0	0	0	0	0	1.15784858548077	AMPLICON	302	14133600	PRJNA612042	SAMN08684099	Metagenome or environmental	7616086	UNIVERSITY OF ARIZONA COLLEGE OF MEDICINE - PHOENIX	7/24/12	public	fastq,sra	ncbi,s3,gs	ncbi.public,s3.us-east-1,gs.US	gut	intestine	fecal	SRX7897757	uncalculated	uncalculated	missing	not collected	Homo sapiens	Illumina MiSeq	not collected	P2-BASE-2	PAIRED	PCR	METAGENOMIC	human gut metagenome	ILLUMINA	2020-03-12T00:00:00Z	P2-BASE-2	SRP252447	fecal	Baseline	P2	0
SRR11292140	0	0	0	0	0	0	0	0	0	0	1.47453419011704	0	0	1.63411721481389	0	0	0	0	0	0	0	0	0	0	0.809746680161206	0	0	0	0	0	4.20827159484019	0	0	0	0	0	0	0	2.1616946953514	0	0	0	0	0	0	2.56202881166632	0	0	0	0	0	0	0.94397315949806	0	0	0	0	0	2.78599294107577	0	0	0	0	1.15358498632543	0	0	2.46472069611244	0	2.32971980229982	1.93403124762727	0	0	0	0	0	0	0	0	0	0	0	0	0	0	0	0	0	0	1.60988644956703	0	0	0	0	0	0	1.82238601032851	0	3.28968268620904	0	0	2.70861137528178	1.12915768704122	0	0	0.859243136511402	0	2.14263148375735	0	0	0	0	0	0	0	0	0	0	0	0	0	0	0	0	0	0	0	0	0	0	0	0	0	0	0	0	0	0	0	0	0	0	4.020283458708	0	0	0	0	0	0	0	0	0	0	2.73305672484919	0	0	0	0	0	0	0	0	0	0	0	0	0	0	0	0	0	0	0	0	0	0	0	0	0	0	0	0	0	0	0	0	0	0	0	0	0	0	0	0	0	0	0	0	0	0	0	0	0	0	0	0	0.980850674769112	0	0	0.859243136511402	2.23252617311223	0	0	0	0	0	0	0	0	0	0	0	0	0	0	0	0	0	0	0	0	0	0	0	0	0	0	0	0	3.12331637811147	0	0	0	4.07319995713712	0	0	0	0	0	0	0	0	0	0	0	0	0	0	0	0	0	0	0	0	3.10749648931156	0	0	0	0	1.19866796234995	0	0	0	0	3.05327205699238	0	0	0	0	0	0	0	0	0	0	0	0	3.03804581022246	0	0	0	0	0	0	0	0	0	2.98713665686032	AMPLICON	302	22964080	PRJNA612042	SAMN08684098	Metagenome or environmental	12528431	UNIVERSITY OF ARIZONA COLLEGE OF MEDICINE - PHOENIX	8/13/13	public	fastq,sra	ncbi,gs,s3	s3.us-east-1,gs.US,ncbi.public	gut	intestine	fecal	SRX7897755	uncalculated	uncalculated	missing	not collected	Homo sapiens	Illumina MiSeq	not collected	P2-12M	PAIRED	PCR	METAGENOMIC	human gut metagenome	ILLUMINA	2020-03-12T00:00:00Z	P2-12M	SRP252447	fecal	12M	P2	1
SRR11292141	0	0	0	0	0	0	0	2.35037776142538	0	0	0.822642928645368	0	1.25386581898266	3.4526949766286	0	0	0	0	0	0	1.37271056282367	0	0	0	0	0	0	0	0	0	4.35462243357476	0	0	0	0	0	0	0	0	0	0	0	0	0	0	2.77990919913803	0	0	0	0	0	0	1.42181260272474	0	0	0	0	0	1.31734080462373	0	0	0	0	2.1441318066767	0	0	0	0	0	0	0	0	0	0	0	0	0	0	0	0	0	0	0	0	0	0	0	0	2.12616617689623	0	0	0	0	0	0	1.08971186173894	0	3.08765106030018	0	0	2.21687987224254	0	0	0	0	0	1.73758228441986	0	0	0	0	0	0	3.11484253170041	0	0	0	0	0	0	0	0	0	0	0	0	0	0	0	0	0	0	0	0	0	0	0	0	0	0	0	3.99838026694081	0	0	1.50596286924093	0	0.976391068981004	0	0	0	0	0	0	0	0	0	0	0	0	0	0	0	0	0	0	0	0	0	1.08971186173894	0	0	0	0	0	0	0	1.50596286924093	0	0	0	0	0	0	0	0	0	0	0	0	0	0	0	0	0	0	0	0	0	0	0	0	0	0	0	0	2.54546839314231	0	0	0	2.03462050198072	1.08971186173894	0	0	0	0	0	0	0	0	0	0	0	0	0	0	1.37271056282367	0	0	0	0	0	0	0	0	0	0	0	0	3.08965078907186	0	0	0	3.51352322665394	0	0	0	0	0	0	0	0	0	0	0	0	0	0	0	0	0	0	0	0	2.84236798591725	0	0	0	0	0	0	0	0	0	3.60837188494711	0	0	0	0	0	0	0	0	0	0	0	0	2.48162694959478	0	0	0	0	0	0	0	0	0	1.66443617420011	AMPLICON	302	6061140	PRJNA612042	SAMN08684097	Metagenome or environmental	3348431	UNIVERSITY OF ARIZONA COLLEGE OF MEDICINE - PHOENIX	4/1/15	public	fastq,sra	gs,ncbi,s3	gs.US,ncbi.public,s3.us-east-1	gut	intestine	fecal	SRX7897754	uncalculated	uncalculated	missing	not collected	Homo sapiens	Illumina MiSeq	not collected	P18-12M	PAIRED	PCR	METAGENOMIC	human gut metagenome	ILLUMINA	2020-03-12T00:00:00Z	P18-12M	SRP252447	fecal	12M	P18	1
SRR11292142	0	0	0	0	0	0	0	0	0	0	1.52045467511245	0	0	2.13445968069686	0	0	0	0	0	0	0	0	0	0	1.26513375717591	0	0	0	0	0	2.40281900685655	0	0	0	0	0	0	0	0	0	0	0	0	0	0	0	0	0	0	0	0	0	1.44388590764155	0	0	0	0	0	2.31374536492771	0	0	0	0	0	0	0	0	0	2.69951717497495	2.15934336118126	0	0	0	0	0	0	0	0	0	0	0	0	0	0	0	0	0	0	0.886347315582293	0	0	0	0	0	0	2.34111214394826	0	2.3718267933929	0	0	2.48629453662506	1.26513375717591	0	0	0.886347315582293	0	2.58745678708779	0	0	0	0	0	0	0	0	0	0	0	0	0	0	0	0	0	0	0	0	0	0	0	0	0	0	0	0	0	0	0	0	0	0	4.27352522851475	4.21492524697191	0	0	0	0	1.46433038647832	0	0	0	0	0.956021847571134	0	0	0	0	0	0	0	0	0	0	0	0	0	0	1.37605396442727	0	0	0	0	0	0	0	0	0	0	0	0	0	0	0	0	0	0	0	0	0	0	0	0	0	0	0	0	0	0	0	0	0	0	0	0	0	0	0	0	0	1.29563046468111	0	0	0	0	0	0	0	0	0	0	0	0	0	0	0	0	0	0	0	0	0	0	0	0	0	0	0	0	2.38160054836768	0	0	0	3.93486357215104	0	0	0	0	0	0	0	0	0	0	0	0	0	0	0	0	0	0	0	0	3.43821618361954	0	0	0	0	0	0	0	0	0	1.0687768590296	0	0	0	0	0	0	0	0	0	0	0	0	2.12583787206564	0	0	0	0	0	0	0	0	0	1.74756059085256	AMPLICON	302	12592192	PRJNA612042	SAMN08684096	Metagenome or environmental	7076754	UNIVERSITY OF ARIZONA COLLEGE OF MEDICINE - PHOENIX	12/27/13	public	fastq,sra	ncbi,gs,s3	ncbi.public,gs.US,s3.us-east-1	gut	intestine	fecal	SRX7897753	uncalculated	uncalculated	missing	not collected	Homo sapiens	Illumina MiSeq	not collected	P18	PAIRED	PCR	METAGENOMIC	human gut metagenome	ILLUMINA	2020-03-12T00:00:00Z	P18	SRP252447	fecal	Baseline	P18	0
SRR11292143	0	0	0	0	0	0	0	3.14628834875458	0	0	0	0	0	0	0	0	0	0	0	0	0	0	0	0	0.437175344937275	0	0	0	0	0	4.53596984583191	0	0	0	0	0	0	0	1.3155273795823	0	0	0	0	0	0	2.82500144425062	0	0	0	0	0	0	1.09953638278423	0	0	0	0	0	0	0	0	0	0	0	0	0	0	0	0.7930300472996	0	0	0	0	0	0	0	0	0	0	0	0	0	0	0	0	0	0	0	0	0	0	0	0	0	0	0.520505070912639	0	3.10132239901668	0	0	2.21389026582679	0.333967351189095	0	0	0	0	1.27743784960602	0	0	0	0	0	0	0	0	0	0	0	0	0	0	0	0	0	0	0	0	0	0	0	0	0	0	0	0	0	0	0	0	0	0	3.76172756551824	0	0	0	0	0	0	0	0	0	0	0	0	0	0	0	0	0	0	0	0	0	0	0	0	0	0	0	0	0	0	0	0	0	0	0	0	0	0	0	0	0	0	0	0	0	0	0	0	0	0	0	0	0	0	0	0	0	0	0	0	0	0	0	0.959188141045915	0	0	1.43209661373614	0.520505070912639	0	0	0	0	0	0	0	0	0	0	0	0	0	0	0	0	0	0	0	0	0	0	0	0	0	0	0	0	2.00239101330351	0	0	0	3.61675060278995	0	0	0	0	0	0	0	0	0	0	0	0	0	0	0	0	0	0	0	0	2.48984162029685	0	0	0	0	0	0	0	0	0	3.02371991975389	0	0	0	0	0	0	0	0	0	0	0	0	2.08624355318352	0	0	0	0	0	0	0	0	0	1.94643976827069	AMPLICON	302	33475492	PRJNA612042	SAMN08684095	Metagenome or environmental	18151396	UNIVERSITY OF ARIZONA COLLEGE OF MEDICINE - PHOENIX	10/16/14	public	sra,fastq	gs,s3,ncbi	gs.US,ncbi.public,s3.us-east-1	gut	intestine	fecal	SRX7897752	uncalculated	uncalculated	missing	not collected	Homo sapiens	Illumina MiSeq	not collected	P16-12M	PAIRED	PCR	METAGENOMIC	human gut metagenome	ILLUMINA	2020-03-12T00:00:00Z	P16-12M	SRP252447	fecal	12M	P16	1
SRR11292144	0	0	0	0	0	0	0	2.88176792159486	0	0	0	0	0	0	0	0	0	0	0	0	0	0	0	0	0.751143801992752	0	0	0	0	0	4.31164956316192	0	0	0	0	0	0	0	1.95562128277488	0	0	0	0	0	0	2.69661148889529	0	0	0	0	0	0	1.29121279289309	0	0	0	0	0	0	0	0	0	0	0.832368635574316	0	0	0	0	1.01184464874649	1.50931197433179	0	0	0	0	0	0	0	0	0	0	0	0	0	0	0	0	0	0	0	0	0	0	0	0	0	1.42341525507587	0	0	0	0	3.7713407306505	1.0582759360402	0	0	0.900769265471112	0	1.70638586827328	0	0	0	0	0	0	0	0	0	0	0	0	0	0	0	0	0	0	0	0	0	0	0	0	0	0	0	0	0	0	0	0	0	0	4.1599461674256	0.52102316121556	0	0	0	0	0	0	0	0	0	0	0	0	0	0	0	0	0	0	0	0	0	0	0	0	0.832368635574316	0	0	0	0	0	0	0	0	0	0	0	0	0	0	0	0	0	0	0	0	0	0	0	0	0	0	0	0	0	0	0	0	0	0	0	0	0	1.52462589520743	0	0	0	1.79557918625647	0	0	0	0	0	0	0	0	0	0	0	0	0	0	0	0	0	0	0	0	0	0	0	0	0	0	0	0	2.11297763715482	0	0	0	3.74804840507335	0	0	0	0	0	0	0	0	0	0	0	0	0	0	0	0	0	0.832368635574316	0	0	2.58262633034354	0	0	0	0	0	0	0	0	0	2.97270475555179	0	0	0	0	0	0	0	0	0	0	0	0	0.832368635574316	0	0	0	0	0	0	0	0	0	0.751143801992752	AMPLICON	302	14673274	PRJNA612042	SAMN08684094	Metagenome or environmental	8122330	UNIVERSITY OF ARIZONA COLLEGE OF MEDICINE - PHOENIX	10/18/13	public	sra,fastq	gs,ncbi	gs.US,ncbi.public	gut	intestine	fecal	SRX7897751	uncalculated	uncalculated	missing	not collected	Homo sapiens	Illumina MiSeq	not collected	P16	PAIRED	PCR	METAGENOMIC	human gut metagenome	ILLUMINA	2020-03-12T00:00:00Z	P16	SRP252447	fecal	Baseline	P16	0
SRR11292145	0	0	0	0	0	0	0	0	0	0	1.33846371261228	0	0	0	0	0	0	0	0	0	0	0	0	0	0.841544705564984	0	0	0	0	0	4.38921635998277	0	0	0	0	0	0	0	1.93541876742346	0	0	0	0	0	0	3.13257521597956	0	0	0	0	0	0	1.94528844491221	0	0	0	0	0	0	0	0	0	0	0	0	0	0	0	0	0	0	0	0	0	0	0	0	0	0	0	0	0	0	0	0	0	0	0	2.49417539249148	0	0	0	0	0	0	1.37623649119956	0	0.598952416862436	0	0	3.41729257600668	0	0	0	0.950557010044435	0	1.31826934472484	0	0	0	0	0	0	0	0	0	0	0	0	0	0	0	0	0	0	0	0	0	0	0	0	0	0	0	0	0	0	0	0	0	0	3.94733530314621	0	0	0	0	0	1.07538006932268	0	0	0	0	0	0	0	0	0	0	0	0	0	0	0	0	0	0	0	0.996268233370395	0	0	0	0	0	0	0	0	0	0	0	0	0	0	0	0	0	0	0	0	0	0	0	0	0	0	0	0	0	0	0	0	0	0	0	0	0	1.07538006932268	0	0	0	0.774697013255524	0	0	0	0	0	0	0	0	0	0	0	0	0	0	0	0	0	0	0	0	0	0	0	0	0	0	0	0	2.83154826281625	0	0	0	3.59867198897962	0	0	0	0	0	0	0	0	0	0	0	0	0	0	0	0	0	0.598952416862436	0	0	3.23789823298931	0	0	0	0	0	0	0	0	0	3.57368904943489	0	0	0	0	0	0	0	0	0	0	0	0	3.16874910341956	0	0	0	0	0	0	0	0	0	0	AMPLICON	302	17426910	PRJNA612042	SAMN08684093	Metagenome or environmental	9848854	UNIVERSITY OF ARIZONA COLLEGE OF MEDICINE - PHOENIX	9/19/13	public	fastq,sra	ncbi,s3,gs	gs.US,ncbi.public,s3.us-east-1	gut	intestine	fecal	SRX7897750	uncalculated	uncalculated	missing	not collected	Homo sapiens	Illumina MiSeq	not collected	P15-BASE	PAIRED	PCR	METAGENOMIC	human gut metagenome	ILLUMINA	2020-03-12T00:00:00Z	P15-BASE	SRP252447	fecal	Baseline	P15	0
SRR11292146	0	0	0	0	0	0	0	2.71490264491051	0	0	1.29804420353767	0	0	3.02118547869636	0	0	0	0	0	0	0	0	0	0	0.972366828363795	0	0	0	0	0	4.43782512763363	0	0	0	0	3.37616332588936	0	0	1.16504410282858	0	0	0	0	0	0	2.9994096382122	0	0	0	0	0	0	0	0	0	0	0	0	0	0	0	0	0	1.69201249962626	0	0	0	0	0	0	0	0	0	0	0	0	0	0	0	0	0	0	0	0	0	0	0	0	2.54141582067945	0	0	0	0	0	0	1.34160971890767	0	3.50477328208678	1.41748211773264	0	2.26819858578791	0	0	0	1.32037300744379	0	1.45096484748218	0	0	0	0	0	0	1.0183461539624	0	0	0	0	0	0	0	0	0	0	0	0	0	0	0	0	0	0	0	0	0	0	0	0	0	0	0	3.4996183131617	0	0	0	0	0	0	0	0	0	0	2.43523450971834	0	0	0	0	0	0	0	0	0	0	0	0	0	0	0.862587919457611	0	0	0	0	0	0	0	0	0	0	0	0	0	0	0	0	0	0	0	0	0	0	0	0	0	0	0	0	0	0	0	0	0	0	0	0	0	0	0	0	0	0.715315551878565	0	0	0	0	0	0	0	0	0	0	0	0	0	0	0	0	0	0	0	0	0	0	0	0	0	0	0	0	3.61406152198796	0	0	0	3.44895085388857	0	0	0	0	0	0	0	0	0	0	0	0	0	0	0	0	0	0	0	0	2.31027029513738	0	0	0	0	0	0	0	0	0	3.35518408623772	0	0	0	0	0	0	0	0	0	0	0	0	1.72751800483582	0	0	0	0	0	0	0	0	0	2.57778974705827	AMPLICON	302	16062172	PRJNA612042	SAMN08684092	Metagenome or environmental	8919825	UNIVERSITY OF ARIZONA COLLEGE OF MEDICINE - PHOENIX	11/24/14	public	fastq,sra	ncbi,s3,gs	s3.us-east-1,ncbi.public,gs.US	gut	intestine	fecal	SRX7897749	uncalculated	uncalculated	missing	not collected	Homo sapiens	Illumina MiSeq	not collected	P15-12M	PAIRED	PCR	METAGENOMIC	human gut metagenome	ILLUMINA	2020-03-12T00:00:00Z	P15-12M	SRP252447	fecal	12M	P15	1
SRR11292147	0	0	0	0	0	0	0	0	0	0	1.10548943025006	0.837253457435465	0	2.73748489918443	0	0	0	0	0	0	0	0	0	0	0.595203765596104	0	0	0	0	0	3.93610673189704	0	0	0	0	0	0	0	3.1077808227755	0	0	0	0	0	0	2.21619851662105	0	0	0	0	0	0	1.53516672935516	0	0	0	0	0	0	0	0	0	0	0.595203765596104	0	0	0	0	2.31102470555353	0	0.471032198931542	0	0	0	0	0	0	0	0	0	0	0	0	0	0	0	0	0	0	0	0	0	0	0	0	1.27007496971843	0	3.44185583084274	0	0	2.91512441332275	0.895080459370749	0	0	1.13762329671964	0	0.471032198931542	0	0	0	0	0	0	0	0	0	0	0	0	0	0	0	0	0	0	0	0	0	0	0	0	0	0	0	0	0	0	0	0	0	0	4.41329296387724	0	0	0	0	0	0	0	0	0	0	0	0	0	0	0	0	0	0	0	0	0	0	0	0	0	1.19553265354785	0	0	0	0	0	0	0.99175944402329	0	0	0	0	0	0	0	0	0	0	0	0	0	0	0	0	0	0	0	0	0	0	0	0	0	0	0	0	0	0	0.471032198931542	0	0	0	0	0	0	0	0	0	0	0	0	0	0	0	0	0	0	0	0	0	0	0	0	0	0	0	0	0	0	0	0	0	0	0	0	3.5360201077311	0	0	0	0	0	0	0	0	0	0	0	0	0	0	0	0	0	0	0	0	3.39618410248234	0	0	0	0	0	0	0	0	0	0	0	0	0	0	0	0	0	0	0	0	0	0	3.49625832020184	0	0	0	0	0	0	0	0	0	1.53516672935516	AMPLICON	302	18052956	PRJNA612042	SAMN08684091	Metagenome or environmental	9708278	UNIVERSITY OF ARIZONA COLLEGE OF MEDICINE - PHOENIX	5/28/13	public	fastq,sra	ncbi,s3,gs	ncbi.public,s3.us-east-1,gs.US	gut	intestine	fecal	SRX7897748	uncalculated	uncalculated	missing	not collected	Homo sapiens	Illumina MiSeq	not collected	P13-BASE	PAIRED	PCR	METAGENOMIC	human gut metagenome	ILLUMINA	2020-03-12T00:00:00Z	P13-BASE	SRP252447	fecal	Baseline	P13	0
SRR11292148	0	0	0	0	0	0	0	2.44985015962412	0	0	0	0	0	3.04203678082728	0	0	0	0	0	0	0	0	0	0	0.762330324560976	0	0	0	0	0	4.3065158452704	0	0	0	0	0	0	0	1.2682576756796	0	0	0	0	0	0	2.72213148414026	0	0	0	0	1.11271885047816	0	1.61148956385324	0	0	0	0	0	1.05569469113889	0	0	0	0	3.03761243415745	0	0	0	0	0.697908969033533	0.414157397150343	0.414157397150343	0	0	0	0	0	0	0	0	0	0	0	0	0	0	0	0	0	1.99955428242768	0	0	0	0	0	0	0.414157397150343	0	3.01378274428219	0	0	2.21616529737604	0	0	0	1.08514202950315	0	1.49564526253389	0	0	0	0	0	0	3.04423216587948	0	0	0	0	0	0	0	0	0	0	0	0	0	0	0	0	0	0	0	0	0	0	0	0	0	0	0	4.09570153165286	0	0	0	0	1.33719074049955	0	0	0	0	0	0	0	0	0	0	0	0	0	0	0	0	0	0	0	0	0.622238839410314	0	0	0	0	0	0	1.22920037516429	0	0	0	0	0	0	0	0	0.990034939376809	0	0	0	0	0	0	0	0	0	0	0	0	0	0	0	0	0	0	0	0	0	2.8864048183282	0	0	0	2.01320668927569	0	0	0	0	0	0	0	0	0	0	0.622238839410314	0	0	0	0	0	0	0	0	0	0	0	0	0	0	0	0	0	2.6509226006376	0	0	0	3.71742428899176	0	0	0	0	0	0	0	0	0	0	0	0	0	0	0	0	0	0	0	0	2.96104408500121	0	0	0	0	0	0	0	0	0	3.41700824975302	0	0	0	0	0	0	0	0	0	0	0	0	3.05044422665093	0	0	0	0	0	0	0	0	0	1.63619364462837	AMPLICON	302	21168086	PRJNA612042	SAMN08684090	Metagenome or environmental	11716504	UNIVERSITY OF ARIZONA COLLEGE OF MEDICINE - PHOENIX	8/27/14	public	sra,fastq	s3,ncbi,gs	s3.us-east-1,ncbi.public,gs.US	gut	intestine	fecal	SRX7897747	uncalculated	uncalculated	missing	not collected	Homo sapiens	Illumina MiSeq	not collected	P13-12M	PAIRED	PCR	METAGENOMIC	human gut metagenome	ILLUMINA	2020-03-12T00:00:00Z	P13-12M	SRP252447	fecal	12M	P13	1
SRR11292129	0	0	0	0	0	0	0	1.93973072574121	0	1.48259238276271	0	0	1.09837613307412	2.53538388198665	0	0	0	0	0	0	0	0	0	0	0	0	0	0	0	0	4.45420347675404	0	0	0	0	0	0	1.56438322098233	1.8058937500391	0	1.16556670987182	0	0	0	0	2.71105296824719	0	0	0	0	0.715768507110971	0	1.19562740981165	0	0	0	0	0	0	0	0	0	0	0.795635784717525	0	0	0	0	1.01885335492491	0	0	0	0	0	0	0	0	0	0	0	0	0	0	0	0	0	0	0	2.05413332183961	0	0	0	0	0	0	0.715768507110971	0	2.85081504230927	0	0	1.53879373654178	0	0	0	0.92143053964243	0	0	0	0	0	0	0	0	3.77171175147592	1.41802162423273	0	0	0	0	0	0	0	0	0	0	0	0	0	0	0	0	0	0	0	0	0	0	0	0	0	0	3.84703510342187	0	0	0	0	0	0	0	0	0	0	0	0	0	0	0	0	0	0	0	0	0	0	0	0	0	1.49733912950303	0	0	0	0	0	0	0	0	0	0	0	0	0	0	0	0.715768507110971	0	0	0	0	0	1.467327247025	0.92143053964243	0	0	0	0	0	0	0	0	0	0	0	0	0	0	1.16556670987182	0	0	0	1.97971564858776	0	1.51160154190843	0	0	0	0	0	0	0	0	0.972868026992325	0	0	0	0	2.23028757803589	0	0	0	0	0	0	0	0	0	0	0	0	2.38064490455116	0	0	0.972868026992325	3.03665761063566	0	0	0	0	0	0	0	0	0	0	0	0	2.02501784057232	0	0	0	0	0	0	0	2.88656679147169	0	0	0	0	0	0	0	0	0	3.1022289193717	0	0	0	0	0	0	0	0	0	0	0	0	3.34248723078775	0	0	0	0	0	0	0	0	0	1.68321257724691	AMPLICON	302	16868210	PRJNA612042	SAMN08684108	Metagenome or environmental	9250630	UNIVERSITY OF ARIZONA COLLEGE OF MEDICINE - PHOENIX	6/24/13	public	sra,fastq	s3,ncbi,gs	gs.US,ncbi.public,s3.us-east-1	gut	intestine	fecal	SRX7897766	uncalculated	uncalculated	missing	not collected	Homo sapiens	Illumina MiSeq	not collected	P13-6M	PAIRED	PCR	METAGENOMIC	human gut metagenome	ILLUMINA	2020-03-12T00:00:00Z	P7-6M	SRP252447	fecal	6M	P7	1
SRR11292130	0	0	0	0	0	0	0	2.61873542291357	0	0	1.19007139244593	0	0	3.43717968385304	0	0	0	0	0	0	0	0	0	0	0	0	0	0	0	0	3.82709602217039	0	0	0	0	2.08015626450796	0	0	1.19007139244593	0	0	0	0	0	0	2.49877492228056	0	0	0	0	0	0.637890872962752	0	0	0	0	0	0	0.996396144544215	0	0	0	0	1.29992969051237	0	0	0	0	0	1.62575266604071	0	0	0	0	0	0	0	0	0	0	0	0	0	0	0	0	0	0	1.60220607002267	0	0	0	0	0	0	1.8660128625844	0	2.95342599351081	1.22024888763773	0	2.6347418903774	0	0	0	1.50800104322108	0	1.94967754572187	0	0	0	0	0	0	1.24846501239358	0	0	0	0	0	0	0	0	0	0	0	0	0	0	0	0	0	0	0	0	0	0	0	0	0	0	0	3.87579965411428	0	0	0	0	0	0	0	0	0	0	2.12231774452885	0	0	0	0	0	0	0	0	0	0	0	0	0	0	0.817786819405478	0	0	0	0	0	0	0	0	0	0	0	0	0	0	0	0	0	0	0	0	0	0	0	0	0	0	0	0	0	0	0	0	0	0	0	0	0	1.52277583320178	0	0	0	2.05530832277139	0	0	0	0	0	0	0	0	0	0	4.29435582848849	0	0	0	0	0	0	0	0	0	0	0	0	0	0	0	0	0	3.3609919180738	0	0	0	3.67634155071579	0	0	0	0	0	0	0	0	0	0	0	0	0	0	0	0	0	0	0	0	2.93357908495627	0	0	0	0	0	0	0	0	0	3.28766995715617	0	0	0	0	0	0	0	0	0	0	0	0	2.25369467393258	0	0	0	1.19007139244593	0	0	0	0	0	1.24846501239358	AMPLICON	302	14839676	PRJNA612042	SAMN08684107	Metagenome or environmental	8368802	UNIVERSITY OF ARIZONA COLLEGE OF MEDICINE - PHOENIX	6/25/13	public	fastq,sra	ncbi,gs,s3	ncbi.public,gs.US,s3.us-east-1	gut	intestine	fecal	SRX7897765	uncalculated	uncalculated	missing	not collected	Homo sapiens	Illumina MiSeq	not collected	P9-6M	PAIRED	PCR	METAGENOMIC	human gut metagenome	ILLUMINA	2020-03-12T00:00:00Z	P6-6M	SRP252447	fecal	6M	P6	1
SRR11292133	0	0	0	0	0	0	0	1.0943702672826	0	0	0.826952666606207	0	0	3.22106066543547	0	0	0	0	0	0	0	0	0	0	0	0	0	0	0	0	4.10025112981761	0	0	0	0	0	0	0	1.29156995481839	0	0	0	0	0	0	2.48667878174667	0	0	0	0	0	0	0	0	0	0	0	0	2.02231457077507	0	0	0	0	2.29692329736802	0	0	0.910728216633881	0	1.64198619548783	2.33006861609044	0	0	0	0	0	0	0	0	0	0	0	0	0	0	0	0	0	0	2.77571112478233	0	0	0	0	0	0	0.910728216633881	0	2.96889433717284	2.68079801344608	0	3.03089115850618	0	0	0	0	0	2.191076457556	0	0	0	0	0	0	1.9234853186402	0	0	0	0	0	0	0	0	0	0	0	0	0	0	0	0	0	0	0	0	0	0	0	0	0	0	0	4.0047387125468	0	0	0	0	0	0	0	0	0	0	1.95211471607159	0	0	0	0	0	0	0	0	0	0	0	0	0	0	0	0	0	0	0	0	0	0	0	0	0	0	0	0	0	0	0	0	0	0	0	0	0	0	0	0	0	0	0	0	0	0	0	0	0	0	0	0	1.29156995481839	0	0	1.14162228934471	2.9356677967626	0	0	0	0	0	0	0	0	0	0	1.99807989121499	0	0	0	0	0	0	0	0	0	0	0	0	0	0	0	0	0	2.6513611989983	0	0	0	4.14276742979578	0	0	0	0	0	0	0	0	0	0	0	0	0	0	0	0	0	0	0	0	2.8647099497525	0	0	0	0	2.34152067650457	0	0	0	0	3.36961097698561	0	0	0	0	0	0	0	0	0	0	0	0	3.33860028766127	0	0	0	0	0	0	0	0	0	1.62760431186472	AMPLICON	302	12307708	PRJNA612042	SAMN08684104	Metagenome or environmental	6821779	UNIVERSITY OF ARIZONA COLLEGE OF MEDICINE - PHOENIX	1/7/13	public	fastq,sra	s3,ncbi,gs	s3.us-east-1,gs.US,ncbi.public	gut	intestine	fecal	SRX7897762	uncalculated	uncalculated	missing	not collected	Homo sapiens	Illumina MiSeq	not collected	P10-12M	PAIRED	PCR	METAGENOMIC	human gut metagenome	ILLUMINA	2020-03-12T00:00:00Z	P8-BASE	SRP252447	fecal	Baseline	P8	0
SRR11292134	0	0	0	0	0	0	0	0	0	0	0	0	0	2.12041421859826	0	0	0	0	0	0	0	0	0	0	0	0	0	0	0	0	4.46451795265711	0	0	0	0	0	0	0	1.87089975494854	0	0	0	0	0	0	2.94171523209686	0	0	0	0	0	0	0	0	0	0	0	0	0	0	0	0	0	0	0	0	0	0	0	1.07234205462602	0.531833767759985	0	0	0	0	0	0	0	0	0	0	0	0	0	0	0	0	0	2.88980367399328	0	0	0	0	0	0	0.973577030718724	0	2.03311672065652	0	0	3.00696816699741	0	0	0	0.973577030718724	0	0.531833767759985	0	0	0	0	0	0	0	0	0	0	0	0	0	0	0	0	0	0	0	0	0	0	0	0	0	0	0	0	0	0	0	0	0	0	3.9110309165636	0	0	0	0	0	0	0	0	0	0	1.94793067187722	0	0	0	0	0	0	0	0	0	0	0	0	0	0	0	0.663151235664933	0	0	0	0	0	0	0	0	0	0	0	0	0	0	0	0	0	0	0	0	0	0	0	0	0	0	0	0	0	0	0	0	0	0	0	0	0.914255208092344	0	0	0	1.76839166342144	0	0	0	0	0	0	0	0	0	0	1.07234205462602	0	0	0	0	0	0	0	0	0	0	0	0	0	0	0	0	0	1.97638844599227	0	0	0	3.81133969314257	0	0	0	0	0	0	0	0	0	0	0	0	0	0	0	0	0	0	0	0	1.15275558732006	0	0	0	0	0	0	0	0	0	3.03142555147585	0	0	0	0	0	0	0	0	0	0	0	0	3.14817858636527	0	0	0	0	0	0	0	0	0	0	AMPLICON	302	15759870	PRJNA612042	SAMN08684103	Metagenome or environmental	8425561	UNIVERSITY OF ARIZONA COLLEGE OF MEDICINE - PHOENIX	12/7/12	public	fastq,sra	gs,ncbi,s3	s3.us-east-1,ncbi.public,gs.US	gut	intestine	fecal	SRX7897761	uncalculated	uncalculated	missing	not collected	Homo sapiens	Illumina MiSeq	not collected	P10-BASE	PAIRED	PCR	METAGENOMIC	human gut metagenome	ILLUMINA	2020-03-12T00:00:00Z	P7-BASE	SRP252447	fecal	Baseline	P7	0
SRR11292135	0	0	0	0	0	0	0	2.03666927457172	0	0	1.11572048341824	0	0	4.22473659741769	0	0	0	0	0	0	0	0	0	0	0	0	0	0	0	0	3.79990728667332	0	0	0	0	0	0	0	2.93117121792476	0	0	0	0	0	0	1.59294025474424	0	0	0	0	0	0	1.69208177920477	0	0	0	0	0	0.886280888640338	0	0	0	0	0	0	0	0	0	0	0.922513113840576	0	0	0	0	0	0	0	0	0	0	0	0	0	0	0	0	0	0	0.922513113840576	0	0	0	0	0	0	1.97038719368172	0	2.43701864687045	0	0	3.66884786648843	0	0	0	1.01597942876497	0	2.13438389487874	0	0	0	0	0	0	0	0	0	0	0	0	0	0	0	0	0	0	0	0	0	0	0	0	0	0	0	0	0	0	0	0	0	0	4.07369631425115	0	0	0	0	0	0	0	0	0	0	0.754913495832662	0	0	0	0	0	0	0	0	0	0	0	0	0	0	0	0	0	0	0	0	0	0	0	0	0	0	0	0	0	0	0	0	0	0	0	0	0	0	0	0	0	0	0	0	0	0	0	0	0	0	0	0	0	0	0	0	1.52906796430008	0	0	0	0	0	0	0	0	0	0	1.38804756553493	0	0	0	0	0	0	0	0	0	0	0	0	0	0	0	0	0	2.31083542276047	0	0	0	3.89611144172567	0	0	0	1.1581380798162	0	0	0	0	0	0	0	0	0	0	0	0	0	0	0	0	2.03666927457172	0	0	0	0	0	0	0	0	0	1.86916984381374	0	0	0	0	0	0	0	0	0	0	0	0	0.754913495832662	0	0	0	0	0	0	0	0	0	0.565672201537772	AMPLICON	302	25643424	PRJNA612042	SAMN08684102	Metagenome or environmental	14353782	UNIVERSITY OF ARIZONA COLLEGE OF MEDICINE - PHOENIX	11/27/12	public	fastq,sra	s3,gs,ncbi	gs.US,ncbi.public,s3.us-east-1	gut	intestine	fecal	SRX7897760	uncalculated	uncalculated	missing	not collected	Homo sapiens	Illumina MiSeq	not collected	P9-BASE	PAIRED	PCR	METAGENOMIC	human gut metagenome	ILLUMINA	2020-03-12T00:00:00Z	P6-BASE	SRP252447	fecal	Baseline	P6	0
