bugName	pval	pPost	sPost	Adjustedpval	AdjustedpPost
Faecalibacterium	3.47854129700842e-06	3.47854129693988e-06	-1.49788080293583	0.000724021421995014	0.000724021421995967
Lachnospiraceae_UCG-010	8.48263046004938e-06	8.48263046010838e-06	-1.32266650117666	0.000724021421995014	0.000724021421995967
Negativicoccus	1.19846585038275e-05	1.19846585038411e-05	-0.973037369254442	0.000724021421995014	0.000724021421995967
Butyricicoccus	1.25916769042611e-05	1.25916769042777e-05	-1.01984494573737	0.000724021421995014	0.000724021421995967
Erysipelotrichaceae_UCG-003	3.50855390344185e-05	3.50855390344024e-05	-1.06804253202598	0.00161393479558325	0.00161393479558251
Subdoligranulum	7.19605931424061e-05	7.19605931424078e-05	-1.12357019359754	0.002358199434985	0.00235819943498688
Anaeroglobus	7.72496024152858e-05	7.72496024152782e-05	1.2043972574776	0.002358199434985	0.00235819943498688
Ruminococcaceae_UCG-002	8.20243281733912e-05	8.20243281734568e-05	-1.16240159636885	0.002358199434985	0.00235819943498688
Ruminococcaceae_UCG-003	0.000119688404273344	0.000119688404273369	-0.945656368969066	0.00269241499904058	0.00269241499904049
Lachnospiraceae_UCG-004	0.00012513899751232	0.000125138997512254	-1.03563374891621	0.00269241499904058	0.00269241499904049
Collinsella	0.000128767673867158	0.000128767673867154	-1.02546406663988	0.00269241499904058	0.00269241499904049
Coprococcus_1	0.000229293142465559	0.000229293142465566	-1.0672681372366	0.00439478523058987	0.00439478523059001
Megamonas	0.000250926900099424	0.000250926900099429	-1.20756580290156	0.00443947592483596	0.00443947592483605
Phascolarctobacterium	0.000472397508060052	0.000472397508059995	-0.848991044557153	0.00776081620384371	0.00776081620384278
Lachnospira	0.000508709832676146	0.000508709832676124	-1.08408193486831	0.00780021743436758	0.00780021743436724
Allisonella	0.000670840313274024	0.000670840313273947	-0.878975861887856	0.00964332950331409	0.00964332950331298
Veillonella	0.000855553082061644	0.000855553082061665	-1.04327487242212	0.0114545992129457	0.0114545992129447
Mobiluncus	0.000896446894926184	0.000896446894926107	0.758218571528221	0.0114545992129457	0.0114545992129447
Ruminiclostridium_5	0.00109840024688901	0.00109840024688897	-0.710989064850133	0.013296424041288	0.0132964240412875
Parasutterella	0.0012526682621693	0.0012526682621693	-0.873511984857305	0.0144056850149469	0.0144056850149469
Actinotignum	0.00158005068044631	0.00158005068044631	0.544214131715062	0.0173053169763167	0.0173053169763167
Holdemanella	0.00194241085220681	0.00194241085220678	-0.853025001202673	0.0203070225457985	0.0203070225457982
Prevotella_9	0.00234205874239701	0.00234205874239699	-1.24020158004766	0.0234205874239701	0.0234205874239699
Ruminococcus_2	0.00249040972475068	0.00249040972475069	-0.863283990475349	0.0238664265288606	0.0238664265288608
Coprobacter	0.00320381263205705	0.00320381263205709	-0.487372807485064	0.0294750762149248	0.0294750762149253
Lactobacillus	0.00498598850739529	0.00498598850739531	-0.544883864518166	0.0441068214115737	0.0441068214115739
Roseburia	0.0059957493031777	0.0059957493031777	-0.789737028782425	0.050345202667462	0.0503452026674622
Bifidobacterium	0.00612898119429972	0.00612898119429974	-0.702461615160057	0.050345202667462	0.0503452026674622
Atopobium	0.00649574728797142	0.00649574728797136	0.78250677376552	0.0515179957321871	0.0515179957321867
Alloprevotella	0.0069720829250457	0.00697208292504575	-0.581955396046044	0.0534526357586837	0.0534526357586841
Bacteroides	0.00910929450149078	0.00910929450149085	-0.569258387880464	0.0666542359991721	0.066654235999172
Gemella	0.00927363283466742	0.00927363283466741	-0.683590951177479	0.0666542359991721	0.066654235999172
Blautia	0.0098526034456885	0.00985260344568846	-0.591364073562628	0.0686696603790411	0.0686696603790408
Parabacteroides	0.0120809544181303	0.0120809544181303	-0.589340093641261	0.0817241034167637	0.0817241034167638
Acidaminococcus	0.0141860726968314	0.0141860726968314	-0.570049048160583	0.0932227634363204	0.0932227634363205
Ruminococcaceae_UCG-005	0.0148760845643412	0.0148760845643413	-0.500213680762599	0.0941243855574355	0.0941243855574356
Paraprevotella	0.0151417489809788	0.0151417489809788	-0.529988085898916	0.0941243855574355	0.0941243855574356
Methanobrevibacter	0.0185161898906692	0.0185161898906692	0.233723764983278	0.11207167565405	0.112071675654051
Rikenellaceae_RC9_gut_group	0.0207250570837316	0.0207250570837317	0.474287374786453	0.122224695622007	0.122224695622007
Comamonas	0.0222205101198147	0.0222205101198148	0.322444011244507	0.126430708328721	0.126430708328722
Alistipes	0.022665260655235	0.022665260655235	-0.631411884276541	0.126430708328721	0.126430708328722
Anaerococcus	0.0231670779211401	0.0231670779211401	-0.559061345422032	0.126430708328721	0.126430708328722
Ruminococcaceae_NK4A214_group	0.0236411372718128	0.0236411372718128	-0.54614671751965	0.126430708328721	0.126430708328722
Sutterella	0.0241867442020163	0.0241867442020164	-0.690068497874716	0.126430708328721	0.126430708328722
Dorea	0.0249554147343325	0.0249554147343325	-0.731690622578222	0.127549897531033	0.127549897531033
Pyramidobacter	0.0262407418440814	0.0262407418440814	0.463076562816192	0.131203709220407	0.131203709220407
Sellimonas	0.0282272964619787	0.0282272964619788	-0.253903889847233	0.13813357843096	0.13813357843096
Actinomyces	0.0292907844579456	0.0292907844579456	0.488980516820112	0.140351675527656	0.140351675527656
Senegalimassilia	0.0324361631179115	0.0324361631179115	-0.361931291478256	0.146811090778031	0.146811090778031
Granulicatella	0.0324575264761362	0.0324575264761361	-0.531952093917987	0.146811090778031	0.146811090778031
Cloacibacillus	0.0325537636073026	0.0325537636073026	0.429630348735592	0.146811090778031	0.146811090778031
Lachnospiraceae_UCG-003	0.0335770696600275	0.0335770696600275	-0.555787708487422	0.148513961957814	0.148513961957814
Tyzzerella_3	0.0407085353658783	0.0407085353658783	-0.301868910480372	0.174133438939262	0.174133438939262
Solirubrobacter	0.040883503055305	0.0408835030553049	-0.156065142986205	0.174133438939262	0.174133438939262
Family_XIII_UCG-001	0.04272421732266	0.04272421732266	-0.322119430458168	0.178664908803851	0.178664908803851
Syntrophomonas	0.0446759984731693	0.0446759984731693	0.216911720859229	0.180800637328812	0.180800637328812
Lachnoclostridium	0.0455850230272234	0.0455850230272234	-0.590886990180294	0.180800637328812	0.180800637328812
Akkermansia	0.0458596416738254	0.0458596416738254	-0.515598945056187	0.180800637328812	0.180800637328812
Negativibacillus	0.0463792939234778	0.0463792939234779	-0.258335356362961	0.180800637328812	0.180800637328812
Actinobacillus	0.0510550412738948	0.0510550412738948	-0.303489955081992	0.19571099154993	0.19571099154993
Agathobacter	0.0539400082195146	0.0539400082195146	-0.383051982578526	0.199752628279779	0.199752628279779
Prevotella_7	0.0550231951118451	0.055023195111845	0.479023123957408	0.199752628279779	0.199752628279779
Aeromonas	0.055636851780005	0.0556368517800051	-0.338499950287286	0.199752628279779	0.199752628279779
BIyi10	0.0563766963532069	0.0563766963532069	0.274834037755847	0.199752628279779	0.199752628279779
Fastidiosipila	0.056451829731242	0.056451829731242	0.373743969628368	0.199752628279779	0.199752628279779
Howardella	0.0595218500854742	0.0595218500854742	0.311256115486486	0.207424629085743	0.207424629085743
CAG-56	0.0635018831826261	0.063501883182626	-0.26614033033559	0.217991539283642	0.217991539283642
Mogibacterium	0.0644683954084203	0.0644683954084203	-0.203156201454777	0.218054866822598	0.218054866822598
Methylobacillus	0.0665969583912021	0.066596958391202	0.274794550702327	0.221989861304007	0.221989861304007
Delftia	0.0688344161116692	0.0688344161116692	0.259200061199206	0.226170224366913	0.226170224366913
Murdochiella	0.0728326277537245	0.0728326277537245	0.339481025660556	0.235192764498911	0.235192764498911
Erysipelatoclostridium	0.0752450062721874	0.0752450062721875	-0.422992442478513	0.235192764498911	0.235192764498911
Intestinimonas	0.0761911827968315	0.0761911827968315	-0.484950537968342	0.235192764498911	0.235192764498911
Lachnospiraceae_ND3007_group	0.0774738058588844	0.0774738058588844	-0.159878051327409	0.235192764498911	0.235192764498911
Flavobacterium	0.0777055062131646	0.0777055062131646	0.310489929237918	0.235192764498911	0.235192764498911
Family_XIII_AD3011_group	0.0785758860407408	0.0785758860407408	-0.373487864377722	0.235192764498911	0.235192764498911
Coprococcus_2	0.0794429609913265	0.0794429609913266	-0.480644401024118	0.235192764498911	0.235192764498911
Ellin6067	0.0797610244822395	0.0797610244822395	0.289487234258441	0.235192764498911	0.235192764498911
Anaerovorax	0.0866440172398235	0.0866440172398235	0.15605264076904	0.251992661385081	0.251992661385081
Anaerosphaera	0.0885606295878489	0.0885606295878489	0.205963919996535	0.251992661385081	0.251992661385081
Tyzzerella_4	0.0887452416182243	0.0887452416182243	-0.519351734799239	0.251992661385081	0.251992661385081
Acinetobacter	0.0910690619356171	0.0910690619356172	-0.245056147002961	0.255437612746243	0.255437612746243
Haemophilus	0.0951971061158206	0.0951971061158206	-0.56324687100634	0.263799209718539	0.263799209718539
Flavonifractor	0.0971383682806813	0.0971383682806813	-0.450048384085104	0.265974103625675	0.265974103625675
Corynebacterium_1	0.103278060909288	0.103278060909288	-0.378676194544387	0.279458282460427	0.279458282460427
DNF00809	0.10660949461413	0.10660949461413	-0.218530503178945	0.283937678425435	0.283937678425435
Fusicatenibacter	0.107402513143534	0.107402513143534	-0.343088823358631	0.283937678425435	0.283937678425435
Solobacterium	0.122120111858239	0.122120111858239	0.410809309341269	0.319177565084033	0.319177565084033
Cutibacterium	0.124078421923073	0.124078421923073	0.171089658539423	0.320652101598952	0.320652101598952
Filifactor	0.127537528285711	0.127537528285711	-0.201445446547102	0.325929238952373	0.325929238952373
Gallicola	0.131494880534452	0.131494880534452	-0.156510857326502	0.332349698054108	0.332349698054108
Ruminococcaceae_UCG-013	0.136553718543502	0.136553718543502	-0.26097400217045	0.341384296358756	0.341384296358756
Pseudomonas	0.139027057203177	0.139027057203177	0.448278088308501	0.343830356523985	0.343830356523985
Morganella	0.143451559003708	0.143451559003708	-0.300669492596895	0.350998495434604	0.350998495434604
Finegoldia	0.147793827351086	0.147793827351086	-0.445450705047258	0.357816634639473	0.357816634639472
Escherichia/Shigella	0.15136750216973	0.15136750216973	-0.448170916121581	0.359436038288689	0.359436038288689
Ruminococcaceae_UCG-014	0.151605305868999	0.151605305868999	-0.428317613874716	0.359436038288689	0.359436038288689
Rubrobacter	0.153151007618659	0.153151007618659	-0.0836944282438099	0.359436038288689	0.359436038288689
Peptoniphilus	0.155264361344339	0.155264361344339	-0.294929632516373	0.36071518292119	0.36071518292119
S5-A14a	0.157701152042442	0.157701152042442	-0.270498238933284	0.362712649697617	0.362712649697617
Klebsiella	0.162393594051352	0.162393594051352	-0.34992982581864	0.369807194374365	0.369807194374365
Holdemania	0.167114450756409	0.167114450756409	-0.13610842203264	0.376826702686021	0.376826702686021
Prevotella_6	0.1734813506392	0.1734813506392	0.463032686747902	0.387385540262292	0.387385540262292
Terrimonas	0.181674721745643	0.181674721745643	0.173920450688056	0.398446350549393	0.398446350549393
Lachnospiraceae_NK4A136_group	0.183556175441314	0.183556175441314	-0.36167970913744	0.398446350549393	0.398446350549393
Clostridium_sensu_stricto_1	0.183631796340155	0.183631796340155	-0.260019598052767	0.398446350549393	0.398446350549393
Shuttleworthia	0.211696432440337	0.211696432440337	-0.197837786136609	0.45430893804478	0.45430893804478
UBA1819	0.21332767525581	0.21332767525581	-0.287419632185535	0.45430893804478	0.45430893804478
Anaerostipes	0.217767554874902	0.217767554874902	-0.197659555202616	0.459509519460802	0.459509519460802
Sarcina	0.222093132840205	0.222093132840205	-0.194307055653435	0.464376550484066	0.464376550484066
Streptococcus	0.231763641576868	0.231763641576868	-0.230698890408846	0.48023096903315	0.48023096903315
Gardnerella	0.247583348483225	0.247583348483225	-0.260076148607161	0.508430090635195	0.508430090635195
Porphyromonas	0.256081814290573	0.256081814290573	0.409981946277271	0.521228471564883	0.521228471564883
MND1	0.26332604915994	0.26332604915994	0.195588070793667	0.5312718535683	0.5312718535683
Aggregatibacter	0.279770094824516	0.279770094824516	-0.139992645501083	0.548904915027498	0.548904915027498
Ruminiclostridium_6	0.280696644630797	0.280696644630797	-0.234204145903385	0.548904915027498	0.548904915027498
Eggerthella	0.2829425197726	0.2829425197726	-0.203166322754572	0.548904915027498	0.548904915027498
Coprobacillus	0.283108721488278	0.283108721488278	-0.179641389673423	0.548904915027498	0.548904915027498
Paenibacillus	0.28399862994901	0.28399862994901	-0.0984635223289001	0.548904915027498	0.548904915027498
Ezakiella	0.29405099329549	0.29405099329549	0.30264393116263	0.562405412328132	0.562405412328132
Fluviicola	0.297873331737458	0.297873331737458	0.142653739887388	0.562405412328132	0.562405412328132
Leptotrichia	0.298319392626226	0.298319392626226	-0.108211070045222	0.562405412328132	0.562405412328132
RB41	0.306918532512723	0.306918532512723	-0.123260604710786	0.573912703072572	0.573912703072572
Dielma	0.312658942356742	0.312658942356742	-0.107842564202665	0.579931909210086	0.579931909210086
Candidatus_Saccharimonas	0.323510533817484	0.323510533817484	0.185007512364547	0.590612112278504	0.590612112278504
Bilophila	0.324329333045356	0.324329333045356	-0.203244437720472	0.590612112278504	0.590612112278504
Lawsonella	0.326895084195349	0.326895084195349	0.206330223572766	0.590612112278504	0.590612112278504
Desulfovibrio	0.328688479876733	0.328688479876733	0.225918326942987	0.590612112278504	0.590612112278504
Butyricimonas	0.343530188434282	0.343530188434282	-0.243024373520833	0.61249568480531	0.61249568480531
CL500-29_marine_group	0.352716943051919	0.352716943051919	0.0921394766502672	0.624037668476472	0.624037668476472
Selenomonas	0.357912082700001	0.357912082700001	-0.0880314838899987	0.626987028737354	0.626987028737354
Ruminococcus_1	0.370178192825627	0.370178192825627	-0.237227067076408	0.626987028737354	0.626987028737354
Romboutsia	0.371793556984966	0.371793556984966	-0.135189254448134	0.626987028737354	0.626987028737354
Intestinibacter	0.374129667688163	0.374129667688163	0.125969191217721	0.626987028737354	0.626987028737354
Mucispirillum	0.374221849277353	0.374221849277353	0.112120788097584	0.626987028737354	0.626987028737354
Enterorhabdus	0.374454704373237	0.374454704373237	-0.111698969412392	0.626987028737354	0.626987028737354
Faecalitalea	0.376604819020005	0.376604819020005	-0.144721656181394	0.626987028737354	0.626987028737354
Pedobacter	0.376626795630747	0.376626795630747	0.150840061064993	0.626987028737354	0.626987028737354
Rikenella	0.37891824780214	0.37891824780214	0.113133065296596	0.626987028737354	0.626987028737354
Achromobacter	0.390187691966796	0.390187691966796	0.139830587761825	0.641022636802593	0.641022636802593
Angelakisella	0.397565821986061	0.397565821986061	0.0783468926276417	0.64851162451627	0.64851162451627
Sphingobacterium	0.400535785700158	0.400535785700158	-0.0748769042959842	0.648755145852369	0.648755145852369
Pajaroellobacter	0.410569028993079	0.410569028993079	0.0922719969118115	0.66035578089796	0.66035578089796
Subgroup_10	0.425143235266616	0.425143235266616	0.119372560724186	0.67515809859018	0.67515809859018
Reyranella	0.42727855685654	0.42727855685654	0.123508073785969	0.67515809859018	0.67515809859018
Adhaeribacter	0.428578619105071	0.428578619105071	0.0831239723492428	0.67515809859018	0.67515809859018
Varibaculum	0.441467554474509	0.441467554474509	0.132347962309919	0.683733316291608	0.683733316291608
Peptococcus	0.441968633970361	0.441968633970361	-0.13350799981987	0.683733316291608	0.683733316291608
Conexibacter	0.443701228485333	0.443701228485333	0.0880121770842616	0.683733316291608	0.683733316291608
Luteolibacter	0.448025148814135	0.448025148814135	0.0583706971486358	0.683733316291608	0.683733316291608
Sneathia	0.448885785913186	0.448885785913186	0.217366289791798	0.683733316291608	0.683733316291608
Hungatella	0.453477537128351	0.453477537128351	0.190565905873375	0.686183115391584	0.686183115391584
Ruminiclostridium_9	0.462630787050162	0.462630787050162	-0.194516520080326	0.695458045892401	0.695458045892401
Acidibacter	0.469303396579074	0.469303396579074	0.103143618185899	0.7009076702155	0.7009076702155
Cellvibrio	0.473632823153367	0.473632823153367	0.134747200050056	0.702809995646932	0.702809995646932
Odoribacter	0.490636186752535	0.490636186752535	-0.19268218421506	0.723373865083866	0.723373865083866
Iamia	0.500642909652849	0.500642909652849	0.0698929494306468	0.73196539203661	0.73196539203661
W5053	0.502828399746889	0.502828399746889	0.123303977962056	0.73196539203661	0.73196539203661
Dongia	0.516372946480985	0.516372946480985	-0.111353262998435	0.746954576670607	0.746954576670607
Christensenellaceae_R-7_group	0.524456037914836	0.524456037914836	-0.159645388457024	0.753905554502577	0.753905554502577
Ohtaekwangia	0.532359131850048	0.532359131850048	-0.0950476972800615	0.760513045500068	0.760513045500068
Stenotrophobacter	0.54181856047392	0.54181856047392	0.0632548646810635	0.768850490480757	0.768850490480757
Parvimonas	0.544880999775493	0.544880999775493	0.192919897211694	0.768850490480757	0.768850490480757
Eubacterium	0.557770569388081	0.557770569388081	0.0550377776257558	0.782239213166212	0.782239213166212
Prevotellaceae_NK3B31_group	0.574069918734511	0.574069918734511	-0.0779613923233942	0.800218674599622	0.800218674599622
Ruminococcaceae_UCG-004	0.594813262164019	0.594813262164019	-0.0969697536913047	0.820901282500558	0.820901282500558
Prevotella_2	0.599547074721343	0.599547074721343	-0.140559508808527	0.820901282500558	0.820901282500558
Coprococcus_3	0.610913169601212	0.610913169601212	-0.106268045442026	0.820901282500558	0.820901282500558
Slackia	0.611870731267929	0.611870731267929	0.0574549880724669	0.820901282500558	0.820901282500558
Eisenbergiella	0.613496366587942	0.613496366587942	-0.0711718518846	0.820901282500558	0.820901282500558
Dyadobacter	0.617610633772708	0.617610633772708	0.0545327923288267	0.820901282500558	0.820901282500558
Bulleidia	0.618026405119322	0.618026405119322	-0.0593474292245994	0.820901282500558	0.820901282500558
Nitrospira	0.622868609237884	0.622868609237884	0.0785206648342879	0.820901282500558	0.820901282500558
Polycyclovorans	0.628016475020144	0.628016475020144	-0.0451445275750692	0.820901282500558	0.820901282500558
Candidatus_Solibacter	0.629831511609661	0.629831511609661	-0.0597952379656524	0.820901282500558	0.820901282500558
Peptostreptococcus	0.632805047769668	0.632805047769668	0.112548268591555	0.820901282500558	0.820901282500558
Oscillospira	0.633626509639011	0.633626509639011	0.0881906258851862	0.820901282500558	0.820901282500558
Oscillibacter	0.635306209935214	0.635306209935214	-0.0568176526643857	0.820901282500558	0.820901282500558
Gaiella	0.658980192415216	0.658980192415216	-0.0581758950076767	0.84405557129264	0.84405557129264
Tyzzerella	0.660565229707284	0.660565229707284	0.0863187817142685	0.84405557129264	0.84405557129264
MCWD3	0.670560429729708	0.670560429729708	-0.109686895965591	0.851017083495251	0.851017083495251
Proteus	0.673413518244068	0.673413518244068	-0.105107966138532	0.851017083495251	0.851017083495251
Halomonas	0.681006093152867	0.681006093152867	-0.0453163538863652	0.855909297405243	0.855909297405243
Bdellovibrio	0.696937288015734	0.696937288015734	0.049286765079205	0.867615570346186	0.867615570346186
Staphylococcus	0.69942437395161	0.69942437395161	-0.0780365754375049	0.867615570346186	0.867615570346186
Enterococcus	0.701636939497351	0.701636939497351	0.108183869763683	0.867615570346186	0.867615570346186
Turicibacter	0.710477518323746	0.710477518323746	-0.0849647174797065	0.872481912583357	0.872481912583357
Phenylobacterium	0.713159128546396	0.713159128546396	0.0502174415291141	0.872481912583357	0.872481912583357
Chthoniobacter	0.72293705095592	0.72293705095592	0.0362770263864994	0.87606120890543	0.87606120890543
Ruminiclostridium	0.73041152285106	0.73041152285106	-0.0489331471337749	0.87606120890543	0.87606120890543
OM27_clade	0.730855995881354	0.730855995881354	-0.0434645669038319	0.87606120890543	0.87606120890543
Dubosiella	0.734809380571713	0.734809380571713	-0.0542315771463995	0.87606120890543	0.87606120890543
Lacunisphaera	0.735129623124991	0.735129623124991	0.0432293650865636	0.87606120890543	0.87606120890543
Eikenella	0.753475215886967	0.753475215886967	0.0470950294129136	0.889506213443942	0.889506213443942
Flavisolibacter	0.756581493739252	0.756581493739252	-0.0414767439324632	0.889506213443942	0.889506213443942
Lactococcus	0.758013990587011	0.758013990587011	-0.037721694778565	0.889506213443942	0.889506213443942
Povalibacter	0.773027299316364	0.773027299316364	-0.0257010925204691	0.899360700996118	0.899360700996118
Stenotrophomonas	0.77671359978498	0.77671359978498	-0.0440739222388906	0.899360700996118	0.899360700996118
Dialister	0.779647382560575	0.779647382560575	-0.0615042238385079	0.899360700996118	0.899360700996118
Kribbella	0.782052783474886	0.782052783474886	-0.0367945834037534	0.899360700996118	0.899360700996118
Faecalibaculum	0.790011865608789	0.790011865608789	-0.0378914399020944	0.903993677064783	0.903993677064783
Treponema_2	0.796063362013173	0.796063362013173	-0.0274071513358594	0.906408778529851	0.906408778529851
Helicobacter	0.815726867121265	0.815726867121265	0.0318865603160675	0.909997944166602	0.909997944166602
Prevotellaceae_UCG-001	0.815909856120518	0.815909856120518	0.0455720596244194	0.909997944166602	0.909997944166602
Bryobacter	0.817832581519531	0.817832581519531	0.0252697899449352	0.909997944166602	0.909997944166602
SWB02	0.818931618553777	0.818931618553777	0.0194767881794177	0.909997944166602	0.909997944166602
Ruminococcaceae_UCG-009	0.818998149749942	0.818998149749942	-0.0318371163946143	0.909997944166602	0.909997944166602
Barnesiella	0.838459420231711	0.838459420231711	0.04807108337601	0.927142628140835	0.927142628140835
Mycoplasma	0.852200986689347	0.852200986689347	0.0329335379915276	0.937828837026554	0.937828837026554
Prevotellaceae_Ga6A1_group	0.863575925784569	0.863575925784569	-0.0156141620780658	0.939685273010605	0.939685273010605
Nocardioides	0.865388886200926	0.865388886200926	-0.0168008157893983	0.939685273010605	0.939685273010605
Haliangium	0.87128813709197	0.87128813709197	0.0266013195271731	0.939685273010605	0.939685273010605
Lysobacter	0.871545232845327	0.871545232845327	-0.0230744968413435	0.939685273010605	0.939685273010605
Prevotella	0.874315862714215	0.874315862714215	0.0419213111104708	0.939685273010605	0.939685273010605
Campylobacter	0.883382850727643	0.883382850727643	0.0436796972513804	0.945014212406316	0.945014212406316
Anaerotruncus	0.892068219084255	0.892068219084255	0.0191617449714113	0.94937758378647	0.94937758378647
Bacillus	0.895717111659408	0.895717111659408	0.0207336924304484	0.94937758378647	0.94937758378647
others	0.904265766661473	0.904265766661473	0.0108877885795485	0.950335059781182	0.950335059781182
Caulobacter	0.904884252574256	0.904884252574256	-0.0160460281417039	0.950335059781182	0.950335059781182
Ralstonia	0.920499144728992	0.920499144728992	-0.0225994316690963	0.958614420185089	0.958614420185089
Ruminococcaceae_UCG-010	0.921103421134368	0.921103421134368	0.0148637987262446	0.958614420185089	0.958614420185089
Pedomicrobium	0.927661617732521	0.927661617732521	-0.0103722062766327	0.960999472386612	0.960999472386612
Weissella	0.931751662357455	0.931751662357455	0.00749828765702189	0.960999472386612	0.960999472386612
Megasphaera	0.94859913461418	0.94859913461418	-0.0178730015301779	0.974008040005631	0.974008040005631
Corynebacterium	0.96120682463424	0.96120682463424	-0.0116710044670226	0.982566976292779	0.982566976292779
Arenimonas	0.97329392136084	0.97329392136084	0.00527641167991218	0.984233527850726	0.984233527850726
Gemmatimonas	0.97423104295233	0.97423104295233	0.00471715018872856	0.984233527850726	0.984233527850726
Gemmatirosa	0.976107842239043	0.976107842239043	0.00419469201675871	0.984233527850726	0.984233527850726
Fusobacterium	0.97995425164268	0.97995425164268	0.00793249253695902	0.984233527850726	0.984233527850726
Muribaculum	0.993633423702446	0.993633423702446	-0.00144727191059426	0.993633423702446	0.993633423702446
