1-20	1013-28-CG33	11-24	211ds20	661239	Absconditabacteriales_(SR1)	Acetobacterales	Acholeplasmatales	Acidiferrobacterales	Acidimicrobiales	Acidithiobacillales	Acidobacteriales	Actinomarinales	Actinomycetales	ADurb.Bin180	Aeromonadales	Alteromonadales	Aminicenantales	Anaerolineales	Anaeroplasmatales	ANME-1	Aphagea	Ardenticatenales	Armatimonadales	Azospirillales	B12-WMSP1	B2M28	Babeliales	Bacillales	Bacteroidales	Bacteroidetes_VC2.1_Bac22	Balneolales	Bdellovibrionales	Beggiatoales	Betaproteobacteriales	Bifidobacteriales	Blastocatellales	Brachyspirales	Bradymonadales	Brevinematales	C0119	C10-SB1A	Caedibacterales	Caldatribacteriales	Caldilineales	Caldisericales	Calditrichales	Campylobacterales	Candidatus_Curtissbacteria	Candidatus_Gottesmanbacteria	Candidatus_Kaiserbacteria	Candidatus_Moranbacteria	Candidatus_Peribacteria	Candidatus_Woesebacteria	Cardiobacteriales	Catenulisporales	Caulobacterales	CCD24	Cellvibrionales	Chitinivibrionales	Chitinophagales	Chlamydiales	Chlamydomonadales	Chloroflexales	Chloroplast	Chromatiales	Chthoniobacterales	Chthonomonadales	Cloacimonadales	Clostridiales	Competibacterales	Coriobacteriales	Corynebacteriales	Cytophagales	D8A-2	Dadabacteriales	Deferribacterales	Dehalococcoidales	Deinococcales	Deltaproteobacteria_Incertae_Sedis	Desulfarculales	Desulfobacterales	Desulfovibrionales	Desulfuromonadales	Diplorickettsiales	Dongiales	DS-100	DTU014	EC3	Ectothiorhodospirales	Elsterales	Enterobacteriales	Entotheonellales	EPR3968-O8a-Bc78	Erysipelotrichales	EV818SWSAP88	Fibrobacterales	Fimbriimonadales	Flavobacteriales	Frankiales	FS117-23B-02	FS118-23B-02	Fusobacteriales	Ga0077536	Gaiellales	Gammaproteobacteria_Incertae_Sedis	Gastranaerophilales	Geitlerinematales	Gemmatales	Gemmatimonadales	GIF3	GIF9	Glycomycetales	Halanaerobiales	Holophagales	Holosporales	Hydrogenedentiales	Ignavibacteriales	IMCC26256	Isosphaerales	Izimaplasmatales	JdFR-54	JG36-GS-52	JG36-TzT-191	JGI_0000069-P22	Kallotenuales	KI89A_clade	Kordiimonadales	Kryptoniales	Ktedonobacterales	Lactobacillales	Latescibacterales	LD1-PB3	Legionellales	Leptospirales	Limnochordales	Lineage_IV	Longimicrobiales	Marine_Benthic_Group_D_and_DHVEG-1	MBNT15	Methanobacteriales	Methanomicrobiales	Methanosarcinales	Methylococcales	Methylomirabilales	Micavibrionales	Micrococcales	Micromonosporales	Micropepsales	Microtrichales	Moduliflexales	Mollicutes_RF39	MSB-5B2	MSB-5E12	MSBL5	MSBL9	MVP-88	Mycoplasmatales	Myxococcales	Nanohaloarchaeales	NB1-j	Nitrosococcales	Nitrososphaerales	Nitrospirales	Nostocales	NRB23	Obscuribacterales	Oceanospirillales	Oligoflexales	OPB41	OPB56	Opitutales	Orbales	Paracaedibacterales	Parvibaculales	Pasteurellales	PB19	Pedosphaerales	PeM15	Petrotogales	Phycisphaerales	Pirellulales	pItb-vmat-80	Pla1_lineage	Planctomycetales	PLTA13	Propionibacteriales	Pseudanabaenales	Pseudomonadales	Pseudonocardiales	Puniceispirillales	Pyrinomonadales	R7C24	RBG-13-46-9	RBG-13-54-9	RCP2-54	Reyranellales	Rhizobiales	Rhodobacterales	Rhodospirillales	Rhodothermales	Rhodovibrionales	Rickettsiales	Rokubacteriales	Rs-K70_termite_group	Rubrobacterales	Run-SP154	S-70	S085	Saccharimonadales	Salinisphaerales	SAR11_clade	SAR202_clade	SAR324_clade(Marine_group_B)	SAR86_clade	SBR1031	Selenomonadales	SJA-15	SJA-28	Sneathiellales	Solibacterales	Solirubrobacterales	Sphingobacteriales	Sphingomonadales	Spirochaetales	Steroidobacterales	Streptomycetales	Streptosporangiales	Subgroup_13	Subgroup_2	Subgroup_7	Sulfolobales	Sva0485	Synechococcales	Synergistales	Syntrophobacterales	Tepidisphaerales	Thermales	Thermoanaerobaculales	Thermoflexales	Thermomicrobiales	Thermoproteales	Thiohalorhabdales	Thiotrichales	Tistrellales	UA11	Unknown_Order	vadinBA26	Verrucomicrobiales	Vibrionales	Victivallales	WCHB1-41	Xanthomonadales	others	BioProject	sample_alias	env_material	time	ID	prepost
SRR39238494	0	0	0	0	0	0	0	0	0	0	0	0	0	1.85720902275817	0	0	1.8681926130719	0	0	0	0	0	0	0	0	0	0	0	3.22065856761194	4.37471213468373	0	0	0	0	2.9659800686009	1.60893148013705	0	0	0	0	0	0	0	0	0	0	0	0.968310551521016	0	0	0	0	0	0	0	0	0	0	0	0	0.453872205451626	0	0	0	0	0	0	0	0	4.1605167464496	0	2.77761243543495	2.86505587228404	0	0	0	0	0	0	0	0	0	2.69870965627249	0	0	0	0	0	0	0	0	2.73408237965939	0	0	2.86011182016969	0	0	0	1.45719076416207	0	0	0	3.94287246528288	0	0	0	1.67293427602342	0	0	0	0	0	0	0	0	0	0	0	0	0	0	0	0	0	0	0	0	0	0	0	3.17203029901051	0	0	0	0	0	0	0	0	0	0	0	0	0	0	0	1.57832379666874	0	0	0	0	0.67091797425235	0	0	0	0	0	0	0	0	0	0	0	0	0	0	0	0.922958726278176	0	0	0	0	0	0	0	3.45601598705321	0	0	0	0	0	0	0	0	0	0	0.922958726278176	0	3.09948378645717	0	0	0	0	0	0	0	0	1.3973683604989	0	0	0	0	0	0	0	0	0	0	0	1.08141015546013	0	0	0	0	0	0	3.37678107772574	0	0	0	0	0	0	1.22195659546701	0	0	0	0	0	0	0	0	0	0	0	0	0	0.67091797425235	0	0	0	0	0	0	0	0	0	0	0	2.60321634145455	0	0	0.872312753197029	2.56133275378241	PRJNA1480144	SDPr01	fecal	Pre	1	0
SRR39238509	0	0	0	0	0	0	0	0	0	0	0	0	0	0	0	0	0	0	0	0	0	0	0	0	0	0	0	0.546574213843778	3.16778069458063	4.43377710939888	0	0	0	0	3.67557861567774	2.73869772793924	0	0	0	0	0	0	0	0	0	0	0	0	0	0	0	0	0	0	0	0	1.70022752044938	0	0	0	1.70022752044938	0	0	0.679462747092805	0	0	0	0	0	4.04597150591621	0	2.7203356254593	1.64191361000306	1.92514927291065	0	0	0	0	0	0	0	0	2.61335712382151	0	0.546574213843778	1.74182496724595	0	0	0	0	0	3.83527790998573	0	0	3.12522591013089	0	0	0	0.781073712336104	0	0	0	1.2400913062938	0	0	1.41834367906837	0.546574213843778	0	0	1.2400913062938	0	0	0	0	0	0	0	0	0	0	0	0	0	0	0	0	0	0	0	0	2.90509475154509	0	0	0	0	0	0	1.55971013345374	0	0	0	0	0	0	0	0	1.54435895311058	2.38324865851219	0	1.54435895311058	0	1.57453716411986	0	0	0	0	0	0	2.2759077869468	0	0	0	0	0	0	0	0	0.781073712336104	1.04457985288154	0	0	0.932512686293245	0	0	0	2.66246178981947	0.679462747092805	0.546574213843778	0	0	0	0	0	0	0	0	1.602753914636	0	1.96843313761781	1.70022752044938	0	0	0	0	0.546574213843778	0	0	2.65039035557473	0	0	0	0	0	0	0	0	0	0	0	1.602753914636	0	0	0	0	0	0.863360893154085	3.57866264144405	0	0	0	1.20740637346258	1.49475368430899	0	1.89135790311501	0	1.20740637346258	0	0	0	0	0	0	0	0	2.09072491654151	0	0	0	0	0	0.932512686293245	0	0	0	0	0	0	0	0.932512686293245	0	0	0	1.62924869188408	2.79131347936659	PRJNA1480144	SDPo01	fecal	Post	1	1
SRR39238493	0	0	0	0	0	0	1.3782046614223	0	0	0	0	0	0	2.69979610298743	0	0	1.76058130613217	0	0.764834499422692	0	0	0	0	0	0	0	0	0	2.10957375393336	4.42644662741866	0	0	0.846554694077221	0	3.11060076355046	2.37053620970289	0	0.532678869266772	0	0	0	0	0	0	0	0	0	2.66952169098588	0	0	0	0	0	0	0	0	0	0	1.02684482552418	0.764834499422692	0	0	0	0	1.47585831523716	0	0	0	0	4.3143542826715	0	2.65702576369059	2.42885401712734	0	0	0	0	0	0	0	0	1.43938762930913	1.3782046614223	0	0	0	0	0	0	0	0	2.50055526825977	0	0	2.32349635707164	0	0	0	0.764834499422692	0	0	0	3.46663480327337	0	0	1.02684482552418	1.3782046614223	0	0	0	0	0	0	0	0	0	0	0	0	0	0	0	0	0	1.02684482552418	0	0	0	0	0	3.25634274941731	0	0	0	0	0	0	0	0	0	0	0	0	0	0	0	1.56985484907863	0	0	0.764834499422692	0	0.532678869266772	0	0	0	0	0	2.44039331337047	0.664088013945872	0	0	0	0	0	0	0	0	1.81190522440356	0	0	0	0	2.74817442550124	0	0	2.42493843070761	0	0	0	0	0	0	0.915305973630895	0	0	0	1.82774844940076	0	2.63938486935036	0	0	0	0	0	0	0	0	0	1.3069663743726	0	0	0	1.39957113335681	0	0	0	0	0	0	1.59715213867717	0	0	0	0	0	0.664088013945872	3.42582826780415	0	0.532678869266772	0	0	0	0.532678869266772	1.02684482552418	2.11762914875658	0	0	0	0	0	0	0	0	0	0	0	0	0	0	0	0.664088013945872	0	0	0	0	0	0	0	0	2.34054593060923	0	0.664088013945872	0.846554694077221	2.87594651314224	PRJNA1480144	SDPr02	fecal	Pre	2	0
SRR39238551	0.827608213355174	0	1.09507852236857	0	0	0	0.706577478132213	0	0	0	0.771295432007541	0	0	0	0	0	0	1.78311710758345	2.44815505304691	0	0	0	0.877450214707631	0	1.23938516592364	0	0	0	1.77125412542905	4.41215887445741	0	0	0	0	3.53770822223439	1.25938109146313	1.81687750864321	0	0	0	0	1.17319821821431	0	0.999755985292449	1.47156293050977	1.1486871245792	0	0	0	0	0	0	0	0	0	0	0.630497509376307	0	1.40705311587458	0	2.15864124300242	0.922156433605452	0	0.420837041408731	0.538198279663269	0.630497509376307	0	0	0	4.12748140012522	0.999755985292449	2.44688786406811	1.21842395905174	0.706577478132213	0	0	0	0	0.922156433605452	1.59583278263609	1.34751444036785	1.19639952694896	1.74009648483145	0.827608213355174	0	0	1.34751444036785	0	0	0	0	3.15863955001549	0	0	2.74009204670434	0	0	1.12270946865424	0	0.877450214707631	0	0	3.92250623841088	0	2.14614075367058	0.877450214707631	0	0	1.03390821040198	1.51705299088792	0	0	0	0	0	0	0.630497509376307	0.538198279663269	1.21842395905174	0.771295432007541	0	0	0	0	0	0	0	0	0	0	3.55526306873926	0	0	0.420837041408731	0.877450214707631	0	0	0	0	0.630497509376307	0	0	0.630497509376307	0.999755985292449	0	0	0.827608213355174	0	0.538198279663269	1.91785783077615	0	1.1486871245792	0	0	0	0.538198279663269	0	0	1.1486871245792	0	1.43401734514802	0	0	1.90919097870244	0	0	0	0	0	0	0	0	0	0	0	0	0	0	1.27849673956727	0.420837041408731	0.538198279663269	1.09507852236857	0	0	1.06556945596422	1.54829344965817	0.706577478132213	0	0.706577478132213	0	0	0	0	0	1.17319821821431	0	0.420837041408731	2.67841332007155	2.12269107814614	0.999755985292449	0	0.827608213355174	0	0	0	0	1.43401734514802	0	0	0.420837041408731	0	0	0	0	0	1.77125412542905	3.03813248836328	1.1486871245792	0.999755985292449	0	0.877450214707631	2.180273568446	1.25938109146313	1.34751444036785	0	1.84820174478653	0	0	0	0	1.03390821040198	0	0	0	2.16109873679972	1.79466464362674	0	0	1.61348121418572	0	1.5774366811892	0	0	0	0.771295432007541	0	0	0	1.48338989161952	0	0	0	1.85816043879853	2.89765605308224	PRJNA1480144	SDPo02	fecal	Post	2	1
SRR39238476	0	0	0	0	0	0.389637851501893	0.591657257593449	0	0	0.665736399779827	0	1.19107715962476	0.502289744118073	2.14528748770211	0	1.54577180762839	2.22545460854649	0	0	0	0	0	0	0.389637851501893	0.833188649596601	0	0	0	2.52987175345826	3.8255065241242	0	0	0.389637851501893	0	2.55519289826844	2.02956390130575	0	0	0	0	0	0	0	0	0	0	0	2.7500871551264	0	0	0	0	0	0	2.11490106048981	0.389637851501893	1.10110418383916	0	0	0	0.987486480323953	0	0	0	1.35774323185409	0	0	0	0	4.22914964958808	0	2.3530240580059	3.02381176477169	0.729001779190022	0	0.591657257593449	0.784212043519758	0	0.502289744118073	0	0	0	1.92700117599132	0	0	0	0	0	0	0	0.665736399779827	4.11029347184552	0	0	2.28171231901541	0	0.502289744118073	0	2.36270998433055	0.784212043519758	0	0	2.48786186959679	0	0.729001779190022	0.502289744118073	0	0	0	1.22991955820162	0	0	0	0	0	0	0	0	0	0	0	0	0	0	0	0	0	0	0	0	4.18805161933302	0	0	0	0	0.389637851501893	0	0	0	0	0.665736399779827	0	0	0	0	0	1.88798168023407	0	0	1.01879651836485	0	1.07536339900445	0	0	0	0	0	0	0.877197523488466	0	0	0	0	0.987486480323953	0	0	0	1.92700117599132	0.591657257593449	0	0	0	0.591657257593449	0	0	2.78921139222873	0	0.502289744118073	0	0	0	0	0	0	0	0	1.77693965432971	0	2.69196513853782	0	0	0.591657257593449	0	0	0.389637851501893	0.502289744118073	0	1.52743544213371	1.51796852531584	0	0	0	0	0	0	0.987486480323953	0	0	0.502289744118073	0.502289744118073	0	0	0	0	0	0	3.29288073293559	0	0	0	0.953742572261818	1.2823566414067	0.877197523488466	1.48826280590854	0.987486480323953	0.833188649596601	0.877197523488466	0	0	0.877197523488466	0	0	0	0	0.591657257593449	0.502289744118073	0	0	0	0	0.389637851501893	0	0	0	0	0	0.833188649596601	0	1.34367659597522	2.63373286016108	0	0	1.47789154286558	3.24159513930773	PRJNA1480144	SDPr03	fecal	Pre	3	0
SRR39238475	0	0	0	0	0	0	0	0	0	0	0	0	0	1.16677826887673	0	0	0	0	0	0	0	0	0	0	0.515912792029834	0	0	0	1.22947857428859	4.47430318702682	0	0	0	0	2.18904036670239	1.0660041968519	0	0	0	0	0	0	0	0	0	0	0	2.09918351161173	0	0	0	0	0	0	0	0	0	0	0	0	0	0	0	0	1.60772408381787	0	0	0	0	4.34361664677265	0	2.40242037686282	1.40351751842658	0	0	0	0	0	0	0	0	0	2.85598679541387	0	0	0	0	0	0	0	0	2.96124917622326	0	0	2.30463244072536	0	0	0	0	0.681285594906129	0	0	3.59329333246256	0	0	0	0	0	0	1.00523100609488	0	0	0	0	0	0	0	0	0	0	0	0	0	0	0	0	0	0	0	0	2.08039338741599	0	0	0	0	0	0	0	0	0	0	0	0	0	0	0	0	0	0	0	0	0.606423526830381	0	0	0	0	0	0	0.401434337406217	0	0	0	0	0	0	0	0	0	0	0	0	0	0	0	0	1.34796870166551	0	0	0	0	0	0	0	0	0	0	0.401434337406217	0	0	0	0	0	0	0	0	0	0	2.99956929131013	0	0	0	0	1.51751415445947	0	0	0	0	0	0	0	0	0	0	0	0	0	3.33408329369164	0	0	0	0.401434337406217	0	0.515912792029834	0	0	0	0.401434337406217	0	0	0	0	0	0	0	0	0	0	0	0	0	0.401434337406217	0	0	0	0	0	0	0	0	0	0	0	1.64665451740146	1.95756692342083	PRJNA1480144	SDPr04	fecal	Pre	4	0
SRR39238550	0	0	0	0	0	0	0	0	0	0	0	0	0	1.03132836665536	0	0	0	0	0	0	0	0	0	0	0	0	0	0	0.628321397759801	4.44744375104155	0	0	0	0	3.27843669767738	0	0	0	0	0	0	0	0	0	0	0	0	1.06297107081723	0	0	0	0	0	0	0	0	0	0	0	0	0	0	0	0	1.59306149844424	0	0	0	0	4.03277714362272	0	1.61070704914944	1.46881561123433	0	0	0	0	0	0	0	0	0	1.45666026727123	0	0	0	0	0	0	0	0	4.05772751258895	0	0	2.70158775969017	0	0	0	0	0	0	0	3.61775045544014	0	0	0.419074639554538	0	0	0	0	0	0	0	0	0	0	0	0	0	0	0	0	0	0	0	0	0	0	0	0	2.51421061585848	0	0	0	0	0	0	0	0	0	0	0	0	0	0	0	0	0	0	0	0	0	0	0	0	0	0	0	0	0	0	0	0	0.536180086341224	0	0	0	0	0	0	0	0	0	0	0	0.628321397759801	0	0.419074639554538	0	0	0	0	0	0	0	0	0.70429416873218	0	1.19373736505283	0	0	0	0	0	0	0	0	2.79010899962141	0	0	0	0	1.67488945006148	0	0	0	0	0	0	0	0	0	0	0	0	0	2.72811340091043	0	0	0	0	0.9601542386345	0	0	0	0	0	0	0	0	0.536180086341224	0	0	0	0	0	0	0	0	0	0	0	0	0	0	0	0	0	0	0	0	0	1.17054601244735	3.51062424345728	PRJNA1480144	SDPo04	fecal	Post	4	1
SRR39238474	0	0	0	0	0	0	0.576364775164173	0	0	0	0	0.576364775164173	0	1.1510161997844	0	2.56345057878134	0.712254366572617	0	0	0	0	0	0	0	0.377506897546446	0	0	0	2.64421181285805	3.66146994948799	0	0	0	0	2.24944409526287	1.649633725612	0.377506897546446	0	0	0.968978137989334	0	0	0	0	0.377506897546446	0	0	2.52209437647707	0	0	0	0	0	0	0	0	0	0	0	0	0	0	0	0	0	0	0	0	0	4.06734642193226	0	2.23916218191391	1.41383316860988	0.649602966363854	0	0	0	0	0	0	0	0	1.49792761119092	0	0	0	0	0	0	0	0	3.24808793215997	0	0	2.1015810952183	0	0	0	1.19155070618784	0.712254366572617	0	0	3.8815459183956	0	0.766996659831912	0.488219583687813	0	0	0	0.968978137989334	0	0	0	0.488219583687813	0	0	0	0	0	0	0	0	0	0	0	0.488219583687813	0	0	0	0	3.4581274568558	0	0	0.377506897546446	0	0	0	0	0	0	0	0	0	0	0	0	1.56014694869535	0.8156047549692	0	1.19155070618784	0	0	0	0	0	0	0	0	0.488219583687813	0	0	0	0.576364775164173	0.899027129452032	0	0	0	1.58430572291572	0	0	0.377506897546446	0	0	0	0	4.4163024972569	0	0	0	0	0	0	0	0	0	0	0.859315915708657	0	1.78711972716741	0	0	0.712254366572617	0	0	0	0	0	0.859315915708657	1.29444137197328	0	0	0	0	0	0	0	0	0	0	0.488219583687813	0	0	0.712254366572617	0	0	0	2.06690704339836	0	0	0	0	0	0	0.899027129452032	0	0	0	0	0	0.377506897546446	0	0	0	0	0	0	0	0	0	0	0	0	0	0	0	0	0	0	1.8063300934689	1.62180440558425	0	0	1.02920968936358	3.69130879970799	PRJNA1480144	SDPr05	fecal	Pre	5	0
SRR39238473	0	0	0	0	0	0	0.469289767318672	0	0	0	0	0.989393783736607	0	1.50707545823005	0	1.19306616965089	0.989393783736607	0	0	0	0	0	0	0	0	0	0	0.469289767318672	3.04966202895763	4.34691480330807	0	0	0.469289767318672	0	3.38527451034373	3.12651056394155	0	0	0	0	0	0	0	0	0	0	0	2.70422551384505	0	0	0	0	0	0	1.31098773604533	0	0	0	0	0	1.70443249897774	0	0	0	0.469289767318672	0	0.835002798655961	0	0	4.38674723934222	0	2.55407949036157	1.97509420856125	0	0	0	0	0	0	0	0	0	2.35931792984722	0	0.469289767318672	0	0	0	0	0	0	3.54450498947748	0	0	2.18417500656094	0	0	0	0.835002798655961	0	0	0	2.63658605822379	0	0.593239563180548	0.593239563180548	0	0	0	0.469289767318672	0	0	0	0	0	0	0	0.593239563180548	0.469289767318672	0	0	0	0	0	0	0	0	0	0	0	3.40234113780628	0	0	0.593239563180548	0	0	0	0	0	0	0	0	0	0	0	0	1.36890856437549	0	0.835002798655961	0.835002798655961	0	0.469289767318672	0	0	0	0	0	0.689555129002809	0.943768825890072	0	0	0	0	0	0	0	0	1.72081439920522	0	0	0	0	0	0	0	2.87975197955894	0	0.689555129002809	1.03067800294689	0	0	0	0	0	0	0	1.59055811979888	0	2.01769472930215	0	0	0.593239563180548	0	0	0	0	0	1.36890856437549	0	0	0	0	0.768339624412219	0	0	0	0	0	0	0	0.469289767318672	0	0	0	0	0	2.74103673182532	0	0	0	0	0.593239563180548	0.768339624412219	1.49372281532016	0	0	0	0	0	0.469289767318672	0	0	0.689555129002809	0	0	0	0	0	0	0	0	0	0	0	0.989393783736607	0	0	0	1.5682974542672	2.00115251693964	1.54483383461564	0	1.45100947219973	2.66032247535497	PRJNA1480144	SDPr06	fecal	Pre	6	0
SRR39238472	0	0	0	0	0	0	0.493097517138655	0	0	0.493097517138655	0	0	0	2.07146580628037	0	1.99508752487385	0	0	0	0	0	0	0	0	0	0	0	0	1.61422087026374	4.41912716263228	0	0	0	0	2.92879646976904	3.51177515123882	0	0	0	0	0	0	0	0	0	0	0	3.59229674343257	0	0	0	0	0	0	0	0	0.381706392927767	0	0	0	0	0	0	0	0.581671354655673	0	0	0	0	4.00515770067052	0	2.52837432015038	1.46486994735796	0	0	0	0.718072185184936	0	0	0	0	0	2.1748537768015	0	0	0	0	0	0	0	0.718072185184936	3.3449222681205	0	0	2.01028267783059	0	0	0	0.381706392927767	0.975416205805117	0	0	2.84435359836494	0	0.581671354655673	0	0	0	0	0	0	0	0	0	0	0	0	0	0	0	0	0	0	0	0	0	0	0	0	0	2.70343159949593	0	0	0	0	0	0	0	0	0	0	0	0	0	0	0	1.48534958720636	0	0	0.381706392927767	0	0	0	0	0	0	0	0	0.718072185184936	0	0	0	0	0	0	0	0	1.3012847676447	0	0	0	0	0	0	0	2.30617526377031	0	0	0	0	0	0	0	0	0	0	0	0	1.59909244566807	0	0	0.493097517138655	0	0	0	0	0	1.0066285567182	0.77297915215235	0	0	0	0	0	0	0	0	0	0	0	0	0	0	0	0	0	4.09364962611903	0	0	0	0	0	0	1.66995803183497	0	0.493097517138655	0	0	0	0	0	0	0	0	0	0.381706392927767	0	0	0	0	0	0	0	0	0	0	0	0	1.13591116180792	1.19829701962419	0	0	0.655204907052442	2.40806704734325	PRJNA1480144	SDPr08	fecal	Pre	8	0
SRR39238470	0	0	0	0	0	0	0	0	0	0	0	0	0	2.93807398288602	0	0	0	0	0	0	0	0	0	0	0	0	0	0	2.61213161668174	4.13595322039006	0	0	0	0	3.50056043188405	3.92090208992875	0	0	0	0	0.401083108508905	0	0	0	0	0	0	0.401083108508905	0	0	0	0	0	0	0	0	0.401083108508905	0.515508001986712	0	0	0.800274015376626	0	0	0	1.42827573941219	0	0	0	0	4.45421789749012	1.18815501243067	2.95485402338081	2.61132560221667	0.515508001986712	0	0	0.515508001986712	0	0	0	0	0	1.61522605210373	0	0	0	0	0	0	0	0	1.8859711696759	0	0	3.12833833071953	0	0	0	0.401083108508905	0.60598532465772	0	0	2.89536070322136	0	0.680824559917507	0	0	0	0	0.970805722169401	0	0	0	0	0	0	0	0	0	0	0	0	0	0	0	0	0	0	0	0	3.37211339079512	0	0	0	0.401083108508905	0	0	0	0	0	0	0	0	0	0	0	1.00470616042837	0	0	0	0	0	0	0	0	0	0	0	0	0	0	0.401083108508905	0	0.60598532465772	0	0	0	0	0	0	0	0	0	0	0	0.515508001986712	0	0	0	0.515508001986712	0	0	0	0	0	0	0	0	1.3474124306715	0	0	0.849581250200642	0	0	0	0	0	1.1187695154753	0.401083108508905	0	0	0	0.515508001986712	0	0.60598532465772	0.934033296962658	0	0	0	0	0	0	0	0	0	0	2.74794167067452	0	0	0	0	0.680824559917507	0.401083108508905	0.515508001986712	0.60598532465772	0.515508001986712	0	0	0	0	0.800274015376626	0	0	0	0	0	0	0	0	0	0	0	0	0	0	0	0.515508001986712	0	2.17545254820776	0	0	0	0.401083108508905	1.688615576879	PRJNA1480144	SDPr09	fecal	Pre	9	0
SRR39238469	0	0	0	0	0	0	0	0	0	0	0	0.634431899842117	0	0.813975494961531	0	0	1.15345506002409	0	0	0	0	0	0	0	0	0	0	0	1.08033177875	4.41080259063161	0	0	0	0	3.5932314353502	2.52107918336692	0	0	0	0	0	0	0	0	0	0	0	1.15345506002409	0	0	0	0	0	0	0	0	0	0	0	0	0	0	0	0	0	0	0	0	0	4.33093951907003	0	2.74413488173308	0	0	0	0	0	0	0	0	0	0	1.21602240448133	0	0	0	0	0	0	0	0	2.74928563113381	0	0	3.00354941159777	0	0	0	0	0	0	0	1.81281064208977	0	0	0	0	0	0	0	0	0	0	0	0	0	0	0	0	0	0	0	0	0	0	0	0	0	0	0	1.96123607287855	0	0	0	0	0	0	0	0	0	0	0	0	0	0	0	0	0	0	0	0	0	0	0	0	0	0	0	0	0	0	0	0	0	0	0	0	0	0	0	0	0	0	0	0	1.65443964039325	0	0	0	0	0	0	0	0	0	0	0	0	0	0	0	0	0	0	0	0	0	0	0	0	0	0	0	0	0	0.733416605973127	0	0	0	0	0	0	0	0	0	0	3.89749434908641	0	0	0	0	0	0	0	0	0	0	0	0	0	0	0	0	0	0	0	0	0	0	0	0	0	0	0	0	0	0	0	1.24422140900658	0	0	0	0.634431899842117	1.03856648913845	PRJNA1480144	SDPr10	fecal	Pre	10	0
SRR39238468	0	0	0	0	0	0	0	0	0	0	0	0	0	0	0	0	1.30274331843665	0	0	0	0	0	0	0	0	0	0	0	2.71973028479669	3.98297875650545	0	0	0	0	2.32155118546536	0	0	0	0	0	0	0	0	0	0	0	0	2.50754102945626	0	0	0	0	0	0	0	0	0	0	0	0	0	0	0	0	0	0	0	0	0	3.86175527397228	0	1.24783032097868	0	0	0	0	0	0	0	0	0	0	0.76115807352487	0	0	0	0	0	0	0	0	4.19214189745628	0	0	2.32155118546536	0	0	0	0	0	0	0	4.33674302587956	0	0	0	0	0	0	0	0	0	0	0	0	0	0	0	0	0	0	0	0	0	0	0	0	0	0	0	3.36375453495457	0	0	0	0	0	0	0	0	0	0	0	0	0	0	0	1.48870617434417	0	0	0	0	0	0	0	0	0	0	0	0	0	0	0	0	0	0	0	0	0	0	0	0	0	0	0	0	3.44338979729035	0	0	0	0	0	0	0	0	0	0	0.529543553765435	0	2.08006380477824	0	0	0	0	0	0	0	0	0	0.76115807352487	0	0	0	0	0	0	0	0	0	0	0	0	0	0	0	0	0	2.61656437338974	0	0	0	0	0	0	0	1.53641134109553	0	0	0	0	0	0	0	0	0	0.529543553765435	0	0	0	0	0	0	0	0	0	0	0	0	0	0	0	0	0	0	2.76560243471805	PRJNA1480144	SDPr11	fecal	Pre	11	0
SRR39238467	0	0	0	0	0	0	0	0	0	0	0	0.483355156472562	0	0.962534650888543	0	0	1.48613148172078	0	0	0	0	0	0	0	0	0	0	0	2.08478710402164	4.36496025862488	0	0	0	0	3.43321505998409	2.35366817444485	0	0	0	0	0	0	0	0	0	0	0	0	0	0	0	0	0	0	0	0	0.483355156472562	0	0	0	0.483355156472562	0	0	0	0	0	0	0	0	4.05865112798092	0	3.1453969736131	0	0	0	0	0	0	0	0	0	0	2.18823350903215	0	0	0	0	0	0	0	0	2.57983577346034	0	0	2.28110992248425	0	0	0	0	0	0	0	4.20352600505659	0	0	0	0	0	0	0	0	0	0	0	0	0	0	0	0	0	0	0	0	0	0	0	0	0	0	0	3.24811085822431	0	0	0	0	0	0	0	0	0	0	0	0	0	0	0	0	0	0	0	0	0	0	0	0	0	0	0	0.483355156472562	0	0	0	0	0	0	0	0	0	0	0	0	0	0	0	0	2.67487869532671	0	0	0	0	0	0	0	0	0	0	0	0	0	0	0	0	0	0	0	0.483355156472562	0	0	0	1.44033982351997	0	0	0	0	0	0	0	0	0	0	0	0	0	0	0	0	3.56173987692971	0	0	0	0.785929745676031	0	0	0	0	0	0	0	0	0	0	0	0	0	0	0	0	0	0	0	0	0	0	0	0	0	0	0	0	0	0	0	0	0.706440020082852	PRJNA1480144	SDPr12	fecal	Pre	12	0
SRR39238466	0	0	0	0	0	0	0	0	0	0	0	0	0	0	0	0	1.63371735246776	0	0	0	0	0	0	0	0	0	0	0	1.26104584130682	4.37972907553	0	0	0	0	1.90708380013033	2.68654673370158	0	0	0	0	0	0	0	0	0	0	0	1.02930244334566	0	0	0	0	0	0	0	0	0	0	0	0	0.626613941464702	0	0	0	0	0	0	0	0	4.41890151393231	0	2.28994535132415	0.805349659444751	0	0	0	0	0	0	0	0	0	1.72199720581946	0	0	0	0	0	0	0	0	3.54896536318279	0	0	2.96335188996288	0	0	0	0	0	0	0	0	0	0	0	0	0	0	0	0	0	0	0	0	0	0	0	0.805349659444751	0	0	0	0	0	0	0	0	0	0	0	2.02775885123078	0	0	0	0	0	0	0	0	0	0	0	0	0	0	0	0.98319498752101	0	0	0	0	0	0	0	0	0	0	0	0	0	0	0	0	0.626613941464702	0	0	0	0	0	0	0	0	0	0	0	1.79532823966834	0	0	0	0	0	0	0	0	0	0	0	0	0	0	0	0.499014544879091	0	0	0	0	0	0	0	0	0	0	0	0	0	0.725112561322711	0	0	0	0	0	0	0	0	0	0	3.77602201361594	0	0	0	0	0	0	0	0	0	0	0	0	0	0	0	0	0	0	0	0	0	0	0	0	0	0	0	0	0	0	0	1.30954484571725	0	0	0	0	0.805349659444751	PRJNA1480144	SDPr13	fecal	Pre	13	0
SRR39238465	0	0	0	0	0	0	0	0	0	0	0	1.62492125114915	0	0.995630495560351	0	0.817064885894595	0	0	0	0	0	0	0	0	0	0	0	0	0	4.41379791802565	0	0	0	0	2.53470291195394	2.27392158089671	0	0	0	0	0	0	0	0	0	0	0	2.25821291024508	0	0	0	0	0	0	0	0	0.943860705833672	0	0	0	0	0	0	0	0.637235465859563	0	0.817064885894595	0	0	4.47351951424695	0	2.83226412667877	2.05446423399264	0.736392234345892	0	0	0	0	0	0	0	0	1.58910637200962	0	0.508526112737973	0	0	0	0	0	0	2.72472110170049	0	0	2.03261358231707	0	0	0	0.736392234345892	0	0	0	3.03703262744844	0	0	0	0	0	0.508526112737973	0.817064885894595	0	0	0	0	0	0	0	0	0	0	0	0	0	0	0	0	0	0	0	0.817064885894595	2.51152723200474	0	0	0	0	0	0	0	0	0	0	0	0	0	0	0	1.94883552343151	0	0	0.508526112737973	0	0	0	0	0	0	0	0	0.817064885894595	0	0	0	0	0	0	0	0	0	0	0	0	0	0	0	0	1.47602910672813	0	0.736392234345892	0	0	0	0	0	0	0	0	1.0836769513492	0	1.95957279358378	0	0	0	0	0	0	0.508526112737973	0	1.72662021672464	0	0	0	0	0	0	0	0	0	0	0	0	0	0	0	0	0	0	3.11887511638477	0	0.736392234345892	0	1.40610917083998	1.0836769513492	1.04188116904507	1.32273102605914	0	0	0	0	0	1.66849728148572	0	0	0	0	0	0	0.637235465859563	0	0	0	0	0	0	0	0	0	0	0	0.508526112737973	0	0	0	1.27415290027627	2.80513017529155	PRJNA1480144	SDPr14	fecal	Pre	14	0
SRR39238464	0	0	0	0	0	0	0	0	0	0	0	0.614691905362474	0	1.66960916680201	0	0	0.859504890068667	0	0	0	0	0	0	0	0	0	0	0	2.59190631513613	4.38365118657415	0	0	0	0	3.53972286697773	2.22884891971827	0	0	0	0	0	0	0	0	0	0	0	2.38960452768995	0	0	0	0	0	0	0	0	0	0	0	0	0.614691905362474	0	0	0	0.712431124655214	0	0	0	0	4.3813687649683	0	2.67948428827629	1.84902924220279	0.488367630283645	0	0	0	0	0	0	0	0	1.82942251947658	0	0	0	0	0	0	0	0	2.5024298917506	0	0	2.56938435866145	0	0	0	0	0	0	0	3.39040272001621	0	0	0	0	0	0	0	0	0	0	0	0	0	0	0	0	0	0	0	0	0	0	0	0	0	0	0	3.12395932686614	0	0	0	0	0	0	0.488367630283645	0	0	0	0	0	0	0	0	0	0	0	0	0	0	0	0	0	0	0	0	0	0	0	0	0	0	0	0	0	0	0	0	0	0	0	0	0	1.68851007256618	0	0	0	0	0	0	0	0	0	0	0	0	0	0	0	0	0	0	0	0	0	0	0.614691905362474	0	0	0	0	0	0	0	0	0	0	0	0	0	0	0	0	0	3.36173618712936	0	0	0	0	0	0	0	0	0	0	0	0	0	0	0	0	0	0	0	0	0	0	0	0	0	0	0	0	0	0	0	3.22787263207042	0	0	0	0.969173876380894	1.29464952804821	PRJNA1480144	SDPr15	fecal	Pre	15	0
SRR39238463	0	0	0	0	0	0	0	0	0	0	0	0	0	0	0	0	0	0	0	0	0	0	0	0	0	0	0	0	2.09119529860994	4.30397178477992	0	0	0	0	3.54310575373428	2.23341533417823	0	0	0	0	0	0	0	0	0	0	0	0	0	0	0	0	0	0	0	0	0	0	0	0	0	0	0	0	0	0	0	0	0	3.65614153582992	0	2.31298206261092	1.52508959282996	0	0	0	0	0	0	0	0	0	1.02365732343692	0	0	0	0	0	0	0	0	2.60478019752021	0	0	2.16527271209825	0	0	0	0	0	0	0	4.44322352501668	0	0	0	0	0	0	0	0	0	0	0	0	0	0	0	0	0	0	0	0	0	0	0	0	0	0	0	2.74015322675027	0	0	0	0	0	0	0	0	0	0	0	0	0	0	0	0	0	0	0	0	0	0	0	0	0	0	0	0	0	0	0	0	0	0	0	0	0	0	0	0	0	0	0	0	1.70510359781628	0	0	0	0	0	0	0	0	0	0	0	0	0	0	0	0	0	0	0	0	0	0	0	0	0	0	0	0	0	0	0	0	0	0	0	0	0	0	0	0	3.61744432217195	0	0	0	0	0	0	0	0	0	0	0	0	0	0	0	0	0	0	0	0	0	0	0	0	0	0	0	0	0	0	0	0	0	0	0	0	0.936909238700794	PRJNA1480144	SDPr16	fecal	Pre	16	0
SRR39238549	0	0	0	0	0	0	0.788590176055376	0	0	0	0	0	0	0	0	0	0	0	0	0.686589329030472	0	0	0	0	0	0	0	0	2.47071408499322	4.04550717562019	0	0	0	0	2.45922299297419	2.15385775475603	0	0	0	0	0	0	0	0	0	0	0	0	0	0	0	0	0	0	0	0	0.686589329030472	0	0	0	0	0	0	0	1.05276827885254	0	0	0	0	3.93747217008947	0	2.56543468887223	1.48556962887534	0	0.553030969372804	0	1.14191723657985	0	0	0	0	0	2.36894661536932	0.553030969372804	0	0	0	0	0	0	0	4.3385965665476	0	0	2.45336138147363	0	0	0	0	0	0	0	3.44038398672887	0	0	0	0	0	0	0	0	0	0	0	0	0	0	0	0	0	0	0	0	0	0	0	0	0	0	0	3.3658305699984	0	0	0	0	0	0	0	0	0	0	0	0	0	0	0	1.21584630668907	0	0	0	0	1.27900226902001	0	0	0	0	0	0	0	0	0	0	0	0	0	0	0	1.73034739857506	0	0	0	0	0	0	0	2.21586068190807	0	0	0	0.940464161322351	0	0	0	0	0	0	1.21584630668907	0	3.85742256547489	0	0	0	0	0	0	0	0	1.63803198024499	0	1.09962623773403	0	0	0.553030969372804	0	0	0	0	0	0	1.90720963561186	0	0	0	0	0	0	3.52233384844	0	0	0	0	0	0	1.68663795343799	0	0	0	0	0	1.05276827885254	0	0	0	0	0	0	0	0	0	0	0	0	0	0	0	0	0	0	3.22294164026605	0	0	0	1.5034610649866	2.85819737956692	PRJNA1480144	SDPo16	fecal	Post	16	1
SRR39238462	0	0	0	0	0	0	0	0	0	0	0	0	0	0	0	0	0	0	0	0	0	0	0	0	0	0	0	0	0.979694086310614	4.67359253005519	0	0	0	0	2.33158930848319	1.46527224701468	0	0	0	0	0	0	0	0	0	0	0	2.57227151094662	0	0	0	0	0	0	0	0	0	0	0	0	0	0	0	0	0	0	0	0	0	4.1055690401809	0	1.46527224701468	0	0	0	0	0	0	0	0	0	0	1.72520515100087	0	0	0	0	0	0	0	0	1.21425456636652	0	0	1.48997541055118	0	0	0	0	0	0	0	2.26238033532391	0	0	0	0	0	0	0	0	0	0	0	0	0	0	0	0	0	0	0	0	0	0	0	0	0	0	0	1.45237293951883	0	0	0	0	0	0	0	0	0	0	0	0	0	0	0	0	0	0	0	0	0	0	0	0	0	0	0	0	0	0	0	0	0	0	0	0	0	0	0	0	0	0	0	0	1.08300647166945	0	0	0	0	0	0	0	0	0	0	0	0	0	0	0	0	0	0	0	0	0	0	0	0	0	0	0	0	0	0	0	0	0	0	0	0	0	0	0	0	2.87321679855891	0	0	0	0	0	0	0	0	0	0	0	0	0	0	0	0	0	0	0	0	0	0	0	0	0	0	0	0	0	0	0	1.8619099472889	0	0	0	0	1.60529131811408	PRJNA1480144	SDPr17	fecal	Pre	17	0
SRR39238461	0	0	0	0	0	0	0	0	0	0	0	0.506189454321505	0	1.27094297740776	0	0	0	0	0	0	0	0	0	0	0	0	0	0	2.31684432233858	3.93034703539423	0	0	0.634628639573417	0	2.14295002531359	1.15369324160987	0	0	0	0	0	0	0	0	0	0	0	2.15986316002585	0	0	0	0	0	0	0	0	0	0	0	0	0	0	0	0	0	0	0	0	0	4.28526896789187	0	1.96669650095492	0	0	0	0	0	0	0	0	0	0	1.9056667023025	0	0	0	0	0	0	0	0	4.49640419716375	0	0	2.23297188141155	0	0	0	0	0	0	0	2.68329177151005	0	0	0	0	0	0	0.506189454321505	0	0	0	0	0	0	0	0	0	0	0	0	0	0	0	0	0	0	0	0	2.61913680312834	0	0	0	0	0	0	0	0	0	0	0	0	0	0	0	0	0	0	0	0	0.814192358812519	0	0	0	0	0	0	0	0	0	0	0	0	0	0	0	0	0	0	0	0	0	0	0	2.3145269169876	0	0	0	0	0	0	0	0	0	0	0	0	0	0	0	0	0	0	0	0.506189454321505	0	0	0	0	0	0	0	0	0	0	0	0	0	0	0	0	0	0	0	0	2.71583799141435	0	0	0	0.634628639573417	0.506189454321505	0	0.882126201589031	0	0	0	0	0	0	0	0	0	0	0	0	0	0	0	0	0	0	0	0	0	0	0	0	0	0	0	0	0	1.82037366685139	PRJNA1480144	SDPr18	fecal	Pre	18	0
SRR39238491	0	0	0	0	0	0	0	0	0	0	0	0	0	1.20659943054762	0	0	0	0	0	0	0	0	0	0	0	0	0	0	1.85621193488897	4.70442664570811	0	0	0	0	0	0	0	0	0	0	0	0	0	0	0	0	0	0	0	0	0	0	0	0	0	0	0	0	0	0	0	0	0	0	0	0	0	0	0	3.97551585431173	0	1.13892831741442	0	0	0	0	0	0	0	0	0	0	1.40447023714909	0	0	0	0	0	0	0	0	0	0	0	1.29168593257261	0	0	0	0	0.521371619959123	0	0	1.76255666887443	0	0	0	0	0	0	0	0	0	0	0	0	0	0	0	0	0	0	0	0	0	0	0	0	0	0	0	1.23685204541341	0	0	0	0	0	0	0	0	0	0	0	0	0	0	0	0	0	0	0	0	0	0	0	0	0	0	0	0	0	0	0	0	0	0	0	0	0	0	0	0	0	0	0	0	0	0	0	0	0	0	0	0	0	0	0	0	0	0	0	0	0	0	0	0	0	0	0	0	0	0	0	0	0	0	0	0	0	0	0	0	0	0	0	0	0	3.15746417164451	0	0	0	0	0	0	0	0	0	0	0	0	0	0	0	0	0	0	0	0	0	0	0	0	0	0	0	0	0	0	0	0	0	0	0	0	0.521371619959123	PRJNA1480144	SDPr19	fecal	Pre	19	0
SRR39238490	0	0	0	0	0	0	0	0	0	0	0	0	0	1.9795791910734	0	0	0	0	0	0	0	0	0	0	0	0	0	0	2.10546501514531	4.56204997770846	0	0	0	0	2.89214192238645	3.49429463817584	0	0	0	0	0	0	0	0	0	0	0	1.78230838960725	0	0	0	0	0	0	0	0	0.452268213076616	0	0	0	0	0	0	0	0	0	0	0	0	4.2368337817256	0	2.46743940747578	1.78230838960725	0	0	0	0	0	0	0	0	0	1.41073347477856	0	0	0	0	0	0	0	0	2.34434695298358	0	0	1.61625600523619	0	0	0	0	0	0	0	3.11692180171536	0	0	0	0	0	0	0	0	0	0	0	0	0	0	0	0	0	0	0	0	0	0	0	0	0	0	0	2.60373026691204	0	0	0	0	0	0	0	0	0	0	0	0	0	0	0	0	0	0	0	0	0	0	0	0	0	0	0	0	0	0	0	0	0	0	0	0	0	0	0	0	0	0	0	0	0.573997881936329	0	0	0	0	0	0	0	0	0	0	0	0	0	0	0	0	0	0	0	0	0	0	0	0	0	0	0	0	0	0	0	0	0	0	0	0	0	0	0	0	3.12891889560398	0	0	0	0	0	0.452268213076616	0	0	0	0	0	0	0	0	0	0	0	0	0	0	0	0	0	0	0	0	0	0	0	0	0	0	0	0	0	0	2.12380645657551	PRJNA1480144	SDPr20	fecal	Pre	20	0
SRR39238489	0	0	0	0	0	0	0	0	0	0	0	0	0	1.66448142009785	0	0	0	0	0	0	0	0	0	0	0	0	0	0	0	4.51763229271695	0	0	0	0	2.29400891342568	0	0	0	0	0	0	0	0	0	0	0	0	2.39708113037768	0	0	0	0	0	0	0	0	0	0	0	0	0	0	0	0	0	0	0	0	0	4.20847966693563	0	1.20577189129362	0	0	0	0	0	0	0	0	0	0	1.67612641253183	0	0	0	0	0	0	0	0	4.05617360341502	0	0	2.00606577787167	0	0	0	0	0	0	0	1.79587292275993	0	0	0	0	0	0	0	0	0	0	0	0	0	0	0	0	0	0	0	0	0	0	0	0	0	0	0	0.545327210942763	0	0	0	0	0	0	0	0	0	0	0	0	0	0	0	0	0	0	0	0	0	0	0	0	0	0	0	0	0	0	0	0	0	0	0	0	0	0	0	0	0	0	0	0	0.678085107946907	0	0	0	0	0	0	0	0	0	0	0	0	0	0	0	0	0	0	0	0	0	0	0	0	0	0	0	0	0	0	0	0	0	0	0	0	0	0	0	0	2.68390323376011	0	0	0	0	0	0	0	0.678085107946907	0	0	0	0	0	0	0	0	0	0	0	0	0	0	0	0	0	0	0	0	0	0	0	0	0	0	0	0	1.78706282317629	PRJNA1480144	SDPr21	fecal	Pre	21	0
SRR39238488	0	0	0	0	0	0	0	0	0	0	0	0	0	1.41980510741512	0	1.47572727673469	0	0	0	0	0	0	0	0	0	0	0	0	0.532583066179561	4.52667295974796	0	0	0	0	2.93978100272303	3.28264140781291	0	0	0	0	0	0	0	0	0	0	0	3.39182647572137	0	0	0	0	0	0	0	0	0	0	0	0	0	0	0	0	0.663981828056269	0	0	0	0	4.21052569971329	0	1.669915810751	0	0	0	0	0	0	0	0	0	0	2.15567196571833	0	0	0	0	0	0	0	0	2.18737857031723	0	0	1.76044808790914	0	0	0	0	0	0	0	0	0	0	0	0	0	0	0	0	0	0	0	0	0	0	0	0	0	0	0	0	0	0	0	0	0	0	0	3.00854103892971	0	0	0	0	0	0	0	0	0	0	0	0	0	0	0	1.25189570484466	0	0	0	0	1.02672200044586	0	0	0	0	0	0	0	0	0	0	0	0	0	0	0	0	0	0	0	0	0	0	0	1.39944096529992	0	0	0	0	0	0	0	0	0	0	0	0	0	0	0	0	0	0	0	0	0	0	0	0	0	0	0	0	0	0	0	0	0	0	0	0	0	0	0	0	3.70013334115758	0	0	0	0	0	0	0	0	0	0	0	0	0	0	0	0	0	0	0	0	0	0	0	0	0	0	0	0	0	0	0	0	0	0	0	0	1.94305696078898	PRJNA1480144	SDPr22	fecal	Pre	22	0
SRR39238487	0	0	0	0	0	0	0.388167008743264	0	0	0	0	0	0	2.18577177129187	0.500587109581581	0	0	0	0.782135395964078	0	0	0	0.388167008743264	0	0	0	0	0	2.04725279169928	3.2902350053423	0	0	0.831068336718067	0	2.52176944116475	2.28415782676269	0	0	0	0	0	0	0	0	0.589808987528093	0	0	1.188751457676	0	0	0	0	0	0	0	0	0.782135395964078	0	0.500587109581581	0	1.38219587282936	0	0	0	0	1.188751457676	0.589808987528093	0	0	4.3628935244955	0	1.56094713158409	1.9499098333553	0	0	0	0	0	0	0.589808987528093	0	0.95153358594051	0.663788142724628	0	0.831068336718067	0	0	0	0	0	0	3.91568234696967	0	0	2.62757119165866	0	0	0	1.09881543276847	0.95153358594051	0	0	4.00357706536757	0	1.09881543276847	0	0	0	0	0.663788142724628	0	0	0	0	0.663788142724628	0	0.589808987528093	0	0.388167008743264	0	0	0	0	0	0	0	0	0	0.985256772121264	0	3.77179376804201	0	0.663788142724628	0	0.388167008743264	0	0	0	0	0	0.663788142724628	0	0	1.58606526764595	0	0	1.90155739991736	0.663788142724628	0.726980629203936	1.0165489701758	0	0	0	0	0	0	0	0	0.914969644061485	0	0	0	0	0	0	0	0	0.726980629203936	0	0.985256772121264	0	0.782135395964078	0	0	0	3.62583299536961	0	1.28000050847299	0	0	0	0.663788142724628	0	0	0	0	1.16795260645048	0	1.79508533273945	1.188751457676	0	0	0.875041958050401	0	0	0	0	2.24672256046371	1.07308670534373	1.28000050847299	0	0	0	0	0	0	0	0	0	0	0	0	0	0	0	0	3.78071896472732	1.1231047980651	0	0	0.914969644061485	1.39501363957952	1.77449506464566	1.50588172750172	0.914969644061485	0	0	0	0	0	0.985256772121264	0	0.831068336718067	0	0	1.2085995863099	0	0	0.388167008743264	0	0.831068336718067	0	0	0	0	0	0	0	0.589808987528093	0.782135395964078	0	0.726980629203936	0.663788142724628	1.86888357615504	PRJNA1480144	SDPr23	fecal	Pre	23	0
SRR39238486	0	0	0.65183278809461	0	0	0	1.12057533473274	0	1.26549310645199	0	0	0.794389724017475	0	0.728934462817366	0	2.58971181330279	1.51016333717227	0.65183278809461	2.21703400396474	0	0	0	0.438204153614518	1.26549310645199	1.24445527494922	0	0	0	2.57686916275758	4.1063124021999	0	0.558023579574297	1.86008270247115	0	3.695585752193	1.8275553788075	1.43365702356123	0	0	0	0	0	0.851259653406193	0	0.65183278809461	0	0	1.43365702356123	0	0	0.438204153614518	0	0	0	0	0	2.17105898026527	1.09091415109618	1.43365702356123	0	2.35378039907475	1.24445527494922	0	0.987412234938733	2.38450853213191	0	0.851259653406193	0.558023579574297	0	4.01764292136495	0.558023579574297	1.30473809998832	1.3896737118064	1.78624574019737	0	0.438204153614518	0	0	0.438204153614518	0	1.35766409930323	1.48612820999626	1.86008270247115	1.67381202006426	0.851259653406193	1.02472154308053	0	0	0.851259653406193	1.4048351754037	0.438204153614518	4.2678200147473	0.558023579574297	0	2.79158189867426	0	0.438204153614518	1.12057533473274	2.76963200119882	1.83314860818358	0	0	3.09894175740085	0	1.51016333717227	1.66571645627981	0.558023579574297	0	0.558023579574297	1.69723083083628	0	0	0	0	0.65183278809461	0	0	0	1.14833960113474	0.438204153614518	0	0	0	0	0	0	0.946593955847587	0	0.728934462817366	0	3.50515343522556	0	0	0	0	0	0.438204153614518	0.946593955847587	0	0.851259653406193	0.65183278809461	0	0	1.71945116133918	0.438204153614518	0.794389724017475	2.00148796631988	0.558023579574297	0	1.55457715768618	0	0	0	0	0	0	1.05907771429649	0	2.30412258367202	0.558023579574297	0	0.851259653406193	1.02472154308053	1.47359269747134	0.438204153614518	0.438204153614518	0	1.3231061532328	1.14833960113474	1.24445527494922	0.558023579574297	0.851259653406193	0	0.558023579574297	0.728934462817366	1.02472154308053	0	1.54389222027498	1.09091415109618	0	0.728934462817366	0.946593955847587	0	0.65183278809461	0.65183278809461	0.987412234938733	1.34072876887281	0	3.22243554984717	1.22234623032197	1.34072876887281	1.26549310645199	0	0	1.30473809998832	0	1.52169981616134	2.71192919799415	1.79239318357511	1.05907771429649	0.558023579574297	0	1.30473809998832	1.05907771429649	0	0	0	0.438204153614518	0	0.728934462817366	0	0	0	0	0.728934462817366	1.14833960113474	2.89309718272371	0.851259653406193	0	0	1.55457715768618	1.77368347749058	2.93680957214002	1.96614323489197	2.82793360401943	1.88544349526341	1.69723083083628	1.14833960113474	0.901537486991894	0	1.34072876887281	0	0	1.61369232330551	0	1.14833960113474	0.438204153614518	0	1.09091415109618	0	1.14833960113474	0	1.3231061532328	0	0.558023579574297	0	1.43365702356123	0	2.04111208890899	1.73365723494204	0	0	2.29844909815592	2.83573737166634	PRJNA1480144	SDPr24	fecal	Pre	24	0
SRR39238548	0	0	0	0	0	2.17248130106676	2.31624718709372	0	0	1.35964813225905	0	3.06353157330608	0	1.70116007002578	0	1.79949229195594	0	0	0	0	0	0	0	0	0	0	0	0	2.59662152493391	4.38617552422338	0	0	0	0	2.98986551981606	0.811074127593046	0	0	0	0	0	0	0	0	0	0	0	1.93820097367915	0	0	0	0	0	0	0	0	0	0	0	0	2.81440154881449	0	0	0	0	0	0	0	0	4.10064230257348	0.811074127593046	0	2.02858045357602	0	0	0	0	0	0	0	0	0	1.32358097418208	0	1.70116007002578	0	0	0	0	0	2.24581110935999	3.95219693957712	0	1.55217356761309	1.84707098032615	0	1.90989704899997	0	0.811074127593046	2.37013293622563	0	0	2.32005520241694	0	3.04678691180844	1.98981177741747	2.30067217800191	0	0	2.74472298818905	0	0	0	0	0	0	0	0	0	0	0	0	0	0	0	0	0	0	0	2.85385218539039	1.78673608748248	0	0	0	0	2.05028226495307	0	0	0	0	0	0	0	0	0	0	2.86803722702192	0	0	0	0	1.8239328648939	0	0	0	0	0	0	1.1389099256001	0	0	0	0	2.24581110935999	0	0	0	0	0.667299184037129	0	0	0	0	0.918905793479969	0	2.40266782612839	0	0	0	0	0	0	0	0	0	0	1.59447780731872	0	1.68510191895543	0	0	0	0	0	0	1.07718839573912	0	2.50793023743968	0	0.918905793479969	0	0	0	0	0	0	0	0	1.39294831860552	1.79949229195594	0	0	0	0	0	0	2.75319596773462	0	0	0	2.76424210705472	2.31624718709372	1.84707098032615	2.65647757106654	1.2842450061892	0	0	0	1.78673608748248	1.005218477832	0	0	0	0	1.1389099256001	0	0	0	0	0	2.24128943754073	0	0	0	0	0	0	0	0	0	0.918905793479969	1.57384058624749	3.46533571724824	3.13990355996343	PRJNA1480144	SDPo24	fecal	Post	24	1
SRR39238485	0	1.35675555279539	0.916246355074175	0	0	0	1.31529572463267	0	0	0	0	0.711014170524132	0.916246355074175	0	0	2.26289367075029	0.711014170524132	0	2.32668564767958	0	0	0	0.613361104049412	1.0135264699947	1.12781117512357	0	0	1.0135264699947	2.61593966461768	4.18593884540913	0	0	1.55865021378323	0	3.35583755358575	2.11525721723518	1.24458428428616	0	0.711014170524132	0	0	0	0	0	0.711014170524132	0	0	0.857989856353719	0.487181112833885	0.487181112833885	0	0	0	0.487181112833885	0	0	2.1641182394209	1.49163312397242	1.82095321452564	0	2.29367970719386	1.29298045291069	0	0.916246355074175	2.55902963824121	0	1.33652019514243	1.0135264699947	0	4.06487913683372	0	1.42940949660869	1.80009173676473	1.46163474623705	0	0	0	0	0.487181112833885	0	0.916246355074175	0.613361104049412	1.19011070815898	1.54604868138792	1.09295427554581	1.44582094762532	0.790690080197683	0	0	1.31529572463267	0	4.35130264761215	0.711014170524132	0	3.02102714255671	0	0.487181112833885	0.916246355074175	2.48917050464033	1.94933066628705	0	0	2.32242711565918	0	1.68678769919759	1.54604868138792	0	0	1.31529572463267	1.93910741654951	0	0	0	0.487181112833885	0.613361104049412	0.790690080197683	0	1.09295427554581	0.916246355074175	0.613361104049412	0	0	0	0	0	0	0	0.790690080197683	0.613361104049412	0	2.67298271502283	0	0	0.613361104049412	0	0.916246355074175	0	0	0	1.33652019514243	0	0	0	1.68678769919759	0	1.26945615630038	2.10124266423871	1.09295427554581	1.29298045291069	1.89562323429833	0	0	0	0	0	0.487181112833885	0	0.857989856353719	2.08306352797278	0	1.09295427554581	0	1.37608989736398	1.61669487842918	1.19011070815898	0	0	1.26945615630038	1.16007709344616	0.857989856353719	1.51969260530173	1.21820101481998	0	0	0	1.42940949660869	0.613361104049412	1.49163312397242	1.31529572463267	0	0.916246355074175	1.62742774375895	0	0	0.487181112833885	0.790690080197683	1.54604868138792	0	2.88597269640118	1.26945615630038	1.24458428428616	1.78560571341031	0	0	1.05505365950715	0	1.29298045291069	2.79385366471429	1.89562323429833	0.487181112833885	0	0	0.96760452863189	1.3946000582601	0	0	0	0	1.12781117512357	0.613361104049412	1.0135264699947	0	0	0.790690080197683	0	1.12781117512357	2.84940284258317	1.0135264699947	0	0.487181112833885	1.84085836635908	1.74712430338779	2.31812641218037	1.97388303311607	2.6814899276507	1.82769014412923	1.97388303311607	1.29298045291069	0.711014170524132	0	1.37608989736398	0	0	1.46163474623705	0.711014170524132	1.21820101481998	0.613361104049412	0	0.711014170524132	0	1.26945615630038	0	1.35675555279539	0	0.711014170524132	0	0.613361104049412	0	1.91244410538724	1.53307054692558	0	0	2.25044642875104	2.91206204310833	PRJNA1480144	SDPr25	fecal	Pre	25	0
SRR39238547	0	0	0.857942371952954	0	0	0.443156462927623	2.39535708095333	0	0	0	0	2.41357379716355	0	1.22965304634237	0	2.2984963633881	1.15556058857094	0	1.60244012988604	0	0	0	0.563656564205783	0.953490887967008	1.57256433170438	0.857942371952954	0	0.657881456638462	3.07482364092352	4.09888490583958	0.563656564205783	0	1.90285765590995	0	3.72420357465074	2.29460353988832	1.81208071367844	0	0	0	1.27284360647541	0	0	0	1.27284360647541	0	0.563656564205783	2.53809339283824	0	0	0.800920316232633	0.563656564205783	0	0	0	1.15556058857094	2.42385770709829	0.994387423153792	2.05564312279458	0	2.85224505138704	0.563656564205783	0.800920316232633	1.90764980355581	3.01063161953212	1.12776015266195	2.16052817436923	0	0.443156462927623	3.90080041307381	1.29292813094657	1.70484469509788	2.5672279085226	2.37145608527029	0	0	0	0.735263354755377	1.06617367413347	1.06617367413347	0.657881456638462	1.27284360647541	1.78765073246419	1.50583602809842	0	1.42696047794313	0.953490887967008	0	0	0	1.52923664188426	3.12759013529922	0	0	2.06236987267757	0	0.735263354755377	0.657881456638462	2.24274834912582	2.81672099228866	0	0	3.18633079024596	1.41230044169225	2.35814982020307	1.71238116112506	0.657881456638462	0	1.09805768264905	2.48345694902795	0	0.443156462927623	0	0	2.13868974525557	1.03176209230951	0	1.36509456116034	1.03176209230951	0.90833903418591	0	0	0	1.09805768264905	0	0.443156462927623	0	0	0.857942371952954	1.79388826596547	1.98989638065406	0	0	0	0	1.15556058857094	0	0	0	0.994387423153792	0.735263354755377	0	0.563656564205783	1.90285765590995	0.90833903418591	0	2.72334074479104	2.00539094669516	1.36509456116034	2.77609894725257	0	0	0	0	0	0	0	0	2.99062740220956	1.15556058857094	0	0	0	2.09141383408497	2.93303611786292	0	0.735263354755377	1.77490029731891	1.88815553311691	0	2.29067550700259	1.72707273964224	0	0.953490887967008	0	1.4681864465627	0.735263354755377	1.91707832355145	1.85716826020111	0	0	0	0	0	0	1.81797936527716	2.40304045008019	1.75504404042716	2.83286918954653	2.01665954632294	0	0	1.44114176690159	0	1.15556058857094	1.09805768264905	1.9819367396565	3.13187702234226	2.41208458450354	1.83520933623054	0.857942371952954	0	1.54048050169511	0	0	0	1.33050860569584	0	1.12776015266195	1.34814578315967	0.857942371952954	2.02035169511492	0	0	0	1.50583602809842	3.56742149161452	1.6303923420006	0	1.18168799727532	2.40607613673402	2.41505792070128	2.51163379757522	2.74466437750546	0	1.94855385197391	0	2.62663598073421	1.03176209230951	0	1.3814066651669	0.657881456638462	0	2.41801103871273	1.06617367413347	1.09805768264905	0	0	1.15556058857094	0	1.85178173942021	1.44114176690159	0	1.20633236466392	1.12776015266195	0	0	0	2.26841231955306	0	0	0.563656564205783	2.83343495186895	4.04160303342389	PRJNA1480144	SDPo25	fecal	Post	25	1
SRR39238484	0	0	0	0	0	0	0	0	0	0	0	0	0	1.74958326259688	0	2.15500772268802	1.74958326259688	0	0	0	0	0	0	0	0	0	0	0	3.2129216268827	4.40969763100746	0	0	0	0	2.57907271279376	2.34062882333275	0	0	0	0	0	0	0	0	0	0	0	0.94855405800749	0	0	0	0	0	0	0	0	0	0	0	0	0	0	0	0	0	0	0	0	0	3.67829234356633	0	2.17832882480067	1.54603861366088	0	0	0	0	0	0	0	0	0	2.16682479440411	0	0	0	0	0	0	0	0	3.88104456091046	0	0	2.77440310842573	0	0	0	0	0	0	0	4.10623423299206	0	0	0	0	0	0	0	0	0	0	0	0	0	0	0	0	0	0	0	0	0	0	0	0	0	0	0	3.57879434241216	0	0	0	0	0	0	0	0	0	0	0	0	0	0	0	0	0	0	0	0	0	0	0	0	0	0	0	0	0	0	0	0	0	0	0	0	0	0	0	0	0	0	0	0	2.14694717436172	0	0	0	0	0	0	0	0	0	0	0	0	2.53143302135794	0	0	0	0	0	0	0	0	1.15039234826384	0	0	0	0	0	0	0	0	0	0	0	0	0	0	0	0	0	0	3.43612958118575	0	0	0	0	0	0	0	0	0	0	0	0	0	0	0	0	0	2.13456870671099	0	0	0	0	0	0	0	0	0	0	0	0	0	2.13036288576923	0	0	0	1.74958326259688	2.22152010640029	PRJNA1480144	SDPr26	fecal	Pre	26	0
SRR39238546	0	0	0	0	0	0	0	0	0	0	0	0	0	1.74957773715583	0	0	0	0	0	0	0	0	0	0	0	0	0	0	1.45621022756305	4.50994636815505	0	0	0	0	2.89515077823093	1.43759500453062	0	0	0	0	0	0	0	0	0	0	0	1.43759500453062	0	0	0	0	0	0	0	0	0	0.531364957335713	0	0	0	0	0	0	0	0	0.66263148324839	0	0	4.20757522724443	0	2.35279317638793	0	0.763294382608449	0	0	0.763294382608449	0	0	0	0	0	2.31664807890827	0	0	0	0	0	0	0	0	2.62904458460072	0	0	2.92833700676072	0	0	0	0	0	0	0	3.96876025677764	0	0	0	0	0	0	0	0	0	0	0	0	0	0	0	0	0	0	0	0	0	0	0	0	0	0	0	2.1117740725133	0	0	0	0	0	0	0	0	0	0	0	0	0	0	0	0	0	0	0	0	1.55372608553947	0	0	0	0	0	0	0.763294382608449	0	0	0	0	0	0	0	0	0.844959656479639	0	0	0	0	0	0	0	2.0226806912142	0	0	0	0	0	0	0	0	0	0	0	0	1.11379432205832	0	0	0.531364957335713	0	0	0	0	0	0	0	0	0	0	0	0	0	0	0	0	0	0	0	0	0	0	0	0	2.78644828484929	0	0	0	0	0	1.02515964738114	1.15213826444438	0	0	0	0	0	0	0	0	0	0	2.41313893581787	0	0	0	0	0	0	0	0	0	0	0	0	0	0	0	0	0	1.25026762247843	2.05598222930823	PRJNA1480144	SDPo26	fecal	Post	26	1
SRR39238483	0	0	0	0	0	0	1.78203501367463	0	0	0	0	0	0	0	0	1.83238971480184	0	0	0	0	0	0	0	0	0	0	0	0	2.46648346813604	4.32958328074755	0	0	0	0	2.63163864613812	2.68284621350797	0	0	0	0	0	0	0	0	0	0	0	1.23988022457803	0	0	0	0	0	0	0	0	1.158249917155	0	0	0	0	0	0	0	0	0	0	0	0	4.50076746012163	0	2.54134766942201	0.926464433625627	0	0	0	0	0	0	0	0	0	2.88763397210693	0	0	0	0	1.23988022457803	0	0	0	3.23066283224617	0	0	2.42479739462852	0	0	0	2.13497720758104	0	0	0	2.44844837104715	0	0	0	0	0	0	0	0	0	0	0	0	0	0	0	0	0	0	0	0	0	0	0	0	0	0	1.158249917155	3.27161746263295	0	0	0	0	0	0	0	0	0	1.33922556569072	0	0	0	0	0	2.09532057365565	0	0	0	0	0.842228241511867	0	0	0	0	0	0	0	0	0	0	0	0	0	0	0	0	0	0	0	0	0	0	0	1.70000801774952	0	0	0	0	0	0	0	0	0	0	0.926464433625627	0	2.58883541072393	0	0	0	0	0	0	0	0	1.30856792665857	0	0	0	0	0.842228241511867	0	0	0	0	0	0	0	0	0	0	0	0	0	3.07943820220865	0	0	0	0	0	0	0.737623748601469	1.36786099349866	0	0	0	0	0	0	0	0	0	0	0	0	0	0	0	0	0	0	0	0	0	0	0	0.737623748601469	0	1.05764022073198	0	0	1.91837680051954	PRJNA1480144	SDPr27	fecal	Pre	27	0
SRR39238482	0	0	0	0	0	0	0	0	0	0	0	0	0	0	0	0	0	0	0	1.88903493361813	0	0	0	0	0	0	0	0	1.4723124759568	4.42922969748808	0	0	0	0	2.82397804908785	2.95799521366254	0	0	0	0	0	0	0	0	0	0	0	1.1031271052713	0	0	0	0	0	0	0	0	0	0	0	0	0	0	0	0	0	0	0.621749117204186	0	0	4.38108742117329	0	2.46529939368093	1.38668545800382	0	0	0	0	0	0	0	0	0	1.40521479695688	0	0	0	0	0	0	0	0	3.4246829052379	0	0	2.98171842179769	0	0	0	0	0	0	0	2.03441081884012	0	0	0	0	0	0	0	0	0	0	0	0	0	0	0	0	0	0	0	0	0	0	0	0	0	0	0	3.48754846870598	0	0	0	0	0	0	0	0	0	0	0	0	0	0	0	0.92597556795385	0	0	0	0	0	0	0	0	0	0	0	0	0	0	0	0	0	0	0	0	0	0	0	0	0	0	0	0	1.34707190816733	0	0	0	0	0	0	0	0	0	0	0.799973958204283	0	2.19907516985517	0	0	0	0	0	0	0	0	0	0	1.1031271052713	0	0	0	0	0	0	0	0	0	0.621749117204186	0	0	0	0	0	0	2.94667331901964	0	0	0	0	0	0	0	0	0	0	0	0	0	0	0	0	0	0	0	0	0	0	0	0	0	0	0	0	0	0	0	2.92639399485701	0	0	0	0	1.81804223911107	PRJNA1480144	SDPr28	fecal	Pre	28	0
SRR39238545	0	0	0	2.7270539212725	0	0.440452423406911	2.26627142383099	0.904628871981097	0	0	0	1.36104266783838	0	1.85831172466355	0	2.04115637522034	2.50977726541923	0	1.02792203780118	0	0	0	0	0	2.23853720820289	0	0	1.48954633331905	2.66733548233658	3.82172123769687	0.440452423406911	0	2.37855590526767	0.99058288766451	4.01712310728581	2.02344759791475	1.43706038943756	0	0	0	0	0	0	0	0	0	0	2.06479485070848	0	0	0	0	0.854296802627264	0	0	0	3.09823237728694	2.31137984698073	3.01200350636951	0	3.22460371079456	0	0	0	2.29814034116689	0	1.32647192693043	0	0	3.91028999550441	0	2.66486620157184	2.78583751395751	3.07059174590486	0	0	0	0	0.440452423406911	0	0	0	1.32647192693043	0	0	0	0	0	0	0	1.45078841759455	2.74868110415062	0	1.17773254275559	2.04804252778351	0	2.16684215769856	1.81380860344467	2.79876319857177	0	0	0	2.52938297517756	0	0.731810166274717	2.43251193127668	0.440452423406911	1.02792203780118	0	3.0097708894079	0	0	1.39306325662544	0.854296802627264	0.560581959627203	1.22566832017113	1.062303509849	0	0	0	1.02792203780118	0	0	0	0	0	0	0	0	0	2.91926166899136	0	0	0	0	0.99058288766451	0	2.41526082455231	0	0	0	0	0	0	0	2.05144508727496	2.94339191509601	1.52512697634904	2.15365178748473	2.42253224143469	0	1.80193187382721	0	0.440452423406911	0	0	0	1.0941616695926	3.22255153231316	0	0	1.635185927305	0	1.24778783652684	0	0	0	2.53831162283346	2.38331728839251	0	1.74405880267724	2.47157434895289	0	1.15162249151922	0	3.03758649072109	0	2.28448450264899	0	1.17773254275559	0	0	0	0	0.654580680575529	1.32647192693043	2.79018896029179	0	3.46466080980902	2.42540705839526	0	0	0	0	0	0	2.3589705311273	3.49730205817227	2.39422828640018	2.65737298691649	1.1238417071106	0	1.64393541510177	0	0	0	0	0	1.51358764727167	2.27648394475679	2.25792489701948	0	0	0	0	1.36104266783838	2.98875201289772	0	0	1.89383038685266	2.48049926697202	1.93560459732929	2.67627125887127	3.02981928784217	1.54732465464775	2.09647726641054	0	2.46899031826515	0	0	1.20236146716814	0	0	0	1.85831172466355	0	0.731810166274717	0.654580680575529	2.34194642323239	0	1.95718604842845	0	0	0	1.22566832017113	0.654580680575529	1.15162249151922	0	1.98174327833463	2.90096079252261	0	0	3.28344395517538	3.41931233470936	PRJNA1480144	SDPo28	fecal	Post	28	1
SRR39238480	0	0	0	0	0	0	0	0	0	0	0	0	1.24692171831354	0	1.63480871410558	0	0	1.7836887771118	1.72371219651097	0.595441660032517	0	0	0	0	0	0	0	0	2.15853108557368	4.52148100725539	0	0	0.47124329395446	0	2.90497770587418	3.24084541137802	0	0	0	0	0	0	0	0	0	0	1.61461499630206	1.65410504154864	0	0	0	0	0	0	0	0	0	0	0	0	0.47124329395446	0	0	0	0	0	0	0	0	4.13910802056757	0	2.29869301802423	1.4538590415677	0	0	0	1.89435464869121	0	0	1.97801682038714	1.8888931668283	1.58244667415302	2.35854723277702	0	0	0	0	0	0	0	0	3.03648398466382	0	0	2.77004229715471	0	0	0	0.837525945378672	0	0.895358727961012	0	2.59755644165176	0	0	0	1.55959617224938	0	0	0	0	1.37173644324753	0	0	0	0	0	0	0	0	0	0	0	0	0	0	0.47124329395446	0	0	0	2.86853615342242	0.47124329395446	0	0	2.036556445705	0	0	0	0	1.29262960845376	0	0	1.86050543755987	0	0	0	0	0	0	0	0	1.4538590415677	1.38945032642713	0	1.38945032642713	0	0	0	0	0	0	0	0	0	0	0	0	0.946387415537726	0	0	0	0	0	0	0	2.46247485909251	0	0	0	0	0.837525945378672	0	0	0	0	0	0	0	0.895358727961012	0	0	0	0	0.691906844127906	0	0	0	1.35326921499763	0	0.946387415537726	0	0	0	0	0	0	0	0	0	2.26995359322015	0	0	0	0	0	1.4538590415677	3.74611411296132	0	0	0	1.24692171831354	0	0	0	2.18986660535849	1.67258035497872	0	0	1.22212730866045	0	0	0	1.73950055468042	0	1.49658214785595	1.95029255240688	0	0	0	0	0	0	0	0	0	0	0	0.837525945378672	2.26304235338845	0	0	0	0	3.07142601075059	PRJNA1480144	SDPr29	fecal	Pre	29	0
SRR39238479	0	0	0	0	1.66915967309549	0	0.770455642992874	0	0.998846101128139	0	0	0.629723325610062	1.7192772929446	0.92126636070122	0	0	1.0941486809333	2.16978763751086	2.35283182207282	0	0.770455642992874	1.14774784050343	0	0	0	0	1.7192772929446	0.92126636070122	2.86155529300956	4.07425813443078	0	0	0.998846101128139	0	2.78443780634556	2.68770611222711	0	0	0	0	0	0	0	0	0	0	1.55724357895799	2.206531331234	0	0	0	0	0	0	0	0	1.27753888555155	0	1.06464533159946	0	0.770455642992874	0	0	0	0.998846101128139	0	0	0	0	4.02861418376554	0	2.45217955754926	1.50513973645743	0.876573268982333	0	1.03299066773158	1.43304344588792	0	0.629723325610062	1.48241198809083	2.23425361377614	1.87168537832052	2.46084775926452	1.12177461489769	0	0	0	0	0	0	0	2.58387401247726	0	0	2.62356515780975	0.770455642992874	0.629723325610062	0.770455642992874	1.7192772929446	0	0	1.36221434329937	3.84094689417223	0	1.53714578459863	1.06464533159946	1.60376062802303	0	0	0.92126636070122	2.33844596985259	1.96551306205863	0	0	0	0	0	0.92126636070122	0	0	0	1.59484729252373	0.537480193575593	0	0	0	0.92126636070122	0	1.19545276495153	0	4.29292137195355	1.29584630309174	0	0	0.770455642992874	0	0	0	0.420209848619028	1.82657582421424	0	1.25842563613322	2.1551656663664	0	0	0	1.25842563613322	0	0.998846101128139	0.961786229534129	0.420209848619028	1.3302968708857	2.13226605155946	0	1.37733447224368	0	0.537480193575593	0	1.21747401271445	0	0.629723325610062	0	0	1.0941486809333	0	0	0	1.14774784050343	0	0	0	0	0	0	0	3.53442637837359	0	0.629723325610062	0	0	0	0	0.770455642992874	0	0	0	0	0	0	0	0	0	0	0	1.25842563613322	0	0	1.72598718107856	0	1.62945292803456	0.876573268982333	0	0	0	0	0	0	0	0	1.94186696710961	0	0	0	0	0	1.71246210746513	2.7890689302151	0	0	0	1.06464533159946	0	0	1.43304344588792	2.19987452506603	2.28305254621164	0	0	0	0	1.06464533159946	0	2.2301021399751	0	0	0.998846101128139	0	0	1.47058594514277	1.25842563613322	0	0	0	0	0	0	0	1.88573752564619	2.2301021399751	0	0	0	0	3.30605875216152	PRJNA1480144	SDPr30	fecal	Pre	30	0
SRR39238478	0	0	0	0	0	0	0	0	0	0	0	0	0	0	0	0	0	0	0	0	0	0	0	0	0	0	0	0	1.89954589953546	4.57246535794152	0	0	0	0	3.06060822654092	2.15640946082586	0.50610396293347	0	0	0	0	0	0	0	0	0	0	1.82744105710168	0	0	0	0	0	0	0	0	0	0	0	0	0	0	0	0	0	0	0	0	0	4.2041148473547	0	2.39090174074807	0.882018277574517	0	0	0	1.03868636394903	0	0	0	0.634533232758023	0.733524178519844	2.7553503480466	0	0	0	0	0	0	0	0	3.55237271044928	0	0	2.88657665909663	0	0	0	0.882018277574517	0	0	0	2.08773540265045	0	0	0	1.29578285283157	0	0	0	0.50610396293347	0	0	0	0	0	0	0	0	0	0	0	0	0	0	0	0	0	0	0	2.40621518717749	0	0	0	0	0	0	0	0	0	0	0	0	0	0	0	0	0	0	0	0	0.992471677970404	0	0	0	0	0	0	0	0	0	0	0	0	0	0	0	0	0	0	0	0	0	0	0	2.02913113692743	0	0	0	0	0	0	0	0	0	0	0	0	0	1.29578285283157	0	0	0	0	0	0	0	0	0	0.992471677970404	0	0	0	0	0	0	0	0	0	2.35855309592327	0	0	0	0	0	0	2.80763258612496	0	0	0	0	0	0	0.81408719427683	0	0	0	0	0	0	0	0	0	0	1.48848019078081	0	0	0	0	0	0	0	0	0	0	0	0	0	2.41735602000434	0	0	0	0	1.74093404351937	PRJNA1480144	SDPr31	fecal	Pre	31	0
SRR39238544	0	0	0	0	0	0	0	0	0	0	0	0	0	0	0	0	0	0	0	0	0	0	0	0	0.955268529499373	0	0	0	0.820523370874976	4.61332100658526	0	0	0	0	3.30637588347422	2.62954032041171	0	0	0	0	0	0	0	0	0	0	0	0	0	0	0	0	0	0	0	0	0	0	0	0	0.699893531400054	0	0	0	0	0	0	0	0	4.171773591915	0	2.29207276312559	0	0	0	0	0	0	0	0	0	0	2.29912754294504	0	0	0	0	0	0	0	0	2.70650229365764	0	0	3.06867031758168	0	0	0	1.16542800774467	0	0	0	0	0	0	0	0	0	0	0	0	0	0	0	0	0	0	0	0	0	0	0	0	0	0	0	0	0	0	0	1.91812019576168	0	0	0	0	0	0	0	0	0	0	0	0	0	0	0	1.11500878631021	0	0	0	0	0	0	0	0	0	0	0	0	0	0	0	0	0	0	0	0	0	0	0	0	0	0	0	0	0.992262552861631	0	0	0	0	0	0	0	0	0	0	0	0	0	1.28889641733136	0	0	0	0	0	0	0	0.415683927647031	0	0	0	0	0	0	0	0	0	0	0	0.532293895739712	0	0	0	0	0	0	2.97363342420708	0	0	0	0	0	0	0.532293895739712	0	0	0	0	0	0	0	0	0	0	0	0	0	0	0	0	0	0	0	0	0	0	0	0	0	0	0	0	0	2.34079898737367	PRJNA1480144	SDPo31	fecal	Post	31	1
SRR39238477	0	0	0	0	0	0	0	0	0	0	0	0	0	1.51137163614774	0	0	0.827389578762037	0	0	0	0	0	0	0	0	0	0	0	2.35593480097097	4.49908414840134	0	0	0.981386874557567	0	2.70029474534903	2.0325349496232	0.827389578762037	0	0	0	0	0	0	0	0	0	0	3.27418631226423	0	0	0	0	0	0	0	0	1.78578026484244	0	2.28257032106928	0	1.52394294489185	0	0	1.06021579719974	0	0	0	0	0	4.26700429447718	0	2.06580248016835	1.02258741874641	2.04390963762728	0	0	0	0	0	0	0	0	2.26041316053855	0	0	0	0	0	0	0	0	3.29545898583075	0	0	2.37029005016966	0	0	0	0.827389578762037	0	0	0	3.52520000429225	0	0	0	0	0	0	0.981386874557567	0	0	0	0	0	0	0.463410878732495	0	0.760944567260488	0	0	0	0	0	0	0	0	0	0	0	2.45501083370444	0	0	0	0	0	0	0	0	0	0	0	0	0	0	0	1.61323062640322	0	0	0	0	1.18471372723042	0	0	0	0	0	0	1.18471372723042	0	0	0	0	0.586604980160407	0.586604980160407	0	0	1.53616057199387	0	0	0	1.74306257930363	0	0	0	1.67866311375461	0	1.45709711745832	0	0	0	0	0	0	0	0	0	0	2.24420184462586	0	0	0	1.42718436637912	0	0	0	0	0	0.760944567260488	1.51137163614774	0	0	0	0	0	0	0	0	0	1.15677320074627	1.41141813682722	0	0	0	0	0	3.14184764419967	0	0	0	0.935864107576216	0	1.992311966534	2.18622637909542	0	0	0	0	0	0	0.586604980160407	0	0	0	0.88500481131671	0	0	0	1.21096483009085	0	0	0	0	0	0	0	0	0	1.28135904137209	0	0	0	1.41141813682722	2.1286383173129	PRJNA1480144	SDPr32	fecal	Pre	32	0
SRR39238460	0	0	0.586600010977491	0	0	0	0	0	0	0	0	0	0	1.02258134884216	0	0	1.51136513617136	0	0	0	0	0	0	0	1.1567669616142	0	0	0.682459524744001	2.17252266583103	4.25835937421287	0	0	1.41141169031725	0	2.66772527422628	0	1.06020967445472	0	0	0	0	0	0	0	0.884998978714349	0	0	1.83688934008748	0	0	0.586600010977491	0	0	0	0	0	1.6231970899104	0.981380868010806	1.66094546409729	0	2.10652521312072	0	0	0.760939023627976	0	0	0.981380868010806	0	0	4.12302746750986	0	2.051323907422	1.9707046957741	2.26040649078173	0	0	0	0	0	0	0	0	2.21993323428099	0	0	1.6231970899104	0	0	0	0	0	4.14084100264032	0	0	2.8219016848701	0	0	1.1567669616142	1.87162876758896	0	0	0	3.95067921940068	0	0.760939023627976	0	0	0	0	1.58185262388715	0	0	0	0	0	0	0	0	0	0	0	0	0	0	0	0	0	0	0	0	3.33948580811969	0	0	0	0	0	0	0.760939023627976	0	0	1.39505147646094	0	0	0	0	0.586600010977491	2.02477622603422	0	0	0	0	2.17252266583103	0	0	0	0	0	0	1.61322408323388	0	0	0	0	0	0	0	0	1.76493983898182	1.18470745897203	0	0	1.32264904484862	0	0	0	2.68857337307035	0.682459524744001	0.9358581783903	0	0	0	0	0	0	0	0.682459524744001	0	0	2.33153884049868	0	0	0	1.68724839767751	0	0	0	0	1.86602842450071	0	0.884998978714349	0	0	0	0	0	0	0	0	0	1.66094546409729	0.9358581783903	0	0	0	0	0.884998978714349	3.01790152274219	0	0.463406479392359	0	0.682459524744001	0	1.92889053345212	2.23705784100661	0	0.827383870147091	0	0	0	0	0.884998978714349	0	0	0	0.884998978714349	0	0.463406479392359	0	1.09483615082654	0	0	0	0	0	0	0	0.586600010977491	0	1.85460631424169	0	0	0	1.74305599390917	2.33346434390293	PRJNA1480144	SDPr33	fecal	Pre	33	0
SRR39238459	0	0	0	0	0	0	0	0	0	0	0	0	0	1.23541612327058	0	0	0	0	0.899872509737904	0	0	0	0	0	0	0	0	0	1.45884631362584	4.46212510909002	0	0	0	0	3.23699708148075	1.31525700293794	0	0	0	0	0	0	0	0	0	0	0	2.23605867378899	0	0	0	0	0	0	0	0	1.50831796015501	0.750300114052499	0	0	0	0	0	0	0	0	0	0	0	4.25373569410004	0	1.20516989277986	0	0	0	0	0	0	0	0	0	0	2.9759490438688	0	0	0	0	0	0	0	0	3.16186453150166	0	0	2.31335683753573	0	0	0	0	0	0	0	1.64149920008754	0	0	0	1.01091877436084	0	0	0	0	0	0	0	0	0	0	0	0	0	0	0	0	0	0	0	0	0	0	0	3.14922312571225	0	0	0	0	0	0	0	0	0	0	0	0	0	0	0	0	0	0	0	0	1.57999388941119	0	0	0	0	0	0	0	0	0	0	0	0	0	0	0	0	0	0	0	0	0	0	0	3.33762521520042	0	0	0	0	0	0	0	0	0	0	0	0	2.31335683753573	0	0	0	0	0	0	0	0	0	0	0.899872509737904	0	0	0	0	0	0	0	0	0	1.38267434678928	0	0	0	0	0	0	3.03540778783738	0	0	0	0	0	0	2.42850185908138	0.520306673241286	0	0	0	0	0	0	0	0	0	0	0	0	0	0	0	0	0	0	0	0	0	0	0	1.86167273649071	0	0	0	2.91383090820581	3.60769105063427	PRJNA1480144	SDPr34	fecal	Pre	34	0
SRR39238543	0	0	0	0	0	0	0	0	0	0	0	0	0	0	0	0	0	0	0	0	0	0	0	0	0	0	0	0	1.03393505684145	4.55121241204364	0	0	0	0	2.73520224276417	2.0315624796723	0	0	0	0	0	0	0	0	0	0	0	0	0	0	0	0	0	0	0	0	0	0	0	0	0	0	0	0	0	0	0	0	0	4.34396413096945	0	1.34296052684553	0	0	0	0	0	0	0	0	0	0	3.0352715726463	0	0	0	0	0	0	0	0	2.25292780638679	0	0	2.19089150653983	0	0	0	0	0	0	0	0	0	0	0	0	0	0	0	0	0	0	0	0	0	0	0	0	0	0	0	0	0	0	0	0	0	0	0	1.44145212142094	0	0	0	0	0	0	0	0	0	0	0	0	0	0	0	0	0	0	0	0	0	0	0	0	0	0	0	0	0	0	0	0	0	0	0	0	0	0	0	0	0	0	0	0	0	0	0	0	0	0	0	0	0	0	0	0	0	0	0	0	0	0	0	0	0	0	0	0	0	0	0	0	0	0	0	0	0	0	0	0	0	0	0	0	0	3.08456696769161	0	0	0	0	0	0	0	0	0	0	0	0	0	0	0	0	0	2.74626165646193	0	0	0	0	0	0	0	0	0	0	0	0	0	0	0	0	0	0.580198834623855	2.26960612023097	PRJNA1480144	SDPo34	fecal	Post	34	1
SRR39238458	0	0	0	0	0	0	0	0	0	0	0	0	0	1.39256320886816	0	0	0	0	0	0	0	0	0	0	0	0	0	0	1.97672767999299	4.15236835130402	0	0	0	0	3.81302029829854	1.88096166301249	0	0	0	0	0	0	0	0	0	0	0	3.0055505722053	0	0	0	0	0	0	0	0	1.8518085186783	0	0	0	0	0	0	0	0	0	0	0	0	4.46225749100893	0	1.81402707585873	0	0	0	0	1.93894445790753	0	0	0	0	0	2.43058101644521	0	0	0	0	0	0	0	0	2.45380978147822	0	0	2.62075141291089	0	0	0	0	0	0	0	1.40958787785375	0	0	0	0.773487713206864	0	0	0	0	0	0	0	0	0	0	0	0	0	0	0	0	0	0	0	0	0	0	0	2.98162275262361	0	0	0	0	0	0	0	0	0	0	0	0	0	0	0	0	0	0	0	0	1.75037148253858	0	0	0	0	0	0	0	0	0	0	0	0	0	0	0	1.93398177475758	0	0	0	0	0	0	0	2.465708475656	0	0	0	0	0	0	0	0	0	0	1.07404858899119	0	3.21477074290254	0	0	0	0	0	0	0	0	1.47170688230842	1.96294128992917	0.898191953217567	0	0	1.03630269630933	0	0	0	0	0	0	1.71050947999537	0	0	0	0	0	0	3.45167586923688	0	0	0	0	0	0	2.61766043114483	0	0	0	0	0	0	0	0	0	0	0	1.31688543107285	0	0	0	0	0	0	0	0	1.27344798243934	0	0	0	0	2.49134532072233	0	0	3.24188316568211	3.02782669213553	PRJNA1480144	SDPr35	fecal	Pre	35	0
SRR39238542	0	0	0	0	0	0	0	0	0	0	0	0	0	0	0	0	0	0	0	0	0	0	0	0	0	0	0	0	0	4.62365538484303	0	0	0	0	0	0	0	0	0	0	0	0	0	0	0	0	0	0	0	0	0	0	0	0	0	0	0	0	0	0	0	0	0	0	0	0	0	0	0	4.1161372708433	0	1.83596067457843	0	0	0	0	0	0	0	0	0	0	2.18625872868247	0	0	0	0	0	0	0	0	3.30088444050353	0	0	2.27528597648233	0	0	0	0	0	0	0	0	0	0	0	0	0	0	0	0	0	0	0	0	0	0	0	0	0	0	0	0	0	0	0	0	0	0	0	2.83983301837974	0	0	0	0	0	0	0	0	0	0	0	0	0	0	0	0	0	0	0	0	0	0	0	0	0	0	0	0	0	0	0	0	0	0	0	0	0	0	0	0	0	0	0	0	0	0	0	0	0	0	0	0	0	0	0	0	0	0	0	0	0	0	0	0	0	0	0	0	0	0	0	0	0	0	0	0	0	0	0	0	0	0	0	0	0	3.43515387089574	0	0	0	0	0	0	0	0	0	0	0	0	0	0	0	0	0	0.522321063949165	0	0	0	0	0	0	0	0	0	0	0	0	0	2.86331955216936	0	0	0	0	1.92863140258461	PRJNA1480144	SDPo35	fecal	Post	35	1
