bugName	pval	p6M	s6M	Adjustedpval	Adjustedp6M
Actinomyces	5.57670680800815e-05	5.5767068080084e-05	0.478684682919978	0.0126033573860984	0.012603357386099
Anaerocolumna	0.00033924515791961	0.000339245157919675	-0.390276918384851	0.0365994734902314	0.0365994734902269
Streptococcus	0.000485833718896878	0.000485833718896817	0.749125185443347	0.0365994734902314	0.0365994734902269
Rothia	0.000675928637268508	0.000675928637268531	0.528887804646061	0.0381899680056707	0.038189968005672
Rickettsia	0.00200850174128908	0.00200850174128908	0.493707074518651	0.0907842787062665	0.0907842787062662
Alteromonas	0.00250674095142167	0.00250674095142168	0.297651983520482	0.0944205758368829	0.0944205758368834
Veillonella	0.00535725600655679	0.00535725600655681	0.479327206540332	0.172962836783119	0.17296283678312
Enterococcus	0.0103420430075063	0.0103420430075063	0.835679576469459	0.284535337574523	0.284535337574523
Schaalia	0.0113310532662421	0.0113310532662421	0.392148199644453	0.284535337574523	0.284535337574523
Gemella	0.0147296822218056	0.0147296822218056	0.338899332491226	0.325847056428411	0.325847056428411
Pseudoalteromonas	0.0158598124810289	0.0158598124810289	0.180945271249195	0.325847056428411	0.325847056428411
Anaerostipes	0.0237490531865876	0.0237490531865876	-0.326307646717353	0.447273835014066	0.447273835014067
Actinobaculum	0.0329800327279148	0.0329800327279149	0.171834942426426	0.510307566043428	0.510307566043429
Escherichia	0.0357817345981635	0.0357817345981634	0.529636428719948	0.510307566043428	0.510307566043429
Flavonifractor	0.0364422264597328	0.0364422264597328	0.196653239055882	0.510307566043428	0.510307566043429
Longibaculum	0.0387527254330396	0.0387527254330397	-0.232775493675397	0.510307566043428	0.510307566043429
Caloramator	0.0418016678651052	0.0418016678651052	-0.111925689381432	0.510307566043428	0.510307566043429
Oxalobacter	0.0438234941767874	0.0438234941767874	0.224782135309373	0.510307566043428	0.510307566043429
Edwardsiella	0.0446807757341554	0.0446807757341554	0.0630234247731749	0.510307566043428	0.510307566043429
Legionella	0.0464867741261639	0.0464867741261638	-0.0568756788003685	0.510307566043428	0.510307566043429
Pauljensenia	0.0518367627838712	0.0518367627838712	0.11334961620632	0.510307566043428	0.510307566043429
Akkermansia	0.0536478968154654	0.0536478968154655	0.430217305697486	0.510307566043428	0.510307566043429
Salmonella	0.0543974781969502	0.0543974781969502	0.442888139352338	0.510307566043428	0.510307566043429
Klebsiella	0.0563971322641712	0.0563971322641712	0.387180568335775	0.510307566043428	0.510307566043429
Geovibrio	0.056951779986351	0.056951779986351	0.122156153120785	0.510307566043428	0.510307566043429
Sphingobacterium	0.0605335468275998	0.0605335468275999	0.0756724320958991	0.510307566043428	0.510307566043429
Mannheimia	0.0614903330088286	0.0614903330088285	0.0827853476069013	0.510307566043428	0.510307566043429
Lancefieldella	0.063223946235469	0.063223946235469	0.155659475511135	0.510307566043428	0.510307566043429
Hungatella	0.0733362470148928	0.0733362470148928	0.20374402088666	0.513083449787246	0.513083449787246
Prevotella	0.0755857794601866	0.0755857794601866	0.480850570906778	0.513083449787246	0.513083449787246
Ligilactobacillus	0.0801808727626544	0.0801808727626544	0.346296003598077	0.513083449787246	0.513083449787246
Tenacibaculum	0.0851872872165341	0.0851872872165341	-0.0429913745193001	0.513083449787246	0.513083449787246
Synechococcus	0.0858081653604654	0.0858081653604654	0.0820402163149939	0.513083449787246	0.513083449787246
Fusobacterium	0.0864741479651261	0.0864741479651261	0.393316121743685	0.513083449787246	0.513083449787246
Gordonibacter	0.0878409058684126	0.0878409058684126	0.191011854673317	0.513083449787246	0.513083449787246
Sanguibacter	0.0891687154939055	0.0891687154939055	-0.0462446632217941	0.513083449787246	0.513083449787246
Anaerococcus	0.0907181230166358	0.0907181230166359	0.154260944170474	0.513083449787246	0.513083449787246
Wolbachia	0.0911369507644481	0.091136950764448	0.0745755364304677	0.513083449787246	0.513083449787246
Alloprevotella	0.0926855739294212	0.0926855739294213	0.100201825068472	0.513083449787246	0.513083449787246
Turicibacter	0.0936366145233587	0.0936366145233587	-0.434118357463528	0.513083449787246	0.513083449787246
Kyrpidia	0.0969695024260102	0.0969695024260103	-0.2221124564813	0.513083449787246	0.513083449787246
Candidatus Sulcia	0.0974636917613094	0.0974636917613095	0.256405151429494	0.513083449787246	0.513083449787246
Shigella	0.0994686511359703	0.0994686511359702	0.184820353039272	0.513083449787246	0.513083449787246
Aminomonas	0.101436499802619	0.101436499802619	0.140977704701568	0.513083449787246	0.513083449787246
Faecalibacterium	0.102162633807195	0.102162633807195	-0.187776140871938	0.513083449787246	0.513083449787246
Petrocella	0.108668967568467	0.108668967568467	-0.473812866956098	0.5338953624016	0.5338953624016
Lactobacillus	0.112986842425831	0.112986842425831	-0.418833892427272	0.537845958674325	0.537845958674325
Sulfurovum	0.116524152066835	0.116524152066835	-0.144506261658244	0.537845958674325	0.537845958674325
Pseudopedobacter	0.120908487492564	0.120908487492564	0.0774066161484168	0.537845958674325	0.537845958674325
Butyrivibrio	0.121295344293503	0.121295344293503	-0.269732474191897	0.537845958674325	0.537845958674325
Oscillibacter	0.121372318107923	0.121372318107923	0.248860717641915	0.537845958674325	0.537845958674325
Phoenicibacter	0.143759748543487	0.143759748543487	-0.194068262612552	0.61489497358718	0.61489497358718
Cryptobacterium	0.144201033628852	0.144201033628852	-0.120885338456616	0.61489497358718	0.61489497358718
Collinsella	0.151836392348937	0.151836392348937	0.24351469594134	0.626962103804816	0.626962103804816
Carnobacterium	0.152579273049845	0.152579273049845	0.158274383275992	0.626962103804816	0.626962103804816
Vibrio	0.166364879192585	0.166364879192585	0.0538373892526899	0.671401119598645	0.671401119598645
Aminipila	0.173347399580117	0.173347399580117	0.157360059398136	0.68730723342292	0.68730723342292
Enterobacter	0.183923568208923	0.183923568208923	0.234996684159956	0.704163806927565	0.704163806927565
Leclercia	0.185124475244635	0.185124475244635	0.147717611535572	0.704163806927565	0.704163806927565
Corynebacterium	0.189920067354535	0.189920067354535	0.0901307266884534	0.704163806927565	0.704163806927565
Muribaculum	0.192361637435665	0.192361637435665	-0.0935440288011855	0.704163806927565	0.704163806927565
Abiotrophia	0.197968675820428	0.197968675820428	-0.109934469488291	0.704163806927565	0.704163806927565
Campylobacter	0.198445260238577	0.198445260238577	-0.227734657972517	0.704163806927565	0.704163806927565
Arabia	0.205298938938854	0.205298938938854	0.0858995782265681	0.704163806927565	0.704163806927565
Odoribacter	0.205436558206188	0.205436558206188	-0.173553676154805	0.704163806927565	0.704163806927565
Paraclostridium	0.205640757775306	0.205640757775306	-0.105422513238815	0.704163806927565	0.704163806927565
Butyricimonas	0.218422709466967	0.218422709466967	0.144316299773543	0.736769139396039	0.736769139396039
Limosilactobacillus	0.222652251888134	0.222652251888134	-0.378651089224324	0.739991307745856	0.739991307745856
Megamonas	0.228887660710633	0.228887660710633	-0.199788298964561	0.749690019139175	0.749690019139174
Crassaminicella	0.240640000026515	0.240640000026514	0.0536251004461881	0.76878350926501	0.76878350926501
Bdellovibrio	0.241520482999184	0.241520482999184	0.0374655927974587	0.76878350926501	0.76878350926501
Dysosmobacter	0.247671223657495	0.247671223657495	-0.161423038461988	0.777412452036025	0.777412452036025
Latilactobacillus	0.254159891364468	0.254159891364468	-0.0516188267035655	0.783269838397565	0.783269838397565
Mobiluncus	0.256468885139026	0.256468885139026	-0.0657486477304205	0.783269838397565	0.783269838397565
Dehalococcoides	0.261017161892349	0.261017161892349	-0.094672873480495	0.786531714502278	0.786531714502278
Lawsonella	0.276412885939452	0.276412885939452	0.161660206133959	0.791730823263967	0.791730823263967
Thermincola	0.280467696474135	0.280467696474135	-0.0731036090127492	0.791730823263967	0.791730823263967
Altererythrobacter	0.283179457733736	0.283179457733736	0.0444259790030442	0.791730823263967	0.791730823263967
Pectobacterium	0.283699442682099	0.283699442682099	0.174153146328537	0.791730823263967	0.791730823263967
Candidatus Gullanella	0.286905170967043	0.286905170967043	0.0378057204011049	0.791730823263967	0.791730823263967
Citrobacter	0.290052181279403	0.290052181279403	0.196548360152745	0.791730823263967	0.791730823263967
Actinotignum	0.292301732371261	0.292301732371261	-0.247318284303206	0.791730823263967	0.791730823263967
Pelosinus	0.297683184870574	0.297683184870574	0.139531435212376	0.791730823263967	0.791730823263967
Agarivorans	0.298023824973659	0.298023824973659	0.044766212598524	0.791730823263967	0.791730823263967
Mediterraneibacter	0.3001929651681	0.3001929651681	-0.235573387740378	0.791730823263967	0.791730823263967
Leuconostoc	0.302617086112304	0.302617086112304	-0.150897827216723	0.791730823263967	0.791730823263967
Romboutsia	0.304781334619315	0.304781334619315	-0.189209236184067	0.791730823263967	0.791730823263967
Desulfomicrobium	0.324166938990728	0.324166938990728	0.0693983139433002	0.796915440855437	0.796915440855437
Sorangium	0.326826901625072	0.326826901625072	-0.0475663551919107	0.796915440855437	0.796915440855437
Anaerobutyricum	0.327192727677725	0.327192727677725	-0.118272162395734	0.796915440855437	0.796915440855437
Parachlamydia	0.332382158432381	0.332382158432381	-0.0352167829320633	0.796915440855437	0.796915440855437
Candidatus Hamiltonella	0.335834728505832	0.335834728505832	-0.12311237441845	0.796915440855437	0.796915440855437
Pseudobutyrivibrio	0.338262408101897	0.338262408101897	-0.131522074639161	0.796915440855437	0.796915440855437
Polaromonas	0.338343239998018	0.338343239998018	-0.0502918262897715	0.796915440855437	0.796915440855437
Alistipes	0.343475208246115	0.343475208246115	0.149566989635677	0.796915440855437	0.796915440855437
Leptolyngbya	0.344470901435474	0.344470901435474	-0.0326191661644332	0.796915440855437	0.796915440855437
Barnesiella	0.346930611250519	0.346930611250519	-0.0937123834890342	0.796915440855437	0.796915440855437
Blautia	0.347691096841567	0.347691096841567	-0.0879928136688927	0.796915440855437	0.796915440855437
Candidatus Nucleicultrix	0.349091277188886	0.349091277188886	0.100913570949229	0.796915440855437	0.796915440855437
Dickeya	0.354512548360862	0.354512548360862	0.0945573333408444	0.801198359295549	0.801198359295549
Tolumonas	0.361750145878463	0.361750145878463	0.0339810012567935	0.80946072246072	0.80946072246072
Treponema	0.374108558530654	0.374108558530654	-0.197002138798173	0.828907198313019	0.828907198313019
Pseudomonas	0.382369042161961	0.382369042161961	0.0490286892292645	0.830042146694936	0.830042146694936
Staphylococcus	0.38831362055274	0.38831362055274	0.108545583510823	0.830042146694936	0.830042146694936
Clostridioides	0.392085806563278	0.392085806563278	-0.0693443444735095	0.830042146694936	0.830042146694936
Paenibacillus	0.395303841721516	0.395303841721516	0.049510678482062	0.830042146694936	0.830042146694936
Ruminococcus	0.399534762391335	0.399534762391335	0.118209498216378	0.830042146694936	0.830042146694936
Heliorestis	0.399752858761547	0.399752858761547	-0.120403850607985	0.830042146694936	0.830042146694936
Paeniclostridium	0.404823797262791	0.404823797262791	-0.0890050267005776	0.830042146694936	0.830042146694936
Mahella	0.409147336401849	0.409147336401849	0.0361355922332376	0.830042146694936	0.830042146694936
Geosporobacter	0.414288367787468	0.414288367787468	-0.0431070628013841	0.830042146694936	0.830042146694936
Bifidobacterium	0.416873317102159	0.416873317102159	-0.153804679972937	0.830042146694936	0.830042146694936
Cellulosimicrobium	0.42063523787374	0.42063523787374	0.0227780098215542	0.830042146694936	0.830042146694936
Acidaminococcus	0.427008095048471	0.427008095048471	0.142224405972281	0.830042146694936	0.830042146694936
Nissabacter	0.429119547219733	0.429119547219733	0.14666786630207	0.830042146694936	0.830042146694936
Alkaliphilus	0.431976996096888	0.431976996096888	0.0479766216300397	0.830042146694936	0.830042146694936
Enterocloster	0.432571455182764	0.432571455182764	0.130656800899853	0.830042146694936	0.830042146694936
Cellulosilyticum	0.437305431938204	0.437305431938204	-0.108815784951165	0.830042146694936	0.830042146694936
Roseburia	0.44336907771695	0.44336907771695	-0.100434279111586	0.830042146694936	0.830042146694936
Adlercreutzia	0.443738736391471	0.443738736391471	0.11492979104094	0.830042146694936	0.830042146694936
Cloacibacillus	0.444403096239324	0.444403096239324	-0.0274637079639341	0.830042146694936	0.830042146694936
Sutterella	0.448846758330724	0.448846758330724	0.116239711417386	0.831470224448718	0.831470224448718
Chlamydia	0.453572099039672	0.453572099039672	0.0808944739528137	0.833392637259885	0.833392637259885
Filifactor	0.460488008350982	0.460488008350982	0.027197218968773	0.83927653134937	0.83927653134937
Acetohalobium	0.467448200404177	0.467448200404177	0.065075826716253	0.845146346330753	0.845146346330753
Propionimicrobium	0.471842049179354	0.471842049179354	-0.0378007883488378	0.846319865988365	0.846319865988365
Anaerotignum	0.47791336435573	0.47791336435573	0.14763307883323	0.850075495155271	0.850075495155271
Herbinix	0.485000129960842	0.485000129960842	-0.049946057398612	0.850075495155271	0.850075495155271
Acutalibacter	0.494089127264502	0.494089127264502	-0.0844447915275035	0.850075495155271	0.850075495155271
Carboxydocella	0.496216935936371	0.496216935936371	-0.0301835205423212	0.850075495155271	0.850075495155271
Buchnera	0.496900776756742	0.496900776756742	-0.0633918436112395	0.850075495155271	0.850075495155271
Syntrophomonas	0.500511078287051	0.500511078287051	-0.0422854951483439	0.850075495155271	0.850075495155271
Lachnoclostridium	0.5029456586354	0.5029456586354	0.10055707394078	0.850075495155271	0.850075495155271
Ruthenibacterium	0.511318686759334	0.511318686759334	0.0810097786977581	0.850075495155271	0.850075495155271
Geobacter	0.511548346167263	0.511548346167263	0.127851213861675	0.850075495155271	0.850075495155271
Monoglobus	0.511549855491668	0.511549855491668	-0.114615032674083	0.850075495155271	0.850075495155271
Duncaniella	0.517340001150901	0.517340001150901	-0.0558175571009694	0.850454744640176	0.850454744640176
Finegoldia	0.519304224603293	0.519304224603293	0.0376673104399357	0.850454744640176	0.850454744640176
Mageeibacillus	0.535334654964294	0.535334654964294	-0.0265994911414552	0.8704002303736	0.8704002303736
Ruminiclostridium	0.540040893972287	0.540040893972287	0.0271753460561095	0.871244275160537	0.871244275160537
Candidatus Nanosynbacter	0.55096362867643	0.55096362867643	-0.0329785505637306	0.871244275160537	0.871244275160537
Stanieria	0.554674460200653	0.554674460200653	0.0586907304282371	0.871244275160537	0.871244275160537
Amedibacterium	0.555067681718837	0.555067681718837	0.0649413582498832	0.871244275160537	0.871244275160537
Serratia	0.558695319310345	0.558695319310345	0.0949431369597775	0.871244275160537	0.871244275160537
Cellulomonas	0.558984158841937	0.558984158841937	0.0227617855864037	0.871244275160537	0.871244275160537
Intestinimonas	0.567712019149693	0.567712019149693	0.065037552423412	0.874727530618599	0.874727530618599
Massilistercora	0.5698880713613	0.5698880713613	-0.0632914722713721	0.874727530618599	0.874727530618599
Bacillus	0.586964916200262	0.586964916200262	0.0448553763160097	0.874727530618599	0.874727530618599
Eggerthella	0.588392481419203	0.588392481419203	-0.0629324243401442	0.874727530618599	0.874727530618599
Oecophyllibacter	0.594423734963949	0.594423734963949	-0.0507871513319252	0.874727530618599	0.874727530618599
Pseudodesulfovibrio	0.595836528182597	0.595836528182597	0.0498770348394302	0.874727530618599	0.874727530618599
Candidatus Desulforudis	0.597169879731816	0.597169879731816	-0.0326440013606804	0.874727530618599	0.874727530618599
Hungateiclostridium	0.598615953271483	0.598615953271483	-0.0585452878339592	0.874727530618599	0.874727530618599
Lachnospira	0.601181129397781	0.601181129397781	-0.0811309416088751	0.874727530618599	0.874727530618599
Crocosphaera	0.605139139720977	0.605139139720977	-0.0654700562352667	0.874727530618599	0.874727530618599
Eubacterium	0.606332825742179	0.606332825742179	0.0642814736900115	0.874727530618599	0.874727530618599
Phocaeicola	0.608102379670409	0.608102379670409	-0.0663235729441008	0.874727530618599	0.874727530618599
Kitasatospora	0.61153517627318	0.61153517627318	-0.0270171170370552	0.874727530618599	0.874727530618599
Saccharophagus	0.618019490080981	0.618019490080981	-0.0637699561553577	0.876440260758011	0.876440260758011
Parabacteroides	0.620488680182662	0.620488680182662	-0.074919323828232	0.876440260758011	0.876440260758011
Spiroplasma	0.62623765194149	0.62623765194149	0.0535334365599855	0.879066517632154	0.879066517632154
Caldicellulosiruptor	0.63630736355904	0.63630736355904	-0.0409920303261777	0.882419515003993	0.882419515003993
Acholeplasma	0.636435313918809	0.636435313918809	-0.0592408526562501	0.882419515003993	0.882419515003993
Desulfosporosinus	0.640940951249829	0.640940951249829	-0.0258396086354472	0.883247896234521	0.883247896234521
Bacteroides	0.654835758394905	0.654835758394905	-0.0655754236016047	0.890347737366856	0.890347737366856
Candidatus Syntrophocurvum	0.656695775131995	0.656695775131995	-0.0307561204888693	0.890347737366856	0.890347737366856
Thermoanaerobacterium	0.657911823629491	0.657911823629491	-0.0645469964418313	0.890347737366856	0.890347737366856
Desulfotomaculum	0.675679912986759	0.675679912986759	-0.0446839349863004	0.905255748887492	0.905255748887492
Erwinia	0.682761068406468	0.682761068406468	0.0579685743570891	0.905255748887492	0.905255748887492
Lactococcus	0.689763567148946	0.689763567148946	-0.0814895558425813	0.905255748887492	0.905255748887492
Lacrimispora	0.691737632141465	0.691737632141465	0.0482358986249766	0.905255748887492	0.905255748887492
Erysipelothrix	0.692437796318668	0.692437796318668	0.0452497970222018	0.905255748887492	0.905255748887492
Christensenella	0.696667599155117	0.696667599155117	0.0388740838566666	0.905255748887492	0.905255748887492
Selenomonas	0.699722765323366	0.699722765323366	-0.037568888542328	0.905255748887492	0.905255748887492
Desulfovibrio	0.700972371926155	0.700972371926155	0.0717736562703478	0.905255748887492	0.905255748887492
Comamonas	0.717566201782345	0.717566201782345	0.0280989212099698	0.914102133374	0.914102133374
Thermoclostridium	0.72769640262603	0.72769640262603	0.0506370887766271	0.914102133374	0.914102133374
Desulfofarcimen	0.728395937106458	0.728395937106458	0.0300534428435302	0.914102133374	0.914102133374
Acidipropionibacterium	0.732357996061416	0.732357996061416	0.00805017588350256	0.914102133374	0.914102133374
Parvimonas	0.733581148161031	0.733581148161031	-0.0350294078895934	0.914102133374	0.914102133374
Thermus	0.734166241600223	0.734166241600223	-0.0135363600762674	0.914102133374	0.914102133374
Calothrix	0.743973169770136	0.743973169770136	0.0345741925932291	0.914102133374	0.914102133374
Phascolarctobacterium	0.750315707872907	0.750315707872907	-0.0547446521138188	0.914102133374	0.914102133374
Pantoea	0.751637751463944	0.751637751463944	0.0516793467184275	0.914102133374	0.914102133374
Desulfitobacterium	0.75321228254425	0.75321228254425	-0.0310871584535286	0.914102133374	0.914102133374
Yersinia	0.754750698607677	0.754750698607677	0.0227513162201873	0.914102133374	0.914102133374
Lacticaseibacillus	0.756358844871407	0.756358844871407	-0.0424320615527589	0.914102133374	0.914102133374
Vagococcus	0.765398008337348	0.765398008337348	-0.018912542304197	0.918254410851295	0.918254410851295
Nitrosomonas	0.767920724119004	0.767920724119004	-0.0535615923332291	0.918254410851295	0.918254410851295
Tatumella	0.779934150336381	0.779934150336381	-0.0387742524312166	0.91924953626191	0.91924953626191
Sodalis	0.782651649777038	0.782651649777038	0.0458561757307183	0.91924953626191	0.91924953626191
Mogibacterium	0.786202084272629	0.786202084272629	0.0420337729977912	0.91924953626191	0.91924953626191
Rummeliibacillus	0.786467658474819	0.786467658474819	-0.0164566116637748	0.91924953626191	0.91924953626191
Azoarcus	0.789726664220815	0.789726664220815	-0.0176614412835024	0.91924953626191	0.91924953626191
Myroides	0.793315379720895	0.793315379720895	-0.0371182727112842	0.91924953626191	0.91924953626191
Ethanoligenens	0.797225261536877	0.797225261536877	-0.0347269409536229	0.91924953626191	0.91924953626191
Limnochorda	0.804732235609202	0.804732235609202	0.0200221021474952	0.923195356587206	0.923195356587206
Peptoniphilus	0.816595368412295	0.816595368412295	0.0223094315496139	0.932073501319085	0.932073501319085
Candidatus Phytoplasma	0.829203965165113	0.829203965165113	-0.00717812901202225	0.941709025765405	0.941709025765405
Olsenella	0.840370498583795	0.840370498583795	0.0312896245847995	0.949618663399689	0.949618663399689
Slackia	0.854533300934284	0.854533300934284	-0.0267424119299998	0.95927437001241	0.95927437001241
Erysipelatoclostridium	0.857792061367026	0.857792061367026	-0.0209012192590504	0.95927437001241	0.95927437001241
Haemophilus	0.861649102267784	0.861649102267784	-0.0213405601597862	0.95927437001241	0.95927437001241
Halobacteriovorax	0.898203101717342	0.898203101717342	-0.0118139985628884	0.989429548563512	0.989429548563512
Ralstonia	0.89923506525065	0.89923506525065	-0.0105152951520889	0.989429548563512	0.989429548563512
Acinetobacter	0.904285196551535	0.904285196551535	-0.00338403332937017	0.989429548563512	0.989429548563512
Caproiciproducens	0.906744737174192	0.906744737174192	-0.011906300075217	0.989429548563512	0.989429548563512
Lachnoanaerobaculum	0.927368711580461	0.927368711580461	-0.00298402754516809	0.989429548563512	0.989429548563512
Flintibacter	0.930580140214576	0.930580140214576	0.0130627754990789	0.989429548563512	0.989429548563512
Listeria	0.93227151713433	0.93227151713433	-0.00364868891082698	0.989429548563512	0.989429548563512
Faecalitalea	0.938732030799158	0.938732030799158	-0.00649611123491309	0.989429548563512	0.989429548563512
Dialister	0.946394508832115	0.946394508832115	0.014663716144787	0.989429548563512	0.989429548563512
Rahnella	0.948405580387193	0.948405580387193	-0.00323782324781589	0.989429548563512	0.989429548563512
Marinobacterium	0.952809425142814	0.952809425142814	0.0095448728807814	0.989429548563512	0.989429548563512
Megasphaera	0.952868467960811	0.952868467960811	-0.00958897395850726	0.989429548563512	0.989429548563512
Paraprevotella	0.954795099211083	0.954795099211083	-0.00797886974396374	0.989429548563512	0.989429548563512
Cryobacterium	0.958924770039922	0.958924770039922	0.00974356823521028	0.989429548563512	0.989429548563512
Clostridium	0.961452473256902	0.961452473256902	0.0106613636120409	0.989429548563512	0.989429548563512
Porphyromonas	0.962257040779868	0.962257040779868	-0.00306140200568933	0.989429548563512	0.989429548563512
Tannerella	0.976897018681244	0.976897018681244	-0.00107538517717925	0.989429548563512	0.989429548563512
Lawsonia	0.977138685938917	0.977138685938917	0.00127643678363906	0.989429548563512	0.989429548563512
Gudongella	0.978901551240558	0.978901551240558	-0.000939161395526989	0.989429548563512	0.989429548563512
Exiguobacterium	0.983007071295276	0.983007071295276	0.00125193420685637	0.989429548563512	0.989429548563512
Pseudopropionibacterium	0.987570702767315	0.987570702767315	0.00073337391610019	0.989429548563512	0.989429548563512
Liberibacter	0.989399066675868	0.989399066675868	0.000493717046013913	0.989429548563512	0.989429548563512
Cronobacter	0.989429548563512	0.989429548563512	-0.00147327620605814	0.989429548563512	0.989429548563512
