bugName	pval	pPost	sPost	Adjustedpval	AdjustedpPost
Coriobacteriaceae	0.000537654272394161	0.000537654272394139	-0.55881751307786	0.0263450593473139	0.0263450593473128
Enterobacteriaceae	0.00188874053036281	0.00188874053036281	1.4068418784934	0.0462741429938888	0.0462741429938889
Akkermansiaceae	0.00576484894631502	0.00576484894631502	1.32029088447467	0.0852983356448859	0.0852983356448861
Campylobacteraceae	0.00723835832442488	0.00723835832442486	0.356902966388465	0.0852983356448859	0.0852983356448861
Carnobacteriaceae	0.00870391180049856	0.00870391180049858	0.655591781659372	0.0852983356448859	0.0852983356448861
Veillonellaceae	0.0143100548203068	0.0143100548203068	0.82430984201444	0.111756402724021	0.111756402724021
Actinomycetaceae	0.0159652003891458	0.0159652003891458	0.511852504857138	0.111756402724021	0.111756402724021
Family_XI	0.0220977423850688	0.0220977423850687	0.535982223307524	0.135348672108546	0.135348672108546
Lactobacillaceae	0.0365182554009038	0.0365182554009038	0.51301243544232	0.184135865840139	0.184135865840139
Lachnospiraceae	0.0375787481306405	0.0375787481306406	-0.151049931485587	0.184135865840139	0.184135865840139
Succinivibrionaceae	0.0508421169404902	0.0508421169404903	0.371041524439823	0.21046544175577	0.21046544175577
Erysipelotrichaceae	0.0515425571646785	0.0515425571646785	-0.294627730843489	0.21046544175577	0.21046544175577
Defluviitaleaceae	0.0674691847152775	0.0674691847152776	-0.323183343026314	0.250571443357491	0.250571443357491
Fusobacteriaceae	0.0715918409592831	0.071591840959283	0.693104784278574	0.250571443357491	0.250571443357491
Micrococcaceae	0.0938342210703504	0.0938342210703505	0.30708718903448	0.289158264847212	0.289158264847212
Synergistaceae	0.0944190252562325	0.0944190252562324	0.59498236343448	0.289158264847212	0.289158264847212
Methanobacteriaceae	0.153925222809137	0.153925222809137	0.732161807938461	0.44366681868516	0.44366681868516
Ruminococcaceae	0.171450869967285	0.171450869967285	-0.110063585575833	0.466727368244275	0.466727368244275
Eggerthellaceae	0.214047178199506	0.214047178199506	-0.165622785181507	0.527131962453607	0.527131962453607
Acidaminococcaceae	0.215155903042289	0.215155903042289	0.218331385864047	0.527131962453607	0.527131962453607
Desulfovibrionaceae	0.250692567547235	0.250692567547235	0.34760156846007	0.584949324276883	0.584949324276882
Peptococcaceae	0.282385922999009	0.282385922999009	-0.275941786925263	0.609174397686321	0.609174397686321
Marinifilaceae	0.286937550118889	0.286937550118889	0.156649372085144	0.609174397686321	0.609174397686321
Saccharimonadaceae	0.298371133560647	0.298371133560647	0.256486674683881	0.609174397686321	0.609174397686321
Melioribacteraceae	0.327826011973929	0.327826011973929	-0.166350797110153	0.628631017348027	0.628631017348027
Atopobiaceae	0.333559315327524	0.333559315327524	0.273711503689939	0.628631017348027	0.628631017348027
Bifidobacteriaceae	0.379306986072965	0.379306986072965	-0.310857058537974	0.670513518020657	0.670513518020657
Bacteroidaceae	0.38315058172609	0.38315058172609	-0.0438323320075634	0.670513518020657	0.670513518020657
Pasteurellaceae	0.430575452052676	0.430575452052676	0.319666902318611	0.707467450054077	0.707467450054077
Puniceicoccaceae	0.433143336767802	0.433143336767802	0.150539154405692	0.707467450054077	0.707467450054077
Burkholderiaceae	0.453656000703129	0.453656000703129	0.205139022075483	0.71706916240172	0.71706916240172
Streptococcaceae	0.492577607121306	0.492577607121306	0.18969057768285	0.7542594609045	0.7542594609045
Christensenellaceae	0.530953210383336	0.530953210383336	-0.152544934306902	0.788002094881607	0.788002094881607
Muribaculaceae	0.548289502888201	0.548289502888201	0.201030855178676	0.788002094881607	0.788002094881607
Clostridiaceae_1	0.583935160984667	0.583935160984667	-0.166074239273793	0.788002094881607	0.788002094881607
Coriobacteriales_Incertae_Sedis	0.58401132021699	0.58401132021699	-0.113439674444833	0.788002094881607	0.788002094881607
Neisseriaceae	0.595021990012642	0.595021990012642	0.0907012374365015	0.788002094881607	0.788002094881607
Rikenellaceae	0.646798933584601	0.646798933584601	-0.0735553140392332	0.831853171021042	0.831853171021042
Corynebacteriaceae	0.662087217751441	0.662087217751441	0.0548740565532166	0.831853171021042	0.831853171021042
Prevotellaceae	0.740244937581172	0.740244937581172	0.112982657012441	0.896894038080804	0.896894038080804
others	0.750462358394142	0.750462358394142	0.0760961883179878	0.896894038080804	0.896894038080804
Barnesiellaceae	0.777086545900984	0.777086545900984	-0.0549636224404862	0.906600970217815	0.906600970217815
Peptostreptococcaceae	0.796738584558806	0.796738584558806	0.0642110583780858	0.907911410311197	0.907911410311197
Clostridiales_vadinBB60_group	0.877298753201633	0.877298753201633	-0.0658065736620344	0.958282309015413	0.958282309015413
vadinBE97	0.884870489110571	0.884870489110571	0.033275783435617	0.958282309015413	0.958282309015413
Victivallaceae	0.903690641089076	0.903690641089076	-0.0340546965970471	0.958282309015413	0.958282309015413
Family_III	0.919168745382131	0.919168745382131	0.0112370767346434	0.958282309015413	0.958282309015413
Family_XIII	0.94242822898479	0.94242822898479	0.0115276099227199	0.962062150421973	0.962062150421973
Tannerellaceae	0.979827670878822	0.979827670878822	-0.00256981303285923	0.979827670878822	0.979827670878822
